Municipios;Postos;Latitude;Longitude;Anos;Meses;Total;Dia1;Dia2;Dia3;Dia4;Dia5;Dia6;Dia7;Dia8;Dia9;Dia10;Dia11;Dia12;Dia13;Dia14;Dia15;Dia16;Dia17;Dia18;Dia19;Dia20;Dia21;Dia22;Dia23;Dia24;Dia25;Dia26;Dia27;Dia28;Dia29;Dia30;Dia31
Crateús;IRAPUA;-5.14675;-40.412777777778;1998;6;0.6;0.0;0.0;0.0;0.0;0.0;0.0;0.0;0.0;0.0;0.0;0.0;0.0;0.0;0.0;0.0;0.6;0.0;0.0;0.0;0.0;0.0;0.0;0.0;0.0;0.0;0.0;0.0;0.0;0.0;0.0;888.0
Crateús;IRAPUA;-5.14675;-40.412777777778;1998;7;6.0;0.0;0.0;0.0;0.0;0.0;6.0;0.0;0.0;0.0;0.0;0.0;0.0;0.0;0.0;0.0;0.0;0.0;0.0;0.0;0.0;0.0;0.0;0.0;0.0;0.0;0.0;0.0;0.0;0.0;0.0;0.0
Crateús;IRAPUA;-5.14675;-40.412777777778;1998;8;0.0;0.0;0.0;0.0;0.0;0.0;0.0;0.0;0.0;0.0;0.0;0.0;0.0;0.0;0.0;0.0;0.0;0.0;0.0;0.0;0.0;0.0;0.0;0.0;0.0;0.0;0.0;0.0;0.0;0.0;0.0;999.0
Crateús;IRAPUA;-5.14675;-40.412777777778;1998;9;0.0;0.0;0.0;0.0;0.0;0.0;0.0;0.0;0.0;0.0;0.0;0.0;0.0;0.0;0.0;0.0;0.0;0.0;0.0;0.0;0.0;0.0;0.0;0.0;0.0;0.0;0.0;0.0;0.0;0.0;0.0;888.0
Crateús;IRAPUA;-5.14675;-40.412777777778;1998;12;0.0;0.0;0.0;0.0;0.0;0.0;0.0;0.0;0.0;0.0;0.0;0.0;0.0;0.0;0.0;0.0;0.0;0.0;0.0;0.0;0.0;0.0;0.0;0.0;0.0;0.0;0.0;0.0;0.0;0.0;0.0;0.0
Crateús;IRAPUA;-5.14675;-40.412777777778;1999;1;209.2;0.0;0.0;0.0;0.0;0.0;0.0;40.2;41.2;57.4;0.0;26.4;0.0;0.0;0.0;0.0;0.0;0.0;0.0;18.8;15.2;0.0;0.0;0.0;0.0;0.0;0.0;10.0;0.0;0.0;0.0;0.0
Crateús;IRAPUA;-5.14675;-40.412777777778;1999;2;67.5;0.0;0.0;0.0;0.0;0.0;0.0;0.0;0.0;0.0;0.0;0.0;0.0;11.0;34.4;0.0;0.0;0.0;0.0;0.0;0.0;0.0;0.0;5.0;17.1;0.0;0.0;0.0;0.0;888.0;888.0;888.0
Crateús;IRAPUA;-5.14675;-40.412777777778;1999;3;206.0;21.8;0.0;0.0;5.0;4.2;11.4;0.0;0.0;0.0;0.0;0.0;0.0;50.0;33.0;8.2;16.0;10.0;20.4;26.0;0.0;0.0;0.0;0.0;0.0;0.0;0.0;0.0;0.0;0.0;0.0;0.0
Crateús;IRAPUA;-5.14675;-40.412777777778;1999;4;115.0;0.0;0.0;50.0;0.0;29.0;0.0;0.0;0.0;0.0;0.0;0.0;0.0;0.0;11.0;0.0;0.0;0.0;0.0;0.0;0.0;0.0;0.0;0.0;0.0;3.0;20.0;2.0;0.0;0.0;0.0;888.0
Crateús;IRAPUA;-5.14675;-40.412777777778;1999;5;0.0;0.0;999.0;999.0;999.0;999.0;999.0;999.0;999.0;999.0;999.0;999.0;999.0;999.0;999.0;999.0;999.0;999.0;999.0;999.0;999.0;999.0;999.0;999.0;999.0;999.0;999.0;999.0;999.0;999.0;999.0;999.0
Crateús;IRAPUA;-5.14675;-40.412777777778;1999;6;0.0;0.0;0.0;0.0;0.0;0.0;0.0;0.0;0.0;0.0;0.0;0.0;0.0;0.0;0.0;0.0;0.0;0.0;0.0;0.0;0.0;0.0;0.0;0.0;0.0;0.0;0.0;0.0;0.0;0.0;0.0;888.0
Crateús;IRAPUA;-5.14675;-40.412777777778;1999;7;0.0;0.0;0.0;0.0;0.0;0.0;0.0;0.0;0.0;0.0;0.0;0.0;0.0;0.0;0.0;0.0;0.0;0.0;0.0;0.0;0.0;0.0;0.0;0.0;0.0;0.0;0.0;0.0;0.0;0.0;0.0;0.0
Crateús;IRAPUA;-5.14675;-40.412777777778;1999;8;0.0;0.0;0.0;0.0;0.0;0.0;0.0;0.0;0.0;0.0;0.0;0.0;0.0;0.0;0.0;0.0;0.0;0.0;0.0;0.0;0.0;0.0;0.0;0.0;0.0;0.0;0.0;0.0;0.0;0.0;0.0;0.0
Crateús;IRAPUA;-5.14675;-40.412777777778;1999;9;0.0;0.0;0.0;0.0;0.0;0.0;0.0;0.0;0.0;0.0;0.0;0.0;0.0;0.0;0.0;0.0;0.0;0.0;0.0;0.0;0.0;0.0;0.0;0.0;0.0;0.0;0.0;0.0;0.0;0.0;0.0;888.0
Crateús;IRAPUA;-5.14675;-40.412777777778;1999;10;0.0;0.0;0.0;0.0;0.0;0.0;0.0;0.0;0.0;0.0;0.0;0.0;0.0;0.0;0.0;0.0;0.0;0.0;0.0;0.0;0.0;0.0;0.0;0.0;0.0;0.0;0.0;0.0;0.0;0.0;0.0;0.0
Crateús;IRAPUA;-5.14675;-40.412777777778;1999;12;141.2;0.0;0.0;0.0;0.0;0.0;0.0;0.0;0.0;0.0;0.0;0.0;0.0;0.0;0.0;0.0;0.0;0.0;0.0;0.0;12.0;0.0;0.0;10.0;0.0;0.0;0.0;0.0;119.2;0.0;0.0;0.0
Crateús;IRAPUA;-5.14675;-40.412777777778;2000;1;98.0;0.0;0.0;0.0;6.4;4.0;45.0;8.0;10.6;15.8;0.0;0.0;0.0;2.2;0.0;0.0;0.0;0.0;0.0;0.0;0.0;0.0;0.0;6.0;0.0;0.0;0.0;0.0;0.0;0.0;0.0;0.0
Crateús;IRAPUA;-5.14675;-40.412777777778;2000;2;120.0;0.0;0.0;0.0;0.0;4.8;0.0;0.0;0.0;0.0;0.0;0.0;0.0;4.5;11.8;20.5;21.6;1.2;7.6;0.0;2.0;0.0;15.0;17.6;0.0;0.0;0.0;0.0;0.0;13.4;888.0;888.0
Crateús;IRAPUA;-5.14675;-40.412777777778;2000;3;191.4;0.0;0.0;49.2;0.0;7.0;0.0;0.0;0.0;0.0;1.0;0.0;0.0;2.2;15.4;10.4;0.0;0.0;0.0;5.0;0.0;0.0;0.0;6.0;0.0;0.0;0.0;0.0;43.0;0.0;52.2;0.0
Crateús;IRAPUA;-5.14675;-40.412777777778;2000;4;204.4;5.0;0.0;4.0;29.0;0.0;0.0;0.0;11.0;0.0;0.0;0.0;8.0;0.0;0.0;49.0;18.0;0.0;27.0;0.0;0.0;18.6;0.0;12.6;0.0;0.0;22.2;0.0;0.0;0.0;0.0;888.0
Crateús;IRAPUA;-5.14675;-40.412777777778;2000;5;7.0;0.0;7.0;0.0;0.0;0.0;0.0;0.0;0.0;0.0;0.0;0.0;0.0;0.0;0.0;0.0;0.0;0.0;0.0;0.0;0.0;0.0;0.0;0.0;0.0;0.0;0.0;0.0;0.0;0.0;0.0;0.0
Crateús;IRAPUA;-5.14675;-40.412777777778;2000;6;0.0;0.0;0.0;0.0;0.0;0.0;0.0;0.0;0.0;0.0;0.0;0.0;0.0;0.0;0.0;0.0;0.0;0.0;0.0;0.0;0.0;0.0;0.0;0.0;0.0;0.0;0.0;0.0;0.0;0.0;0.0;888.0
Crateús;IRAPUA;-5.14675;-40.412777777778;2000;7;0.0;0.0;0.0;0.0;0.0;0.0;0.0;0.0;0.0;0.0;0.0;0.0;0.0;0.0;0.0;0.0;0.0;0.0;0.0;0.0;0.0;0.0;0.0;0.0;0.0;0.0;0.0;0.0;0.0;0.0;0.0;0.0
Crateús;IRAPUA;-5.14675;-40.412777777778;2000;8;0.0;0.0;0.0;0.0;0.0;0.0;0.0;0.0;0.0;0.0;0.0;0.0;0.0;0.0;0.0;0.0;0.0;0.0;0.0;0.0;0.0;0.0;0.0;0.0;0.0;0.0;0.0;0.0;0.0;0.0;0.0;0.0
Crateús;IRAPUA;-5.14675;-40.412777777778;2000;9;0.0;0.0;0.0;0.0;0.0;0.0;0.0;0.0;0.0;0.0;0.0;0.0;0.0;0.0;0.0;0.0;0.0;0.0;0.0;0.0;0.0;0.0;0.0;0.0;0.0;0.0;0.0;0.0;0.0;0.0;0.0;888.0
Crateús;IRAPUA;-5.14675;-40.412777777778;2000;10;0.0;0.0;0.0;0.0;0.0;0.0;0.0;0.0;0.0;0.0;0.0;0.0;0.0;0.0;0.0;0.0;0.0;0.0;0.0;0.0;0.0;0.0;0.0;0.0;0.0;0.0;0.0;0.0;0.0;0.0;0.0;0.0
Crateús;IRAPUA;-5.14675;-40.412777777778;2000;11;28.0;0.0;0.0;0.0;0.0;0.0;0.0;0.0;0.0;24.0;0.0;0.0;0.0;0.0;0.0;0.0;0.0;0.0;0.0;0.0;0.0;0.0;0.0;0.0;0.0;0.0;4.0;0.0;0.0;0.0;0.0;888.0
Crateús;IRAPUA;-5.14675;-40.412777777778;2000;12;36.0;0.0;0.0;0.0;0.0;0.0;0.0;0.0;0.0;0.0;0.0;0.0;0.0;0.0;0.0;29.0;7.0;0.0;0.0;0.0;0.0;0.0;0.0;0.0;0.0;0.0;0.0;0.0;0.0;0.0;0.0;0.0
Crateús;IRAPUA;-5.14675;-40.412777777778;2001;1;2.0;0.0;0.0;0.0;0.0;0.0;0.0;0.0;0.0;0.0;0.0;0.0;0.0;2.0;0.0;0.0;0.0;0.0;0.0;0.0;0.0;0.0;0.0;0.0;0.0;0.0;0.0;0.0;0.0;0.0;0.0;0.0
Crateús;IRAPUA;-5.14675;-40.412777777778;2001;2;143.4;0.0;2.0;15.0;0.0;0.0;0.0;0.0;0.0;0.0;0.0;0.0;0.0;0.0;0.0;0.0;0.0;0.0;0.0;0.0;31.8;0.0;0.0;0.0;2.6;4.2;35.2;9.6;43.0;888.0;888.0;888.0
Crateús;IRAPUA;-5.14675;-40.412777777778;2001;3;137.4;8.0;28.0;0.0;0.0;0.0;0.0;0.0;23.0;0.0;26.0;2.2;1.6;34.2;2.2;0.0;0.0;0.0;5.5;0.0;0.0;0.0;0.0;3.3;3.4;0.0;0.0;0.0;0.0;0.0;0.0;0.0
Crateús;IRAPUA;-5.14675;-40.412777777778;2001;4;58.2;0.0;0.0;0.0;58.2;0.0;0.0;0.0;0.0;0.0;0.0;0.0;0.0;0.0;0.0;0.0;0.0;0.0;0.0;0.0;0.0;0.0;0.0;0.0;0.0;0.0;0.0;0.0;0.0;0.0;0.0;888.0
Crateús;IRAPUA;-5.14675;-40.412777777778;2001;5;0.0;0.0;0.0;0.0;0.0;0.0;0.0;0.0;0.0;0.0;0.0;0.0;0.0;0.0;0.0;0.0;0.0;0.0;0.0;0.0;0.0;0.0;0.0;0.0;0.0;0.0;0.0;0.0;0.0;0.0;0.0;0.0
Crateús;IRAPUA;-5.14675;-40.412777777778;2001;6;0.0;0.0;0.0;0.0;0.0;0.0;0.0;0.0;0.0;0.0;0.0;0.0;0.0;0.0;0.0;0.0;0.0;0.0;0.0;0.0;0.0;0.0;0.0;0.0;0.0;0.0;0.0;0.0;0.0;0.0;0.0;888.0
Crateús;IRAPUA;-5.14675;-40.412777777778;2001;7;0.0;0.0;0.0;0.0;0.0;0.0;0.0;0.0;0.0;0.0;0.0;0.0;0.0;0.0;0.0;0.0;0.0;0.0;0.0;0.0;0.0;0.0;0.0;0.0;0.0;0.0;0.0;0.0;0.0;0.0;0.0;0.0
Crateús;IRAPUA;-5.14675;-40.412777777778;2001;8;0.0;0.0;0.0;0.0;0.0;0.0;0.0;0.0;0.0;0.0;0.0;0.0;0.0;0.0;0.0;0.0;0.0;0.0;0.0;0.0;0.0;0.0;0.0;0.0;0.0;0.0;0.0;0.0;0.0;0.0;0.0;0.0
Crateús;IRAPUA;-5.14675;-40.412777777778;2001;9;0.0;0.0;0.0;0.0;0.0;0.0;0.0;0.0;0.0;0.0;0.0;0.0;0.0;0.0;0.0;0.0;0.0;0.0;0.0;0.0;0.0;0.0;0.0;0.0;0.0;0.0;0.0;0.0;0.0;0.0;0.0;888.0
Crateús;IRAPUA;-5.14675;-40.412777777778;2001;10;0.0;0.0;0.0;0.0;0.0;0.0;0.0;0.0;0.0;0.0;0.0;0.0;0.0;0.0;0.0;0.0;0.0;0.0;0.0;0.0;0.0;0.0;0.0;0.0;0.0;0.0;0.0;0.0;0.0;0.0;0.0;0.0
Crateús;IRAPUA;-5.14675;-40.412777777778;2001;11;0.0;0.0;0.0;0.0;0.0;0.0;0.0;0.0;0.0;0.0;0.0;0.0;0.0;0.0;0.0;0.0;0.0;0.0;0.0;0.0;0.0;0.0;0.0;0.0;0.0;0.0;0.0;0.0;0.0;0.0;0.0;888.0
Crateús;IRAPUA;-5.14675;-40.412777777778;2001;12;0.0;0.0;0.0;0.0;0.0;0.0;0.0;0.0;0.0;0.0;0.0;0.0;0.0;0.0;0.0;0.0;0.0;0.0;0.0;0.0;0.0;0.0;0.0;0.0;0.0;0.0;0.0;0.0;0.0;0.0;0.0;0.0
Crateús;IRAPUA;-5.14675;-40.412777777778;2002;1;232.4;23.6;8.7;0.0;6.8;42.1;7.1;18.0;8.2;1.8;21.2;0.0;5.2;0.0;0.0;32.2;0.0;10.1;36.0;11.4;0.0;0.0;0.0;0.0;0.0;0.0;0.0;0.0;0.0;0.0;0.0;0.0
Crateús;IRAPUA;-5.14675;-40.412777777778;2002;2;10.2;0.0;0.0;0.0;0.0;0.0;0.0;0.0;0.0;0.0;0.0;0.0;0.0;0.0;0.0;10.2;0.0;0.0;0.0;0.0;0.0;0.0;0.0;0.0;0.0;0.0;0.0;0.0;0.0;888.0;888.0;888.0
Crateús;IRAPUA;-5.14675;-40.412777777778;2002;3;99.5;0.0;0.0;3.4;5.8;0.0;14.8;13.0;0.0;0.0;0.0;0.0;0.0;0.0;0.0;0.0;0.0;0.0;10.6;16.8;0.0;0.0;10.7;0.0;0.0;0.0;0.0;15.8;0.0;0.0;8.6;0.0
Crateús;IRAPUA;-5.14675;-40.412777777778;2002;4;162.0;20.3;0.0;3.6;0.0;8.7;15.8;8.6;3.8;0.0;0.0;0.0;21.8;0.0;0.0;11.0;8.6;0.0;0.0;0.0;9.8;0.0;14.6;0.0;0.0;10.5;0.0;11.2;0.0;10.3;3.4;888.0
Crateús;IRAPUA;-5.14675;-40.412777777778;2002;5;49.2;27.0;18.2;0.0;0.0;0.0;0.0;0.0;2.2;0.0;0.0;0.0;0.0;0.0;0.0;1.8;0.0;0.0;0.0;0.0;0.0;0.0;0.0;0.0;0.0;0.0;0.0;0.0;0.0;0.0;0.0;0.0
Crateús;IRAPUA;-5.14675;-40.412777777778;2002;6;41.6;38.4;0.0;0.0;0.0;0.0;0.0;0.0;0.0;0.0;0.0;3.2;0.0;0.0;0.0;0.0;0.0;0.0;0.0;0.0;0.0;0.0;0.0;0.0;0.0;0.0;0.0;0.0;0.0;0.0;0.0;888.0
Crateús;IRAPUA;-5.14675;-40.412777777778;2002;7;3.6;3.6;0.0;0.0;0.0;0.0;0.0;0.0;0.0;0.0;0.0;0.0;0.0;0.0;0.0;0.0;0.0;0.0;0.0;0.0;0.0;0.0;0.0;0.0;0.0;0.0;0.0;0.0;0.0;0.0;0.0;0.0
Crateús;IRAPUA;-5.14675;-40.412777777778;2002;8;0.0;0.0;0.0;0.0;0.0;0.0;0.0;0.0;0.0;0.0;0.0;0.0;0.0;0.0;0.0;0.0;0.0;0.0;0.0;0.0;0.0;0.0;0.0;0.0;0.0;0.0;0.0;0.0;0.0;0.0;0.0;0.0
Crateús;IRAPUA;-5.14675;-40.412777777778;2002;9;0.0;0.0;0.0;0.0;0.0;0.0;0.0;0.0;0.0;0.0;0.0;0.0;0.0;0.0;0.0;0.0;0.0;0.0;0.0;0.0;0.0;0.0;0.0;0.0;0.0;0.0;0.0;0.0;0.0;0.0;0.0;888.0
Crateús;IRAPUA;-5.14675;-40.412777777778;2002;10;0.0;0.0;0.0;0.0;0.0;0.0;0.0;0.0;0.0;0.0;0.0;0.0;0.0;0.0;0.0;0.0;0.0;0.0;0.0;0.0;0.0;0.0;0.0;0.0;0.0;0.0;0.0;0.0;0.0;0.0;0.0;0.0
Crateús;IRAPUA;-5.14675;-40.412777777778;2002;11;0.0;0.0;0.0;0.0;0.0;0.0;0.0;0.0;0.0;0.0;0.0;0.0;0.0;0.0;0.0;0.0;0.0;0.0;0.0;0.0;0.0;0.0;0.0;0.0;0.0;0.0;0.0;0.0;0.0;0.0;0.0;888.0
Crateús;IRAPUA;-5.14675;-40.412777777778;2002;12;0.0;0.0;0.0;0.0;0.0;0.0;0.0;0.0;0.0;0.0;0.0;0.0;0.0;0.0;0.0;0.0;0.0;0.0;0.0;0.0;0.0;0.0;0.0;0.0;0.0;0.0;0.0;0.0;0.0;0.0;0.0;0.0
Crateús;IRAPUA;-5.14675;-40.412777777778;2003;1;0.0;0.0;999.0;999.0;999.0;999.0;999.0;999.0;999.0;999.0;999.0;999.0;999.0;999.0;999.0;999.0;999.0;999.0;999.0;999.0;999.0;999.0;999.0;999.0;999.0;999.0;999.0;999.0;999.0;999.0;999.0;999.0
Crateús;IRAPUA;-5.14675;-40.412777777778;2003;2;0.0;0.0;999.0;999.0;999.0;999.0;999.0;999.0;999.0;999.0;999.0;999.0;999.0;999.0;999.0;999.0;999.0;999.0;999.0;999.0;999.0;999.0;999.0;999.0;999.0;999.0;999.0;999.0;999.0;888.0;888.0;888.0
Crateús;IRAPUA;-5.14675;-40.412777777778;2003;3;0.0;0.0;999.0;999.0;999.0;999.0;999.0;999.0;999.0;999.0;999.0;999.0;999.0;999.0;999.0;999.0;999.0;999.0;999.0;999.0;999.0;999.0;999.0;999.0;999.0;999.0;999.0;999.0;999.0;999.0;999.0;999.0
Crateús;IRAPUA;-5.14675;-40.412777777778;2003;4;0.0;999.0;999.0;999.0;999.0;999.0;999.0;999.0;999.0;999.0;999.0;999.0;999.0;999.0;999.0;999.0;999.0;999.0;999.0;999.0;999.0;999.0;999.0;999.0;999.0;999.0;999.0;999.0;999.0;999.0;999.0;888.0
Crateús;IRAPUA;-5.14675;-40.412777777778;2003;5;0.0;0.0;999.0;999.0;999.0;999.0;999.0;999.0;999.0;999.0;999.0;999.0;999.0;999.0;999.0;999.0;999.0;999.0;999.0;999.0;999.0;999.0;999.0;999.0;999.0;999.0;999.0;999.0;999.0;999.0;999.0;999.0
Crateús;IRAPUA;-5.14675;-40.412777777778;2003;6;0.0;0.0;999.0;999.0;999.0;999.0;999.0;999.0;999.0;999.0;999.0;999.0;999.0;999.0;999.0;999.0;999.0;999.0;999.0;999.0;999.0;999.0;999.0;999.0;999.0;999.0;999.0;999.0;999.0;999.0;999.0;888.0
Crateús;IRAPUA;-5.14675;-40.412777777778;2003;7;0.0;0.0;999.0;999.0;999.0;999.0;999.0;999.0;999.0;999.0;999.0;999.0;999.0;999.0;999.0;999.0;999.0;999.0;999.0;999.0;999.0;999.0;999.0;999.0;999.0;999.0;999.0;999.0;999.0;999.0;999.0;999.0
Crateús;IRAPUA;-5.14675;-40.412777777778;2003;8;0.0;0.0;999.0;999.0;999.0;999.0;999.0;999.0;999.0;999.0;999.0;999.0;999.0;999.0;999.0;999.0;999.0;999.0;999.0;999.0;999.0;999.0;999.0;999.0;999.0;999.0;999.0;999.0;999.0;999.0;999.0;999.0
Crateús;IRAPUA;-5.14675;-40.412777777778;2003;9;0.0;0.0;999.0;999.0;999.0;999.0;999.0;999.0;999.0;999.0;999.0;999.0;999.0;999.0;999.0;999.0;999.0;999.0;999.0;999.0;999.0;999.0;999.0;999.0;999.0;999.0;999.0;999.0;999.0;999.0;999.0;888.0
Crateús;IRAPUA;-5.14675;-40.412777777778;2003;10;0.0;0.0;999.0;999.0;999.0;999.0;999.0;999.0;999.0;999.0;999.0;999.0;999.0;999.0;999.0;999.0;999.0;999.0;999.0;999.0;999.0;999.0;999.0;999.0;999.0;999.0;999.0;999.0;999.0;999.0;999.0;999.0
Crateús;IRAPUA;-5.14675;-40.412777777778;2003;11;0.0;0.0;999.0;999.0;999.0;999.0;999.0;999.0;999.0;999.0;999.0;999.0;999.0;999.0;999.0;999.0;999.0;999.0;999.0;999.0;999.0;999.0;999.0;999.0;999.0;999.0;999.0;999.0;999.0;999.0;999.0;888.0
Crateús;IRAPUA;-5.14675;-40.412777777778;2003;12;0.0;0.0;999.0;999.0;999.0;999.0;999.0;999.0;999.0;999.0;999.0;999.0;999.0;999.0;999.0;999.0;999.0;999.0;999.0;999.0;999.0;999.0;999.0;999.0;999.0;999.0;999.0;999.0;999.0;999.0;999.0;999.0
Crateús;IRAPUA;-5.14675;-40.412777777778;2004;1;0.0;0.0;999.0;999.0;999.0;999.0;999.0;999.0;999.0;999.0;999.0;999.0;999.0;999.0;999.0;999.0;999.0;999.0;999.0;999.0;999.0;999.0;999.0;999.0;999.0;999.0;999.0;999.0;999.0;999.0;999.0;999.0
Crateús;IRAPUA;-5.14675;-40.412777777778;2004;2;0.0;0.0;999.0;999.0;999.0;999.0;999.0;999.0;999.0;999.0;999.0;999.0;999.0;999.0;999.0;999.0;999.0;999.0;999.0;999.0;999.0;999.0;999.0;999.0;999.0;999.0;999.0;999.0;999.0;999.0;888.0;888.0
Crateús;IRAPUA;-5.14675;-40.412777777778;2004;3;0.0;0.0;999.0;999.0;999.0;999.0;999.0;999.0;999.0;999.0;999.0;999.0;999.0;999.0;999.0;999.0;999.0;999.0;999.0;999.0;999.0;999.0;999.0;999.0;999.0;999.0;999.0;999.0;999.0;999.0;999.0;999.0
Crateús;IRAPUA;-5.14675;-40.412777777778;2004;4;0.0;0.0;999.0;999.0;999.0;999.0;999.0;999.0;999.0;999.0;999.0;999.0;999.0;999.0;999.0;999.0;999.0;999.0;999.0;999.0;999.0;999.0;999.0;999.0;999.0;999.0;999.0;999.0;999.0;999.0;999.0;888.0
Crateús;IRAPUA;-5.14675;-40.412777777778;2004;6;0.0;0.0;999.0;999.0;999.0;999.0;999.0;999.0;999.0;999.0;999.0;999.0;999.0;999.0;999.0;999.0;999.0;999.0;999.0;999.0;999.0;999.0;999.0;999.0;999.0;999.0;999.0;999.0;999.0;999.0;999.0;888.0
Crateús;IRAPUA;-5.14675;-40.412777777778;2004;7;0.0;0.0;999.0;999.0;999.0;999.0;999.0;999.0;999.0;999.0;999.0;999.0;999.0;999.0;999.0;999.0;999.0;999.0;999.0;999.0;999.0;999.0;999.0;999.0;999.0;999.0;999.0;999.0;999.0;999.0;999.0;999.0
Crateús;IRAPUA;-5.14675;-40.412777777778;2004;8;0.0;0.0;999.0;999.0;999.0;999.0;999.0;999.0;999.0;999.0;999.0;999.0;999.0;999.0;999.0;999.0;999.0;999.0;999.0;999.0;999.0;999.0;999.0;999.0;999.0;999.0;999.0;999.0;999.0;999.0;999.0;999.0
Crateús;IRAPUA;-5.14675;-40.412777777778;2004;9;0.0;0.0;999.0;999.0;999.0;999.0;999.0;999.0;999.0;999.0;999.0;999.0;999.0;999.0;999.0;999.0;999.0;999.0;999.0;999.0;999.0;999.0;999.0;999.0;999.0;999.0;999.0;999.0;999.0;999.0;999.0;888.0
Crateús;IRAPUA;-5.14675;-40.412777777778;2004;10;0.0;0.0;999.0;999.0;999.0;999.0;999.0;999.0;999.0;999.0;999.0;999.0;999.0;999.0;999.0;999.0;999.0;999.0;999.0;999.0;999.0;999.0;999.0;999.0;999.0;999.0;999.0;999.0;999.0;999.0;999.0;999.0
Crateús;IRAPUA;-5.14675;-40.412777777778;2004;11;0.0;0.0;999.0;999.0;999.0;999.0;999.0;999.0;999.0;999.0;999.0;999.0;999.0;999.0;999.0;999.0;999.0;999.0;999.0;999.0;999.0;999.0;999.0;999.0;999.0;999.0;999.0;999.0;999.0;999.0;999.0;888.0
Crateús;IRAPUA;-5.14675;-40.412777777778;2004;12;0.0;0.0;999.0;999.0;999.0;999.0;999.0;999.0;999.0;999.0;999.0;999.0;999.0;999.0;999.0;999.0;999.0;999.0;999.0;999.0;999.0;999.0;999.0;999.0;999.0;999.0;999.0;999.0;999.0;999.0;999.0;999.0
Crateús;IRAPUA;-5.14675;-40.412777777778;2005;1;0.0;0.0;999.0;999.0;999.0;999.0;999.0;999.0;999.0;999.0;999.0;999.0;999.0;999.0;999.0;999.0;999.0;999.0;999.0;999.0;999.0;999.0;999.0;999.0;999.0;999.0;999.0;999.0;999.0;999.0;999.0;999.0
Crateús;IRAPUA;-5.14675;-40.412777777778;2005;2;0.0;0.0;999.0;999.0;999.0;999.0;999.0;999.0;999.0;999.0;999.0;999.0;999.0;999.0;999.0;999.0;999.0;999.0;999.0;999.0;999.0;999.0;999.0;999.0;999.0;999.0;999.0;999.0;999.0;888.0;888.0;888.0
Crateús;IRAPUA;-5.14675;-40.412777777778;2005;3;0.0;0.0;999.0;999.0;999.0;999.0;999.0;999.0;999.0;999.0;999.0;999.0;999.0;999.0;999.0;999.0;999.0;999.0;999.0;999.0;999.0;999.0;999.0;999.0;999.0;999.0;999.0;999.0;999.0;999.0;999.0;999.0
Crateús;IRAPUA;-5.14675;-40.412777777778;2005;4;0.0;999.0;999.0;999.0;999.0;999.0;999.0;999.0;999.0;999.0;999.0;999.0;999.0;999.0;999.0;999.0;999.0;999.0;999.0;999.0;999.0;999.0;999.0;999.0;999.0;999.0;999.0;999.0;999.0;999.0;999.0;888.0
Crateús;IRAPUA;-5.14675;-40.412777777778;2006;1;0.0;0.0;999.0;999.0;999.0;999.0;999.0;999.0;999.0;999.0;999.0;999.0;999.0;999.0;999.0;999.0;999.0;999.0;999.0;999.0;999.0;999.0;999.0;999.0;999.0;999.0;999.0;999.0;999.0;999.0;999.0;999.0
Crateús;IRAPUA;-5.14675;-40.412777777778;2006;7;0.0;999.0;999.0;999.0;999.0;999.0;999.0;999.0;999.0;999.0;999.0;999.0;999.0;999.0;999.0;999.0;999.0;999.0;999.0;999.0;999.0;999.0;999.0;999.0;999.0;999.0;999.0;999.0;999.0;999.0;999.0;999.0
Crateús;IRAPUA;-5.14675;-40.412777777778;2006;8;0.0;0.0;999.0;999.0;999.0;999.0;999.0;999.0;999.0;999.0;999.0;999.0;999.0;999.0;999.0;999.0;999.0;999.0;999.0;999.0;999.0;999.0;999.0;999.0;999.0;999.0;999.0;999.0;999.0;999.0;999.0;999.0
Crateús;IRAPUA;-5.14675;-40.412777777778;2006;9;0.0;0.0;999.0;999.0;999.0;999.0;999.0;999.0;999.0;999.0;999.0;999.0;999.0;999.0;999.0;999.0;999.0;999.0;999.0;999.0;999.0;999.0;999.0;999.0;999.0;999.0;999.0;999.0;999.0;999.0;999.0;888.0
Crateús;IRAPUA;-5.14675;-40.412777777778;2006;10;0.0;0.0;999.0;999.0;999.0;999.0;999.0;999.0;999.0;999.0;999.0;999.0;999.0;999.0;999.0;999.0;999.0;999.0;999.0;999.0;999.0;999.0;999.0;999.0;999.0;999.0;999.0;999.0;999.0;999.0;999.0;999.0
Crateús;IRAPUA;-5.14675;-40.412777777778;2006;11;0.0;0.0;999.0;999.0;999.0;999.0;999.0;999.0;999.0;999.0;999.0;999.0;999.0;999.0;999.0;999.0;999.0;999.0;999.0;999.0;999.0;999.0;999.0;999.0;999.0;999.0;999.0;999.0;999.0;999.0;999.0;888.0
Crateús;IRAPUA;-5.14675;-40.412777777778;2006;12;0.0;0.0;999.0;999.0;999.0;999.0;999.0;999.0;999.0;999.0;999.0;999.0;999.0;999.0;999.0;999.0;999.0;999.0;999.0;999.0;999.0;999.0;999.0;999.0;999.0;999.0;999.0;999.0;999.0;999.0;999.0;999.0
Crateús;IRAPUA;-5.14675;-40.412777777778;2007;1;0.0;999.0;999.0;999.0;999.0;999.0;999.0;999.0;999.0;999.0;999.0;999.0;999.0;999.0;999.0;999.0;999.0;999.0;999.0;999.0;999.0;999.0;999.0;999.0;999.0;999.0;999.0;999.0;999.0;999.0;999.0;999.0
Crateús;IRAPUA;-5.14675;-40.412777777778;2007;2;244.0;0.0;0.0;0.0;0.0;0.0;0.0;0.0;2.0;0.0;0.0;0.0;61.0;10.0;24.0;11.0;35.0;0.0;0.0;94.0;4.0;0.0;0.0;3.0;0.0;0.0;0.0;0.0;0.0;888.0;888.0;888.0
Crateús;IRAPUA;-5.14675;-40.412777777778;2007;3;30.0;0.0;0.0;8.0;0.0;0.0;0.0;0.0;0.0;0.0;0.0;4.0;0.0;0.0;0.0;0.0;0.0;3.0;0.0;0.0;0.0;0.0;0.0;0.0;0.0;0.0;15.0;0.0;0.0;0.0;0.0;0.0
Crateús;IRAPUA;-5.14675;-40.412777777778;2007;4;97.0;0.0;15.0;0.0;0.0;0.0;0.0;0.0;0.0;0.0;0.0;0.0;0.0;0.0;0.0;0.0;0.0;0.0;0.0;0.0;0.0;7.0;0.0;7.0;9.0;21.0;21.0;0.0;0.0;10.0;7.0;888.0
Crateús;IRAPUA;-5.14675;-40.412777777778;2007;5;37.0;8.0;0.0;3.0;0.0;0.0;0.0;0.0;0.0;0.0;0.0;0.0;0.0;0.0;0.0;0.0;0.0;0.0;0.0;19.0;0.0;0.0;0.0;0.0;0.0;7.0;0.0;0.0;0.0;0.0;0.0;0.0
Crateús;IRAPUA;-5.14675;-40.412777777778;2007;6;20.0;0.0;0.0;0.0;0.0;0.0;0.0;0.0;0.0;4.0;0.0;0.0;9.0;0.0;0.0;0.0;0.0;0.0;7.0;0.0;0.0;0.0;0.0;0.0;0.0;0.0;0.0;0.0;0.0;0.0;0.0;888.0
Crateús;IRAPUA;-5.14675;-40.412777777778;2007;7;0.0;0.0;0.0;0.0;0.0;0.0;0.0;0.0;0.0;0.0;0.0;0.0;0.0;0.0;0.0;0.0;0.0;0.0;0.0;0.0;0.0;0.0;0.0;0.0;0.0;0.0;0.0;0.0;0.0;0.0;0.0;0.0
Crateús;IRAPUA;-5.14675;-40.412777777778;2007;8;0.0;0.0;0.0;0.0;0.0;0.0;0.0;0.0;0.0;0.0;0.0;0.0;0.0;0.0;0.0;0.0;0.0;0.0;0.0;0.0;0.0;0.0;0.0;0.0;0.0;0.0;0.0;0.0;0.0;0.0;0.0;0.0
Crateús;IRAPUA;-5.14675;-40.412777777778;2007;9;0.0;0.0;0.0;0.0;0.0;0.0;0.0;0.0;0.0;0.0;0.0;0.0;0.0;0.0;0.0;0.0;0.0;0.0;0.0;0.0;0.0;0.0;0.0;0.0;0.0;0.0;0.0;0.0;0.0;0.0;0.0;888.0
Crateús;IRAPUA;-5.14675;-40.412777777778;2007;10;0.0;0.0;0.0;0.0;0.0;0.0;0.0;0.0;0.0;0.0;0.0;0.0;0.0;0.0;0.0;0.0;0.0;0.0;0.0;0.0;0.0;0.0;0.0;0.0;0.0;0.0;0.0;0.0;0.0;0.0;0.0;0.0
Crateús;IRAPUA;-5.14675;-40.412777777778;2007;11;0.0;0.0;0.0;0.0;0.0;0.0;0.0;0.0;0.0;0.0;0.0;0.0;0.0;0.0;0.0;0.0;0.0;0.0;0.0;0.0;0.0;0.0;0.0;0.0;0.0;0.0;0.0;0.0;0.0;0.0;0.0;888.0
Crateús;IRAPUA;-5.14675;-40.412777777778;2007;12;29.0;0.0;0.0;0.0;0.0;18.0;0.0;0.0;0.0;0.0;0.0;0.0;0.0;0.0;0.0;0.0;0.0;0.0;0.0;0.0;0.0;0.0;0.0;0.0;0.0;0.0;11.0;0.0;0.0;0.0;0.0;0.0
Crateús;IRAPUA;-5.14675;-40.412777777778;2008;1;42.0;0.0;0.0;0.0;0.0;8.0;0.0;0.0;0.0;0.0;0.0;0.0;0.0;0.0;0.0;0.0;22.0;0.0;0.0;0.0;0.0;0.0;2.0;0.0;0.0;0.0;10.0;0.0;0.0;0.0;0.0;0.0
Crateús;IRAPUA;-5.14675;-40.412777777778;2008;2;55.2;55.2;0.0;0.0;0.0;0.0;0.0;0.0;0.0;0.0;0.0;0.0;0.0;0.0;0.0;0.0;0.0;0.0;0.0;0.0;0.0;0.0;0.0;0.0;0.0;0.0;0.0;0.0;0.0;0.0;888.0;888.0
Crateús;IRAPUA;-5.14675;-40.412777777778;2008;3;178.0;0.0;0.0;2.0;2.0;0.0;0.0;24.0;18.0;0.0;0.0;0.0;0.0;0.0;39.0;8.0;34.0;0.0;0.0;6.0;0.0;17.0;0.0;0.0;0.0;18.0;0.0;0.0;0.0;10.0;0.0;0.0
Crateús;IRAPUA;-5.14675;-40.412777777778;2008;4;22.0;0.0;0.0;0.0;10.0;0.0;0.0;0.0;0.0;12.0;0.0;0.0;0.0;0.0;0.0;0.0;0.0;0.0;0.0;0.0;0.0;0.0;0.0;0.0;0.0;0.0;0.0;0.0;0.0;0.0;0.0;888.0
Crateús;IRAPUA;-5.14675;-40.412777777778;2008;5;0.0;0.0;0.0;0.0;0.0;0.0;0.0;0.0;0.0;0.0;0.0;0.0;0.0;0.0;0.0;0.0;0.0;0.0;0.0;0.0;0.0;0.0;0.0;0.0;0.0;0.0;0.0;0.0;0.0;0.0;0.0;0.0
Crateús;IRAPUA;-5.14675;-40.412777777778;2008;6;0.0;0.0;0.0;0.0;0.0;0.0;0.0;0.0;0.0;0.0;0.0;0.0;0.0;0.0;0.0;0.0;0.0;0.0;0.0;0.0;0.0;0.0;0.0;0.0;0.0;0.0;0.0;0.0;0.0;0.0;0.0;888.0
Crateús;IRAPUA;-5.14675;-40.412777777778;2008;7;0.0;0.0;0.0;0.0;0.0;0.0;0.0;0.0;0.0;0.0;0.0;0.0;0.0;0.0;0.0;0.0;0.0;0.0;0.0;0.0;0.0;0.0;0.0;0.0;0.0;0.0;0.0;0.0;0.0;0.0;0.0;0.0
Crateús;IRAPUA;-5.14675;-40.412777777778;2008;8;0.0;0.0;0.0;0.0;0.0;0.0;0.0;0.0;0.0;0.0;0.0;0.0;0.0;0.0;0.0;0.0;0.0;0.0;0.0;0.0;0.0;0.0;0.0;0.0;0.0;0.0;0.0;0.0;0.0;0.0;0.0;0.0
Crateús;IRAPUA;-5.14675;-40.412777777778;2008;9;0.0;0.0;0.0;0.0;0.0;0.0;0.0;0.0;0.0;0.0;0.0;0.0;0.0;0.0;0.0;0.0;0.0;0.0;0.0;0.0;0.0;0.0;0.0;0.0;0.0;0.0;0.0;0.0;0.0;0.0;0.0;888.0
Crateús;IRAPUA;-5.14675;-40.412777777778;2008;10;0.0;0.0;0.0;0.0;0.0;0.0;0.0;0.0;0.0;0.0;0.0;0.0;0.0;0.0;0.0;0.0;0.0;0.0;0.0;0.0;0.0;0.0;0.0;0.0;0.0;0.0;0.0;0.0;0.0;0.0;0.0;0.0
Crateús;IRAPUA;-5.14675;-40.412777777778;2008;11;0.0;0.0;0.0;0.0;0.0;0.0;0.0;0.0;0.0;0.0;0.0;0.0;0.0;0.0;0.0;0.0;0.0;0.0;0.0;0.0;0.0;0.0;0.0;0.0;0.0;0.0;0.0;0.0;0.0;0.0;0.0;888.0
Crateús;IRAPUA;-5.14675;-40.412777777778;2008;12;0.0;0.0;0.0;0.0;0.0;0.0;0.0;0.0;0.0;0.0;0.0;0.0;0.0;0.0;0.0;0.0;0.0;0.0;0.0;0.0;0.0;0.0;0.0;0.0;0.0;0.0;0.0;0.0;0.0;0.0;0.0;0.0
Crateús;IRAPUA;-5.14675;-40.412777777778;2009;1;46.0;0.0;0.0;0.0;0.0;0.0;0.0;0.0;0.0;0.0;0.0;0.0;0.0;0.0;0.0;0.0;0.0;0.0;0.0;0.0;0.0;9.0;0.0;11.0;0.0;15.0;0.0;0.0;0.0;0.0;0.0;11.0
Crateús;IRAPUA;-5.14675;-40.412777777778;2009;2;29.4;0.0;14.4;15.0;0.0;0.0;0.0;0.0;0.0;0.0;0.0;0.0;0.0;0.0;0.0;0.0;0.0;0.0;0.0;0.0;0.0;0.0;0.0;0.0;0.0;0.0;0.0;0.0;0.0;888.0;888.0;888.0
Crateús;IRAPUA;-5.14675;-40.412777777778;2009;3;0.0;0.0;0.0;0.0;0.0;0.0;0.0;0.0;0.0;0.0;0.0;0.0;0.0;0.0;0.0;0.0;0.0;0.0;0.0;0.0;0.0;0.0;0.0;0.0;0.0;0.0;0.0;0.0;0.0;0.0;0.0;0.0
Crateús;IRAPUA;-5.14675;-40.412777777778;2009;4;0.0;0.0;0.0;0.0;0.0;0.0;0.0;0.0;0.0;0.0;0.0;0.0;0.0;0.0;0.0;0.0;0.0;0.0;0.0;0.0;0.0;0.0;0.0;0.0;0.0;0.0;0.0;0.0;0.0;0.0;0.0;888.0
Crateús;IRAPUA;-5.14675;-40.412777777778;2009;5;0.0;0.0;0.0;0.0;0.0;0.0;0.0;0.0;0.0;0.0;0.0;0.0;0.0;0.0;0.0;0.0;0.0;0.0;0.0;0.0;0.0;0.0;0.0;0.0;0.0;0.0;0.0;0.0;0.0;0.0;0.0;0.0
Crateús;IRAPUA;-5.14675;-40.412777777778;2009;6;0.0;0.0;0.0;0.0;0.0;0.0;0.0;0.0;0.0;0.0;0.0;0.0;0.0;0.0;0.0;0.0;0.0;0.0;0.0;0.0;0.0;0.0;0.0;0.0;0.0;0.0;0.0;0.0;0.0;0.0;0.0;888.0
Crateús;IRAPUA;-5.14675;-40.412777777778;2009;7;0.0;0.0;0.0;0.0;0.0;0.0;0.0;0.0;0.0;0.0;0.0;0.0;0.0;0.0;0.0;0.0;0.0;0.0;0.0;0.0;0.0;0.0;0.0;0.0;0.0;0.0;0.0;0.0;0.0;0.0;0.0;0.0
Crateús;IRAPUA;-5.14675;-40.412777777778;2009;8;0.0;0.0;0.0;0.0;0.0;0.0;0.0;0.0;0.0;0.0;0.0;0.0;0.0;0.0;0.0;0.0;0.0;0.0;0.0;0.0;0.0;0.0;0.0;0.0;0.0;0.0;0.0;0.0;0.0;0.0;0.0;0.0
Crateús;IRAPUA;-5.14675;-40.412777777778;2009;9;0.0;0.0;0.0;0.0;0.0;0.0;0.0;0.0;0.0;0.0;0.0;0.0;0.0;0.0;0.0;0.0;0.0;0.0;0.0;0.0;0.0;0.0;0.0;0.0;0.0;0.0;0.0;0.0;0.0;0.0;0.0;888.0
Crateús;IRAPUA;-5.14675;-40.412777777778;2009;10;0.0;0.0;0.0;0.0;0.0;0.0;0.0;0.0;0.0;0.0;0.0;0.0;0.0;0.0;0.0;0.0;0.0;0.0;0.0;0.0;0.0;0.0;0.0;0.0;0.0;0.0;0.0;0.0;0.0;0.0;0.0;0.0
Crateús;IRAPUA;-5.14675;-40.412777777778;2009;11;0.0;0.0;0.0;0.0;0.0;0.0;0.0;0.0;0.0;0.0;0.0;0.0;0.0;0.0;0.0;0.0;0.0;0.0;0.0;0.0;0.0;0.0;0.0;0.0;0.0;0.0;0.0;0.0;0.0;0.0;0.0;888.0
Crateús;IRAPUA;-5.14675;-40.412777777778;2009;12;0.0;0.0;0.0;0.0;0.0;0.0;0.0;0.0;0.0;0.0;0.0;0.0;0.0;0.0;0.0;0.0;0.0;0.0;0.0;0.0;0.0;0.0;0.0;0.0;0.0;0.0;0.0;0.0;0.0;0.0;0.0;0.0
Crateús;IRAPUA;-5.14675;-40.412777777778;2010;12;77.0;0.0;0.0;0.0;0.0;0.0;0.0;0.0;0.0;0.0;0.0;23.0;0.0;54.0;0.0;0.0;0.0;0.0;0.0;0.0;0.0;0.0;0.0;0.0;0.0;0.0;0.0;0.0;0.0;0.0;0.0;0.0
Crateús;IRAPUA;-5.14675;-40.412777777778;2012;3;0.0;0.0;999.0;999.0;999.0;999.0;999.0;999.0;999.0;999.0;999.0;999.0;999.0;999.0;999.0;999.0;999.0;999.0;999.0;999.0;999.0;999.0;999.0;999.0;999.0;999.0;999.0;999.0;999.0;999.0;999.0;999.0
Crateús;IRAPUA;-5.14675;-40.412777777778;2013;1;54.2;0.0;0.0;0.0;47.2;0.0;0.0;0.0;0.0;0.0;0.0;0.0;0.0;0.0;0.0;0.0;0.0;0.0;0.0;0.0;0.0;0.0;7.0;0.0;0.0;0.0;0.0;0.0;0.0;0.0;0.0;0.0
Crateús;IRAPUA;-5.14675;-40.412777777778;2013;2;50.7;0.0;0.0;0.0;0.0;0.0;0.0;0.0;0.0;0.0;0.0;0.0;0.0;0.0;18.1;5.2;0.0;4.4;0.0;23.0;0.0;0.0;0.0;0.0;0.0;0.0;0.0;0.0;0.0;888.0;888.0;888.0
Crateús;IRAPUA;-5.14675;-40.412777777778;2013;3;60.8;0.0;0.0;0.0;0.0;0.0;0.0;0.0;0.0;0.0;0.0;0.0;0.0;0.0;0.0;0.0;42.0;0.0;0.0;3.4;0.0;0.0;0.0;12.2;0.0;0.0;0.0;0.0;0.0;0.0;0.0;3.2
Crateús;IRAPUA;-5.14675;-40.412777777778;2013;4;106.6;0.0;0.0;0.0;15.0;0.0;0.0;0.0;0.0;0.0;3.0;0.0;0.0;0.0;0.0;0.0;4.0;6.0;31.2;8.2;15.0;0.0;0.0;0.0;0.0;0.0;0.0;0.0;0.0;24.2;0.0;888.0
Crateús;IRAPUA;-5.14675;-40.412777777778;2013;5;30.0;0.0;0.0;0.0;0.0;0.0;0.0;0.0;0.0;17.0;0.0;0.0;0.0;0.0;0.0;13.0;0.0;0.0;0.0;0.0;0.0;0.0;0.0;0.0;0.0;0.0;0.0;0.0;0.0;0.0;0.0;0.0
Crateús;IRAPUA;-5.14675;-40.412777777778;2013;6;19.2;0.0;0.0;0.0;0.0;0.0;0.0;0.0;0.0;0.0;0.0;6.0;0.0;0.0;0.0;0.0;0.0;0.0;0.0;0.0;0.0;0.0;0.0;0.0;0.0;0.0;13.2;0.0;0.0;0.0;0.0;888.0
Crateús;IRAPUA;-5.14675;-40.412777777778;2013;7;1.0;0.0;0.0;0.0;0.0;0.0;0.0;0.0;1.0;0.0;0.0;0.0;0.0;0.0;0.0;0.0;0.0;0.0;0.0;0.0;0.0;0.0;0.0;0.0;0.0;0.0;0.0;0.0;0.0;0.0;0.0;0.0
Crateús;IRAPUA;-5.14675;-40.412777777778;2013;8;0.0;0.0;0.0;0.0;0.0;0.0;0.0;0.0;0.0;0.0;0.0;0.0;0.0;0.0;0.0;0.0;0.0;0.0;0.0;0.0;0.0;0.0;0.0;0.0;0.0;0.0;0.0;0.0;0.0;0.0;0.0;0.0
Crateús;IRAPUA;-5.14675;-40.412777777778;2013;9;0.0;0.0;0.0;0.0;0.0;0.0;0.0;0.0;0.0;0.0;0.0;0.0;0.0;0.0;0.0;0.0;0.0;0.0;0.0;0.0;0.0;0.0;0.0;0.0;0.0;0.0;0.0;0.0;0.0;0.0;0.0;888.0
Crateús;IRAPUA;-5.14675;-40.412777777778;2013;10;0.0;0.0;0.0;0.0;0.0;0.0;0.0;0.0;0.0;0.0;0.0;0.0;0.0;0.0;0.0;0.0;0.0;0.0;0.0;0.0;0.0;0.0;0.0;0.0;0.0;0.0;0.0;0.0;0.0;0.0;0.0;0.0
Crateús;IRAPUA;-5.14675;-40.412777777778;2013;11;82.0;0.0;0.0;0.0;78.0;0.0;0.0;0.0;0.0;0.0;0.0;0.0;0.0;0.0;0.0;0.0;0.0;4.0;0.0;0.0;0.0;0.0;0.0;0.0;0.0;0.0;0.0;0.0;0.0;0.0;0.0;888.0
Crateús;IRAPUA;-5.14675;-40.412777777778;2013;12;0.0;0.0;0.0;0.0;0.0;0.0;0.0;999.0;999.0;999.0;999.0;999.0;999.0;999.0;999.0;999.0;999.0;999.0;999.0;999.0;999.0;999.0;999.0;999.0;999.0;999.0;999.0;999.0;999.0;999.0;999.0;999.0
Crateús;IRAPUA;-5.14675;-40.412777777778;2015;12;5.0;0.0;0.0;0.0;0.0;0.0;0.0;0.0;0.0;0.0;0.0;0.0;0.0;0.0;0.0;0.0;0.0;0.0;0.0;0.0;0.0;0.0;0.0;0.0;5.0;0.0;0.0;0.0;0.0;0.0;0.0;0.0
Crateús;IRAPUA;-5.14675;-40.412777777778;2016;1;209.0;0.0;0.0;0.0;0.0;0.0;5.0;0.0;0.0;0.0;0.0;0.0;0.0;4.0;6.0;0.0;3.0;40.0;0.0;0.0;38.0;17.0;12.0;13.0;57.0;0.0;6.0;0.0;0.0;0.0;0.0;8.0
Crateús;IRAPUA;-5.14675;-40.412777777778;2016;2;30.0;2.0;0.0;0.0;0.0;5.0;0.0;0.0;0.0;0.0;0.0;0.0;0.0;0.0;0.0;0.0;0.0;0.0;0.0;0.0;0.0;0.0;0.0;23.0;0.0;0.0;0.0;0.0;0.0;0.0;888.0;888.0
Crateús;IRAPUA;-5.14675;-40.412777777778;2018;1;59.8;0.0;0.0;0.0;0.0;0.0;0.0;0.0;0.0;0.0;0.0;0.0;0.0;0.0;0.0;0.0;0.0;0.0;0.0;0.0;29.0;0.0;0.0;18.4;0.0;0.0;0.0;12.4;0.0;0.0;0.0;0.0
Crateús;IRAPUA;-5.14675;-40.412777777778;2018;2;122.4;0.0;7.2;0.0;0.0;0.0;0.0;0.0;0.0;11.6;8.8;18.2;0.0;20.0;0.0;0.0;0.0;0.0;3.6;0.0;0.0;0.0;0.0;0.0;0.0;0.0;0.0;0.0;53.0;888.0;888.0;888.0
Crateús;IRAPUA;-5.14675;-40.412777777778;2018;3;112.6;0.0;0.0;0.0;0.0;0.0;0.0;0.0;10.6;0.0;0.0;0.0;0.0;0.0;0.0;0.0;0.0;0.0;0.0;8.8;0.0;0.0;0.0;5.0;0.0;0.0;0.0;0.0;0.0;53.0;13.0;22.2
Crateús;IRAPUA;-5.14675;-40.412777777778;2018;4;142.0;0.0;0.0;12.0;83.0;0.0;0.0;0.0;0.0;16.8;0.0;0.0;11.0;0.0;0.0;0.0;0.0;0.0;2.2;0.0;0.0;0.0;0.0;0.0;0.0;0.0;17.0;0.0;0.0;0.0;0.0;888.0
Crateús;IRAPUA;-5.14675;-40.412777777778;2018;5;15.4;0.0;0.0;0.0;0.0;0.0;0.0;0.0;0.0;0.0;0.0;0.0;8.6;0.0;0.0;0.0;0.0;6.8;0.0;0.0;0.0;0.0;0.0;0.0;0.0;0.0;0.0;0.0;0.0;0.0;0.0;0.0
Crateús;IRAPUA;-5.14675;-40.412777777778;2018;6;12.6;0.0;0.0;0.0;0.0;0.0;0.0;0.0;0.0;0.0;8.4;0.0;0.0;0.0;0.0;0.0;0.0;0.0;0.0;0.0;0.0;0.0;0.0;0.0;0.0;0.0;4.2;0.0;0.0;0.0;0.0;888.0
Crateús;IRAPUA;-5.14675;-40.412777777778;2018;7;6.2;0.0;0.0;0.0;0.0;0.0;0.0;0.0;0.0;0.0;0.0;0.0;0.0;6.2;0.0;0.0;0.0;0.0;0.0;0.0;0.0;0.0;0.0;0.0;0.0;0.0;0.0;0.0;0.0;0.0;0.0;0.0
Crateús;IRAPUA;-5.14675;-40.412777777778;2018;8;5.8;0.0;5.8;0.0;0.0;0.0;0.0;0.0;0.0;0.0;0.0;0.0;0.0;0.0;0.0;0.0;0.0;0.0;0.0;0.0;0.0;0.0;0.0;0.0;0.0;0.0;0.0;0.0;0.0;0.0;0.0;0.0
Crateús;IRAPUA;-5.14675;-40.412777777778;2018;9;0.0;0.0;0.0;0.0;0.0;0.0;0.0;0.0;0.0;0.0;0.0;0.0;0.0;0.0;0.0;0.0;0.0;0.0;0.0;0.0;0.0;0.0;0.0;0.0;0.0;0.0;0.0;0.0;0.0;0.0;0.0;888.0
Crateús;IRAPUA;-5.14675;-40.412777777778;2018;10;12.0;0.0;0.0;0.0;0.0;0.0;0.0;0.0;0.0;0.0;0.0;0.0;0.0;0.0;0.0;0.0;0.0;12.0;0.0;0.0;0.0;0.0;0.0;0.0;0.0;0.0;0.0;0.0;0.0;0.0;0.0;0.0
Crateús;IRAPUA;-5.14675;-40.412777777778;2018;11;3.0;0.0;0.0;0.0;0.0;0.0;0.0;0.0;0.0;0.0;0.0;0.0;0.0;0.0;0.0;0.0;0.0;0.0;0.0;0.0;0.0;0.0;0.0;0.0;0.0;0.0;0.0;0.0;3.0;0.0;0.0;888.0
Crateús;IRAPUA;-5.14675;-40.412777777778;2018;12;156.0;0.0;0.0;2.0;0.0;62.0;21.0;0.0;23.0;8.0;4.0;0.0;0.0;0.0;0.0;9.0;0.0;0.0;0.0;0.0;0.0;0.0;0.0;0.0;18.0;9.0;0.0;0.0;0.0;0.0;0.0;0.0
Crateús;IRAPUA;-5.14675;-40.412777777778;2019;1;33.4;0.0;0.0;0.0;0.0;0.0;0.0;0.0;0.0;0.0;25.2;0.0;0.0;0.0;0.0;3.0;0.0;0.0;0.0;0.0;0.0;0.0;0.0;0.0;0.0;0.0;5.2;0.0;0.0;0.0;0.0;0.0
Crateús;IRAPUA;-5.14675;-40.412777777778;2019;2;141.2;1.2;0.0;0.0;0.0;10.0;0.0;33.0;6.2;0.0;0.0;0.0;0.0;0.0;13.6;0.0;0.0;31.2;10.0;0.0;0.0;3.2;0.0;21.4;0.0;6.4;0.0;5.0;0.0;888.0;888.0;888.0
Crateús;IRAPUA;-5.14675;-40.412777777778;2019;3;171.2;0.0;0.0;0.0;12.0;0.0;0.0;0.0;17.0;0.0;0.0;0.0;0.0;3.2;0.0;0.0;17.2;0.0;0.0;44.0;0.0;10.4;6.4;35.0;0.0;10.0;0.0;0.0;6.4;0.0;0.0;9.6
Crateús;IRAPUA;-5.14675;-40.412777777778;2019;4;270.4;0.0;0.0;0.0;0.0;0.0;70.8;10.4;0.0;0.0;0.0;0.0;0.0;0.0;0.0;38.0;0.0;26.0;0.0;8.6;29.6;8.6;11.4;0.0;0.0;5.4;10.0;35.6;0.0;0.0;16.0;888.0
Crateús;IRAPUA;-5.14675;-40.412777777778;2019;5;77.4;10.4;0.0;0.0;0.0;0.0;0.0;0.0;0.0;8.6;0.0;0.0;0.0;0.0;3.2;31.0;0.0;0.0;0.0;3.4;0.0;0.0;16.8;2.0;0.0;0.0;0.0;2.0;0.0;0.0;0.0;0.0
Crateús;IRAPUA;-5.14675;-40.412777777778;2019;6;27.0;0.0;0.0;0.0;0.0;0.0;0.0;0.0;0.0;0.0;0.0;0.0;4.0;5.4;0.0;0.0;0.0;3.8;0.0;7.0;0.0;0.0;0.0;0.0;0.0;0.0;0.0;0.0;6.8;0.0;0.0;888.0
Crateús;IRAPUA;-5.14675;-40.412777777778;2019;7;15.4;0.0;0.0;0.0;0.0;0.0;0.0;0.0;0.0;0.0;6.4;3.0;0.0;0.0;0.0;2.0;0.0;0.0;0.0;0.0;0.0;0.0;0.0;4.0;0.0;0.0;0.0;0.0;0.0;0.0;0.0;0.0
Crateús;IRAPUA;-5.14675;-40.412777777778;2019;8;6.5;0.0;0.0;6.5;0.0;0.0;0.0;0.0;0.0;0.0;0.0;0.0;0.0;0.0;0.0;0.0;0.0;0.0;0.0;0.0;0.0;0.0;0.0;0.0;0.0;0.0;0.0;0.0;0.0;0.0;0.0;0.0
Crateús;IRAPUA;-5.14675;-40.412777777778;2019;9;16.8;0.0;0.0;0.0;0.0;0.0;0.0;0.0;0.0;0.0;0.0;0.0;0.0;0.0;0.0;0.0;0.0;0.0;0.0;0.0;0.0;0.0;0.0;0.0;16.8;0.0;0.0;0.0;0.0;0.0;0.0;888.0
Crateús;IRAPUA;-5.14675;-40.412777777778;2019;10;0.0;0.0;0.0;0.0;0.0;0.0;0.0;0.0;0.0;0.0;0.0;0.0;0.0;0.0;0.0;0.0;0.0;0.0;0.0;0.0;0.0;0.0;0.0;0.0;0.0;0.0;0.0;0.0;0.0;0.0;0.0;0.0
Crateús;IRAPUA;-5.14675;-40.412777777778;2019;11;0.0;0.0;0.0;0.0;0.0;0.0;0.0;0.0;0.0;0.0;0.0;0.0;0.0;0.0;0.0;0.0;0.0;0.0;0.0;0.0;0.0;0.0;0.0;0.0;0.0;0.0;0.0;0.0;0.0;0.0;0.0;888.0
Crateús;IRAPUA;-5.14675;-40.412777777778;2019;12;5.0;0.0;0.0;0.0;0.0;0.0;0.0;0.0;0.0;0.0;5.0;0.0;0.0;0.0;0.0;0.0;0.0;0.0;0.0;0.0;0.0;0.0;0.0;0.0;0.0;0.0;0.0;0.0;0.0;0.0;0.0;0.0
Crateús;IRAPUA;-5.14675;-40.412777777778;2020;1;176.4;0.0;0.0;0.0;0.0;0.0;0.0;0.0;0.0;51.6;0.0;0.0;0.0;0.0;0.0;0.0;18.4;0.0;0.0;0.0;0.0;0.0;4.8;0.0;0.0;0.0;0.0;0.0;34.4;9.8;48.0;9.4
Crateús;IRAPUA;-5.14675;-40.412777777778;2020;2;201.4;10.0;36.4;0.0;0.0;8.6;26.0;4.4;0.0;0.0;0.0;0.0;0.0;0.0;0.0;0.0;30.2;3.8;11.0;14.6;0.0;0.0;2.2;1.8;0.0;0.0;0.0;2.8;0.0;49.6;888.0;888.0
Crateús;IRAPUA;-5.14675;-40.412777777778;2020;3;314.2;0.0;25.4;19.2;3.6;0.0;15.4;14.8;6.2;0.0;2.0;0.0;4.2;0.0;0.0;33.6;19.4;24.0;0.0;14.8;28.8;0.0;42.8;0.0;0.0;0.0;28.4;8.2;9.2;0.0;0.0;14.2
Crateús;IRAPUA;-5.14675;-40.412777777778;2020;4;81.6;0.0;0.0;0.0;0.0;0.0;0.0;0.0;1.8;0.0;0.0;0.0;0.0;0.0;0.0;4.0;0.0;5.2;0.0;0.0;13.4;8.6;15.4;0.0;0.0;15.2;6.0;2.0;10.0;0.0;0.0;888.0
Crateús;IRAPUA;-5.14675;-40.412777777778;2020;5;112.2;2.0;0.0;0.0;0.0;0.0;0.0;0.0;0.0;0.0;0.0;0.0;0.0;0.0;0.0;0.0;2.4;52.4;3.4;0.0;5.0;15.8;18.6;0.0;2.0;0.0;1.4;0.0;0.0;5.2;4.0;0.0
Crateús;IRAPUA;-5.14675;-40.412777777778;2020;6;9.0;0.0;0.0;0.0;0.0;4.4;0.0;0.0;0.0;1.6;0.0;0.0;2.0;0.0;0.0;0.0;1.0;0.0;0.0;0.0;0.0;0.0;0.0;0.0;0.0;0.0;0.0;0.0;0.0;0.0;0.0;888.0
Crateús;IRAPUA;-5.14675;-40.412777777778;2020;7;20.2;0.0;0.0;0.0;0.0;0.0;5.4;3.8;0.0;0.0;0.0;7.6;2.4;0.0;0.0;0.0;0.0;0.0;0.0;0.0;0.0;0.0;0.0;0.0;0.0;0.0;0.0;0.0;0.0;0.0;1.0;0.0
Crateús;IRAPUA;-5.14675;-40.412777777778;2020;8;1.0;0.0;0.0;0.0;0.0;0.0;0.0;0.0;0.0;0.0;0.0;0.0;0.0;0.0;0.0;0.0;0.0;0.0;0.0;1.0;0.0;0.0;0.0;0.0;0.0;0.0;0.0;0.0;0.0;0.0;0.0;0.0
Crateús;IRAPUA;-5.14675;-40.412777777778;2020;9;0.0;0.0;0.0;0.0;0.0;0.0;0.0;0.0;0.0;0.0;0.0;0.0;0.0;0.0;0.0;0.0;0.0;0.0;0.0;0.0;0.0;0.0;0.0;0.0;0.0;0.0;0.0;0.0;0.0;0.0;0.0;888.0
Crateús;IRAPUA;-5.14675;-40.412777777778;2020;10;1.0;0.0;0.0;0.0;0.0;0.0;0.0;0.0;0.0;0.0;0.0;0.0;0.0;0.0;0.0;0.0;0.0;0.0;0.0;0.0;0.0;0.0;0.0;0.0;0.0;0.0;0.0;0.0;1.0;0.0;0.0;0.0
Crateús;IRAPUA;-5.14675;-40.412777777778;2020;11;125.2;0.0;0.0;0.0;119.4;0.0;2.0;0.0;0.0;0.0;1.8;0.0;0.0;0.0;0.0;0.0;0.0;0.0;0.0;0.0;0.0;2.0;0.0;0.0;0.0;0.0;0.0;0.0;0.0;0.0;0.0;888.0
Crateús;IRAPUA;-5.14675;-40.412777777778;2020;12;1.6;0.0;0.0;0.0;0.0;0.0;0.0;0.0;0.0;0.0;0.0;0.0;0.0;0.0;0.0;0.0;0.0;0.0;1.6;0.0;0.0;0.0;0.0;0.0;0.0;0.0;0.0;0.0;0.0;0.0;0.0;0.0
Crateús;IRAPUA;-5.14675;-40.412777777778;2021;1;71.8;0.0;0.0;0.0;0.0;2.0;0.0;0.0;0.0;0.0;0.0;0.0;10.2;6.4;1.4;0.0;0.0;0.0;0.0;0.0;0.0;38.6;2.0;0.0;0.0;0.0;10.0;0.0;1.2;0.0;0.0;0.0
Crateús;IRAPUA;-5.14675;-40.412777777778;2021;2;262.2;0.0;0.0;0.0;0.0;0.0;0.0;0.0;0.0;4.0;2.6;0.0;1.2;0.0;0.0;0.0;101.6;82.4;3.2;0.0;0.0;0.0;9.2;7.0;33.2;4.0;3.6;6.2;4.0;888.0;888.0;888.0
Crateús;IRAPUA;-5.14675;-40.412777777778;2021;3;158.2;9.6;34.0;15.0;0.0;2.0;0.0;0.0;0.0;0.0;0.0;0.0;0.0;0.0;0.0;0.0;0.0;0.0;0.0;6.2;1.0;3.6;0.0;0.0;2.6;3.6;21.0;6.0;38.6;0.0;0.0;15.0
Crateús;IRAPUA;-5.14675;-40.412777777778;2021;4;75.4;0.0;0.0;0.0;0.0;0.0;0.0;0.0;0.0;0.0;0.0;13.2;0.0;0.0;0.0;0.0;0.0;0.0;0.0;5.0;0.0;2.0;27.4;18.0;0.0;0.0;0.0;0.0;0.0;1.2;8.6;888.0
Crateús;IRAPUA;-5.14675;-40.412777777778;2021;5;73.4;1.4;3.2;10.0;0.0;14.0;7.6;16.0;0.0;1.2;0.0;0.0;0.0;0.0;0.0;18.0;0.0;0.0;0.0;0.0;0.0;1.0;0.0;0.0;0.0;0.0;0.0;0.0;0.0;0.0;0.0;1.0
Crateús;IRAPUA;-5.14675;-40.412777777778;2021;6;12.4;0.0;2.4;0.0;0.0;0.0;0.0;0.0;0.0;1.2;0.0;0.0;0.0;0.0;0.0;0.0;0.0;1.6;2.8;4.4;0.0;0.0;0.0;0.0;0.0;0.0;0.0;0.0;0.0;0.0;0.0;888.0
Crateús;IRAPUA;-5.14675;-40.412777777778;2021;7;13.0;0.0;7.2;0.0;0.0;0.0;0.0;0.0;0.0;0.0;0.0;2.0;1.6;2.2;0.0;0.0;0.0;0.0;0.0;0.0;0.0;0.0;0.0;0.0;0.0;0.0;0.0;0.0;0.0;0.0;0.0;0.0
Crateús;IRAPUA;-5.14675;-40.412777777778;2021;8;0.0;0.0;0.0;0.0;0.0;0.0;0.0;0.0;0.0;0.0;0.0;0.0;0.0;0.0;0.0;0.0;0.0;0.0;0.0;0.0;0.0;0.0;0.0;0.0;0.0;0.0;0.0;0.0;0.0;0.0;0.0;0.0
Crateús;IRAPUA;-5.14675;-40.412777777778;2021;9;0.0;0.0;0.0;0.0;0.0;0.0;0.0;0.0;0.0;0.0;0.0;0.0;0.0;0.0;0.0;0.0;0.0;0.0;0.0;0.0;0.0;0.0;0.0;0.0;0.0;0.0;0.0;0.0;0.0;0.0;0.0;888.0
Crateús;IRAPUA;-5.14675;-40.412777777778;2021;10;5.6;0.0;0.0;0.0;0.0;0.0;0.0;0.0;0.0;0.0;0.0;0.0;0.0;0.0;0.0;0.0;0.0;0.0;0.0;0.0;0.0;0.0;2.0;0.0;0.0;3.6;0.0;0.0;0.0;0.0;0.0;0.0
Crateús;IRAPUA;-5.14675;-40.412777777778;2021;11;4.6;0.0;0.0;0.0;0.0;0.0;0.0;0.0;0.0;0.0;0.0;0.0;2.0;0.0;2.6;0.0;0.0;0.0;0.0;0.0;0.0;0.0;0.0;0.0;0.0;0.0;0.0;0.0;0.0;0.0;0.0;888.0
Crateús;IRAPUA;-5.14675;-40.412777777778;2021;12;42.2;0.0;0.0;0.0;0.0;0.0;0.0;0.0;0.0;0.0;0.0;0.0;0.0;0.0;0.0;0.0;0.0;0.0;0.0;0.0;0.0;0.0;0.0;0.0;0.0;0.0;5.0;20.2;0.0;0.0;17.0;0.0
Crateús;IRAPUA;-5.14675;-40.412777777778;2022;1;294.2;0.0;12.6;21.0;0.0;3.6;92.4;15.0;0.0;0.0;0.0;0.0;0.0;8.6;2.0;3.6;69.4;0.0;0.0;0.0;0.0;0.0;0.0;2.0;0.0;0.0;3.0;26.0;2.0;33.0;0.0;0.0
Crateús;IRAPUA;-5.14675;-40.412777777778;2022;2;52.8;0.0;0.0;0.0;0.0;0.0;0.0;0.0;0.0;0.0;0.0;1.0;0.0;6.0;0.0;0.0;0.0;5.6;3.6;17.0;5.0;11.6;0.0;0.0;0.0;0.0;0.0;0.0;3.0;888.0;888.0;888.0
Crateús;IRAPUA;-5.14675;-40.412777777778;2022;3;227.4;0.0;0.0;0.0;0.0;1.0;5.0;33.0;2.0;0.0;3.6;0.0;61.0;7.0;3.6;0.0;26.0;9.0;2.0;10.0;0.0;28.0;0.0;12.4;0.0;2.0;9.2;0.0;0.0;0.0;0.0;12.6
Crateús;IRAPUA;-5.14675;-40.412777777778;2022;4;194.8;3.6;13.0;8.0;2.0;34.0;8.0;0.0;0.0;2.0;0.0;8.6;11.2;3.0;0.0;0.0;5.0;29.0;0.0;9.8;0.0;0.0;0.0;35.0;18.0;3.6;0.0;0.0;0.0;1.0;0.0;888.0
Crateús;IRAPUA;-5.14675;-40.412777777778;2022;5;93.6;0.0;0.0;0.0;0.0;0.0;0.0;0.0;0.0;2.0;0.0;0.0;30.0;0.0;0.0;0.0;0.0;1.0;0.0;0.0;18.2;38.0;3.0;0.0;0.0;0.0;0.0;1.4;0.0;0.0;0.0;0.0
Crateús;IRAPUA;-5.14675;-40.412777777778;2022;6;174.2;12.0;21.8;12.4;76.8;8.0;5.2;0.0;0.0;0.0;0.0;2.0;0.0;0.0;0.0;0.0;0.0;0.0;0.0;0.0;0.0;35.0;0.0;1.0;0.0;0.0;0.0;0.0;0.0;0.0;0.0;888.0
Crateús;IRAPUA;-5.14675;-40.412777777778;2022;7;21.8;0.0;2.0;0.0;0.0;11.0;0.0;1.0;2.2;3.6;0.0;0.0;0.0;0.0;0.0;0.0;0.0;0.0;0.0;0.0;0.0;0.0;2.0;0.0;0.0;0.0;0.0;0.0;0.0;0.0;0.0;0.0
Crateús;IRAPUA;-5.14675;-40.412777777778;2022;8;9.2;1.6;0.0;0.0;2.0;3.6;0.0;0.0;0.0;0.0;0.0;0.0;0.0;0.0;0.0;0.0;0.0;0.0;2.0;0.0;0.0;0.0;0.0;0.0;0.0;0.0;0.0;0.0;0.0;0.0;0.0;0.0
Crateús;IRAPUA;-5.14675;-40.412777777778;2022;9;3.0;0.0;0.0;1.0;0.0;0.0;0.0;0.0;0.0;2.0;0.0;0.0;0.0;0.0;0.0;0.0;0.0;0.0;0.0;0.0;0.0;0.0;0.0;0.0;0.0;0.0;0.0;0.0;0.0;0.0;0.0;888.0
Crateús;IRAPUA;-5.14675;-40.412777777778;2022;10;1.0;0.0;0.0;0.0;0.0;0.0;0.0;0.0;0.0;0.0;0.0;0.0;0.0;0.0;0.0;0.0;0.0;0.0;0.0;0.0;0.0;0.0;0.0;0.0;0.0;0.0;1.0;0.0;0.0;0.0;0.0;0.0
Crateús;IRAPUA;-5.14675;-40.412777777778;2022;11;108.4;0.0;0.0;0.0;39.0;18.0;5.2;14.6;2.0;0.0;0.0;0.0;0.0;0.0;0.0;0.0;0.0;0.0;0.0;0.0;0.0;0.0;0.0;0.0;0.0;0.0;0.0;0.0;0.0;26.0;3.6;888.0
Crateús;IRAPUA;-5.14675;-40.412777777778;2022;12;42.7;2.0;0.0;0.0;0.0;0.0;0.0;0.0;0.0;0.0;0.0;0.0;0.0;0.0;0.0;0.0;0.0;0.0;0.0;0.0;0.0;0.0;0.0;4.0;31.5;5.2;0.0;0.0;0.0;0.0;0.0;0.0
Crateús;IRAPUA;-5.14675;-40.412777777778;2023;1;168.8;0.0;0.0;4.0;0.0;0.0;0.0;0.0;0.0;0.0;0.0;0.0;0.0;0.0;0.0;0.0;91.0;30.6;0.0;15.0;26.2;0.0;0.0;0.0;0.0;0.0;0.0;0.0;0.0;0.0;0.0;2.0
Crateús;IRAPUA;-5.14675;-40.412777777778;2023;2;102.4;0.0;0.0;1.0;0.0;0.0;2.0;30.8;0.0;0.0;0.0;0.0;0.0;0.0;1.0;0.0;0.0;0.0;2.4;5.4;3.8;3.4;0.0;25.2;16.0;3.6;0.0;7.8;0.0;888.0;888.0;888.0
Crateús;IRAPUA;-5.14675;-40.412777777778;2023;3;235.3;0.0;0.0;5.2;3.6;0.0;0.0;0.0;0.0;0.0;5.2;0.0;0.0;3.6;0.0;31.0;2.0;97.0;0.0;7.6;13.0;15.0;0.0;0.0;0.0;0.0;0.0;14.0;19.5;7.0;6.2;5.4
Crateús;IRAPUA;-5.14675;-40.412777777778;2023;4;196.5;0.0;30.0;6.5;39.0;0.0;4.5;0.0;2.0;4.0;0.0;0.0;0.0;1.0;0.0;0.0;0.0;4.2;11.0;18.0;0.0;9.0;0.0;0.0;0.0;6.5;2.0;12.0;34.6;4.8;7.4;888.0
Crateús;IRAPUA;-5.14675;-40.412777777778;2023;5;15.6;0.0;0.0;0.0;1.2;0.0;0.0;0.0;5.2;0.0;0.0;0.0;0.0;0.0;0.0;0.0;0.0;3.2;0.0;4.0;2.0;0.0;0.0;0.0;0.0;0.0;0.0;0.0;0.0;0.0;0.0;0.0
Crateús;IRAPUA;-5.14675;-40.412777777778;2023;6;26.2;0.0;0.0;0.0;3.0;0.0;0.0;0.0;2.0;4.5;0.0;0.0;0.0;0.0;0.0;5.0;6.2;0.0;0.0;0.0;0.0;0.0;0.0;0.0;2.9;0.0;0.0;0.0;0.0;0.0;2.6;888.0
Crateús;IRAPUA;-5.14675;-40.412777777778;2023;7;4.8;0.0;0.0;0.0;0.0;0.0;0.0;2.0;2.8;0.0;0.0;0.0;0.0;0.0;0.0;0.0;0.0;0.0;0.0;0.0;0.0;0.0;0.0;0.0;0.0;0.0;0.0;0.0;0.0;0.0;0.0;0.0
Crateús;IRAPUA;-5.14675;-40.412777777778;2023;8;3.2;0.0;0.0;0.0;3.2;0.0;0.0;0.0;0.0;0.0;0.0;0.0;0.0;0.0;0.0;0.0;0.0;0.0;0.0;0.0;0.0;0.0;0.0;0.0;0.0;0.0;0.0;0.0;0.0;0.0;0.0;0.0
Crateús;IRAPUA;-5.14675;-40.412777777778;2023;9;0.0;0.0;0.0;0.0;0.0;0.0;0.0;0.0;0.0;0.0;0.0;0.0;0.0;0.0;0.0;0.0;0.0;0.0;0.0;0.0;0.0;0.0;0.0;0.0;0.0;0.0;0.0;0.0;0.0;0.0;0.0;888.0
Crateús;IRAPUA;-5.14675;-40.412777777778;2023;10;0.0;0.0;0.0;0.0;0.0;0.0;0.0;0.0;0.0;0.0;0.0;0.0;0.0;0.0;0.0;0.0;0.0;0.0;0.0;0.0;0.0;0.0;0.0;0.0;0.0;0.0;0.0;0.0;0.0;0.0;0.0;0.0
Crateús;IRAPUA;-5.14675;-40.412777777778;2023;11;6.4;0.0;0.0;0.0;0.0;0.0;0.0;0.0;0.0;0.0;0.0;0.0;0.0;0.0;0.0;0.0;0.0;0.0;0.0;0.0;0.0;0.0;0.0;0.0;0.0;0.0;0.0;0.0;6.4;0.0;0.0;888.0
Crateús;IRAPUA;-5.14675;-40.412777777778;2023;12;27.2;0.0;0.0;0.0;0.0;0.0;0.0;0.0;0.0;0.0;0.0;0.0;0.0;0.0;0.0;0.0;0.0;6.4;11.0;0.0;5.8;4.0;0.0;0.0;0.0;0.0;0.0;0.0;0.0;0.0;0.0;0.0
Crateús;IRAPUA;-5.14675;-40.412777777778;2024;1;53.2;17.0;5.8;0.0;6.0;0.0;0.0;0.0;0.0;0.0;0.0;0.0;2.0;11.4;11.0;0.0;0.0;0.0;0.0;0.0;0.0;0.0;0.0;0.0;0.0;0.0;0.0;0.0;0.0;0.0;0.0;0.0
Crateús;IRAPUA;-5.14675;-40.412777777778;2024;2;216.3;0.0;0.0;30.0;0.0;0.0;0.0;0.0;0.0;0.0;0.0;8.5;0.0;0.0;35.0;0.0;16.0;0.0;0.0;36.0;10.6;11.0;6.0;10.4;21.8;0.0;3.6;7.0;20.4;0.0;888.0;888.0
Crateús;IRAPUA;-5.14675;-40.412777777778;2024;3;246.4;19.0;13.0;8.5;12.0;0.0;0.0;0.0;0.0;0.0;0.0;0.0;5.6;46.5;4.0;13.0;7.0;2.0;10.0;0.0;0.0;5.0;0.0;0.0;11.0;35.0;0.0;1.0;0.0;19.0;26.2;8.6
Crateús;IRAPUA;-5.14675;-40.412777777778;2024;4;134.3;2.8;16.0;0.0;0.0;27.0;0.0;5.0;6.8;10.0;0.0;29.5;9.0;0.0;0.0;3.0;0.0;0.0;0.0;0.0;4.0;14.6;3.6;3.0;0.0;0.0;0.0;0.0;0.0;0.0;0.0;888.0
Crateús;IRAPUA;-5.14675;-40.412777777778;2024;5;46.6;0.0;0.0;0.0;0.0;0.0;0.0;0.0;16.0;0.0;2.0;0.0;0.0;0.0;0.0;0.0;0.0;0.0;4.6;0.0;0.0;10.0;0.0;0.0;0.0;0.0;2.0;7.0;0.0;0.0;5.0;0.0
Crateús;IRAPUA;-5.14675;-40.412777777778;2024;6;40.3;3.6;2.0;0.0;0.0;0.0;0.0;8.0;0.0;0.0;0.0;0.0;0.0;0.0;0.0;0.0;0.0;6.0;0.0;0.0;4.0;7.6;3.5;0.0;5.6;0.0;0.0;0.0;0.0;0.0;0.0;888.0
Crateús;IRAPUA;-5.14675;-40.412777777778;2024;7;9.5;0.0;0.0;0.0;0.0;0.0;0.0;5.0;4.5;0.0;0.0;0.0;0.0;0.0;0.0;0.0;0.0;0.0;0.0;0.0;0.0;0.0;0.0;0.0;0.0;0.0;0.0;0.0;0.0;0.0;0.0;0.0
Crateús;IRAPUA;-5.14675;-40.412777777778;2024;8;0.0;0.0;0.0;0.0;0.0;0.0;0.0;0.0;0.0;0.0;0.0;0.0;0.0;0.0;0.0;0.0;0.0;0.0;0.0;0.0;0.0;0.0;0.0;0.0;0.0;0.0;0.0;0.0;0.0;0.0;0.0;0.0
Crateús;IRAPUA;-5.14675;-40.412777777778;2024;9;0.0;0.0;0.0;0.0;0.0;0.0;0.0;0.0;0.0;0.0;0.0;0.0;0.0;0.0;0.0;0.0;0.0;0.0;0.0;0.0;0.0;0.0;0.0;0.0;0.0;0.0;0.0;0.0;0.0;0.0;0.0;888.0
Crateús;IRAPUA;-5.14675;-40.412777777778;2024;10;0.0;0.0;0.0;0.0;0.0;0.0;0.0;0.0;0.0;0.0;0.0;0.0;0.0;0.0;0.0;0.0;0.0;0.0;0.0;0.0;0.0;0.0;0.0;0.0;999.0;999.0;999.0;999.0;999.0;999.0;999.0;999.0
