Municipios;Postos;Latitude;Longitude;Anos;Meses;Total;Dia1;Dia2;Dia3;Dia4;Dia5;Dia6;Dia7;Dia8;Dia9;Dia10;Dia11;Dia12;Dia13;Dia14;Dia15;Dia16;Dia17;Dia18;Dia19;Dia20;Dia21;Dia22;Dia23;Dia24;Dia25;Dia26;Dia27;Dia28;Dia29;Dia30;Dia31
São Gonçalo do Amarante;CROATA;-3.6752777777778;-39.118888888889;1974;1;252.0;0.0;0.0;0.0;0.0;0.0;0.0;0.0;0.0;0.0;0.0;47.0;0.0;0.0;0.0;27.0;0.0;42.0;0.0;0.0;0.0;22.0;0.0;0.0;0.0;0.0;0.0;0.0;114.0;0.0;0.0;0.0
São Gonçalo do Amarante;CROATA;-3.6752777777778;-39.118888888889;1974;2;128.0;35.0;0.0;0.0;0.0;0.0;0.0;45.0;0.0;0.0;0.0;0.0;0.0;0.0;0.0;0.0;0.0;0.0;28.0;0.0;20.0;0.0;0.0;0.0;0.0;0.0;0.0;0.0;0.0;888.0;888.0;888.0
São Gonçalo do Amarante;CROATA;-3.6752777777778;-39.118888888889;1974;3;304.0;0.0;75.0;0.0;0.0;0.0;0.0;0.0;37.0;5.0;0.0;0.0;80.0;0.0;32.0;0.0;0.0;15.0;0.0;0.0;5.0;0.0;0.0;0.0;0.0;13.0;0.0;0.0;42.0;0.0;0.0;0.0
São Gonçalo do Amarante;CROATA;-3.6752777777778;-39.118888888889;1974;4;510.0;0.0;0.0;0.0;0.0;0.0;0.0;25.0;0.0;130.0;77.0;0.0;0.0;0.0;0.0;87.0;0.0;0.0;0.0;10.0;20.0;10.0;0.0;0.0;0.0;62.0;50.0;12.0;15.0;12.0;0.0;888.0
São Gonçalo do Amarante;CROATA;-3.6752777777778;-39.118888888889;1974;5;494.0;110.0;50.0;0.0;75.0;0.0;0.0;17.0;0.0;0.0;0.0;0.0;41.0;0.0;11.0;0.0;0.0;0.0;0.0;22.0;0.0;27.0;0.0;17.0;20.0;25.0;20.0;42.0;17.0;0.0;0.0;0.0
São Gonçalo do Amarante;CROATA;-3.6752777777778;-39.118888888889;1974;6;133.0;0.0;22.0;0.0;0.0;0.0;0.0;0.0;0.0;0.0;0.0;0.0;35.0;0.0;12.0;17.0;0.0;0.0;15.0;12.0;12.0;0.0;8.0;0.0;0.0;0.0;0.0;0.0;0.0;0.0;0.0;888.0
São Gonçalo do Amarante;CROATA;-3.6752777777778;-39.118888888889;1974;7;0.0;0.0;0.0;0.0;0.0;0.0;0.0;0.0;0.0;0.0;0.0;0.0;0.0;0.0;0.0;0.0;0.0;0.0;0.0;0.0;0.0;0.0;0.0;0.0;0.0;0.0;0.0;0.0;0.0;0.0;0.0;0.0
São Gonçalo do Amarante;CROATA;-3.6752777777778;-39.118888888889;1974;8;0.0;0.0;0.0;0.0;0.0;0.0;0.0;0.0;0.0;0.0;0.0;0.0;0.0;0.0;0.0;0.0;0.0;0.0;0.0;0.0;0.0;0.0;0.0;0.0;0.0;0.0;0.0;0.0;0.0;0.0;0.0;0.0
São Gonçalo do Amarante;CROATA;-3.6752777777778;-39.118888888889;1974;9;0.0;0.0;0.0;0.0;0.0;0.0;0.0;0.0;0.0;0.0;0.0;0.0;0.0;0.0;0.0;0.0;0.0;0.0;0.0;0.0;0.0;0.0;0.0;0.0;0.0;0.0;0.0;0.0;0.0;0.0;0.0;888.0
São Gonçalo do Amarante;CROATA;-3.6752777777778;-39.118888888889;1974;10;0.0;0.0;0.0;0.0;0.0;0.0;0.0;0.0;0.0;0.0;0.0;0.0;0.0;0.0;0.0;0.0;0.0;0.0;0.0;0.0;0.0;0.0;0.0;0.0;0.0;0.0;0.0;0.0;0.0;0.0;0.0;0.0
São Gonçalo do Amarante;CROATA;-3.6752777777778;-39.118888888889;1974;11;0.0;0.0;0.0;0.0;0.0;0.0;0.0;0.0;0.0;0.0;0.0;0.0;0.0;0.0;0.0;0.0;0.0;0.0;0.0;0.0;0.0;0.0;0.0;0.0;0.0;0.0;0.0;0.0;0.0;0.0;0.0;888.0
São Gonçalo do Amarante;CROATA;-3.6752777777778;-39.118888888889;1974;12;0.0;0.0;0.0;0.0;0.0;0.0;0.0;0.0;0.0;0.0;0.0;0.0;0.0;0.0;0.0;0.0;0.0;0.0;0.0;0.0;0.0;0.0;0.0;0.0;0.0;0.0;0.0;0.0;0.0;0.0;0.0;0.0
São Gonçalo do Amarante;CROATA;-3.6752777777778;-39.118888888889;1975;1;40.0;0.0;0.0;0.0;17.0;0.0;0.0;0.0;0.0;0.0;0.0;0.0;0.0;0.0;0.0;0.0;0.0;0.0;0.0;0.0;0.0;0.0;0.0;23.0;0.0;0.0;0.0;0.0;0.0;0.0;0.0;0.0
São Gonçalo do Amarante;CROATA;-3.6752777777778;-39.118888888889;1975;2;169.0;0.0;0.0;27.0;0.0;0.0;0.0;30.0;0.0;0.0;0.0;0.0;0.0;0.0;0.0;0.0;37.0;31.0;0.0;22.0;0.0;0.0;0.0;22.0;0.0;0.0;0.0;0.0;0.0;888.0;888.0;888.0
São Gonçalo do Amarante;CROATA;-3.6752777777778;-39.118888888889;1975;3;280.0;38.0;23.0;0.0;0.0;0.0;0.0;17.0;0.0;0.0;0.0;35.0;21.0;51.0;0.0;0.0;22.0;0.0;0.0;0.0;26.0;0.0;32.0;15.0;0.0;0.0;0.0;0.0;0.0;0.0;0.0;0.0
São Gonçalo do Amarante;CROATA;-3.6752777777778;-39.118888888889;1975;4;214.0;0.0;0.0;20.0;21.0;0.0;0.0;0.0;0.0;0.0;0.0;0.0;0.0;22.0;0.0;12.0;0.0;0.0;0.0;15.0;0.0;17.0;41.0;37.0;17.0;12.0;0.0;0.0;0.0;0.0;0.0;888.0
São Gonçalo do Amarante;CROATA;-3.6752777777778;-39.118888888889;1975;5;239.0;0.0;0.0;21.0;66.0;0.0;0.0;0.0;0.0;0.0;12.0;0.0;0.0;0.0;0.0;28.0;31.0;38.0;0.0;0.0;21.0;0.0;0.0;0.0;0.0;0.0;22.0;0.0;0.0;0.0;0.0;0.0
São Gonçalo do Amarante;CROATA;-3.6752777777778;-39.118888888889;1975;6;0.0;0.0;0.0;0.0;0.0;0.0;0.0;0.0;0.0;0.0;0.0;0.0;0.0;0.0;0.0;0.0;0.0;0.0;0.0;0.0;0.0;0.0;0.0;0.0;0.0;0.0;0.0;0.0;0.0;0.0;0.0;888.0
São Gonçalo do Amarante;CROATA;-3.6752777777778;-39.118888888889;1975;7;0.0;0.0;0.0;0.0;0.0;0.0;0.0;0.0;0.0;0.0;0.0;0.0;0.0;0.0;0.0;0.0;0.0;0.0;0.0;0.0;0.0;0.0;0.0;0.0;0.0;0.0;0.0;0.0;0.0;0.0;0.0;0.0
São Gonçalo do Amarante;CROATA;-3.6752777777778;-39.118888888889;1975;8;0.0;0.0;0.0;0.0;0.0;0.0;0.0;0.0;0.0;0.0;0.0;0.0;0.0;0.0;0.0;0.0;0.0;0.0;0.0;0.0;0.0;0.0;0.0;0.0;0.0;0.0;0.0;0.0;0.0;0.0;0.0;0.0
São Gonçalo do Amarante;CROATA;-3.6752777777778;-39.118888888889;1975;9;0.0;0.0;0.0;0.0;0.0;0.0;0.0;0.0;0.0;0.0;0.0;0.0;0.0;0.0;0.0;0.0;0.0;0.0;0.0;0.0;0.0;0.0;0.0;0.0;0.0;0.0;0.0;0.0;0.0;0.0;0.0;888.0
São Gonçalo do Amarante;CROATA;-3.6752777777778;-39.118888888889;1975;10;0.0;0.0;0.0;0.0;0.0;0.0;0.0;0.0;0.0;0.0;0.0;0.0;0.0;0.0;0.0;0.0;0.0;0.0;0.0;0.0;0.0;0.0;0.0;0.0;0.0;0.0;0.0;0.0;0.0;0.0;0.0;0.0
São Gonçalo do Amarante;CROATA;-3.6752777777778;-39.118888888889;1975;11;0.0;0.0;0.0;0.0;0.0;0.0;0.0;0.0;0.0;0.0;0.0;0.0;0.0;0.0;0.0;0.0;0.0;0.0;0.0;0.0;0.0;0.0;0.0;0.0;0.0;0.0;0.0;0.0;0.0;0.0;0.0;888.0
São Gonçalo do Amarante;CROATA;-3.6752777777778;-39.118888888889;1975;12;42.0;0.0;0.0;0.0;0.0;32.0;0.0;10.0;0.0;0.0;0.0;0.0;0.0;0.0;0.0;0.0;0.0;0.0;0.0;0.0;0.0;0.0;0.0;0.0;0.0;0.0;0.0;0.0;0.0;0.0;0.0;0.0
São Gonçalo do Amarante;CROATA;-3.6752777777778;-39.118888888889;1976;1;64.0;0.0;17.0;0.0;0.0;0.0;0.0;0.0;0.0;0.0;0.0;0.0;0.0;0.0;0.0;0.0;0.0;0.0;0.0;0.0;0.0;0.0;0.0;0.0;0.0;0.0;0.0;35.0;0.0;0.0;12.0;0.0
São Gonçalo do Amarante;CROATA;-3.6752777777778;-39.118888888889;1976;2;229.0;0.0;0.0;0.0;0.0;0.0;0.0;0.0;0.0;0.0;0.0;27.0;0.0;11.0;0.0;0.0;0.0;53.0;0.0;0.0;37.0;39.0;62.0;0.0;0.0;0.0;0.0;0.0;0.0;0.0;888.0;888.0
São Gonçalo do Amarante;CROATA;-3.6752777777778;-39.118888888889;1976;3;155.0;0.0;0.0;0.0;45.0;0.0;0.0;0.0;0.0;0.0;0.0;0.0;0.0;0.0;25.0;65.0;0.0;0.0;0.0;0.0;20.0;0.0;0.0;0.0;0.0;0.0;0.0;0.0;0.0;0.0;0.0;0.0
São Gonçalo do Amarante;CROATA;-3.6752777777778;-39.118888888889;1976;4;227.0;0.0;0.0;0.0;0.0;0.0;0.0;0.0;75.0;0.0;0.0;15.0;0.0;0.0;30.0;0.0;0.0;0.0;0.0;0.0;12.0;0.0;32.0;20.0;43.0;0.0;0.0;0.0;0.0;0.0;0.0;888.0
São Gonçalo do Amarante;CROATA;-3.6752777777778;-39.118888888889;1976;6;3.0;0.0;0.0;0.0;0.0;0.0;0.0;0.0;0.0;0.0;0.0;0.0;0.0;0.0;0.0;0.0;0.0;0.0;0.0;3.0;0.0;0.0;0.0;0.0;0.0;0.0;0.0;0.0;0.0;0.0;0.0;888.0
São Gonçalo do Amarante;CROATA;-3.6752777777778;-39.118888888889;1976;7;0.0;0.0;0.0;0.0;0.0;0.0;0.0;0.0;0.0;0.0;0.0;0.0;0.0;0.0;0.0;0.0;0.0;0.0;0.0;0.0;0.0;0.0;0.0;0.0;0.0;0.0;0.0;0.0;0.0;0.0;0.0;0.0
São Gonçalo do Amarante;CROATA;-3.6752777777778;-39.118888888889;1976;8;0.0;0.0;0.0;0.0;0.0;0.0;0.0;0.0;0.0;0.0;0.0;0.0;0.0;0.0;0.0;0.0;0.0;0.0;0.0;0.0;0.0;0.0;0.0;0.0;0.0;0.0;0.0;0.0;0.0;0.0;0.0;0.0
São Gonçalo do Amarante;CROATA;-3.6752777777778;-39.118888888889;1976;9;0.0;0.0;0.0;0.0;0.0;0.0;0.0;0.0;0.0;0.0;0.0;0.0;0.0;0.0;0.0;0.0;0.0;0.0;0.0;0.0;0.0;0.0;0.0;0.0;0.0;0.0;0.0;0.0;0.0;0.0;0.0;888.0
São Gonçalo do Amarante;CROATA;-3.6752777777778;-39.118888888889;1976;10;0.0;0.0;0.0;0.0;0.0;0.0;0.0;0.0;0.0;0.0;0.0;0.0;0.0;0.0;0.0;0.0;0.0;0.0;0.0;0.0;0.0;0.0;0.0;0.0;0.0;0.0;0.0;0.0;0.0;0.0;0.0;0.0
São Gonçalo do Amarante;CROATA;-3.6752777777778;-39.118888888889;1976;11;21.0;0.0;0.0;0.0;0.0;0.0;0.0;0.0;0.0;0.0;0.0;0.0;0.0;0.0;0.0;0.0;0.0;0.0;0.0;0.0;0.0;21.0;0.0;0.0;0.0;0.0;0.0;0.0;0.0;0.0;0.0;888.0
São Gonçalo do Amarante;CROATA;-3.6752777777778;-39.118888888889;1976;12;0.0;0.0;0.0;0.0;0.0;0.0;0.0;0.0;0.0;0.0;0.0;0.0;0.0;0.0;0.0;0.0;0.0;0.0;0.0;0.0;0.0;0.0;0.0;0.0;0.0;0.0;0.0;0.0;0.0;0.0;0.0;0.0
São Gonçalo do Amarante;CROATA;-3.6752777777778;-39.118888888889;1977;1;122.0;0.0;0.0;0.0;0.0;0.0;0.0;0.0;0.0;0.0;5.0;0.0;0.0;0.0;0.0;0.0;0.0;0.0;11.0;0.0;0.0;16.0;41.0;0.0;0.0;0.0;4.0;45.0;0.0;0.0;0.0;0.0
São Gonçalo do Amarante;CROATA;-3.6752777777778;-39.118888888889;1977;2;122.0;0.0;0.0;0.0;2.0;0.0;0.0;7.0;14.0;0.0;15.0;29.0;0.0;0.0;0.0;0.0;0.0;0.0;0.0;0.0;0.0;46.0;0.0;2.0;7.0;0.0;0.0;0.0;0.0;888.0;888.0;888.0
São Gonçalo do Amarante;CROATA;-3.6752777777778;-39.118888888889;1977;3;209.5;0.0;0.0;0.0;7.0;8.0;0.0;0.0;4.5;0.0;18.0;22.0;43.5;13.0;0.0;6.0;4.5;6.0;3.0;2.0;0.0;0.0;7.0;2.0;0.0;14.0;13.0;9.0;0.0;6.0;8.0;13.0
São Gonçalo do Amarante;CROATA;-3.6752777777778;-39.118888888889;1977;4;160.5;17.0;0.0;10.5;23.5;0.0;4.5;0.0;17.0;13.0;0.0;0.0;0.0;0.0;0.0;5.0;5.0;0.0;0.0;0.0;5.0;0.0;6.0;19.0;0.0;3.0;0.0;0.0;17.0;0.0;15.0;888.0
São Gonçalo do Amarante;CROATA;-3.6752777777778;-39.118888888889;1977;5;139.0;0.0;0.0;4.0;14.0;0.0;8.0;0.0;0.0;0.0;0.0;0.0;0.0;21.0;3.0;31.0;25.0;0.0;0.0;0.0;0.0;22.0;0.0;5.0;0.0;0.0;0.0;0.0;0.0;0.0;0.0;6.0
São Gonçalo do Amarante;CROATA;-3.6752777777778;-39.118888888889;1977;6;157.0;22.0;18.0;20.0;0.0;0.0;0.0;20.0;17.0;0.0;8.0;3.0;11.0;0.0;0.0;3.0;4.0;0.0;10.0;0.0;11.0;0.0;0.0;4.0;0.0;6.0;0.0;0.0;0.0;0.0;0.0;888.0
São Gonçalo do Amarante;CROATA;-3.6752777777778;-39.118888888889;1977;7;14.0;0.0;0.0;5.0;0.0;0.0;0.0;2.0;0.0;0.0;0.0;4.0;0.0;0.0;1.0;0.0;0.0;2.0;0.0;0.0;0.0;0.0;0.0;0.0;0.0;0.0;0.0;0.0;0.0;0.0;0.0;0.0
São Gonçalo do Amarante;CROATA;-3.6752777777778;-39.118888888889;1977;8;0.0;0.0;0.0;0.0;0.0;0.0;0.0;0.0;0.0;0.0;0.0;0.0;0.0;0.0;0.0;0.0;0.0;0.0;0.0;0.0;0.0;0.0;0.0;0.0;0.0;0.0;0.0;0.0;0.0;0.0;0.0;0.0
São Gonçalo do Amarante;CROATA;-3.6752777777778;-39.118888888889;1977;9;0.0;0.0;0.0;0.0;0.0;0.0;0.0;0.0;0.0;0.0;0.0;0.0;0.0;0.0;0.0;0.0;0.0;0.0;0.0;0.0;0.0;0.0;0.0;0.0;0.0;0.0;0.0;0.0;0.0;0.0;0.0;888.0
São Gonçalo do Amarante;CROATA;-3.6752777777778;-39.118888888889;1977;10;0.0;0.0;0.0;0.0;0.0;0.0;0.0;0.0;0.0;0.0;0.0;0.0;0.0;0.0;0.0;0.0;0.0;0.0;0.0;0.0;0.0;0.0;0.0;0.0;0.0;0.0;0.0;0.0;0.0;0.0;0.0;0.0
São Gonçalo do Amarante;CROATA;-3.6752777777778;-39.118888888889;1978;1;27.0;0.0;0.0;0.0;0.0;0.0;0.0;0.0;0.0;0.0;0.0;0.0;0.0;4.0;0.0;0.0;0.0;0.0;0.0;0.0;0.0;0.0;23.0;0.0;0.0;0.0;0.0;0.0;0.0;0.0;0.0;0.0
São Gonçalo do Amarante;CROATA;-3.6752777777778;-39.118888888889;1978;2;50.0;0.0;0.0;0.0;0.0;0.0;0.0;0.0;0.0;0.0;0.0;0.0;0.0;0.0;0.0;0.0;10.0;0.0;0.0;0.0;0.0;8.0;0.0;0.0;0.0;0.0;0.0;0.0;32.0;888.0;888.0;888.0
São Gonçalo do Amarante;CROATA;-3.6752777777778;-39.118888888889;1978;3;328.0;0.0;0.0;0.0;0.0;0.0;32.0;0.0;15.0;0.0;0.0;0.0;48.0;10.0;55.0;5.0;0.0;0.0;15.0;0.0;21.0;0.0;15.0;25.0;10.0;0.0;0.0;0.0;0.0;67.0;10.0;0.0
São Gonçalo do Amarante;CROATA;-3.6752777777778;-39.118888888889;1978;4;336.0;0.0;15.0;25.0;0.0;0.0;35.0;30.0;0.0;0.0;0.0;25.0;18.0;32.0;0.0;0.0;8.0;10.0;21.0;31.0;0.0;0.0;0.0;32.0;25.0;0.0;0.0;0.0;5.0;0.0;24.0;888.0
São Gonçalo do Amarante;CROATA;-3.6752777777778;-39.118888888889;1978;5;407.0;22.0;20.0;61.0;11.0;22.0;32.0;16.0;18.0;0.0;17.0;0.0;0.0;0.0;34.0;19.0;0.0;0.0;39.0;13.0;10.0;4.0;0.0;32.0;21.0;16.0;0.0;0.0;0.0;0.0;0.0;0.0
São Gonçalo do Amarante;CROATA;-3.6752777777778;-39.118888888889;1978;6;50.0;0.0;0.0;0.0;0.0;0.0;0.0;0.0;10.0;0.0;0.0;0.0;15.0;0.0;0.0;0.0;0.0;0.0;0.0;0.0;0.0;0.0;5.0;0.0;0.0;0.0;0.0;14.0;6.0;0.0;0.0;888.0
São Gonçalo do Amarante;CROATA;-3.6752777777778;-39.118888888889;1978;7;187.0;0.0;0.0;0.0;0.0;25.0;15.0;27.0;0.0;25.0;0.0;0.0;20.0;0.0;0.0;0.0;6.0;19.0;32.0;0.0;0.0;0.0;18.0;0.0;0.0;0.0;0.0;0.0;0.0;0.0;0.0;0.0
São Gonçalo do Amarante;CROATA;-3.6752777777778;-39.118888888889;1978;8;0.0;0.0;0.0;0.0;0.0;0.0;0.0;0.0;0.0;0.0;0.0;0.0;0.0;0.0;0.0;0.0;0.0;0.0;0.0;0.0;0.0;0.0;0.0;0.0;0.0;0.0;0.0;0.0;0.0;0.0;0.0;0.0
São Gonçalo do Amarante;CROATA;-3.6752777777778;-39.118888888889;1978;9;0.0;0.0;0.0;0.0;0.0;0.0;0.0;0.0;0.0;0.0;0.0;0.0;0.0;0.0;0.0;0.0;0.0;0.0;0.0;0.0;0.0;0.0;0.0;0.0;0.0;0.0;0.0;0.0;0.0;0.0;0.0;888.0
São Gonçalo do Amarante;CROATA;-3.6752777777778;-39.118888888889;1978;10;0.0;0.0;0.0;0.0;0.0;0.0;0.0;0.0;0.0;0.0;0.0;0.0;0.0;0.0;0.0;0.0;0.0;0.0;0.0;0.0;0.0;0.0;0.0;0.0;0.0;0.0;0.0;0.0;0.0;0.0;0.0;0.0
São Gonçalo do Amarante;CROATA;-3.6752777777778;-39.118888888889;1978;11;0.0;0.0;0.0;0.0;0.0;0.0;0.0;0.0;0.0;0.0;0.0;0.0;0.0;0.0;0.0;0.0;0.0;0.0;0.0;0.0;0.0;0.0;0.0;0.0;0.0;0.0;0.0;0.0;0.0;0.0;0.0;888.0
São Gonçalo do Amarante;CROATA;-3.6752777777778;-39.118888888889;1978;12;0.0;0.0;0.0;0.0;0.0;0.0;0.0;0.0;0.0;0.0;0.0;0.0;0.0;0.0;0.0;0.0;0.0;0.0;0.0;0.0;0.0;0.0;0.0;0.0;0.0;0.0;0.0;0.0;0.0;0.0;0.0;0.0
São Gonçalo do Amarante;CROATA;-3.6752777777778;-39.118888888889;1979;1;37.0;0.0;0.0;0.0;0.0;0.0;0.0;0.0;0.0;0.0;0.0;0.0;0.0;0.0;0.0;0.0;10.0;0.0;0.0;18.0;0.0;0.0;0.0;5.0;0.0;0.0;0.0;0.0;0.0;4.0;0.0;0.0
São Gonçalo do Amarante;CROATA;-3.6752777777778;-39.118888888889;1979;2;110.0;0.0;0.0;0.0;0.0;0.0;0.0;0.0;0.0;0.0;0.0;0.0;0.0;0.0;0.0;0.0;0.0;0.0;0.0;0.0;0.0;0.0;0.0;0.0;50.0;0.0;0.0;30.0;30.0;888.0;888.0;888.0
São Gonçalo do Amarante;CROATA;-3.6752777777778;-39.118888888889;1979;3;50.0;0.0;0.0;0.0;0.0;0.0;0.0;0.0;10.0;0.0;0.0;0.0;15.0;0.0;0.0;0.0;0.0;0.0;0.0;0.0;0.0;0.0;5.0;0.0;0.0;0.0;0.0;14.0;6.0;0.0;0.0;0.0
São Gonçalo do Amarante;CROATA;-3.6752777777778;-39.118888888889;1979;4;105.0;0.0;0.0;0.0;0.0;0.0;0.0;0.0;0.0;0.0;0.0;0.0;0.0;0.0;0.0;0.0;0.0;0.0;0.0;46.0;0.0;0.0;0.0;0.0;0.0;0.0;30.0;0.0;0.0;0.0;29.0;888.0
São Gonçalo do Amarante;CROATA;-3.6752777777778;-39.118888888889;1979;5;148.0;0.0;0.0;29.0;9.0;0.0;0.0;0.0;24.0;0.0;0.0;22.0;14.0;0.0;31.0;19.0;0.0;0.0;0.0;0.0;0.0;0.0;0.0;0.0;0.0;0.0;0.0;0.0;0.0;0.0;0.0;0.0
São Gonçalo do Amarante;CROATA;-3.6752777777778;-39.118888888889;1980;1;53.0;0.0;0.0;0.0;0.0;0.0;0.0;0.0;0.0;0.0;0.0;3.0;0.0;0.0;11.0;8.0;0.0;0.0;6.0;25.0;0.0;0.0;0.0;0.0;0.0;0.0;0.0;0.0;0.0;0.0;0.0;0.0
São Gonçalo do Amarante;CROATA;-3.6752777777778;-39.118888888889;1980;3;119.0;10.0;0.0;0.0;23.0;5.0;60.0;0.0;0.0;0.0;0.0;0.0;0.0;0.0;0.0;0.0;21.0;0.0;0.0;0.0;0.0;0.0;0.0;0.0;0.0;0.0;0.0;0.0;0.0;0.0;0.0;0.0
São Gonçalo do Amarante;CROATA;-3.6752777777778;-39.118888888889;1980;4;25.0;0.0;0.0;0.0;0.0;0.0;5.0;0.0;0.0;0.0;0.0;0.0;0.0;0.0;0.0;0.0;0.0;20.0;0.0;0.0;0.0;0.0;0.0;0.0;0.0;0.0;0.0;0.0;0.0;0.0;0.0;888.0
São Gonçalo do Amarante;CROATA;-3.6752777777778;-39.118888888889;1980;5;0.0;0.0;0.0;0.0;0.0;0.0;0.0;0.0;0.0;0.0;0.0;0.0;0.0;0.0;0.0;0.0;0.0;0.0;0.0;0.0;0.0;0.0;0.0;0.0;0.0;0.0;0.0;0.0;0.0;0.0;0.0;0.0
São Gonçalo do Amarante;CROATA;-3.6752777777778;-39.118888888889;1980;6;0.0;0.0;0.0;0.0;0.0;0.0;0.0;0.0;0.0;0.0;0.0;0.0;0.0;0.0;0.0;0.0;0.0;0.0;0.0;0.0;0.0;0.0;0.0;0.0;0.0;0.0;0.0;0.0;0.0;0.0;0.0;888.0
São Gonçalo do Amarante;CROATA;-3.6752777777778;-39.118888888889;1980;7;0.0;0.0;0.0;0.0;0.0;0.0;0.0;0.0;0.0;0.0;0.0;0.0;0.0;0.0;0.0;0.0;0.0;0.0;0.0;0.0;0.0;0.0;0.0;0.0;0.0;0.0;0.0;0.0;0.0;0.0;0.0;0.0
São Gonçalo do Amarante;CROATA;-3.6752777777778;-39.118888888889;1980;8;0.0;0.0;0.0;0.0;0.0;0.0;0.0;0.0;0.0;0.0;0.0;0.0;0.0;0.0;0.0;0.0;0.0;0.0;0.0;0.0;0.0;0.0;0.0;0.0;0.0;0.0;0.0;0.0;0.0;0.0;0.0;0.0
São Gonçalo do Amarante;CROATA;-3.6752777777778;-39.118888888889;1980;9;0.0;0.0;0.0;0.0;0.0;0.0;0.0;0.0;0.0;0.0;0.0;0.0;0.0;0.0;0.0;0.0;0.0;0.0;0.0;0.0;0.0;0.0;0.0;0.0;0.0;0.0;0.0;0.0;0.0;0.0;0.0;888.0
São Gonçalo do Amarante;CROATA;-3.6752777777778;-39.118888888889;1981;1;13.0;6.0;0.0;0.0;0.0;0.0;0.0;0.0;0.0;0.0;0.0;0.0;0.0;0.0;0.0;0.0;0.0;0.0;0.0;0.0;2.0;5.0;0.0;0.0;0.0;0.0;0.0;0.0;0.0;0.0;0.0;0.0
São Gonçalo do Amarante;CROATA;-3.6752777777778;-39.118888888889;1981;2;56.0;0.0;0.0;0.0;0.0;8.0;18.0;0.0;0.0;0.0;0.0;0.0;0.0;17.0;5.0;0.0;8.0;0.0;0.0;0.0;0.0;0.0;0.0;0.0;0.0;0.0;0.0;0.0;0.0;888.0;888.0;888.0
São Gonçalo do Amarante;CROATA;-3.6752777777778;-39.118888888889;1981;3;395.0;0.0;0.0;0.0;0.0;0.0;0.0;0.0;0.0;0.0;0.0;19.0;66.0;15.0;30.0;0.0;5.0;0.0;0.0;0.0;28.0;6.0;8.0;54.0;61.0;7.0;12.0;6.0;69.0;9.0;0.0;0.0
São Gonçalo do Amarante;CROATA;-3.6752777777778;-39.118888888889;1981;4;85.0;7.0;30.0;0.0;0.0;48.0;0.0;0.0;0.0;0.0;0.0;0.0;0.0;0.0;0.0;0.0;0.0;0.0;0.0;0.0;0.0;0.0;0.0;0.0;0.0;0.0;0.0;0.0;0.0;0.0;0.0;888.0
São Gonçalo do Amarante;CROATA;-3.6752777777778;-39.118888888889;1981;5;29.0;0.0;0.0;0.0;0.0;0.0;0.0;19.0;0.0;0.0;0.0;0.0;0.0;0.0;0.0;0.0;0.0;0.0;0.0;0.0;10.0;0.0;0.0;0.0;0.0;0.0;0.0;0.0;0.0;0.0;0.0;0.0
São Gonçalo do Amarante;CROATA;-3.6752777777778;-39.118888888889;1981;6;0.0;0.0;0.0;0.0;0.0;0.0;0.0;0.0;0.0;0.0;0.0;0.0;0.0;0.0;0.0;0.0;0.0;0.0;0.0;0.0;0.0;0.0;0.0;0.0;0.0;0.0;0.0;0.0;0.0;0.0;0.0;888.0
São Gonçalo do Amarante;CROATA;-3.6752777777778;-39.118888888889;1981;7;0.0;0.0;0.0;0.0;0.0;0.0;0.0;0.0;0.0;0.0;0.0;0.0;0.0;0.0;0.0;0.0;0.0;0.0;0.0;0.0;0.0;0.0;0.0;0.0;0.0;0.0;0.0;0.0;0.0;0.0;0.0;0.0
São Gonçalo do Amarante;CROATA;-3.6752777777778;-39.118888888889;1981;8;0.0;0.0;0.0;0.0;0.0;0.0;0.0;0.0;0.0;0.0;0.0;0.0;0.0;0.0;0.0;0.0;0.0;0.0;0.0;0.0;0.0;0.0;0.0;0.0;0.0;0.0;0.0;0.0;0.0;0.0;0.0;0.0
São Gonçalo do Amarante;CROATA;-3.6752777777778;-39.118888888889;1981;9;0.0;0.0;0.0;0.0;0.0;0.0;0.0;0.0;0.0;0.0;0.0;0.0;0.0;0.0;0.0;0.0;0.0;0.0;0.0;0.0;0.0;0.0;0.0;0.0;0.0;0.0;0.0;0.0;0.0;0.0;0.0;888.0
São Gonçalo do Amarante;CROATA;-3.6752777777778;-39.118888888889;1981;10;0.0;0.0;0.0;0.0;0.0;0.0;0.0;0.0;0.0;0.0;0.0;0.0;0.0;0.0;0.0;0.0;0.0;0.0;0.0;0.0;0.0;0.0;0.0;0.0;0.0;0.0;0.0;0.0;0.0;0.0;0.0;0.0
São Gonçalo do Amarante;CROATA;-3.6752777777778;-39.118888888889;1981;11;0.0;0.0;0.0;0.0;0.0;0.0;0.0;0.0;0.0;0.0;0.0;0.0;0.0;0.0;0.0;0.0;0.0;0.0;0.0;0.0;0.0;0.0;0.0;0.0;0.0;0.0;0.0;0.0;0.0;0.0;0.0;888.0
São Gonçalo do Amarante;CROATA;-3.6752777777778;-39.118888888889;1981;12;0.0;0.0;0.0;0.0;0.0;0.0;0.0;0.0;0.0;0.0;0.0;0.0;0.0;0.0;0.0;0.0;0.0;0.0;0.0;0.0;0.0;0.0;0.0;0.0;0.0;0.0;0.0;0.0;0.0;0.0;0.0;0.0
São Gonçalo do Amarante;CROATA;-3.6752777777778;-39.118888888889;1982;1;85.6;0.0;0.0;0.0;0.0;0.0;0.0;0.0;0.0;0.0;0.0;0.0;0.0;0.0;0.0;0.0;0.0;0.0;0.0;0.0;0.0;0.0;7.6;6.0;0.0;0.0;0.0;0.0;22.0;18.0;32.0;0.0
São Gonçalo do Amarante;CROATA;-3.6752777777778;-39.118888888889;1982;2;61.0;0.0;11.0;5.0;0.0;0.0;0.0;0.0;0.0;7.0;0.0;0.0;0.0;0.0;0.0;7.0;0.0;0.0;0.0;7.0;0.0;0.0;0.0;5.0;0.0;0.0;2.0;0.0;17.0;888.0;888.0;888.0
São Gonçalo do Amarante;CROATA;-3.6752777777778;-39.118888888889;1982;3;129.2;0.0;0.0;0.0;22.0;0.0;0.0;0.0;0.0;12.0;0.0;0.0;8.0;11.0;0.0;0.0;0.0;0.0;0.0;0.0;0.0;0.0;0.0;0.0;0.0;20.0;0.0;15.0;37.0;4.2;0.0;0.0
São Gonçalo do Amarante;CROATA;-3.6752777777778;-39.118888888889;1982;4;111.0;0.0;8.0;0.0;0.0;0.0;0.0;0.0;0.0;0.0;0.0;0.0;12.0;6.0;7.0;9.0;0.0;0.0;0.0;0.0;0.0;25.0;4.0;0.0;13.0;0.0;15.0;0.0;5.0;0.0;7.0;888.0
São Gonçalo do Amarante;CROATA;-3.6752777777778;-39.118888888889;1982;5;12.0;12.0;0.0;0.0;0.0;0.0;0.0;0.0;0.0;0.0;0.0;0.0;0.0;0.0;0.0;0.0;0.0;0.0;0.0;0.0;0.0;0.0;0.0;0.0;0.0;0.0;0.0;0.0;0.0;0.0;0.0;0.0
São Gonçalo do Amarante;CROATA;-3.6752777777778;-39.118888888889;1982;6;36.0;0.0;20.0;0.0;0.0;0.0;0.0;16.0;0.0;0.0;0.0;0.0;0.0;0.0;0.0;0.0;0.0;0.0;0.0;0.0;0.0;0.0;0.0;0.0;0.0;0.0;0.0;0.0;0.0;0.0;0.0;888.0
São Gonçalo do Amarante;CROATA;-3.6752777777778;-39.118888888889;1982;7;20.0;0.0;0.0;0.0;0.0;0.0;0.0;0.0;0.0;0.0;0.0;0.0;0.0;0.0;0.0;16.0;4.0;0.0;0.0;0.0;0.0;0.0;0.0;0.0;0.0;0.0;0.0;0.0;0.0;0.0;0.0;0.0
São Gonçalo do Amarante;CROATA;-3.6752777777778;-39.118888888889;1982;8;0.0;0.0;0.0;0.0;0.0;0.0;0.0;0.0;0.0;0.0;0.0;0.0;0.0;0.0;0.0;0.0;0.0;0.0;0.0;0.0;0.0;0.0;0.0;0.0;0.0;0.0;0.0;0.0;0.0;0.0;0.0;0.0
São Gonçalo do Amarante;CROATA;-3.6752777777778;-39.118888888889;1982;9;0.0;0.0;0.0;0.0;0.0;0.0;0.0;0.0;0.0;0.0;0.0;0.0;0.0;0.0;0.0;0.0;0.0;0.0;0.0;0.0;0.0;0.0;0.0;0.0;0.0;0.0;0.0;0.0;0.0;0.0;0.0;888.0
São Gonçalo do Amarante;CROATA;-3.6752777777778;-39.118888888889;1982;10;0.0;0.0;0.0;0.0;0.0;0.0;0.0;0.0;0.0;0.0;0.0;0.0;0.0;0.0;0.0;0.0;0.0;0.0;0.0;0.0;0.0;0.0;0.0;0.0;0.0;0.0;0.0;0.0;0.0;0.0;0.0;0.0
São Gonçalo do Amarante;CROATA;-3.6752777777778;-39.118888888889;1982;11;0.0;0.0;0.0;0.0;0.0;0.0;0.0;0.0;0.0;0.0;0.0;0.0;0.0;0.0;0.0;0.0;0.0;0.0;0.0;0.0;0.0;0.0;0.0;0.0;0.0;0.0;0.0;0.0;0.0;0.0;0.0;888.0
São Gonçalo do Amarante;CROATA;-3.6752777777778;-39.118888888889;1982;12;0.0;0.0;0.0;0.0;0.0;0.0;0.0;0.0;0.0;0.0;0.0;0.0;0.0;0.0;0.0;0.0;0.0;0.0;0.0;0.0;0.0;0.0;0.0;0.0;0.0;0.0;0.0;0.0;0.0;0.0;0.0;0.0
São Gonçalo do Amarante;CROATA;-3.6752777777778;-39.118888888889;1983;1;21.0;0.0;0.0;0.0;0.0;0.0;0.0;0.0;0.0;0.0;0.0;0.0;0.0;0.0;0.0;0.0;0.0;0.0;0.0;12.0;9.0;0.0;0.0;0.0;0.0;0.0;0.0;0.0;0.0;0.0;0.0;0.0
São Gonçalo do Amarante;CROATA;-3.6752777777778;-39.118888888889;1983;2;82.0;0.0;0.0;0.0;0.0;30.0;0.0;0.0;0.0;12.0;0.0;0.0;0.0;0.0;25.0;0.0;0.0;0.0;0.0;15.0;0.0;0.0;0.0;0.0;0.0;0.0;0.0;0.0;0.0;888.0;888.0;888.0
São Gonçalo do Amarante;CROATA;-3.6752777777778;-39.118888888889;1983;3;162.0;0.0;0.0;0.0;0.0;28.0;0.0;0.0;15.0;0.0;13.0;31.0;6.0;0.0;0.0;0.0;0.0;0.0;8.0;12.0;0.0;0.0;0.0;0.0;0.0;40.0;0.0;9.0;0.0;0.0;0.0;0.0
São Gonçalo do Amarante;CROATA;-3.6752777777778;-39.118888888889;1983;5;35.0;0.0;10.0;0.0;0.0;0.0;0.0;0.0;0.0;0.0;0.0;0.0;17.0;0.0;0.0;0.0;0.0;0.0;0.0;0.0;0.0;0.0;0.0;0.0;0.0;0.0;0.0;0.0;0.0;0.0;0.0;8.0
São Gonçalo do Amarante;CROATA;-3.6752777777778;-39.118888888889;1983;6;0.0;0.0;0.0;0.0;0.0;0.0;0.0;0.0;0.0;0.0;0.0;0.0;0.0;0.0;0.0;0.0;0.0;0.0;0.0;0.0;0.0;0.0;0.0;0.0;0.0;0.0;0.0;0.0;0.0;0.0;0.0;888.0
São Gonçalo do Amarante;CROATA;-3.6752777777778;-39.118888888889;1983;7;0.0;0.0;0.0;0.0;0.0;0.0;0.0;0.0;0.0;0.0;0.0;0.0;0.0;0.0;0.0;0.0;0.0;0.0;0.0;0.0;0.0;0.0;0.0;0.0;0.0;0.0;0.0;0.0;0.0;0.0;0.0;0.0
São Gonçalo do Amarante;CROATA;-3.6752777777778;-39.118888888889;1983;8;0.0;0.0;0.0;0.0;0.0;0.0;0.0;0.0;0.0;0.0;0.0;0.0;0.0;0.0;0.0;0.0;0.0;0.0;0.0;0.0;0.0;0.0;0.0;0.0;0.0;0.0;0.0;0.0;0.0;0.0;0.0;0.0
São Gonçalo do Amarante;CROATA;-3.6752777777778;-39.118888888889;1983;9;0.0;0.0;0.0;0.0;0.0;0.0;0.0;0.0;0.0;0.0;0.0;0.0;0.0;0.0;0.0;0.0;0.0;0.0;0.0;0.0;0.0;0.0;0.0;0.0;0.0;0.0;0.0;0.0;0.0;0.0;0.0;888.0
São Gonçalo do Amarante;CROATA;-3.6752777777778;-39.118888888889;1983;10;0.0;0.0;0.0;0.0;0.0;0.0;0.0;0.0;0.0;0.0;0.0;0.0;0.0;0.0;0.0;0.0;0.0;0.0;0.0;0.0;0.0;0.0;0.0;0.0;0.0;0.0;0.0;0.0;0.0;0.0;0.0;0.0
São Gonçalo do Amarante;CROATA;-3.6752777777778;-39.118888888889;1983;11;0.0;0.0;0.0;0.0;0.0;0.0;0.0;0.0;0.0;0.0;0.0;0.0;0.0;0.0;0.0;0.0;0.0;0.0;0.0;0.0;0.0;0.0;0.0;0.0;0.0;0.0;0.0;0.0;0.0;0.0;0.0;888.0
São Gonçalo do Amarante;CROATA;-3.6752777777778;-39.118888888889;1983;12;0.0;0.0;0.0;0.0;0.0;0.0;0.0;0.0;0.0;0.0;0.0;0.0;0.0;0.0;0.0;0.0;0.0;0.0;0.0;0.0;0.0;0.0;0.0;0.0;0.0;0.0;0.0;0.0;0.0;0.0;0.0;0.0
São Gonçalo do Amarante;CROATA;-3.6752777777778;-39.118888888889;1984;2;36.0;0.0;0.0;0.0;0.0;0.0;15.0;0.0;10.0;0.0;0.0;11.0;0.0;0.0;0.0;0.0;0.0;0.0;0.0;0.0;0.0;0.0;0.0;0.0;0.0;0.0;0.0;0.0;0.0;0.0;888.0;888.0
São Gonçalo do Amarante;CROATA;-3.6752777777778;-39.118888888889;1984;3;319.0;25.0;28.0;0.0;23.0;0.0;0.0;30.0;0.0;10.0;6.0;0.0;0.0;62.0;0.0;31.0;0.0;0.0;0.0;0.0;0.0;15.0;12.0;0.0;0.0;38.0;0.0;23.0;10.0;6.0;0.0;0.0
São Gonçalo do Amarante;CROATA;-3.6752777777778;-39.118888888889;1984;4;243.0;0.0;0.0;6.0;0.0;0.0;0.0;20.0;11.0;0.0;0.0;35.0;10.0;0.0;0.0;48.0;0.0;3.0;13.0;0.0;52.0;0.0;16.0;3.0;0.0;26.0;0.0;0.0;0.0;0.0;0.0;888.0
São Gonçalo do Amarante;CROATA;-3.6752777777778;-39.118888888889;1984;5;154.0;0.0;0.0;0.0;36.0;9.0;9.0;0.0;0.0;0.0;9.0;20.0;0.0;0.0;13.0;3.0;0.0;0.0;0.0;0.0;40.0;8.0;0.0;7.0;0.0;0.0;0.0;0.0;0.0;0.0;0.0;0.0
São Gonçalo do Amarante;CROATA;-3.6752777777778;-39.118888888889;1984;6;124.0;0.0;0.0;0.0;0.0;45.0;0.0;0.0;34.0;0.0;0.0;0.0;0.0;0.0;0.0;0.0;0.0;0.0;0.0;33.0;0.0;0.0;0.0;0.0;0.0;0.0;0.0;0.0;0.0;12.0;0.0;888.0
São Gonçalo do Amarante;CROATA;-3.6752777777778;-39.118888888889;1988;2;145.2;0.0;999.0;0.0;0.0;0.0;0.0;999.0;0.0;0.0;0.0;0.0;0.0;999.0;999.0;40.0;10.0;13.0;15.0;18.2;4.0;0.0;10.0;5.0;5.0;10.0;0.0;0.0;0.0;15.0;888.0;888.0
São Gonçalo do Amarante;CROATA;-3.6752777777778;-39.118888888889;1988;3;37.0;0.0;0.0;0.0;0.0;999.0;0.0;35.0;999.0;0.0;999.0;2.0;999.0;0.0;0.0;0.0;0.0;0.0;0.0;0.0;999.0;999.0;999.0;999.0;0.0;999.0;999.0;999.0;999.0;0.0;0.0;999.0
São Gonçalo do Amarante;CROATA;-3.6752777777778;-39.118888888889;1988;4;268.0;999.0;0.0;0.0;0.0;0.0;0.0;35.0;11.0;999.0;0.0;5.0;0.0;15.0;0.0;75.0;0.0;0.0;0.0;20.0;10.0;0.0;10.0;999.0;0.0;0.0;0.0;15.0;0.0;15.0;57.0;888.0
São Gonçalo do Amarante;CROATA;-3.6752777777778;-39.118888888889;1988;5;192.0;999.0;75.0;999.0;18.0;26.0;999.0;999.0;0.0;0.0;0.0;40.0;0.0;0.0;0.0;999.0;20.0;0.0;0.0;0.0;0.0;0.0;0.0;8.0;0.0;0.0;0.0;0.0;5.0;0.0;0.0;0.0
São Gonçalo do Amarante;CROATA;-3.6752777777778;-39.118888888889;1988;6;0.0;0.0;0.0;0.0;0.0;0.0;0.0;0.0;0.0;0.0;999.0;999.0;999.0;999.0;999.0;999.0;999.0;999.0;999.0;999.0;999.0;999.0;999.0;999.0;999.0;999.0;999.0;999.0;999.0;999.0;999.0;888.0
São Gonçalo do Amarante;CROATA;-3.6752777777778;-39.118888888889;1988;10;0.0;999.0;999.0;999.0;999.0;999.0;999.0;999.0;999.0;999.0;999.0;999.0;999.0;999.0;999.0;999.0;999.0;999.0;999.0;999.0;999.0;999.0;999.0;999.0;999.0;999.0;999.0;999.0;999.0;999.0;999.0;0.0
São Gonçalo do Amarante;CROATA;-3.6752777777778;-39.118888888889;1988;12;0.0;999.0;999.0;999.0;999.0;999.0;999.0;999.0;999.0;999.0;999.0;999.0;999.0;999.0;0.0;0.0;0.0;999.0;999.0;999.0;999.0;999.0;999.0;999.0;999.0;999.0;999.0;999.0;0.0;999.0;999.0;999.0
São Gonçalo do Amarante;CROATA;-3.6752777777778;-39.118888888889;1989;1;0.0;0.0;0.0;0.0;0.0;0.0;0.0;0.0;0.0;999.0;0.0;0.0;0.0;0.0;999.0;999.0;0.0;0.0;0.0;0.0;0.0;0.0;999.0;0.0;0.0;999.0;0.0;0.0;0.0;999.0;0.0;0.0
São Gonçalo do Amarante;CROATA;-3.6752777777778;-39.118888888889;1989;2;0.0;0.0;0.0;0.0;0.0;0.0;0.0;0.0;999.0;0.0;0.0;0.0;999.0;0.0;0.0;0.0;0.0;0.0;999.0;0.0;0.0;0.0;0.0;0.0;0.0;0.0;0.0;0.0;0.0;888.0;888.0;888.0
São Gonçalo do Amarante;CROATA;-3.6752777777778;-39.118888888889;1989;3;0.0;0.0;0.0;0.0;999.0;0.0;0.0;999.0;999.0;0.0;999.0;999.0;999.0;999.0;999.0;999.0;999.0;999.0;999.0;999.0;999.0;999.0;999.0;999.0;999.0;999.0;999.0;999.0;999.0;999.0;999.0;999.0
São Gonçalo do Amarante;CROATA;-3.6752777777778;-39.118888888889;1989;4;22.0;999.0;999.0;999.0;999.0;999.0;999.0;999.0;22.0;999.0;999.0;999.0;999.0;999.0;999.0;999.0;999.0;999.0;999.0;999.0;999.0;999.0;999.0;999.0;999.0;999.0;999.0;999.0;999.0;999.0;999.0;888.0
São Gonçalo do Amarante;CROATA;-3.6752777777778;-39.118888888889;1989;5;90.8;999.0;999.0;999.0;999.0;999.0;999.0;999.0;999.0;999.0;999.0;999.0;999.0;5.0;7.0;29.0;0.0;0.0;0.0;0.0;0.0;14.6;0.0;0.0;9.2;5.0;5.0;0.0;4.0;0.0;10.4;1.6
São Gonçalo do Amarante;CROATA;-3.6752777777778;-39.118888888889;1989;6;76.2;0.4;6.2;26.6;0.0;0.0;0.0;0.0;0.0;0.0;0.0;0.0;0.0;7.4;21.0;12.0;0.0;0.0;0.0;2.6;0.0;0.0;0.0;0.0;0.0;0.0;0.0;0.0;0.0;0.0;0.0;888.0
São Gonçalo do Amarante;CROATA;-3.6752777777778;-39.118888888889;1989;7;0.0;0.0;0.0;0.0;0.0;0.0;0.0;0.0;0.0;0.0;0.0;0.0;0.0;0.0;0.0;0.0;0.0;0.0;0.0;0.0;0.0;0.0;0.0;0.0;0.0;0.0;0.0;0.0;0.0;0.0;0.0;0.0
São Gonçalo do Amarante;CROATA;-3.6752777777778;-39.118888888889;1989;8;0.0;999.0;999.0;999.0;999.0;999.0;999.0;999.0;999.0;999.0;0.0;999.0;999.0;999.0;0.0;999.0;999.0;999.0;999.0;999.0;999.0;0.0;0.0;0.0;0.0;999.0;999.0;0.0;0.0;0.0;0.0;0.0
São Gonçalo do Amarante;CROATA;-3.6752777777778;-39.118888888889;1989;9;0.0;999.0;999.0;999.0;999.0;999.0;999.0;0.0;999.0;999.0;999.0;999.0;999.0;999.0;999.0;999.0;999.0;999.0;999.0;999.0;999.0;999.0;999.0;999.0;999.0;999.0;999.0;999.0;999.0;999.0;999.0;888.0
São Gonçalo do Amarante;CROATA;-3.6752777777778;-39.118888888889;1989;10;0.0;0.0;0.0;0.0;0.0;0.0;0.0;0.0;0.0;0.0;0.0;0.0;0.0;0.0;0.0;0.0;0.0;0.0;0.0;0.0;0.0;0.0;0.0;0.0;0.0;0.0;0.0;0.0;0.0;0.0;0.0;0.0
São Gonçalo do Amarante;CROATA;-3.6752777777778;-39.118888888889;1989;11;0.0;0.0;0.0;0.0;0.0;0.0;0.0;0.0;0.0;0.0;0.0;0.0;0.0;0.0;0.0;0.0;0.0;0.0;0.0;0.0;0.0;0.0;0.0;0.0;0.0;0.0;0.0;0.0;0.0;0.0;0.0;888.0
São Gonçalo do Amarante;CROATA;-3.6752777777778;-39.118888888889;1990;2;165.7;0.0;0.0;0.0;0.0;0.0;0.0;0.0;0.0;0.0;0.0;28.0;11.0;0.0;0.0;0.0;0.0;16.0;8.2;0.0;0.0;3.2;1.3;5.0;0.0;0.0;0.0;10.0;83.0;888.0;888.0;888.0
São Gonçalo do Amarante;CROATA;-3.6752777777778;-39.118888888889;1990;3;0.0;0.0;999.0;999.0;999.0;999.0;999.0;999.0;999.0;999.0;999.0;999.0;999.0;999.0;999.0;999.0;999.0;999.0;999.0;999.0;999.0;999.0;999.0;999.0;999.0;999.0;999.0;999.0;999.0;999.0;999.0;999.0
São Gonçalo do Amarante;CROATA;-3.6752777777778;-39.118888888889;1991;5;0.0;999.0;999.0;999.0;999.0;999.0;999.0;999.0;999.0;999.0;999.0;0.0;999.0;999.0;999.0;999.0;999.0;999.0;999.0;999.0;999.0;999.0;999.0;999.0;999.0;999.0;999.0;999.0;999.0;999.0;999.0;999.0
São Gonçalo do Amarante;CROATA;-3.6752777777778;-39.118888888889;1992;2;34.8;999.0;999.0;999.0;999.0;999.0;999.0;999.0;999.0;999.0;999.0;999.0;999.0;999.0;999.0;999.0;999.0;999.0;12.0;999.0;22.8;999.0;999.0;0.0;0.0;999.0;999.0;999.0;999.0;999.0;888.0;888.0
São Gonçalo do Amarante;CROATA;-3.6752777777778;-39.118888888889;1992;9;0.0;0.0;0.0;0.0;0.0;0.0;0.0;0.0;0.0;0.0;0.0;0.0;0.0;0.0;0.0;0.0;0.0;0.0;0.0;0.0;0.0;0.0;0.0;0.0;0.0;0.0;0.0;0.0;0.0;0.0;0.0;888.0
São Gonçalo do Amarante;CROATA;-3.6752777777778;-39.118888888889;1994;2;114.0;999.0;999.0;999.0;999.0;999.0;999.0;999.0;999.0;999.0;999.0;999.0;999.0;999.0;999.0;999.0;999.0;999.0;999.0;999.0;999.0;999.0;999.0;999.0;999.0;999.0;999.0;999.0;114.0;888.0;888.0;888.0
São Gonçalo do Amarante;CROATA;-3.6752777777778;-39.118888888889;1995;1;0.0;0.0;0.0;999.0;999.0;999.0;999.0;999.0;999.0;999.0;999.0;999.0;999.0;999.0;999.0;999.0;999.0;999.0;999.0;999.0;999.0;999.0;999.0;999.0;999.0;999.0;999.0;999.0;999.0;999.0;999.0;999.0
São Gonçalo do Amarante;CROATA;-3.6752777777778;-39.118888888889;1995;5;0.0;0.0;0.0;999.0;999.0;999.0;999.0;999.0;999.0;999.0;999.0;999.0;999.0;999.0;999.0;999.0;999.0;999.0;999.0;999.0;999.0;999.0;999.0;999.0;999.0;999.0;999.0;999.0;999.0;999.0;999.0;999.0
São Gonçalo do Amarante;CROATA;-3.6752777777778;-39.118888888889;1995;7;0.0;999.0;999.0;999.0;999.0;999.0;999.0;999.0;999.0;999.0;999.0;999.0;999.0;999.0;999.0;999.0;999.0;999.0;999.0;999.0;999.0;999.0;999.0;0.0;999.0;999.0;999.0;999.0;999.0;999.0;999.0;999.0
São Gonçalo do Amarante;CROATA;-3.6752777777778;-39.118888888889;1997;2;0.0;999.0;999.0;999.0;999.0;999.0;999.0;999.0;999.0;999.0;999.0;0.0;0.0;999.0;999.0;999.0;999.0;999.0;999.0;999.0;999.0;999.0;999.0;999.0;999.0;999.0;999.0;999.0;999.0;888.0;888.0;888.0
São Gonçalo do Amarante;CROATA;-3.6752777777778;-39.118888888889;1997;7;0.0;0.0;0.0;0.0;0.0;0.0;0.0;0.0;0.0;0.0;0.0;0.0;0.0;0.0;0.0;0.0;0.0;0.0;0.0;0.0;0.0;0.0;0.0;0.0;0.0;0.0;0.0;0.0;0.0;0.0;0.0;0.0
São Gonçalo do Amarante;CROATA;-3.6752777777778;-39.118888888889;1997;8;0.0;0.0;0.0;0.0;0.0;0.0;0.0;0.0;0.0;0.0;0.0;0.0;0.0;0.0;0.0;0.0;0.0;0.0;0.0;0.0;0.0;0.0;0.0;0.0;0.0;0.0;0.0;0.0;0.0;0.0;0.0;0.0
São Gonçalo do Amarante;CROATA;-3.6752777777778;-39.118888888889;1997;11;0.0;0.0;0.0;0.0;0.0;0.0;0.0;0.0;0.0;0.0;0.0;0.0;0.0;0.0;0.0;0.0;0.0;0.0;0.0;0.0;0.0;0.0;0.0;0.0;0.0;0.0;0.0;0.0;0.0;0.0;0.0;888.0
São Gonçalo do Amarante;CROATA;-3.6752777777778;-39.118888888889;1998;1;28.3;0.0;0.0;0.0;0.0;0.0;0.0;2.2;0.0;0.0;0.0;0.0;0.0;0.0;0.0;0.0;0.0;0.0;0.0;0.0;17.0;3.0;0.0;0.0;0.0;0.0;6.1;0.0;0.0;0.0;0.0;0.0
São Gonçalo do Amarante;CROATA;-3.6752777777778;-39.118888888889;1998;2;0.0;0.0;0.0;0.0;999.0;999.0;999.0;999.0;999.0;999.0;999.0;999.0;999.0;999.0;999.0;999.0;999.0;999.0;999.0;999.0;999.0;999.0;999.0;999.0;999.0;0.0;0.0;0.0;0.0;888.0;888.0;888.0
São Gonçalo do Amarante;CROATA;-3.6752777777778;-39.118888888889;1998;3;62.5;0.0;0.0;0.0;0.0;0.0;0.0;0.0;0.0;0.0;9.4;0.0;0.0;0.0;0.0;0.0;0.0;9.0;19.6;0.0;0.0;0.0;0.0;0.0;0.0;5.2;0.0;0.0;19.0;0.0;999.0;0.3
São Gonçalo do Amarante;CROATA;-3.6752777777778;-39.118888888889;2001;12;0.0;0.0;0.0;0.0;0.0;0.0;0.0;0.0;0.0;0.0;0.0;0.0;0.0;0.0;0.0;0.0;0.0;0.0;999.0;999.0;999.0;999.0;999.0;999.0;999.0;999.0;999.0;999.0;999.0;999.0;999.0;999.0
São Gonçalo do Amarante;CROATA;-3.6752777777778;-39.118888888889;2007;12;0.0;0.0;999.0;999.0;999.0;999.0;999.0;999.0;999.0;999.0;999.0;999.0;999.0;999.0;999.0;999.0;999.0;999.0;999.0;999.0;999.0;999.0;999.0;999.0;999.0;999.0;999.0;999.0;999.0;999.0;999.0;999.0
São Gonçalo do Amarante;CROATA;-3.6752777777778;-39.118888888889;2008;12;0.0;0.0;999.0;999.0;999.0;999.0;999.0;999.0;999.0;999.0;999.0;999.0;999.0;999.0;999.0;999.0;999.0;999.0;999.0;999.0;999.0;999.0;999.0;999.0;999.0;999.0;999.0;999.0;999.0;999.0;999.0;999.0
São Gonçalo do Amarante;CROATA;-3.6752777777778;-39.118888888889;2013;2;110.0;0.0;0.0;0.0;0.0;0.0;22.0;0.0;0.0;0.0;2.0;0.0;0.0;0.0;8.0;26.0;10.0;5.2;8.8;19.0;9.0;0.0;0.0;0.0;0.0;0.0;0.0;0.0;0.0;888.0;888.0;888.0
São Gonçalo do Amarante;CROATA;-3.6752777777778;-39.118888888889;2013;3;76.5;0.0;0.0;0.0;0.0;0.0;0.0;0.0;0.0;9.7;0.0;0.0;0.0;0.0;0.0;0.0;0.0;10.8;6.6;3.4;6.0;0.0;0.0;0.0;4.0;16.4;0.0;19.6;0.0;0.0;0.0;0.0
São Gonçalo do Amarante;CROATA;-3.6752777777778;-39.118888888889;2013;4;288.2;0.0;0.0;5.0;0.0;20.6;15.4;0.0;0.0;1.0;10.4;0.0;0.0;0.0;0.0;0.0;2.0;0.0;18.4;0.0;104.0;999.0;0.0;81.4;0.0;0.0;0.0;0.0;30.0;0.0;0.0;888.0
São Gonçalo do Amarante;CROATA;-3.6752777777778;-39.118888888889;2013;5;118.8;0.0;2.0;0.0;0.0;0.0;4.4;0.0;20.0;30.2;0.0;0.0;0.0;0.0;0.0;13.0;0.0;13.0;0.0;36.2;0.0;0.0;0.0;0.0;0.0;0.0;0.0;0.0;0.0;0.0;0.0;0.0
São Gonçalo do Amarante;CROATA;-3.6752777777778;-39.118888888889;2013;6;69.7;0.0;0.0;0.0;0.0;0.0;3.4;0.0;0.0;0.0;5.2;17.4;0.0;11.5;0.0;0.0;0.0;0.0;0.0;0.0;0.0;17.2;15.0;0.0;0.0;0.0;0.0;0.0;0.0;0.0;0.0;888.0
São Gonçalo do Amarante;CROATA;-3.6752777777778;-39.118888888889;2013;7;0.0;0.0;0.0;0.0;0.0;0.0;0.0;0.0;0.0;0.0;0.0;0.0;0.0;0.0;0.0;0.0;0.0;0.0;0.0;0.0;0.0;0.0;0.0;0.0;0.0;0.0;0.0;0.0;0.0;0.0;0.0;0.0
São Gonçalo do Amarante;CROATA;-3.6752777777778;-39.118888888889;2013;8;0.0;0.0;0.0;0.0;0.0;0.0;0.0;0.0;0.0;0.0;0.0;0.0;0.0;0.0;0.0;0.0;0.0;0.0;0.0;0.0;0.0;0.0;0.0;0.0;0.0;0.0;0.0;0.0;0.0;0.0;0.0;0.0
São Gonçalo do Amarante;CROATA;-3.6752777777778;-39.118888888889;2013;9;0.0;0.0;0.0;0.0;0.0;0.0;0.0;0.0;0.0;0.0;0.0;0.0;0.0;0.0;0.0;0.0;0.0;0.0;0.0;0.0;0.0;0.0;0.0;0.0;0.0;0.0;0.0;0.0;0.0;0.0;0.0;888.0
São Gonçalo do Amarante;CROATA;-3.6752777777778;-39.118888888889;2013;10;0.0;0.0;0.0;0.0;0.0;0.0;0.0;0.0;0.0;0.0;0.0;0.0;0.0;0.0;0.0;0.0;0.0;0.0;0.0;0.0;0.0;0.0;0.0;0.0;0.0;0.0;0.0;0.0;0.0;0.0;0.0;0.0
São Gonçalo do Amarante;CROATA;-3.6752777777778;-39.118888888889;2013;11;0.0;0.0;0.0;0.0;0.0;0.0;0.0;0.0;0.0;0.0;0.0;0.0;0.0;0.0;0.0;0.0;0.0;0.0;0.0;0.0;0.0;0.0;0.0;0.0;0.0;0.0;0.0;0.0;0.0;0.0;0.0;888.0
São Gonçalo do Amarante;CROATA;-3.6752777777778;-39.118888888889;2013;12;74.6;0.0;0.0;0.0;0.0;0.0;0.0;0.0;0.0;0.0;0.0;0.0;0.0;0.0;0.0;0.0;0.0;0.0;0.0;0.0;65.2;9.4;0.0;0.0;0.0;0.0;0.0;0.0;0.0;0.0;0.0;0.0
São Gonçalo do Amarante;CROATA;-3.6752777777778;-39.118888888889;2014;1;168.3;0.0;0.0;0.0;12.0;0.0;8.8;32.6;3.0;0.0;2.4;0.0;0.0;2.0;0.0;0.0;0.0;0.0;0.0;0.0;0.0;0.0;0.0;0.0;0.0;0.0;0.0;0.0;0.0;0.0;104.5;3.0
São Gonçalo do Amarante;CROATA;-3.6752777777778;-39.118888888889;2014;2;71.2;0.0;0.0;0.0;7.4;4.8;0.0;0.0;0.0;0.0;0.0;0.0;0.0;6.6;0.0;0.0;0.0;0.0;0.0;0.0;43.4;9.0;0.0;0.0;0.0;0.0;0.0;0.0;0.0;888.0;888.0;888.0
São Gonçalo do Amarante;CROATA;-3.6752777777778;-39.118888888889;2014;3;178.6;0.0;0.0;0.0;0.0;53.0;0.0;0.0;0.0;0.0;0.0;20.6;0.0;19.2;11.4;7.2;0.0;4.0;6.6;26.0;3.2;0.0;0.0;0.0;0.0;0.0;0.0;0.0;0.0;8.8;0.0;18.6
São Gonçalo do Amarante;CROATA;-3.6752777777778;-39.118888888889;2014;4;255.4;18.0;9.6;0.0;31.0;0.0;0.0;0.0;0.0;0.0;24.4;0.0;15.2;0.0;0.0;6.4;9.4;3.6;0.0;11.2;7.4;0.0;0.0;9.0;16.0;0.0;17.2;9.4;12.6;49.4;5.6;888.0
São Gonçalo do Amarante;CROATA;-3.6752777777778;-39.118888888889;2014;5;123.8;17.4;0.0;0.0;0.0;0.0;17.4;0.0;0.0;0.0;0.0;54.2;0.0;0.0;0.0;8.2;14.2;0.0;0.0;9.0;0.0;0.0;0.0;2.4;1.0;0.0;0.0;0.0;0.0;0.0;0.0;0.0
São Gonçalo do Amarante;CROATA;-3.6752777777778;-39.118888888889;2014;6;12.4;0.0;0.0;0.0;0.0;0.0;0.0;3.0;0.0;0.0;0.0;0.0;0.0;0.0;0.0;0.0;0.0;0.0;0.0;0.0;0.0;0.0;0.0;0.0;9.4;0.0;0.0;0.0;0.0;0.0;0.0;888.0
São Gonçalo do Amarante;CROATA;-3.6752777777778;-39.118888888889;2014;7;2.2;0.0;0.0;0.0;0.0;0.0;0.0;0.0;0.0;2.2;0.0;0.0;0.0;0.0;0.0;0.0;0.0;0.0;0.0;0.0;0.0;0.0;0.0;0.0;0.0;0.0;0.0;0.0;0.0;0.0;0.0;0.0
São Gonçalo do Amarante;CROATA;-3.6752777777778;-39.118888888889;2014;8;0.0;0.0;0.0;0.0;0.0;0.0;0.0;0.0;0.0;0.0;0.0;0.0;0.0;0.0;0.0;0.0;0.0;0.0;0.0;0.0;0.0;0.0;0.0;0.0;0.0;0.0;0.0;0.0;0.0;0.0;0.0;0.0
São Gonçalo do Amarante;CROATA;-3.6752777777778;-39.118888888889;2014;9;0.0;0.0;0.0;0.0;0.0;0.0;0.0;0.0;0.0;0.0;0.0;0.0;0.0;0.0;0.0;0.0;0.0;0.0;0.0;0.0;0.0;0.0;0.0;0.0;0.0;0.0;0.0;0.0;0.0;0.0;0.0;888.0
São Gonçalo do Amarante;CROATA;-3.6752777777778;-39.118888888889;2014;10;15.0;0.0;0.0;0.0;0.0;0.0;0.0;15.0;0.0;0.0;0.0;0.0;0.0;0.0;0.0;0.0;0.0;0.0;0.0;0.0;0.0;0.0;0.0;0.0;0.0;0.0;0.0;0.0;0.0;0.0;0.0;0.0
São Gonçalo do Amarante;CROATA;-3.6752777777778;-39.118888888889;2014;11;0.0;0.0;0.0;0.0;0.0;0.0;0.0;0.0;0.0;0.0;0.0;0.0;0.0;0.0;0.0;0.0;0.0;0.0;0.0;0.0;0.0;0.0;0.0;0.0;0.0;0.0;0.0;0.0;0.0;0.0;0.0;888.0
São Gonçalo do Amarante;CROATA;-3.6752777777778;-39.118888888889;2014;12;0.0;0.0;0.0;0.0;0.0;0.0;0.0;0.0;0.0;0.0;0.0;0.0;0.0;0.0;0.0;0.0;0.0;0.0;0.0;0.0;0.0;0.0;0.0;0.0;0.0;0.0;0.0;0.0;0.0;0.0;0.0;0.0
São Gonçalo do Amarante;CROATA;-3.6752777777778;-39.118888888889;2015;1;48.4;0.0;0.0;0.0;41.2;0.0;0.0;2.6;0.0;0.0;0.0;0.0;0.0;0.0;0.0;0.0;0.0;0.0;0.0;0.0;0.0;0.0;0.0;0.0;0.0;0.0;0.0;0.0;4.6;0.0;0.0;0.0
São Gonçalo do Amarante;CROATA;-3.6752777777778;-39.118888888889;2015;2;132.0;0.0;1.6;6.8;0.0;0.0;0.0;0.0;0.0;0.0;0.0;0.0;0.0;0.0;0.0;0.0;0.0;0.0;0.0;9.2;3.2;0.0;26.4;0.0;27.6;17.8;6.6;0.0;32.8;888.0;888.0;888.0
São Gonçalo do Amarante;CROATA;-3.6752777777778;-39.118888888889;2015;3;231.8;0.0;7.2;1.8;0.0;4.0;55.4;2.5;1.8;7.4;19.6;3.0;0.0;0.0;4.4;0.0;0.0;6.4;0.0;0.0;0.0;0.0;38.4;53.6;10.5;0.0;0.0;6.0;0.0;7.4;2.4;0.0
São Gonçalo do Amarante;CROATA;-3.6752777777778;-39.118888888889;2015;4;421.5;8.0;2.2;9.0;37.4;0.0;0.0;0.0;0.0;94.0;5.0;5.8;28.5;18.0;59.4;27.4;1.4;0.0;17.4;10.4;0.0;0.0;0.0;6.4;13.4;28.6;26.6;3.5;0.0;12.5;6.6;888.0
São Gonçalo do Amarante;CROATA;-3.6752777777778;-39.118888888889;2015;5;12.3;0.0;0.0;0.0;3.5;0.0;0.0;2.0;0.0;3.8;2.0;0.0;0.0;0.0;0.0;0.0;0.0;0.0;0.0;0.0;0.0;1.0;0.0;0.0;0.0;0.0;0.0;0.0;0.0;0.0;0.0;0.0
São Gonçalo do Amarante;CROATA;-3.6752777777778;-39.118888888889;2015;6;25.7;0.0;0.0;0.0;4.0;8.0;0.0;0.0;2.5;0.0;0.0;0.0;0.0;0.0;0.0;2.0;0.0;0.0;0.0;0.0;0.0;0.0;0.0;0.0;0.0;0.0;4.6;0.0;0.0;2.6;2.0;888.0
São Gonçalo do Amarante;CROATA;-3.6752777777778;-39.118888888889;2015;7;82.4;0.0;0.0;18.0;38.0;4.2;11.0;0.0;0.0;0.0;0.0;0.0;0.0;0.0;0.0;0.0;0.0;6.6;4.6;0.0;0.0;0.0;0.0;0.0;0.0;0.0;0.0;0.0;0.0;0.0;0.0;0.0
São Gonçalo do Amarante;CROATA;-3.6752777777778;-39.118888888889;2015;8;0.0;0.0;0.0;0.0;0.0;0.0;0.0;0.0;0.0;0.0;0.0;0.0;0.0;0.0;0.0;0.0;0.0;0.0;0.0;0.0;0.0;0.0;0.0;0.0;0.0;0.0;0.0;0.0;0.0;0.0;0.0;0.0
São Gonçalo do Amarante;CROATA;-3.6752777777778;-39.118888888889;2015;9;0.0;0.0;0.0;0.0;0.0;0.0;0.0;0.0;0.0;0.0;0.0;0.0;0.0;0.0;0.0;0.0;0.0;0.0;0.0;0.0;0.0;0.0;0.0;0.0;0.0;0.0;0.0;0.0;0.0;0.0;0.0;888.0
São Gonçalo do Amarante;CROATA;-3.6752777777778;-39.118888888889;2015;10;0.0;0.0;0.0;0.0;0.0;0.0;0.0;0.0;0.0;0.0;0.0;0.0;0.0;0.0;0.0;0.0;0.0;0.0;0.0;0.0;0.0;0.0;0.0;0.0;0.0;0.0;0.0;0.0;0.0;0.0;0.0;0.0
São Gonçalo do Amarante;CROATA;-3.6752777777778;-39.118888888889;2015;11;0.0;0.0;0.0;0.0;0.0;0.0;0.0;0.0;0.0;0.0;0.0;0.0;0.0;0.0;0.0;0.0;0.0;0.0;0.0;0.0;0.0;0.0;0.0;0.0;0.0;0.0;0.0;0.0;0.0;0.0;0.0;888.0
São Gonçalo do Amarante;CROATA;-3.6752777777778;-39.118888888889;2015;12;33.2;0.0;0.0;0.0;0.0;0.0;0.0;0.0;0.0;0.0;0.0;0.0;0.0;0.0;0.0;0.0;0.0;16.6;5.6;0.0;0.0;0.0;0.0;0.0;0.0;0.0;0.0;0.0;11.0;0.0;0.0;0.0
São Gonçalo do Amarante;CROATA;-3.6752777777778;-39.118888888889;2016;1;356.1;0.0;0.0;0.0;0.0;0.0;0.0;0.0;53.4;10.0;0.0;5.5;0.0;0.0;0.0;0.0;0.0;0.0;4.8;74.0;13.0;32.4;53.0;5.0;22.6;73.0;9.4;0.0;0.0;0.0;0.0;0.0
São Gonçalo do Amarante;CROATA;-3.6752777777778;-39.118888888889;2016;2;56.9;0.0;8.2;0.6;4.5;0.0;0.0;0.0;0.0;0.0;0.0;0.0;0.0;0.0;0.0;0.0;0.0;0.0;0.0;0.0;9.4;33.2;0.0;0.0;0.0;1.0;0.0;0.0;0.0;0.0;888.0;888.0
São Gonçalo do Amarante;CROATA;-3.6752777777778;-39.118888888889;2016;3;185.8;0.0;0.0;6.8;0.0;0.0;0.0;0.0;0.0;0.0;0.0;0.0;0.0;0.0;0.0;12.2;0.0;1.2;80.8;0.0;0.0;0.0;0.0;0.0;0.0;0.0;10.2;53.2;0.0;0.0;15.6;5.8
São Gonçalo do Amarante;CROATA;-3.6752777777778;-39.118888888889;2016;4;335.4;11.6;11.0;19.6;15.2;0.0;27.2;105.6;40.6;0.0;5.6;3.0;20.8;0.0;0.0;0.0;6.2;21.4;0.0;0.0;0.0;0.0;10.6;37.0;0.0;0.0;0.0;0.0;0.0;0.0;0.0;888.0
São Gonçalo do Amarante;CROATA;-3.6752777777778;-39.118888888889;2016;5;118.4;0.0;0.0;13.6;0.0;0.0;50.2;0.0;0.0;1.0;4.4;0.0;8.2;0.0;0.0;39.6;0.0;0.0;0.0;0.0;0.0;0.0;0.0;0.0;0.0;0.0;0.0;0.0;0.0;0.0;0.0;1.4
São Gonçalo do Amarante;CROATA;-3.6752777777778;-39.118888888889;2016;6;32.6;0.0;0.0;4.0;0.0;0.0;0.0;14.6;0.0;0.0;14.0;0.0;0.0;0.0;0.0;0.0;0.0;0.0;0.0;0.0;0.0;0.0;0.0;0.0;0.0;0.0;0.0;0.0;0.0;0.0;0.0;888.0
São Gonçalo do Amarante;CROATA;-3.6752777777778;-39.118888888889;2016;7;0.0;0.0;0.0;0.0;0.0;0.0;0.0;0.0;0.0;0.0;0.0;0.0;0.0;0.0;0.0;0.0;0.0;0.0;0.0;0.0;0.0;0.0;0.0;0.0;0.0;0.0;0.0;0.0;0.0;0.0;0.0;0.0
São Gonçalo do Amarante;CROATA;-3.6752777777778;-39.118888888889;2016;8;0.0;0.0;0.0;0.0;0.0;0.0;0.0;0.0;0.0;0.0;0.0;0.0;0.0;0.0;0.0;0.0;0.0;0.0;0.0;0.0;0.0;0.0;0.0;0.0;0.0;0.0;0.0;0.0;0.0;0.0;0.0;0.0
São Gonçalo do Amarante;CROATA;-3.6752777777778;-39.118888888889;2016;9;0.0;0.0;0.0;0.0;0.0;0.0;0.0;0.0;0.0;0.0;0.0;0.0;0.0;0.0;0.0;0.0;0.0;0.0;0.0;0.0;0.0;0.0;0.0;0.0;0.0;0.0;0.0;0.0;0.0;0.0;0.0;888.0
São Gonçalo do Amarante;CROATA;-3.6752777777778;-39.118888888889;2016;10;0.0;0.0;0.0;0.0;0.0;0.0;0.0;0.0;0.0;0.0;0.0;0.0;0.0;0.0;0.0;0.0;0.0;0.0;0.0;0.0;0.0;0.0;0.0;0.0;0.0;0.0;0.0;0.0;0.0;0.0;0.0;0.0
São Gonçalo do Amarante;CROATA;-3.6752777777778;-39.118888888889;2016;11;2.0;0.0;0.0;0.0;0.0;0.0;0.0;0.0;0.0;0.0;0.0;0.0;2.0;0.0;0.0;0.0;0.0;0.0;0.0;0.0;0.0;0.0;0.0;0.0;0.0;0.0;0.0;0.0;0.0;0.0;0.0;888.0
São Gonçalo do Amarante;CROATA;-3.6752777777778;-39.118888888889;2016;12;0.0;0.0;0.0;0.0;0.0;0.0;0.0;0.0;0.0;0.0;0.0;0.0;0.0;0.0;0.0;0.0;0.0;0.0;0.0;0.0;0.0;0.0;0.0;0.0;0.0;0.0;0.0;0.0;0.0;0.0;0.0;0.0
São Gonçalo do Amarante;CROATA;-3.6752777777778;-39.118888888889;2017;1;126.2;0.0;0.0;0.0;0.0;0.0;0.0;0.0;0.0;5.0;5.0;7.0;9.8;0.0;0.0;0.0;0.0;0.0;0.0;17.8;32.6;1.0;0.0;6.4;0.0;0.0;0.0;22.8;18.8;0.0;0.0;0.0
São Gonçalo do Amarante;CROATA;-3.6752777777778;-39.118888888889;2017;2;151.8;1.2;10.0;0.0;0.0;0.0;0.0;0.0;0.0;1.0;24.8;64.2;10.0;0.0;0.0;0.0;0.0;0.0;5.8;0.0;6.6;3.6;0.0;0.0;0.0;18.4;0.8;5.4;0.0;888.0;888.0;888.0
São Gonçalo do Amarante;CROATA;-3.6752777777778;-39.118888888889;2017;3;340.4;31.2;23.2;0.0;14.8;6.4;4.6;9.0;1.2;26.6;4.2;4.4;8.4;21.6;10.2;1.2;0.0;20.4;2.2;0.0;3.2;26.6;7.0;26.6;14.8;0.6;0.0;2.0;10.6;0.0;2.8;56.6
São Gonçalo do Amarante;CROATA;-3.6752777777778;-39.118888888889;2017;4;207.6;23.6;4.2;0.0;1.6;44.4;0.0;3.4;0.0;0.0;0.0;15.6;41.4;0.0;13.8;7.2;0.0;0.0;0.0;0.0;10.2;0.0;1.0;1.0;33.2;0.0;0.0;0.0;0.0;0.0;7.0;888.0
São Gonçalo do Amarante;CROATA;-3.6752777777778;-39.118888888889;2017;5;271.4;0.0;3.6;0.0;8.4;12.2;0.0;0.0;0.0;6.8;16.2;0.0;0.0;0.0;0.0;0.0;0.0;0.0;1.2;9.8;10.4;0.0;0.0;0.0;0.0;0.0;0.0;14.2;0.0;93.2;95.4;0.0
São Gonçalo do Amarante;CROATA;-3.6752777777778;-39.118888888889;2017;6;71.6;1.8;0.0;3.0;5.6;4.8;0.0;0.0;0.0;0.0;0.0;4.0;27.0;0.0;0.0;0.0;0.0;0.0;0.0;22.0;0.0;0.0;1.0;0.0;2.4;0.0;0.0;0.0;0.0;0.0;0.0;888.0
São Gonçalo do Amarante;CROATA;-3.6752777777778;-39.118888888889;2017;7;64.5;3.2;34.5;0.0;0.0;0.0;0.0;0.0;0.0;0.0;0.0;0.0;0.0;0.0;0.0;0.0;0.0;0.0;0.0;0.0;0.0;24.2;1.6;1.0;0.0;0.0;0.0;0.0;0.0;0.0;0.0;0.0
São Gonçalo do Amarante;CROATA;-3.6752777777778;-39.118888888889;2017;8;0.0;0.0;0.0;0.0;0.0;0.0;0.0;0.0;0.0;0.0;0.0;0.0;0.0;0.0;0.0;0.0;0.0;0.0;0.0;0.0;0.0;0.0;0.0;0.0;0.0;0.0;0.0;0.0;0.0;0.0;0.0;0.0
São Gonçalo do Amarante;CROATA;-3.6752777777778;-39.118888888889;2017;9;0.0;0.0;0.0;0.0;0.0;0.0;0.0;0.0;0.0;0.0;0.0;0.0;0.0;0.0;0.0;0.0;0.0;0.0;0.0;0.0;0.0;0.0;0.0;0.0;0.0;0.0;0.0;0.0;0.0;0.0;0.0;888.0
São Gonçalo do Amarante;CROATA;-3.6752777777778;-39.118888888889;2017;10;0.0;0.0;0.0;0.0;0.0;0.0;0.0;0.0;0.0;0.0;0.0;0.0;0.0;0.0;0.0;0.0;0.0;0.0;0.0;0.0;0.0;0.0;0.0;0.0;0.0;0.0;0.0;0.0;0.0;0.0;0.0;0.0
São Gonçalo do Amarante;CROATA;-3.6752777777778;-39.118888888889;2017;11;0.0;0.0;0.0;0.0;0.0;0.0;0.0;0.0;0.0;0.0;0.0;0.0;0.0;0.0;0.0;0.0;0.0;0.0;0.0;0.0;0.0;0.0;0.0;0.0;0.0;0.0;0.0;0.0;0.0;0.0;0.0;888.0
São Gonçalo do Amarante;CROATA;-3.6752777777778;-39.118888888889;2017;12;27.4;0.0;0.0;0.0;0.0;0.0;0.0;0.0;0.0;0.0;0.0;0.0;0.0;0.0;0.0;0.0;0.0;0.0;0.0;0.0;0.0;5.8;2.4;6.4;1.6;0.0;7.8;0.0;3.4;0.0;0.0;0.0
São Gonçalo do Amarante;CROATA;-3.6752777777778;-39.118888888889;2018;1;140.2;0.0;0.0;0.0;0.0;0.0;0.0;0.0;0.0;0.0;0.0;0.0;0.0;0.0;0.0;0.0;0.0;0.0;0.0;0.0;0.0;0.0;0.0;0.0;1.0;27.6;0.0;0.0;111.6;0.0;0.0;0.0
São Gonçalo do Amarante;CROATA;-3.6752777777778;-39.118888888889;2018;2;263.1;0.0;0.0;22.0;2.0;0.0;26.0;7.6;22.4;0.0;0.0;1.4;3.6;39.6;3.6;78.8;0.0;2.0;6.2;6.0;15.8;0.0;13.2;5.0;0.5;2.2;3.2;2.0;0.0;888.0;888.0;888.0
São Gonçalo do Amarante;CROATA;-3.6752777777778;-39.118888888889;2018;3;242.4;9.8;76.2;0.0;0.0;0.0;0.0;4.8;9.6;1.8;1.0;5.4;3.6;18.2;3.4;0.0;0.0;0.0;0.0;0.0;0.0;0.0;3.0;44.2;0.0;0.0;1.0;10.0;42.4;3.4;2.2;2.4
São Gonçalo do Amarante;CROATA;-3.6752777777778;-39.118888888889;2018;4;313.0;0.0;24.0;6.0;0.0;4.4;0.0;0.0;11.0;0.0;0.0;3.4;150.4;0.0;0.0;0.0;50.0;30.4;9.2;0.0;0.0;0.0;0.0;3.2;3.2;0.0;11.0;0.0;0.0;1.8;5.0;888.0
São Gonçalo do Amarante;CROATA;-3.6752777777778;-39.118888888889;2018;5;83.4;10.4;7.4;0.4;0.0;0.0;8.2;0.0;0.0;0.0;2.4;0.0;23.4;11.6;1.4;0.0;0.0;0.0;5.4;0.0;0.0;0.0;0.0;0.0;0.0;3.2;9.6;0.0;0.0;0.0;0.0;0.0
São Gonçalo do Amarante;CROATA;-3.6752777777778;-39.118888888889;2018;6;32.2;0.0;0.0;0.0;0.0;0.0;0.0;1.2;0.0;0.0;0.0;0.0;0.0;0.0;0.0;0.0;0.0;0.0;5.0;26.0;0.0;0.0;0.0;0.0;0.0;0.0;0.0;0.0;0.0;0.0;0.0;888.0
São Gonçalo do Amarante;CROATA;-3.6752777777778;-39.118888888889;2018;7;161.4;0.0;0.0;0.0;0.0;0.0;0.0;55.0;23.2;3.6;22.4;56.2;1.0;0.0;0.0;0.0;0.0;0.0;0.0;0.0;0.0;0.0;0.0;0.0;0.0;0.0;0.0;0.0;0.0;0.0;0.0;0.0
São Gonçalo do Amarante;CROATA;-3.6752777777778;-39.118888888889;2018;8;0.0;0.0;0.0;0.0;0.0;0.0;0.0;0.0;0.0;0.0;0.0;0.0;0.0;0.0;0.0;0.0;0.0;0.0;0.0;0.0;0.0;0.0;0.0;0.0;0.0;0.0;0.0;0.0;0.0;0.0;0.0;0.0
São Gonçalo do Amarante;CROATA;-3.6752777777778;-39.118888888889;2018;9;0.0;0.0;0.0;0.0;0.0;0.0;0.0;0.0;0.0;0.0;0.0;0.0;0.0;0.0;0.0;0.0;0.0;0.0;0.0;0.0;0.0;0.0;0.0;0.0;0.0;0.0;0.0;0.0;0.0;0.0;0.0;888.0
São Gonçalo do Amarante;CROATA;-3.6752777777778;-39.118888888889;2018;10;0.0;0.0;0.0;0.0;0.0;0.0;0.0;0.0;0.0;0.0;0.0;0.0;0.0;0.0;0.0;0.0;0.0;0.0;0.0;0.0;0.0;0.0;0.0;0.0;0.0;0.0;0.0;0.0;0.0;0.0;0.0;0.0
São Gonçalo do Amarante;CROATA;-3.6752777777778;-39.118888888889;2018;11;0.0;0.0;0.0;0.0;0.0;0.0;0.0;0.0;0.0;0.0;0.0;0.0;0.0;0.0;0.0;0.0;0.0;0.0;0.0;0.0;0.0;0.0;0.0;0.0;0.0;0.0;0.0;0.0;0.0;0.0;0.0;888.0
São Gonçalo do Amarante;CROATA;-3.6752777777778;-39.118888888889;2018;12;140.6;43.0;0.0;0.0;0.0;0.0;0.0;0.0;0.0;0.0;4.8;0.0;0.0;0.0;0.0;30.4;0.0;7.0;37.0;0.0;0.0;0.0;0.0;0.0;18.4;0.0;0.0;0.0;0.0;0.0;0.0;0.0
São Gonçalo do Amarante;CROATA;-3.6752777777778;-39.118888888889;2019;1;279.8;0.0;0.0;0.0;0.0;0.0;0.0;0.0;0.0;0.0;112.8;0.0;18.2;33.6;6.0;0.0;45.8;7.2;10.6;8.6;27.6;4.0;0.0;0.0;0.0;0.0;5.4;0.0;0.0;0.0;0.0;0.0
São Gonçalo do Amarante;CROATA;-3.6752777777778;-39.118888888889;2019;2;316.8;4.6;10.8;0.0;0.0;27.6;0.8;8.8;14.4;0.0;0.0;0.0;0.0;4.2;8.2;0.0;37.6;10.6;0.0;0.0;0.0;0.0;14.6;132.0;29.4;5.0;0.0;0.0;8.2;888.0;888.0;888.0
São Gonçalo do Amarante;CROATA;-3.6752777777778;-39.118888888889;2019;3;455.8;3.8;14.4;10.6;10.0;0.0;46.0;74.0;2.6;41.0;2.0;0.0;1.0;14.0;56.2;5.4;38.0;0.0;4.4;29.4;0.0;0.0;0.0;3.8;0.0;60.8;2.4;14.0;2.6;14.6;0.0;4.8
São Gonçalo do Amarante;CROATA;-3.6752777777778;-39.118888888889;2019;4;392.1;40.2;44.6;0.0;28.0;23.0;0.0;7.6;0.0;5.8;2.0;0.0;76.0;8.0;24.5;3.8;4.4;11.0;0.0;0.0;17.2;0.0;1.0;17.4;10.2;39.4;0.0;9.8;14.0;4.2;0.0;888.0
São Gonçalo do Amarante;CROATA;-3.6752777777778;-39.118888888889;2019;5;242.4;19.2;29.8;0.0;0.0;0.0;0.0;0.0;1.0;10.2;3.2;0.0;0.0;0.0;0.0;25.8;6.0;0.0;0.0;0.0;29.0;14.0;54.2;0.0;6.0;11.6;0.0;10.2;0.0;0.0;9.6;12.6
São Gonçalo do Amarante;CROATA;-3.6752777777778;-39.118888888889;2019;6;182.2;0.0;0.0;0.0;0.0;0.0;0.0;0.0;0.0;19.0;0.0;0.0;114.0;5.0;40.0;2.2;0.0;1.0;0.0;0.0;0.0;0.0;0.0;0.0;0.0;0.0;0.0;0.0;1.0;0.0;0.0;888.0
São Gonçalo do Amarante;CROATA;-3.6752777777778;-39.118888888889;2019;7;5.8;0.0;0.0;0.0;3.6;0.0;0.0;0.0;0.0;0.0;0.0;0.0;0.0;0.0;0.0;0.0;0.0;0.0;0.0;0.0;0.0;0.0;0.0;2.2;0.0;0.0;0.0;0.0;0.0;0.0;0.0;0.0
São Gonçalo do Amarante;CROATA;-3.6752777777778;-39.118888888889;2019;8;1.6;0.0;0.0;0.0;0.0;0.0;0.0;1.6;0.0;0.0;0.0;0.0;0.0;0.0;0.0;0.0;0.0;0.0;0.0;0.0;0.0;0.0;0.0;0.0;0.0;0.0;0.0;0.0;0.0;0.0;0.0;0.0
São Gonçalo do Amarante;CROATA;-3.6752777777778;-39.118888888889;2019;9;0.0;0.0;0.0;0.0;0.0;0.0;0.0;0.0;0.0;0.0;0.0;0.0;0.0;0.0;0.0;0.0;0.0;0.0;0.0;0.0;0.0;0.0;0.0;0.0;0.0;0.0;0.0;0.0;0.0;0.0;0.0;888.0
São Gonçalo do Amarante;CROATA;-3.6752777777778;-39.118888888889;2019;10;0.0;0.0;0.0;0.0;0.0;0.0;0.0;0.0;0.0;0.0;0.0;0.0;0.0;0.0;0.0;0.0;0.0;0.0;0.0;0.0;0.0;0.0;0.0;0.0;0.0;0.0;0.0;0.0;0.0;0.0;0.0;0.0
São Gonçalo do Amarante;CROATA;-3.6752777777778;-39.118888888889;2019;11;0.0;0.0;0.0;0.0;0.0;0.0;0.0;0.0;0.0;0.0;0.0;0.0;0.0;0.0;0.0;0.0;0.0;0.0;0.0;0.0;0.0;0.0;0.0;0.0;0.0;0.0;0.0;0.0;0.0;0.0;0.0;888.0
São Gonçalo do Amarante;CROATA;-3.6752777777778;-39.118888888889;2019;12;15.3;0.0;0.0;0.0;0.0;0.0;0.0;0.0;0.0;0.0;0.0;0.0;0.0;0.0;0.0;0.0;0.0;0.0;0.0;0.0;0.0;0.0;0.0;0.0;0.0;0.0;0.0;0.0;0.0;0.0;0.0;15.3
São Gonçalo do Amarante;CROATA;-3.6752777777778;-39.118888888889;2020;1;158.4;14.0;4.4;11.6;0.0;0.0;0.0;0.0;0.0;25.4;0.0;11.4;3.4;0.0;0.0;0.0;1.0;0.0;0.0;0.0;0.0;0.0;0.0;0.0;0.0;0.0;0.0;27.0;53.0;0.0;2.4;4.8
São Gonçalo do Amarante;CROATA;-3.6752777777778;-39.118888888889;2020;2;303.2;5.0;0.0;2.4;2.6;64.0;38.2;0.0;0.0;0.0;1.2;3.2;0.0;0.0;1.8;2.2;27.8;16.8;17.0;0.0;55.6;0.0;15.4;11.2;3.8;12.8;0.0;0.0;14.4;7.8;888.0;888.0
São Gonçalo do Amarante;CROATA;-3.6752777777778;-39.118888888889;2020;3;230.2;0.0;0.0;0.0;0.0;11.8;0.0;25.0;2.0;0.0;14.0;0.0;0.0;4.3;6.3;19.0;29.6;14.4;25.0;0.0;0.0;18.0;0.0;0.0;26.0;28.4;0.6;0.0;2.2;0.0;2.8;0.8
São Gonçalo do Amarante;CROATA;-3.6752777777778;-39.118888888889;2020;4;476.6;1.8;0.0;0.0;17.8;19.4;10.4;12.0;6.0;0.0;0.0;34.2;7.8;1.6;0.0;0.6;34.0;2.6;6.0;12.2;0.0;30.4;24.4;52.0;36.0;42.6;12.0;69.8;22.4;0.0;20.6;888.0
São Gonçalo do Amarante;CROATA;-3.6752777777778;-39.118888888889;2020;5;155.6;0.0;0.0;0.0;0.0;9.6;0.4;0.0;0.0;0.0;17.0;0.0;0.0;0.0;0.0;0.0;1.8;11.4;0.0;0.0;0.0;18.4;1.8;29.2;0.0;32.8;0.0;0.0;0.0;9.6;0.0;23.6
São Gonçalo do Amarante;CROATA;-3.6752777777778;-39.118888888889;2020;6;101.6;0.0;9.2;0.0;0.0;26.0;6.8;21.2;11.4;0.0;0.0;0.0;0.0;25.6;0.0;0.0;0.0;0.0;0.0;0.0;0.0;0.0;0.0;0.0;0.0;0.0;0.0;0.0;0.0;0.0;1.4;888.0
São Gonçalo do Amarante;CROATA;-3.6752777777778;-39.118888888889;2020;7;25.4;0.0;0.0;0.0;0.0;0.0;10.4;15.0;0.0;0.0;0.0;0.0;0.0;0.0;0.0;0.0;0.0;0.0;0.0;0.0;0.0;0.0;0.0;0.0;0.0;0.0;0.0;0.0;0.0;0.0;0.0;0.0
São Gonçalo do Amarante;CROATA;-3.6752777777778;-39.118888888889;2020;8;0.0;0.0;0.0;0.0;0.0;0.0;0.0;0.0;0.0;0.0;0.0;0.0;0.0;0.0;0.0;0.0;0.0;0.0;0.0;0.0;0.0;0.0;0.0;0.0;0.0;0.0;0.0;0.0;0.0;0.0;0.0;0.0
São Gonçalo do Amarante;CROATA;-3.6752777777778;-39.118888888889;2020;9;0.0;0.0;0.0;0.0;0.0;0.0;0.0;0.0;0.0;0.0;0.0;0.0;0.0;0.0;0.0;0.0;0.0;0.0;0.0;0.0;0.0;0.0;0.0;0.0;0.0;0.0;0.0;0.0;0.0;0.0;0.0;888.0
São Gonçalo do Amarante;CROATA;-3.6752777777778;-39.118888888889;2020;10;14.2;0.0;0.0;0.0;0.0;0.0;0.0;0.0;0.0;0.0;0.0;0.0;0.0;0.0;0.0;0.0;0.0;0.0;0.0;0.0;0.0;0.0;0.0;13.2;1.0;0.0;0.0;0.0;0.0;0.0;0.0;0.0
São Gonçalo do Amarante;CROATA;-3.6752777777778;-39.118888888889;2020;11;16.3;0.0;0.0;0.0;0.0;1.6;0.0;0.0;0.0;0.0;0.0;11.4;3.3;0.0;0.0;0.0;0.0;0.0;0.0;0.0;0.0;0.0;0.0;0.0;0.0;0.0;0.0;0.0;0.0;0.0;0.0;888.0
São Gonçalo do Amarante;CROATA;-3.6752777777778;-39.118888888889;2020;12;7.8;0.0;0.0;0.0;0.0;0.0;0.0;0.0;0.0;0.0;0.0;0.0;0.0;0.0;0.0;0.0;0.0;0.0;0.0;0.0;0.0;0.0;0.0;0.0;0.0;0.0;0.0;0.0;0.0;0.0;0.0;7.8
São Gonçalo do Amarante;CROATA;-3.6752777777778;-39.118888888889;2021;1;80.4;7.8;0.0;0.0;4.0;0.0;0.0;0.0;0.0;0.0;0.0;0.0;0.0;0.0;9.2;2.0;0.0;0.0;0.0;0.0;2.6;8.0;12.0;0.0;5.6;2.0;6.8;5.8;0.0;0.0;0.0;14.6
São Gonçalo do Amarante;CROATA;-3.6752777777778;-39.118888888889;2021;2;76.1;0.0;0.0;0.0;0.0;0.0;0.0;0.0;0.0;1.2;0.0;2.0;0.0;0.0;0.0;0.0;9.6;37.7;0.0;0.0;0.0;10.0;0.0;0.0;0.0;0.0;4.0;0.0;11.6;888.0;888.0;888.0
São Gonçalo do Amarante;CROATA;-3.6752777777778;-39.118888888889;2021;3;287.6;84.8;13.0;4.2;0.0;38.8;0.0;0.0;0.0;1.0;0.0;0.0;0.0;0.0;0.0;0.0;9.0;7.2;2.8;0.0;0.8;0.0;17.0;0.0;0.0;19.4;45.4;12.6;2.8;0.0;10.8;18.0
São Gonçalo do Amarante;CROATA;-3.6752777777778;-39.118888888889;2021;4;174.0;0.6;0.0;0.0;0.0;0.0;0.0;0.0;0.0;0.0;0.0;16.8;9.0;6.2;5.8;7.2;0.0;0.0;7.6;17.8;16.6;19.6;1.0;5.2;55.6;5.0;0.0;0.0;0.0;0.0;0.0;888.0
São Gonçalo do Amarante;CROATA;-3.6752777777778;-39.118888888889;2021;5;93.8;7.8;0.0;3.0;1.6;2.0;0.0;25.8;3.0;0.0;0.0;0.0;9.0;17.0;5.0;6.8;0.0;0.0;0.0;0.0;12.8;0.0;0.0;0.0;0.0;0.0;0.0;0.0;0.0;0.0;0.0;0.0
São Gonçalo do Amarante;CROATA;-3.6752777777778;-39.118888888889;2021;6;28.4;0.0;0.0;0.0;0.0;0.0;0.0;0.0;0.0;0.0;0.0;0.0;0.0;0.0;0.0;0.0;0.0;5.8;15.6;4.4;0.0;0.0;0.0;0.0;0.0;0.0;0.0;0.0;0.0;2.6;0.0;888.0
São Gonçalo do Amarante;CROATA;-3.6752777777778;-39.118888888889;2021;7;28.0;0.0;9.0;9.8;0.8;0.0;0.0;0.0;0.0;0.0;0.0;0.0;0.0;0.0;0.0;0.0;0.0;0.0;0.0;0.0;8.4;0.0;0.0;0.0;0.0;0.0;0.0;0.0;0.0;0.0;0.0;0.0
São Gonçalo do Amarante;CROATA;-3.6752777777778;-39.118888888889;2021;8;0.0;0.0;0.0;0.0;0.0;0.0;0.0;0.0;0.0;0.0;0.0;0.0;0.0;0.0;0.0;0.0;0.0;0.0;0.0;0.0;0.0;0.0;0.0;0.0;0.0;0.0;0.0;0.0;0.0;0.0;0.0;0.0
São Gonçalo do Amarante;CROATA;-3.6752777777778;-39.118888888889;2021;9;0.0;0.0;0.0;0.0;0.0;0.0;0.0;0.0;0.0;0.0;0.0;0.0;0.0;0.0;0.0;0.0;0.0;0.0;0.0;0.0;0.0;0.0;0.0;0.0;0.0;0.0;0.0;0.0;0.0;0.0;0.0;888.0
São Gonçalo do Amarante;CROATA;-3.6752777777778;-39.118888888889;2021;10;1.6;0.0;0.0;0.0;0.0;0.0;0.0;0.0;0.0;1.6;0.0;0.0;0.0;0.0;0.0;0.0;0.0;0.0;0.0;0.0;0.0;0.0;0.0;0.0;0.0;0.0;0.0;0.0;0.0;0.0;0.0;0.0
São Gonçalo do Amarante;CROATA;-3.6752777777778;-39.118888888889;2021;11;8.4;6.2;0.0;0.0;0.0;0.0;0.0;0.0;0.0;0.0;0.0;0.0;0.0;0.0;0.0;0.0;0.0;0.0;0.0;0.0;0.0;0.0;0.0;0.0;0.0;0.0;0.0;2.2;0.0;0.0;0.0;888.0
São Gonçalo do Amarante;CROATA;-3.6752777777778;-39.118888888889;2021;12;7.0;0.0;0.0;0.0;0.0;0.0;0.0;0.0;0.0;0.0;0.0;0.0;0.0;0.0;0.0;1.4;0.0;0.0;0.0;0.0;0.0;0.0;0.0;0.0;0.0;0.0;4.2;1.4;0.0;0.0;0.0;0.0
São Gonçalo do Amarante;CROATA;-3.6752777777778;-39.118888888889;2022;1;301.4;14.4;6.8;8.0;0.0;5.0;25.8;1.0;0.0;0.0;0.0;21.6;45.0;0.0;0.0;0.0;21.8;82.4;1.0;0.0;0.0;0.0;0.0;0.0;0.0;0.0;0.0;4.6;0.0;64.0;0.0;0.0
São Gonçalo do Amarante;CROATA;-3.6752777777778;-39.118888888889;2022;2;221.8;0.0;0.0;50.0;25.8;30.8;0.0;0.0;0.0;0.0;0.0;0.0;0.0;0.0;31.0;0.0;30.0;0.0;6.2;37.0;0.0;9.4;0.0;0.0;0.0;1.6;0.0;0.0;0.0;888.0;888.0;888.0
São Gonçalo do Amarante;CROATA;-3.6752777777778;-39.118888888889;2022;3;457.6;0.0;0.0;0.0;0.0;0.0;32.4;55.4;0.0;0.0;8.4;13.0;47.8;8.4;0.0;0.0;15.0;40.2;0.0;3.6;0.0;45.2;23.4;20.8;22.4;3.2;8.4;21.6;28.8;18.2;12.2;29.2
São Gonçalo do Amarante;CROATA;-3.6752777777778;-39.118888888889;2022;4;405.5;19.2;14.6;3.8;20.0;2.0;2.6;24.0;31.4;40.0;31.8;1.6;4.2;0.0;0.0;0.0;0.0;22.4;61.0;26.0;0.0;4.2;6.4;10.8;7.1;64.0;0.0;0.0;0.0;4.0;4.4;888.0
São Gonçalo do Amarante;CROATA;-3.6752777777778;-39.118888888889;2022;5;250.0;0.0;0.0;15.0;0.0;16.8;4.8;0.0;0.0;23.6;19.2;0.0;33.0;0.0;45.6;0.0;0.0;0.0;0.0;0.0;0.0;0.0;53.0;5.8;0.0;2.4;4.8;15.0;0.0;0.0;0.0;11.0
São Gonçalo do Amarante;CROATA;-3.6752777777778;-39.118888888889;2022;6;132.6;2.2;20.6;5.2;0.0;15.0;0.0;4.2;0.0;0.0;0.0;26.2;6.8;0.0;0.0;0.0;0.0;0.0;0.0;0.0;0.0;12.6;2.8;0.0;0.0;2.0;0.0;0.0;22.0;0.0;13.0;888.0
São Gonçalo do Amarante;CROATA;-3.6752777777778;-39.118888888889;2022;7;76.0;0.0;22.0;14.4;0.0;13.0;1.4;13.4;0.0;0.0;0.0;0.0;0.0;0.0;0.0;0.0;0.0;0.0;0.0;0.0;0.0;1.2;0.0;0.0;0.0;0.0;0.0;0.0;0.0;0.0;0.0;10.6
São Gonçalo do Amarante;CROATA;-3.6752777777778;-39.118888888889;2022;8;11.0;0.0;0.0;0.0;11.0;0.0;0.0;0.0;0.0;0.0;0.0;0.0;0.0;0.0;0.0;0.0;0.0;0.0;0.0;0.0;0.0;0.0;0.0;0.0;0.0;0.0;0.0;0.0;0.0;0.0;0.0;0.0
São Gonçalo do Amarante;CROATA;-3.6752777777778;-39.118888888889;2022;9;0.0;0.0;0.0;0.0;0.0;0.0;0.0;0.0;0.0;0.0;0.0;0.0;0.0;0.0;0.0;0.0;0.0;0.0;0.0;0.0;0.0;0.0;0.0;0.0;0.0;0.0;0.0;999.0;999.0;999.0;999.0;888.0
São Gonçalo do Amarante;CROATA;-3.6752777777778;-39.118888888889;2022;10;0.0;0.0;0.0;0.0;0.0;0.0;0.0;0.0;0.0;0.0;0.0;0.0;0.0;0.0;0.0;0.0;0.0;0.0;0.0;0.0;0.0;0.0;0.0;0.0;0.0;0.0;0.0;0.0;0.0;0.0;0.0;0.0
São Gonçalo do Amarante;CROATA;-3.6752777777778;-39.118888888889;2022;11;10.0;0.0;0.0;0.0;0.0;0.0;0.0;2.8;0.6;0.0;0.0;0.0;0.0;0.0;3.0;3.6;0.0;0.0;0.0;0.0;0.0;0.0;0.0;0.0;0.0;0.0;0.0;0.0;0.0;0.0;0.0;888.0
São Gonçalo do Amarante;CROATA;-3.6752777777778;-39.118888888889;2022;12;6.0;0.8;2.4;0.0;0.0;0.0;0.0;0.0;0.0;0.0;0.0;0.0;0.0;0.0;0.0;0.0;0.0;0.0;0.0;0.0;0.0;0.0;0.0;0.0;0.0;0.0;0.0;0.0;0.0;0.0;2.8;0.0
São Gonçalo do Amarante;CROATA;-3.6752777777778;-39.118888888889;2023;1;142.2;0.0;0.0;0.0;0.0;0.0;0.0;0.0;0.0;4.6;0.0;8.2;7.4;0.0;0.0;0.0;0.0;3.8;0.0;0.0;28.4;4.0;1.8;0.0;37.0;12.4;8.4;7.4;0.0;0.0;0.0;18.8
São Gonçalo do Amarante;CROATA;-3.6752777777778;-39.118888888889;2023;2;189.2;9.6;28.6;13.2;0.0;0.0;2.4;0.0;2.8;1.0;0.0;0.0;0.0;12.4;14.6;7.0;18.2;5.8;3.8;0.0;0.0;0.0;0.0;19.6;28.6;15.6;6.0;0.0;0.0;888.0;888.0;888.0
São Gonçalo do Amarante;CROATA;-3.6752777777778;-39.118888888889;2023;3;525.2;0.0;0.0;89.0;20.4;1.2;0.0;0.0;0.0;0.0;11.0;0.0;0.0;19.0;32.0;22.4;9.0;8.6;56.8;0.0;49.0;6.0;1.4;19.4;10.6;0.0;0.0;3.4;96.8;53.2;6.6;9.4
São Gonçalo do Amarante;CROATA;-3.6752777777778;-39.118888888889;2023;4;268.8;0.0;4.0;0.0;4.2;10.6;6.4;0.0;8.4;21.8;6.6;4.0;0.0;1.4;0.0;0.0;5.0;33.6;0.0;2.0;12.4;6.8;0.0;0.0;0.0;0.0;0.0;128.2;4.0;9.4;0.0;888.0
São Gonçalo do Amarante;CROATA;-3.6752777777778;-39.118888888889;2023;5;56.0;2.6;2.4;0.0;0.0;0.0;0.0;0.0;0.0;0.0;0.0;0.0;0.0;0.0;0.0;0.0;14.8;0.0;2.4;11.0;0.0;9.0;0.0;2.8;0.0;0.0;0.0;0.0;0.0;0.0;11.0;0.0
São Gonçalo do Amarante;CROATA;-3.6752777777778;-39.118888888889;2023;6;40.4;0.0;0.0;0.0;0.0;4.0;0.0;0.0;0.0;0.0;0.0;0.0;0.0;0.0;0.0;6.2;1.2;20.0;7.4;0.0;1.0;0.6;0.0;0.0;0.0;0.0;0.0;0.0;0.0;0.0;0.0;888.0
São Gonçalo do Amarante;CROATA;-3.6752777777778;-39.118888888889;2023;7;0.6;0.0;0.0;0.0;0.0;0.0;0.0;0.6;0.0;0.0;0.0;0.0;0.0;0.0;0.0;0.0;0.0;0.0;0.0;0.0;0.0;0.0;0.0;0.0;0.0;0.0;0.0;0.0;0.0;0.0;0.0;0.0
São Gonçalo do Amarante;CROATA;-3.6752777777778;-39.118888888889;2023;8;13.0;0.0;0.0;0.0;0.0;0.0;0.0;0.0;0.0;0.0;0.0;0.0;0.0;0.0;0.0;0.0;0.0;0.0;0.0;2.0;11.0;0.0;0.0;0.0;0.0;0.0;0.0;0.0;0.0;0.0;0.0;0.0
São Gonçalo do Amarante;CROATA;-3.6752777777778;-39.118888888889;2023;9;0.0;0.0;0.0;0.0;0.0;0.0;0.0;0.0;0.0;0.0;0.0;0.0;0.0;0.0;0.0;0.0;0.0;0.0;0.0;0.0;0.0;0.0;0.0;0.0;0.0;0.0;0.0;0.0;0.0;0.0;0.0;888.0
São Gonçalo do Amarante;CROATA;-3.6752777777778;-39.118888888889;2023;10;0.0;0.0;0.0;0.0;0.0;0.0;0.0;0.0;0.0;0.0;0.0;0.0;0.0;0.0;0.0;0.0;0.0;0.0;0.0;0.0;0.0;0.0;0.0;0.0;0.0;0.0;0.0;0.0;0.0;0.0;0.0;0.0
São Gonçalo do Amarante;CROATA;-3.6752777777778;-39.118888888889;2023;11;3.2;2.0;0.0;0.0;0.0;0.0;0.0;0.0;0.0;0.0;0.0;0.0;0.0;0.0;0.0;0.0;0.0;0.0;0.0;0.0;0.0;1.2;0.0;0.0;0.0;0.0;0.0;0.0;0.0;0.0;0.0;888.0
São Gonçalo do Amarante;CROATA;-3.6752777777778;-39.118888888889;2023;12;5.0;0.0;0.0;0.0;0.0;0.0;0.0;0.0;0.0;0.0;0.0;4.0;0.0;0.0;0.0;0.0;0.0;0.0;0.0;1.0;0.0;0.0;0.0;0.0;0.0;0.0;0.0;0.0;0.0;0.0;0.0;0.0
São Gonçalo do Amarante;CROATA;-3.6752777777778;-39.118888888889;2024;1;58.6;20.2;2.6;0.0;0.0;0.0;0.0;0.0;0.0;0.0;0.0;0.0;3.2;0.0;28.0;0.0;0.0;0.0;0.0;0.0;0.0;0.0;0.0;4.0;0.6;0.0;0.0;0.0;0.0;0.0;0.0;0.0
São Gonçalo do Amarante;CROATA;-3.6752777777778;-39.118888888889;2024;2;581.2;0.0;0.0;0.0;0.0;0.0;0.0;0.0;0.0;0.0;9.8;73.6;4.0;9.8;38.4;15.6;15.4;0.0;0.0;24.0;6.2;36.4;32.4;33.8;26.0;0.0;51.4;15.4;189.0;0.0;888.0;888.0
São Gonçalo do Amarante;CROATA;-3.6752777777778;-39.118888888889;2024;3;379.0;0.0;0.0;0.0;0.0;4.0;0.0;21.2;18.4;3.0;18.0;0.0;1.6;0.0;11.8;23.2;7.8;93.0;6.0;0.0;0.0;0.0;4.2;24.6;26.0;0.0;3.2;61.2;31.2;0.0;0.0;20.6
São Gonçalo do Amarante;CROATA;-3.6752777777778;-39.118888888889;2024;4;399.4;0.0;0.0;16.8;39.2;60.6;0.0;22.2;5.2;1.0;3.0;6.0;0.0;1.8;48.8;29.8;15.4;8.0;2.4;8.4;15.2;6.0;0.0;20.0;6.8;15.8;0.0;30.0;27.4;0.8;8.8;888.0
São Gonçalo do Amarante;CROATA;-3.6752777777778;-39.118888888889;2024;5;295.6;30.4;3.0;0.0;7.0;0.0;6.4;0.0;0.0;0.0;0.0;13.6;5.6;49.2;0.0;16.0;0.0;77.2;3.2;0.0;0.0;3.8;0.0;0.0;5.0;0.0;29.0;0.0;0.0;22.6;5.2;18.4
São Gonçalo do Amarante;CROATA;-3.6752777777778;-39.118888888889;2024;6;90.0;1.0;0.0;0.0;0.0;4.0;2.8;0.0;0.0;18.8;0.0;0.0;0.0;0.0;16.4;13.8;0.0;0.0;0.0;0.0;0.0;0.0;0.0;31.6;0.0;1.6;0.0;0.0;0.0;0.0;0.0;888.0
São Gonçalo do Amarante;CROATA;-3.6752777777778;-39.118888888889;2024;7;6.8;0.0;0.0;0.0;0.0;0.0;0.0;0.0;3.0;0.0;0.0;3.8;0.0;0.0;0.0;0.0;0.0;0.0;0.0;0.0;0.0;0.0;0.0;0.0;0.0;0.0;0.0;0.0;0.0;0.0;0.0;0.0
São Gonçalo do Amarante;CROATA;-3.6752777777778;-39.118888888889;2024;8;0.0;0.0;0.0;0.0;0.0;0.0;0.0;0.0;0.0;0.0;0.0;0.0;0.0;0.0;0.0;0.0;0.0;0.0;0.0;0.0;0.0;0.0;0.0;0.0;0.0;0.0;0.0;0.0;0.0;0.0;0.0;0.0
São Gonçalo do Amarante;CROATA;-3.6752777777778;-39.118888888889;2024;9;0.0;0.0;0.0;0.0;0.0;0.0;0.0;0.0;0.0;0.0;0.0;0.0;0.0;0.0;0.0;0.0;0.0;0.0;0.0;0.0;0.0;0.0;0.0;0.0;0.0;0.0;0.0;0.0;0.0;0.0;0.0;888.0
São Gonçalo do Amarante;CROATA;-3.6752777777778;-39.118888888889;2024;10;0.0;0.0;0.0;0.0;0.0;0.0;0.0;0.0;0.0;0.0;0.0;0.0;0.0;0.0;0.0;0.0;0.0;0.0;0.0;0.0;0.0;0.0;999.0;999.0;999.0;999.0;999.0;999.0;999.0;999.0;999.0;999.0
