Municipios;Postos;Latitude;Longitude;Anos;Meses;Total;Dia1;Dia2;Dia3;Dia4;Dia5;Dia6;Dia7;Dia8;Dia9;Dia10;Dia11;Dia12;Dia13;Dia14;Dia15;Dia16;Dia17;Dia18;Dia19;Dia20;Dia21;Dia22;Dia23;Dia24;Dia25;Dia26;Dia27;Dia28;Dia29;Dia30;Dia31
Granja;IBUGUACU;-3.3525555555556;-41.267055555556;1998;6;0.0;0.0;0.0;0.0;0.0;0.0;0.0;0.0;0.0;0.0;0.0;0.0;0.0;0.0;0.0;0.0;0.0;0.0;0.0;0.0;0.0;0.0;0.0;0.0;0.0;0.0;0.0;0.0;0.0;0.0;0.0;888.0
Granja;IBUGUACU;-3.3525555555556;-41.267055555556;1998;7;0.0;0.0;0.0;0.0;0.0;0.0;0.0;0.0;0.0;0.0;0.0;0.0;0.0;0.0;0.0;0.0;0.0;0.0;0.0;0.0;0.0;0.0;0.0;0.0;0.0;0.0;0.0;0.0;0.0;0.0;0.0;0.0
Granja;IBUGUACU;-3.3525555555556;-41.267055555556;1998;8;0.0;0.0;0.0;0.0;0.0;0.0;0.0;0.0;0.0;0.0;0.0;0.0;0.0;0.0;0.0;0.0;0.0;0.0;0.0;0.0;0.0;0.0;0.0;0.0;0.0;0.0;0.0;0.0;0.0;0.0;0.0;0.0
Granja;IBUGUACU;-3.3525555555556;-41.267055555556;1998;9;0.0;0.0;0.0;0.0;0.0;0.0;0.0;0.0;0.0;0.0;0.0;0.0;0.0;0.0;0.0;0.0;0.0;0.0;0.0;0.0;0.0;0.0;0.0;0.0;0.0;0.0;0.0;0.0;0.0;0.0;0.0;888.0
Granja;IBUGUACU;-3.3525555555556;-41.267055555556;1998;10;0.0;0.0;0.0;0.0;0.0;0.0;0.0;0.0;0.0;0.0;0.0;0.0;0.0;0.0;0.0;0.0;0.0;0.0;0.0;0.0;0.0;0.0;0.0;0.0;0.0;0.0;0.0;0.0;0.0;0.0;0.0;0.0
Granja;IBUGUACU;-3.3525555555556;-41.267055555556;1998;11;0.0;0.0;0.0;0.0;0.0;0.0;0.0;0.0;0.0;0.0;0.0;0.0;0.0;0.0;0.0;0.0;0.0;0.0;0.0;0.0;0.0;0.0;0.0;0.0;0.0;0.0;0.0;0.0;0.0;0.0;0.0;888.0
Granja;IBUGUACU;-3.3525555555556;-41.267055555556;1998;12;0.0;0.0;0.0;0.0;0.0;0.0;0.0;0.0;0.0;0.0;0.0;0.0;0.0;0.0;0.0;0.0;0.0;0.0;0.0;0.0;0.0;0.0;0.0;0.0;0.0;0.0;0.0;0.0;0.0;0.0;0.0;0.0
Granja;IBUGUACU;-3.3525555555556;-41.267055555556;1999;1;59.3;0.0;0.0;0.0;0.0;0.0;0.0;0.0;0.0;0.0;0.0;0.0;0.0;0.0;17.0;0.0;0.0;0.0;0.0;0.0;0.0;12.0;20.0;0.0;0.0;0.0;0.0;0.0;0.0;0.0;0.0;10.3
Granja;IBUGUACU;-3.3525555555556;-41.267055555556;1999;2;84.5;8.0;0.0;0.0;15.0;9.0;0.0;0.0;4.0;0.0;0.0;0.0;0.0;10.5;0.0;0.0;0.0;0.0;0.0;0.0;0.0;0.0;0.0;0.0;8.0;12.0;0.0;8.0;10.0;888.0;888.0;888.0
Granja;IBUGUACU;-3.3525555555556;-41.267055555556;1999;3;235.0;15.0;0.0;10.0;0.0;0.0;0.0;0.0;0.0;0.0;0.0;0.0;0.0;0.0;0.0;17.0;11.0;2.0;0.0;6.0;50.0;0.0;20.0;0.0;22.0;0.0;27.0;11.0;13.0;5.0;0.0;26.0
Granja;IBUGUACU;-3.3525555555556;-41.267055555556;1999;4;159.0;10.0;0.0;10.0;10.0;0.0;0.0;0.0;0.0;3.0;0.0;0.0;5.0;13.0;0.0;13.0;17.0;0.0;0.0;0.0;0.0;0.0;0.0;0.0;0.0;0.0;16.0;15.0;25.0;22.0;0.0;888.0
Granja;IBUGUACU;-3.3525555555556;-41.267055555556;1999;5;222.0;37.0;8.0;0.0;5.0;20.0;14.0;0.0;27.0;16.0;1.0;0.0;0.0;5.0;0.0;10.0;14.0;10.0;26.0;0.0;0.0;0.0;0.0;9.0;0.0;0.0;0.0;0.0;0.0;0.0;0.0;20.0
Granja;IBUGUACU;-3.3525555555556;-41.267055555556;1999;6;36.0;0.0;0.0;0.0;36.0;0.0;0.0;0.0;0.0;0.0;0.0;0.0;0.0;0.0;0.0;0.0;0.0;0.0;0.0;0.0;0.0;0.0;0.0;0.0;0.0;0.0;0.0;0.0;0.0;0.0;0.0;888.0
Granja;IBUGUACU;-3.3525555555556;-41.267055555556;1999;7;0.0;0.0;0.0;0.0;0.0;0.0;0.0;0.0;0.0;0.0;0.0;0.0;0.0;0.0;0.0;0.0;0.0;0.0;0.0;0.0;0.0;0.0;0.0;0.0;0.0;0.0;0.0;0.0;0.0;0.0;0.0;0.0
Granja;IBUGUACU;-3.3525555555556;-41.267055555556;1999;8;0.0;0.0;0.0;0.0;0.0;0.0;0.0;0.0;0.0;0.0;0.0;0.0;0.0;0.0;0.0;0.0;0.0;0.0;0.0;0.0;0.0;0.0;0.0;0.0;0.0;0.0;0.0;0.0;0.0;0.0;0.0;0.0
Granja;IBUGUACU;-3.3525555555556;-41.267055555556;1999;9;0.0;0.0;0.0;0.0;0.0;0.0;0.0;0.0;0.0;0.0;0.0;0.0;0.0;0.0;0.0;0.0;0.0;0.0;0.0;0.0;0.0;0.0;0.0;0.0;0.0;0.0;0.0;0.0;0.0;0.0;0.0;888.0
Granja;IBUGUACU;-3.3525555555556;-41.267055555556;1999;10;13.0;0.0;0.0;0.0;0.0;0.0;0.0;0.0;0.0;9.0;0.0;0.0;0.0;0.0;0.0;4.0;0.0;0.0;0.0;0.0;0.0;0.0;0.0;0.0;0.0;0.0;0.0;0.0;0.0;0.0;0.0;0.0
Granja;IBUGUACU;-3.3525555555556;-41.267055555556;1999;11;29.0;0.0;0.0;0.0;0.0;0.0;0.0;0.0;0.0;0.0;0.0;0.0;0.0;0.0;0.0;0.0;0.0;0.0;0.0;0.0;0.0;0.0;0.0;0.0;0.0;0.0;0.0;29.0;0.0;0.0;0.0;888.0
Granja;IBUGUACU;-3.3525555555556;-41.267055555556;1999;12;25.0;0.0;0.0;0.0;0.0;0.0;0.0;0.0;0.0;0.0;0.0;0.0;0.0;0.0;0.0;0.0;0.0;0.0;0.0;0.0;0.0;0.0;0.0;0.0;17.0;0.0;0.0;0.0;8.0;0.0;0.0;0.0
Granja;IBUGUACU;-3.3525555555556;-41.267055555556;2000;1;140.0;0.0;0.0;0.0;73.0;0.0;0.0;0.0;0.0;0.0;0.0;0.0;0.0;0.0;0.0;51.0;0.0;16.0;0.0;0.0;0.0;0.0;0.0;0.0;0.0;0.0;0.0;0.0;0.0;0.0;0.0;0.0
Granja;IBUGUACU;-3.3525555555556;-41.267055555556;2000;2;232.0;13.0;0.0;0.0;10.0;0.0;0.0;0.0;0.0;37.0;0.0;0.0;0.0;0.0;0.0;0.0;0.0;20.0;0.0;20.0;38.0;0.0;22.0;0.0;24.0;25.0;0.0;10.0;8.0;5.0;888.0;888.0
Granja;IBUGUACU;-3.3525555555556;-41.267055555556;2000;3;73.0;0.0;0.0;12.0;0.0;0.0;0.0;0.0;0.0;7.0;8.0;3.0;9.0;0.0;0.0;0.0;7.0;0.0;0.0;0.0;0.0;0.0;0.0;0.0;0.0;0.0;2.0;0.0;0.0;25.0;0.0;0.0
Granja;IBUGUACU;-3.3525555555556;-41.267055555556;2000;4;226.0;0.0;0.0;11.0;0.0;0.0;15.0;0.0;0.0;0.0;16.0;0.0;0.0;0.0;40.0;0.0;15.0;45.0;0.0;16.0;0.0;0.0;10.0;0.0;5.0;23.0;0.0;0.0;0.0;0.0;30.0;888.0
Granja;IBUGUACU;-3.3525555555556;-41.267055555556;2000;5;45.0;0.0;0.0;0.0;0.0;0.0;0.0;0.0;0.0;0.0;32.0;0.0;0.0;0.0;0.0;0.0;0.0;13.0;0.0;0.0;0.0;0.0;0.0;0.0;0.0;0.0;0.0;0.0;0.0;0.0;0.0;0.0
Granja;IBUGUACU;-3.3525555555556;-41.267055555556;2000;6;0.0;0.0;0.0;0.0;0.0;0.0;0.0;0.0;0.0;0.0;0.0;0.0;0.0;0.0;0.0;0.0;0.0;0.0;0.0;0.0;0.0;0.0;0.0;0.0;0.0;0.0;0.0;0.0;0.0;0.0;0.0;888.0
Granja;IBUGUACU;-3.3525555555556;-41.267055555556;2000;7;34.0;0.0;0.0;0.0;0.0;0.0;0.0;0.0;0.0;0.0;0.0;0.0;0.0;32.0;0.0;0.0;2.0;0.0;0.0;0.0;0.0;0.0;0.0;0.0;0.0;0.0;0.0;0.0;0.0;0.0;0.0;0.0
Granja;IBUGUACU;-3.3525555555556;-41.267055555556;2000;8;20.0;0.0;0.0;0.0;0.0;0.0;0.0;0.0;0.0;0.0;20.0;0.0;0.0;0.0;0.0;0.0;0.0;0.0;0.0;0.0;0.0;0.0;0.0;0.0;0.0;0.0;0.0;0.0;0.0;0.0;0.0;0.0
Granja;IBUGUACU;-3.3525555555556;-41.267055555556;2000;9;0.0;0.0;0.0;0.0;0.0;0.0;0.0;0.0;0.0;0.0;0.0;0.0;0.0;0.0;0.0;0.0;0.0;0.0;0.0;0.0;0.0;0.0;0.0;0.0;0.0;0.0;0.0;0.0;0.0;0.0;0.0;888.0
Granja;IBUGUACU;-3.3525555555556;-41.267055555556;2000;10;24.0;0.0;0.0;0.0;0.0;0.0;0.0;0.0;0.0;0.0;0.0;0.0;0.0;0.0;0.0;0.0;0.0;0.0;0.0;0.0;0.0;0.0;0.0;0.0;0.0;0.0;24.0;0.0;0.0;0.0;0.0;0.0
Granja;IBUGUACU;-3.3525555555556;-41.267055555556;2000;11;0.0;0.0;0.0;0.0;0.0;0.0;0.0;0.0;0.0;0.0;0.0;0.0;0.0;0.0;0.0;0.0;0.0;0.0;0.0;0.0;0.0;0.0;0.0;0.0;0.0;0.0;0.0;0.0;0.0;0.0;0.0;888.0
Granja;IBUGUACU;-3.3525555555556;-41.267055555556;2000;12;15.0;0.0;0.0;0.0;0.0;0.0;0.0;0.0;0.0;0.0;0.0;0.0;0.0;0.0;0.0;0.0;0.0;0.0;0.0;0.0;0.0;0.0;0.0;0.0;0.0;0.0;0.0;15.0;0.0;0.0;0.0;0.0
Granja;IBUGUACU;-3.3525555555556;-41.267055555556;2001;1;28.0;0.0;0.0;0.0;0.0;0.0;0.0;0.0;0.0;0.0;0.0;0.0;28.0;0.0;0.0;0.0;0.0;0.0;0.0;0.0;0.0;0.0;0.0;0.0;0.0;0.0;0.0;0.0;0.0;0.0;0.0;0.0
Granja;IBUGUACU;-3.3525555555556;-41.267055555556;2001;2;122.0;0.0;0.0;0.0;0.0;8.0;0.0;0.0;0.0;0.0;0.0;0.0;0.0;0.0;0.0;0.0;0.0;20.0;0.0;0.0;0.0;0.0;0.0;24.0;16.0;0.0;54.0;0.0;0.0;888.0;888.0;888.0
Granja;IBUGUACU;-3.3525555555556;-41.267055555556;2001;3;170.0;0.0;0.0;15.0;0.0;20.0;0.0;30.0;25.0;0.0;0.0;0.0;0.0;20.0;0.0;25.0;0.0;0.0;0.0;5.0;0.0;0.0;0.0;0.0;0.0;0.0;0.0;0.0;0.0;25.0;0.0;5.0
Granja;IBUGUACU;-3.3525555555556;-41.267055555556;2001;4;334.0;0.0;86.0;0.0;0.0;0.0;0.0;0.0;10.0;0.0;125.0;0.0;12.0;0.0;18.0;0.0;0.0;0.0;20.0;19.0;0.0;0.0;0.0;23.0;0.0;0.0;0.0;0.0;0.0;21.0;0.0;888.0
Granja;IBUGUACU;-3.3525555555556;-41.267055555556;2001;5;65.0;15.0;0.0;0.0;0.0;0.0;40.0;0.0;0.0;0.0;0.0;0.0;0.0;10.0;0.0;0.0;0.0;0.0;0.0;0.0;0.0;0.0;0.0;0.0;0.0;0.0;0.0;0.0;0.0;0.0;0.0;0.0
Granja;IBUGUACU;-3.3525555555556;-41.267055555556;2001;6;65.0;0.0;0.0;0.0;0.0;0.0;0.0;0.0;0.0;0.0;0.0;40.0;0.0;0.0;0.0;15.0;0.0;0.0;10.0;0.0;0.0;0.0;0.0;0.0;0.0;0.0;0.0;0.0;0.0;0.0;0.0;888.0
Granja;IBUGUACU;-3.3525555555556;-41.267055555556;2001;7;0.0;0.0;0.0;0.0;0.0;0.0;0.0;0.0;0.0;0.0;0.0;0.0;0.0;0.0;0.0;0.0;0.0;0.0;0.0;0.0;0.0;0.0;0.0;0.0;0.0;0.0;0.0;0.0;0.0;0.0;0.0;0.0
Granja;IBUGUACU;-3.3525555555556;-41.267055555556;2001;8;0.0;0.0;0.0;0.0;0.0;0.0;0.0;0.0;0.0;0.0;0.0;0.0;0.0;0.0;0.0;0.0;0.0;0.0;0.0;0.0;0.0;0.0;0.0;0.0;0.0;0.0;0.0;0.0;0.0;0.0;0.0;0.0
Granja;IBUGUACU;-3.3525555555556;-41.267055555556;2001;9;0.0;0.0;0.0;0.0;0.0;0.0;0.0;0.0;0.0;0.0;0.0;0.0;0.0;0.0;0.0;0.0;0.0;0.0;0.0;0.0;0.0;0.0;0.0;0.0;0.0;0.0;0.0;0.0;0.0;0.0;0.0;888.0
Granja;IBUGUACU;-3.3525555555556;-41.267055555556;2001;10;0.0;0.0;0.0;0.0;0.0;0.0;0.0;0.0;0.0;0.0;0.0;0.0;0.0;0.0;0.0;0.0;0.0;0.0;0.0;0.0;0.0;0.0;0.0;0.0;0.0;0.0;0.0;0.0;0.0;0.0;0.0;0.0
Granja;IBUGUACU;-3.3525555555556;-41.267055555556;2001;11;0.8;0.0;0.0;0.8;0.0;0.0;0.0;0.0;0.0;0.0;0.0;0.0;0.0;0.0;0.0;0.0;0.0;0.0;0.0;0.0;0.0;0.0;0.0;0.0;0.0;0.0;0.0;0.0;0.0;0.0;0.0;888.0
Granja;IBUGUACU;-3.3525555555556;-41.267055555556;2001;12;0.0;0.0;0.0;0.0;0.0;0.0;0.0;0.0;0.0;0.0;0.0;0.0;0.0;0.0;0.0;0.0;0.0;0.0;0.0;0.0;0.0;0.0;0.0;0.0;0.0;0.0;0.0;0.0;0.0;0.0;0.0;0.0
Granja;IBUGUACU;-3.3525555555556;-41.267055555556;2002;1;271.0;0.0;0.0;0.0;0.0;4.0;0.0;18.0;15.0;107.0;0.0;4.0;0.0;0.0;0.0;17.0;0.0;0.0;18.0;0.0;0.0;0.0;23.0;0.0;0.0;10.0;0.0;25.0;20.0;0.0;0.0;10.0
Granja;IBUGUACU;-3.3525555555556;-41.267055555556;2002;2;40.0;2.0;0.0;0.0;0.0;0.0;0.0;0.0;0.0;0.0;0.0;0.0;11.0;15.0;0.0;0.0;6.0;6.0;0.0;0.0;0.0;0.0;0.0;0.0;0.0;0.0;0.0;0.0;0.0;888.0;888.0;888.0
Granja;IBUGUACU;-3.3525555555556;-41.267055555556;2002;3;207.0;0.0;0.0;0.0;43.0;10.0;0.0;0.0;16.0;37.0;0.0;0.0;11.0;0.0;0.0;0.0;0.0;0.0;0.0;13.0;0.0;0.0;0.0;0.0;30.0;7.0;0.0;0.0;0.0;0.0;0.0;40.0
Granja;IBUGUACU;-3.3525555555556;-41.267055555556;2002;4;253.0;20.0;0.0;0.0;2.0;0.0;43.0;55.0;80.0;8.0;22.0;2.0;0.0;0.0;0.0;0.0;0.0;0.0;0.0;0.0;0.0;0.0;0.0;3.0;0.0;7.0;11.0;0.0;0.0;0.0;0.0;888.0
Granja;IBUGUACU;-3.3525555555556;-41.267055555556;2002;5;72.0;0.0;14.0;0.0;0.0;13.0;0.0;0.0;0.0;0.0;0.0;0.0;16.0;0.0;0.0;0.0;0.0;0.0;0.0;0.0;0.0;0.0;0.0;0.0;9.0;10.0;6.0;0.0;0.0;4.0;0.0;0.0
Granja;IBUGUACU;-3.3525555555556;-41.267055555556;2002;6;18.0;0.0;0.0;0.0;0.0;18.0;0.0;0.0;0.0;0.0;0.0;0.0;0.0;0.0;0.0;0.0;0.0;0.0;0.0;0.0;0.0;0.0;0.0;0.0;0.0;0.0;0.0;0.0;0.0;0.0;0.0;888.0
Granja;IBUGUACU;-3.3525555555556;-41.267055555556;2002;7;0.0;0.0;0.0;0.0;0.0;0.0;0.0;0.0;0.0;0.0;0.0;0.0;0.0;0.0;0.0;0.0;0.0;0.0;0.0;0.0;0.0;0.0;0.0;0.0;0.0;0.0;0.0;0.0;0.0;0.0;0.0;0.0
Granja;IBUGUACU;-3.3525555555556;-41.267055555556;2002;8;0.0;0.0;0.0;0.0;0.0;0.0;0.0;0.0;0.0;0.0;0.0;0.0;0.0;0.0;0.0;0.0;0.0;0.0;0.0;0.0;0.0;0.0;0.0;0.0;0.0;0.0;0.0;0.0;0.0;0.0;0.0;0.0
Granja;IBUGUACU;-3.3525555555556;-41.267055555556;2002;9;0.0;0.0;0.0;0.0;0.0;0.0;0.0;0.0;0.0;0.0;0.0;0.0;0.0;0.0;0.0;0.0;0.0;0.0;0.0;0.0;0.0;0.0;0.0;0.0;0.0;0.0;0.0;0.0;0.0;0.0;0.0;888.0
Granja;IBUGUACU;-3.3525555555556;-41.267055555556;2002;10;0.0;0.0;0.0;0.0;0.0;0.0;0.0;0.0;0.0;0.0;0.0;0.0;0.0;0.0;0.0;0.0;0.0;0.0;0.0;0.0;0.0;0.0;0.0;0.0;0.0;0.0;0.0;0.0;0.0;0.0;0.0;0.0
Granja;IBUGUACU;-3.3525555555556;-41.267055555556;2002;11;0.0;0.0;0.0;0.0;0.0;0.0;0.0;0.0;0.0;0.0;0.0;0.0;0.0;0.0;0.0;0.0;0.0;0.0;0.0;0.0;0.0;0.0;0.0;0.0;0.0;0.0;0.0;0.0;0.0;0.0;0.0;888.0
Granja;IBUGUACU;-3.3525555555556;-41.267055555556;2002;12;0.0;0.0;0.0;0.0;0.0;0.0;0.0;0.0;0.0;0.0;0.0;0.0;0.0;0.0;0.0;0.0;0.0;0.0;0.0;0.0;0.0;0.0;0.0;0.0;0.0;0.0;0.0;0.0;0.0;0.0;0.0;0.0
Granja;IBUGUACU;-3.3525555555556;-41.267055555556;2003;1;166.0;0.0;0.0;0.0;0.0;0.0;0.0;0.0;0.0;0.0;0.0;0.0;0.0;0.0;0.0;0.0;0.0;0.0;0.0;52.0;36.0;0.0;0.0;0.0;0.0;0.0;0.0;0.0;34.0;30.0;0.0;14.0
Granja;IBUGUACU;-3.3525555555556;-41.267055555556;2003;2;228.0;0.0;0.0;11.0;0.0;0.0;39.0;10.0;0.0;0.0;0.0;0.0;0.0;0.0;0.0;0.0;0.0;27.0;43.0;12.0;0.0;25.0;0.0;0.0;9.0;24.0;9.0;0.0;19.0;888.0;888.0;888.0
Granja;IBUGUACU;-3.3525555555556;-41.267055555556;2003;3;249.0;23.0;0.0;0.0;20.0;5.0;8.0;0.0;0.0;0.0;7.0;6.0;9.0;0.0;3.0;0.0;10.0;9.0;6.0;5.0;2.0;10.0;26.0;10.0;40.0;0.0;0.0;0.0;0.0;0.0;0.0;50.0
Granja;IBUGUACU;-3.3525555555556;-41.267055555556;2003;4;60.0;0.0;0.0;0.0;38.0;0.0;0.0;0.0;0.0;0.0;0.0;0.0;0.0;0.0;22.0;0.0;0.0;0.0;0.0;0.0;0.0;0.0;0.0;0.0;0.0;0.0;0.0;0.0;0.0;0.0;0.0;888.0
Granja;IBUGUACU;-3.3525555555556;-41.267055555556;2003;5;0.0;0.0;0.0;0.0;0.0;0.0;0.0;0.0;0.0;0.0;0.0;0.0;0.0;0.0;0.0;0.0;0.0;0.0;0.0;0.0;0.0;0.0;0.0;0.0;0.0;0.0;0.0;0.0;0.0;0.0;0.0;0.0
Granja;IBUGUACU;-3.3525555555556;-41.267055555556;2003;6;0.0;0.0;0.0;0.0;0.0;0.0;0.0;0.0;0.0;0.0;0.0;0.0;0.0;0.0;0.0;0.0;0.0;0.0;0.0;0.0;0.0;0.0;0.0;0.0;0.0;0.0;0.0;0.0;0.0;0.0;0.0;888.0
Granja;IBUGUACU;-3.3525555555556;-41.267055555556;2003;7;0.0;0.0;0.0;0.0;0.0;0.0;0.0;0.0;0.0;0.0;0.0;0.0;0.0;0.0;0.0;0.0;0.0;0.0;0.0;0.0;0.0;0.0;0.0;0.0;0.0;0.0;0.0;0.0;0.0;0.0;0.0;0.0
Granja;IBUGUACU;-3.3525555555556;-41.267055555556;2003;8;0.0;0.0;0.0;0.0;0.0;0.0;0.0;0.0;0.0;0.0;0.0;0.0;0.0;0.0;0.0;0.0;0.0;0.0;0.0;0.0;0.0;0.0;0.0;0.0;0.0;0.0;0.0;0.0;0.0;0.0;0.0;0.0
Granja;IBUGUACU;-3.3525555555556;-41.267055555556;2003;9;0.0;0.0;0.0;0.0;0.0;0.0;0.0;0.0;0.0;0.0;0.0;0.0;0.0;0.0;0.0;0.0;0.0;0.0;0.0;0.0;0.0;0.0;0.0;0.0;0.0;0.0;0.0;0.0;0.0;0.0;0.0;888.0
Granja;IBUGUACU;-3.3525555555556;-41.267055555556;2003;10;0.0;0.0;0.0;0.0;0.0;0.0;0.0;0.0;0.0;0.0;0.0;0.0;0.0;0.0;0.0;0.0;0.0;0.0;0.0;0.0;0.0;0.0;0.0;0.0;0.0;0.0;0.0;0.0;0.0;0.0;0.0;0.0
Granja;IBUGUACU;-3.3525555555556;-41.267055555556;2003;11;0.0;0.0;0.0;0.0;0.0;0.0;0.0;0.0;0.0;0.0;0.0;0.0;0.0;0.0;0.0;0.0;0.0;0.0;0.0;0.0;0.0;0.0;0.0;0.0;0.0;0.0;0.0;0.0;0.0;0.0;0.0;888.0
Granja;IBUGUACU;-3.3525555555556;-41.267055555556;2003;12;0.0;0.0;0.0;0.0;0.0;0.0;0.0;0.0;0.0;0.0;0.0;0.0;0.0;0.0;0.0;0.0;0.0;0.0;0.0;0.0;0.0;0.0;0.0;0.0;0.0;0.0;0.0;0.0;0.0;0.0;0.0;0.0
Granja;IBUGUACU;-3.3525555555556;-41.267055555556;2004;1;342.0;0.0;0.0;0.0;0.0;0.0;0.0;0.0;0.0;0.0;0.0;0.0;0.0;0.0;0.0;0.0;0.0;0.0;0.0;30.0;0.0;0.0;20.0;0.0;50.0;75.0;0.0;20.0;0.0;80.0;55.0;12.0
Granja;IBUGUACU;-3.3525555555556;-41.267055555556;2004;2;184.0;0.0;25.0;5.0;15.0;0.0;20.0;0.0;11.0;20.0;0.0;0.0;0.0;12.0;0.0;19.0;3.0;0.0;7.0;0.0;0.0;0.0;0.0;0.0;13.0;0.0;0.0;29.0;0.0;5.0;888.0;888.0
Granja;IBUGUACU;-3.3525555555556;-41.267055555556;2004;3;113.0;0.0;0.0;5.0;0.0;0.0;10.0;0.0;0.0;0.0;0.0;0.0;13.0;0.0;0.0;0.0;0.0;0.0;0.0;0.0;5.0;0.0;20.0;0.0;25.0;0.0;15.0;0.0;5.0;0.0;10.0;5.0
Granja;IBUGUACU;-3.3525555555556;-41.267055555556;2004;4;171.0;10.0;0.0;5.0;9.0;13.0;0.0;0.0;15.0;8.0;0.0;0.0;0.0;0.0;0.0;0.0;7.0;0.0;0.0;0.0;0.0;0.0;24.0;0.0;0.0;0.0;80.0;0.0;0.0;0.0;0.0;888.0
Granja;IBUGUACU;-3.3525555555556;-41.267055555556;2004;5;0.0;0.0;0.0;0.0;0.0;0.0;0.0;0.0;0.0;0.0;0.0;0.0;0.0;0.0;0.0;0.0;0.0;0.0;0.0;0.0;0.0;0.0;0.0;0.0;0.0;0.0;0.0;0.0;0.0;0.0;0.0;0.0
Granja;IBUGUACU;-3.3525555555556;-41.267055555556;2004;6;0.0;0.0;0.0;0.0;0.0;0.0;0.0;0.0;0.0;0.0;0.0;0.0;0.0;0.0;0.0;0.0;0.0;0.0;0.0;0.0;0.0;0.0;0.0;0.0;0.0;0.0;0.0;0.0;0.0;0.0;0.0;888.0
Granja;IBUGUACU;-3.3525555555556;-41.267055555556;2004;7;0.0;0.0;0.0;0.0;0.0;0.0;0.0;0.0;0.0;0.0;0.0;0.0;0.0;0.0;0.0;0.0;0.0;0.0;0.0;0.0;0.0;0.0;0.0;0.0;0.0;0.0;0.0;0.0;0.0;0.0;0.0;0.0
Granja;IBUGUACU;-3.3525555555556;-41.267055555556;2004;8;0.0;0.0;0.0;0.0;0.0;0.0;0.0;0.0;0.0;0.0;0.0;0.0;0.0;0.0;0.0;0.0;0.0;0.0;0.0;0.0;0.0;0.0;0.0;0.0;0.0;0.0;0.0;0.0;0.0;0.0;0.0;0.0
Granja;IBUGUACU;-3.3525555555556;-41.267055555556;2004;9;0.0;0.0;0.0;0.0;0.0;0.0;0.0;0.0;0.0;0.0;0.0;0.0;0.0;0.0;0.0;0.0;0.0;0.0;0.0;0.0;0.0;0.0;0.0;0.0;0.0;0.0;0.0;0.0;0.0;0.0;0.0;888.0
Granja;IBUGUACU;-3.3525555555556;-41.267055555556;2004;10;0.0;0.0;0.0;0.0;0.0;0.0;0.0;0.0;0.0;0.0;0.0;0.0;0.0;0.0;0.0;0.0;0.0;0.0;0.0;0.0;0.0;0.0;0.0;0.0;0.0;0.0;0.0;0.0;0.0;0.0;0.0;0.0
Granja;IBUGUACU;-3.3525555555556;-41.267055555556;2004;11;0.0;0.0;0.0;0.0;0.0;0.0;0.0;0.0;0.0;0.0;0.0;0.0;0.0;0.0;0.0;0.0;0.0;0.0;0.0;0.0;0.0;0.0;0.0;0.0;0.0;0.0;0.0;0.0;0.0;0.0;0.0;888.0
Granja;IBUGUACU;-3.3525555555556;-41.267055555556;2004;12;0.0;0.0;0.0;0.0;0.0;0.0;0.0;0.0;0.0;0.0;0.0;0.0;0.0;0.0;0.0;0.0;0.0;0.0;0.0;0.0;0.0;0.0;0.0;0.0;0.0;0.0;0.0;0.0;0.0;0.0;0.0;0.0
Granja;IBUGUACU;-3.3525555555556;-41.267055555556;2005;1;37.0;0.0;0.0;0.0;0.0;0.0;0.0;0.0;0.0;0.0;0.0;0.0;0.0;0.0;0.0;0.0;0.0;0.0;0.0;0.0;0.0;0.0;0.0;0.0;0.0;0.0;37.0;0.0;0.0;0.0;0.0;0.0
Granja;IBUGUACU;-3.3525555555556;-41.267055555556;2005;2;44.0;0.0;0.0;13.0;0.0;0.0;0.0;0.0;0.0;0.0;0.0;0.0;0.0;0.0;0.0;0.0;8.0;0.0;5.0;0.0;0.0;0.0;0.0;0.0;8.0;0.0;10.0;0.0;0.0;888.0;888.0;888.0
Granja;IBUGUACU;-3.3525555555556;-41.267055555556;2005;3;177.0;0.0;0.0;0.0;0.0;0.0;0.0;0.0;0.0;0.0;0.0;0.0;11.0;12.0;9.0;0.0;0.0;0.0;0.0;0.0;19.0;12.0;0.0;12.0;0.0;20.0;18.0;13.0;20.0;15.0;10.0;6.0
Granja;IBUGUACU;-3.3525555555556;-41.267055555556;2005;4;134.0;0.0;0.0;0.0;0.0;10.0;9.0;11.0;16.0;22.0;27.0;0.0;0.0;0.0;10.0;9.0;10.0;9.0;0.0;0.0;0.0;0.0;0.0;0.0;0.0;0.0;1.0;0.0;0.0;0.0;0.0;888.0
Granja;IBUGUACU;-3.3525555555556;-41.267055555556;2005;5;87.0;5.0;3.0;16.0;0.0;0.0;5.0;3.0;0.0;6.0;0.0;0.0;5.0;0.0;0.0;0.0;5.0;2.0;0.0;0.0;0.0;4.0;0.0;5.0;16.0;0.0;12.0;0.0;0.0;0.0;0.0;0.0
Granja;IBUGUACU;-3.3525555555556;-41.267055555556;2005;6;0.0;0.0;0.0;0.0;0.0;0.0;0.0;0.0;0.0;0.0;0.0;0.0;0.0;0.0;0.0;0.0;0.0;0.0;0.0;0.0;0.0;0.0;0.0;0.0;0.0;0.0;0.0;0.0;0.0;0.0;0.0;888.0
Granja;IBUGUACU;-3.3525555555556;-41.267055555556;2005;7;0.0;0.0;0.0;0.0;0.0;0.0;0.0;0.0;0.0;0.0;0.0;0.0;0.0;0.0;0.0;0.0;0.0;0.0;0.0;0.0;0.0;0.0;0.0;0.0;0.0;0.0;0.0;0.0;0.0;0.0;0.0;0.0
Granja;IBUGUACU;-3.3525555555556;-41.267055555556;2005;8;0.0;0.0;0.0;0.0;0.0;0.0;0.0;0.0;0.0;0.0;0.0;0.0;0.0;0.0;0.0;0.0;0.0;0.0;0.0;0.0;0.0;0.0;0.0;0.0;0.0;0.0;0.0;0.0;0.0;0.0;0.0;0.0
Granja;IBUGUACU;-3.3525555555556;-41.267055555556;2005;9;0.0;0.0;0.0;0.0;0.0;0.0;0.0;0.0;0.0;0.0;0.0;0.0;0.0;0.0;0.0;0.0;0.0;0.0;0.0;0.0;0.0;0.0;0.0;0.0;0.0;0.0;0.0;0.0;0.0;0.0;0.0;888.0
Granja;IBUGUACU;-3.3525555555556;-41.267055555556;2005;10;0.0;0.0;0.0;0.0;0.0;0.0;0.0;0.0;0.0;0.0;0.0;0.0;0.0;0.0;0.0;0.0;0.0;0.0;0.0;0.0;0.0;0.0;0.0;0.0;0.0;0.0;0.0;0.0;0.0;0.0;0.0;0.0
Granja;IBUGUACU;-3.3525555555556;-41.267055555556;2005;11;0.0;0.0;0.0;0.0;0.0;0.0;0.0;0.0;0.0;0.0;0.0;0.0;0.0;0.0;0.0;0.0;0.0;0.0;0.0;0.0;0.0;0.0;0.0;0.0;0.0;0.0;0.0;0.0;0.0;0.0;0.0;888.0
Granja;IBUGUACU;-3.3525555555556;-41.267055555556;2005;12;102.0;0.0;0.0;0.0;0.0;0.0;0.0;0.0;39.0;0.0;0.0;0.0;0.0;0.0;0.0;0.0;0.0;0.0;0.0;0.0;0.0;0.0;0.0;0.0;0.0;0.0;35.0;0.0;0.0;28.0;0.0;0.0
Granja;IBUGUACU;-3.3525555555556;-41.267055555556;2006;1;13.0;0.0;0.0;0.0;0.0;0.0;0.0;13.0;0.0;0.0;0.0;0.0;0.0;0.0;0.0;0.0;0.0;0.0;0.0;0.0;0.0;0.0;0.0;0.0;0.0;0.0;0.0;0.0;0.0;0.0;0.0;0.0
Granja;IBUGUACU;-3.3525555555556;-41.267055555556;2006;2;148.0;0.0;0.0;0.0;0.0;0.0;0.0;0.0;0.0;0.0;0.0;0.0;34.0;39.0;20.0;15.0;0.0;2.0;2.0;0.0;0.0;0.0;0.0;10.0;0.0;0.0;20.0;6.0;0.0;888.0;888.0;888.0
Granja;IBUGUACU;-3.3525555555556;-41.267055555556;2006;3;278.0;125.0;46.0;0.0;11.0;0.0;0.0;20.0;21.0;0.0;0.0;0.0;0.0;0.0;2.0;0.0;11.0;0.0;2.0;0.0;0.0;10.0;0.0;0.0;4.0;0.0;15.0;11.0;0.0;0.0;0.0;0.0
Granja;IBUGUACU;-3.3525555555556;-41.267055555556;2006;4;210.0;20.0;0.0;0.0;0.0;32.0;0.0;0.0;14.0;9.0;2.0;0.0;0.0;17.0;0.0;2.0;0.0;10.0;0.0;0.0;12.0;0.0;25.0;0.0;8.0;5.0;0.0;0.0;8.0;18.0;28.0;888.0
Granja;IBUGUACU;-3.3525555555556;-41.267055555556;2006;5;205.0;42.0;0.0;0.0;0.0;0.0;6.0;12.0;4.0;0.0;17.0;40.0;10.0;42.0;0.0;0.0;0.0;12.0;0.0;0.0;3.0;0.0;0.0;0.0;0.0;17.0;0.0;0.0;0.0;0.0;0.0;0.0
Granja;IBUGUACU;-3.3525555555556;-41.267055555556;2006;6;89.0;0.0;0.0;0.0;0.0;0.0;0.0;0.0;0.0;0.0;0.0;0.0;73.0;0.0;16.0;0.0;0.0;0.0;0.0;0.0;0.0;0.0;0.0;0.0;0.0;0.0;0.0;0.0;0.0;0.0;0.0;888.0
Granja;IBUGUACU;-3.3525555555556;-41.267055555556;2006;7;0.0;0.0;0.0;0.0;0.0;0.0;0.0;0.0;0.0;0.0;0.0;0.0;0.0;0.0;0.0;0.0;0.0;0.0;0.0;0.0;0.0;0.0;0.0;0.0;0.0;0.0;0.0;0.0;0.0;0.0;0.0;0.0
Granja;IBUGUACU;-3.3525555555556;-41.267055555556;2006;8;0.0;0.0;0.0;0.0;0.0;0.0;0.0;0.0;0.0;0.0;0.0;0.0;0.0;0.0;0.0;0.0;0.0;0.0;0.0;0.0;0.0;0.0;0.0;0.0;0.0;0.0;0.0;0.0;0.0;0.0;0.0;0.0
Granja;IBUGUACU;-3.3525555555556;-41.267055555556;2006;9;0.0;0.0;0.0;0.0;0.0;0.0;0.0;0.0;0.0;0.0;0.0;0.0;0.0;0.0;0.0;0.0;0.0;0.0;0.0;0.0;0.0;0.0;0.0;0.0;0.0;0.0;0.0;0.0;0.0;0.0;0.0;888.0
Granja;IBUGUACU;-3.3525555555556;-41.267055555556;2006;10;0.0;0.0;0.0;0.0;0.0;0.0;0.0;0.0;0.0;0.0;0.0;0.0;0.0;0.0;0.0;0.0;0.0;0.0;0.0;0.0;0.0;0.0;0.0;0.0;0.0;0.0;0.0;0.0;0.0;0.0;0.0;0.0
Granja;IBUGUACU;-3.3525555555556;-41.267055555556;2006;11;0.0;0.0;0.0;0.0;0.0;0.0;0.0;0.0;0.0;0.0;0.0;0.0;0.0;0.0;0.0;0.0;0.0;0.0;0.0;0.0;0.0;0.0;0.0;0.0;0.0;0.0;0.0;0.0;0.0;0.0;0.0;888.0
Granja;IBUGUACU;-3.3525555555556;-41.267055555556;2006;12;0.0;0.0;0.0;0.0;0.0;0.0;0.0;0.0;0.0;0.0;0.0;0.0;0.0;0.0;0.0;0.0;0.0;0.0;0.0;0.0;0.0;0.0;0.0;0.0;0.0;0.0;0.0;0.0;0.0;0.0;0.0;0.0
Granja;IBUGUACU;-3.3525555555556;-41.267055555556;2007;1;0.0;0.0;0.0;0.0;0.0;0.0;0.0;0.0;0.0;0.0;0.0;0.0;0.0;0.0;0.0;0.0;0.0;0.0;0.0;0.0;0.0;0.0;0.0;0.0;0.0;0.0;0.0;0.0;0.0;0.0;0.0;0.0
Granja;IBUGUACU;-3.3525555555556;-41.267055555556;2007;2;399.0;0.0;0.0;0.0;57.0;14.0;3.0;0.0;0.0;0.0;0.0;0.0;0.0;35.0;20.0;14.0;20.0;15.0;124.0;17.0;0.0;0.0;14.0;0.0;17.0;12.0;23.0;14.0;0.0;888.0;888.0;888.0
Granja;IBUGUACU;-3.3525555555556;-41.267055555556;2007;3;132.0;0.0;0.0;0.0;0.0;0.0;0.0;0.0;0.0;13.0;10.0;0.0;11.0;0.0;0.0;14.0;0.0;0.0;0.0;0.0;0.0;0.0;0.0;0.0;41.0;0.0;0.0;0.0;13.0;30.0;0.0;0.0
Granja;IBUGUACU;-3.3525555555556;-41.267055555556;2007;4;172.0;0.0;10.0;0.0;4.0;0.0;0.0;6.0;4.0;15.0;0.0;0.0;0.0;0.0;3.0;8.0;0.0;25.0;0.0;0.0;10.0;15.0;25.0;10.0;0.0;5.0;10.0;0.0;12.0;10.0;0.0;888.0
Granja;IBUGUACU;-3.3525555555556;-41.267055555556;2007;5;72.0;38.0;0.0;8.0;3.0;0.0;0.0;0.0;0.0;0.0;0.0;0.0;0.0;0.0;0.0;0.0;0.0;0.0;0.0;0.0;0.0;3.0;0.0;0.0;20.0;0.0;0.0;0.0;0.0;0.0;0.0;0.0
Granja;IBUGUACU;-3.3525555555556;-41.267055555556;2007;6;20.0;0.0;0.0;0.0;0.0;0.0;0.0;0.0;0.0;20.0;0.0;0.0;0.0;0.0;0.0;0.0;0.0;0.0;0.0;0.0;0.0;0.0;0.0;0.0;0.0;0.0;0.0;0.0;0.0;0.0;0.0;888.0
Granja;IBUGUACU;-3.3525555555556;-41.267055555556;2007;7;0.0;0.0;0.0;0.0;0.0;0.0;0.0;0.0;0.0;0.0;0.0;0.0;0.0;0.0;0.0;0.0;0.0;0.0;0.0;0.0;0.0;0.0;0.0;0.0;0.0;0.0;0.0;0.0;0.0;0.0;0.0;0.0
Granja;IBUGUACU;-3.3525555555556;-41.267055555556;2007;8;0.0;0.0;0.0;0.0;0.0;0.0;0.0;0.0;0.0;0.0;0.0;0.0;0.0;0.0;0.0;0.0;0.0;0.0;0.0;0.0;0.0;0.0;0.0;0.0;0.0;0.0;0.0;0.0;0.0;0.0;0.0;0.0
Granja;IBUGUACU;-3.3525555555556;-41.267055555556;2007;9;0.0;0.0;0.0;0.0;0.0;0.0;0.0;0.0;0.0;0.0;0.0;0.0;0.0;0.0;0.0;0.0;0.0;0.0;0.0;0.0;0.0;0.0;0.0;0.0;0.0;0.0;0.0;0.0;0.0;0.0;0.0;888.0
Granja;IBUGUACU;-3.3525555555556;-41.267055555556;2007;10;0.0;0.0;0.0;0.0;0.0;0.0;0.0;0.0;0.0;0.0;0.0;0.0;0.0;0.0;0.0;0.0;0.0;0.0;0.0;0.0;0.0;0.0;0.0;0.0;0.0;0.0;0.0;0.0;0.0;0.0;0.0;0.0
Granja;IBUGUACU;-3.3525555555556;-41.267055555556;2007;11;0.0;0.0;0.0;0.0;0.0;0.0;0.0;0.0;0.0;0.0;0.0;0.0;0.0;0.0;0.0;0.0;0.0;0.0;0.0;0.0;0.0;0.0;0.0;0.0;0.0;0.0;0.0;0.0;0.0;0.0;0.0;888.0
Granja;IBUGUACU;-3.3525555555556;-41.267055555556;2007;12;6.0;0.0;0.0;0.0;0.0;0.0;0.0;0.0;0.0;0.0;0.0;0.0;999.0;999.0;999.0;0.0;6.0;999.0;999.0;999.0;999.0;999.0;999.0;999.0;999.0;999.0;999.0;999.0;999.0;999.0;999.0;999.0
Granja;IBUGUACU;-3.3525555555556;-41.267055555556;2008;1;0.0;0.0;999.0;999.0;999.0;999.0;999.0;999.0;999.0;999.0;999.0;999.0;999.0;999.0;999.0;999.0;999.0;999.0;999.0;999.0;999.0;999.0;999.0;999.0;999.0;999.0;999.0;999.0;999.0;999.0;999.0;999.0
Granja;IBUGUACU;-3.3525555555556;-41.267055555556;2008;12;0.0;0.0;999.0;999.0;999.0;999.0;999.0;999.0;999.0;999.0;999.0;999.0;999.0;999.0;999.0;999.0;999.0;999.0;999.0;999.0;999.0;999.0;999.0;999.0;999.0;999.0;999.0;999.0;999.0;999.0;999.0;999.0
Granja;IBUGUACU;-3.3525555555556;-41.267055555556;2009;3;75.0;999.0;999.0;999.0;999.0;999.0;999.0;999.0;999.0;999.0;999.0;999.0;999.0;999.0;999.0;999.0;999.0;999.0;999.0;999.0;999.0;999.0;999.0;999.0;999.0;999.0;999.0;999.0;75.0;0.0;0.0;0.0
Granja;IBUGUACU;-3.3525555555556;-41.267055555556;2009;4;560.0;0.0;0.0;76.0;0.0;0.0;0.0;0.0;0.0;0.0;75.0;0.0;0.0;28.0;45.0;50.0;0.0;4.0;0.0;0.0;0.0;27.0;0.0;0.0;140.0;35.0;0.0;5.0;75.0;0.0;0.0;888.0
Granja;IBUGUACU;-3.3525555555556;-41.267055555556;2009;5;634.0;110.0;110.0;107.0;32.0;62.0;0.0;0.0;8.0;5.0;0.0;40.0;30.0;5.0;0.0;15.0;0.0;0.0;0.0;19.0;1.0;0.0;0.0;18.0;15.0;22.0;25.0;0.0;10.0;0.0;0.0;0.0
Granja;IBUGUACU;-3.3525555555556;-41.267055555556;2009;6;148.0;30.0;0.0;5.0;73.0;0.0;0.0;0.0;0.0;0.0;0.0;0.0;0.0;0.0;10.0;0.0;0.0;0.0;0.0;0.0;0.0;0.0;15.0;0.0;15.0;0.0;0.0;0.0;0.0;0.0;0.0;888.0
Granja;IBUGUACU;-3.3525555555556;-41.267055555556;2009;7;0.0;0.0;0.0;0.0;0.0;0.0;0.0;0.0;0.0;0.0;0.0;0.0;0.0;0.0;0.0;0.0;0.0;0.0;0.0;0.0;0.0;0.0;0.0;0.0;0.0;0.0;0.0;0.0;0.0;0.0;0.0;0.0
Granja;IBUGUACU;-3.3525555555556;-41.267055555556;2009;8;0.0;0.0;0.0;0.0;0.0;0.0;0.0;0.0;0.0;0.0;0.0;0.0;0.0;0.0;0.0;0.0;0.0;0.0;0.0;0.0;0.0;0.0;0.0;0.0;0.0;0.0;0.0;0.0;0.0;0.0;0.0;0.0
Granja;IBUGUACU;-3.3525555555556;-41.267055555556;2009;9;0.0;0.0;0.0;0.0;0.0;0.0;0.0;0.0;0.0;0.0;0.0;0.0;0.0;0.0;0.0;0.0;0.0;0.0;0.0;0.0;0.0;0.0;0.0;0.0;0.0;0.0;0.0;0.0;0.0;0.0;0.0;888.0
Granja;IBUGUACU;-3.3525555555556;-41.267055555556;2009;10;0.0;0.0;0.0;0.0;0.0;0.0;0.0;0.0;0.0;0.0;0.0;0.0;0.0;0.0;0.0;0.0;0.0;0.0;0.0;0.0;0.0;0.0;0.0;0.0;0.0;0.0;0.0;0.0;0.0;0.0;0.0;0.0
Granja;IBUGUACU;-3.3525555555556;-41.267055555556;2009;11;0.0;0.0;0.0;0.0;0.0;0.0;0.0;0.0;0.0;0.0;0.0;0.0;0.0;0.0;0.0;0.0;0.0;0.0;0.0;0.0;0.0;0.0;0.0;0.0;0.0;0.0;0.0;0.0;0.0;0.0;0.0;888.0
Granja;IBUGUACU;-3.3525555555556;-41.267055555556;2009;12;5.0;0.0;0.0;0.0;0.0;0.0;0.0;0.0;0.0;0.0;0.0;0.0;5.0;0.0;0.0;0.0;0.0;0.0;0.0;0.0;0.0;0.0;0.0;0.0;0.0;0.0;0.0;0.0;0.0;0.0;0.0;0.0
Granja;IBUGUACU;-3.3525555555556;-41.267055555556;2010;1;99.0;0.0;0.0;0.0;0.0;0.0;0.0;0.0;17.0;50.0;29.0;0.0;0.0;0.0;0.0;0.0;0.0;0.0;0.0;0.0;0.0;0.0;0.0;3.0;0.0;0.0;0.0;0.0;0.0;0.0;0.0;0.0
Granja;IBUGUACU;-3.3525555555556;-41.267055555556;2010;2;70.0;0.0;22.0;0.0;0.0;0.0;0.0;0.0;38.0;0.0;0.0;0.0;0.0;0.0;0.0;5.0;0.0;0.0;0.0;0.0;0.0;0.0;5.0;0.0;0.0;0.0;0.0;0.0;0.0;888.0;888.0;888.0
Granja;IBUGUACU;-3.3525555555556;-41.267055555556;2010;3;46.0;0.0;0.0;0.0;0.0;0.0;0.0;0.0;0.0;0.0;0.0;0.0;0.0;10.0;0.0;0.0;0.0;0.0;0.0;0.0;4.0;3.0;4.0;6.0;0.0;10.0;0.0;0.0;0.0;9.0;0.0;0.0
Granja;IBUGUACU;-3.3525555555556;-41.267055555556;2010;4;153.0;0.0;0.0;0.0;25.0;0.0;0.0;25.0;0.0;0.0;0.0;0.0;8.0;15.0;0.0;0.0;20.0;0.0;20.0;0.0;0.0;0.0;15.0;15.0;0.0;0.0;0.0;0.0;10.0;0.0;0.0;888.0
Granja;IBUGUACU;-3.3525555555556;-41.267055555556;2010;5;55.0;40.0;3.0;0.0;0.0;0.0;0.0;0.0;0.0;0.0;0.0;0.0;0.0;12.0;0.0;0.0;0.0;0.0;0.0;0.0;0.0;0.0;0.0;0.0;0.0;0.0;0.0;0.0;0.0;0.0;0.0;0.0
Granja;IBUGUACU;-3.3525555555556;-41.267055555556;2010;6;66.0;0.0;0.0;0.0;0.0;0.0;0.0;0.0;0.0;0.0;0.0;16.0;0.0;0.0;0.0;0.0;0.0;0.0;50.0;0.0;0.0;0.0;0.0;0.0;0.0;0.0;0.0;0.0;0.0;0.0;0.0;888.0
Granja;IBUGUACU;-3.3525555555556;-41.267055555556;2010;7;0.0;0.0;0.0;0.0;0.0;0.0;0.0;0.0;0.0;0.0;0.0;0.0;0.0;0.0;0.0;0.0;0.0;0.0;0.0;0.0;0.0;0.0;0.0;0.0;0.0;0.0;0.0;0.0;0.0;0.0;0.0;0.0
Granja;IBUGUACU;-3.3525555555556;-41.267055555556;2010;8;0.0;0.0;0.0;0.0;0.0;0.0;0.0;0.0;0.0;0.0;0.0;0.0;0.0;0.0;0.0;0.0;0.0;0.0;0.0;0.0;0.0;0.0;0.0;0.0;0.0;0.0;0.0;0.0;0.0;0.0;0.0;0.0
Granja;IBUGUACU;-3.3525555555556;-41.267055555556;2010;9;0.0;0.0;0.0;0.0;0.0;0.0;0.0;0.0;0.0;0.0;0.0;0.0;0.0;0.0;0.0;0.0;0.0;0.0;0.0;0.0;0.0;0.0;0.0;0.0;0.0;0.0;0.0;0.0;0.0;0.0;0.0;888.0
Granja;IBUGUACU;-3.3525555555556;-41.267055555556;2010;10;50.0;0.0;0.0;0.0;0.0;0.0;0.0;0.0;0.0;0.0;0.0;0.0;0.0;0.0;0.0;0.0;0.0;0.0;0.0;0.0;0.0;0.0;0.0;50.0;0.0;0.0;0.0;0.0;0.0;0.0;0.0;0.0
Granja;IBUGUACU;-3.3525555555556;-41.267055555556;2010;11;0.0;0.0;0.0;0.0;0.0;0.0;0.0;0.0;0.0;0.0;0.0;0.0;0.0;0.0;0.0;0.0;0.0;0.0;0.0;0.0;0.0;0.0;0.0;0.0;0.0;0.0;0.0;0.0;0.0;0.0;0.0;888.0
Granja;IBUGUACU;-3.3525555555556;-41.267055555556;2010;12;87.0;0.0;0.0;0.0;0.0;0.0;0.0;0.0;0.0;0.0;0.0;42.0;0.0;0.0;6.0;4.0;0.0;0.0;0.0;0.0;0.0;0.0;0.0;0.0;0.0;0.0;0.0;35.0;999.0;999.0;999.0;999.0
Granja;IBUGUACU;-3.3525555555556;-41.267055555556;2011;1;135.0;0.0;0.0;0.0;0.0;0.0;0.0;0.0;0.0;0.0;0.0;0.0;0.0;0.0;0.0;0.0;0.0;0.0;0.0;20.0;0.0;25.0;30.0;0.0;0.0;35.0;0.0;0.0;9.0;0.0;16.0;0.0
Granja;IBUGUACU;-3.3525555555556;-41.267055555556;2011;2;118.0;0.0;0.0;0.0;0.0;0.0;0.0;0.0;9.0;0.0;0.0;0.0;18.0;0.0;12.0;0.0;0.0;0.0;0.0;0.0;26.0;0.0;10.0;0.0;16.0;0.0;0.0;27.0;0.0;888.0;888.0;888.0
Granja;IBUGUACU;-3.3525555555556;-41.267055555556;2011;3;422.0;36.0;40.0;0.0;0.0;0.0;0.0;11.0;10.0;15.0;0.0;0.0;13.0;0.0;220.0;0.0;20.0;0.0;0.0;0.0;0.0;0.0;0.0;0.0;0.0;0.0;13.0;0.0;0.0;0.0;44.0;0.0
Granja;IBUGUACU;-3.3525555555556;-41.267055555556;2011;4;290.0;0.0;0.0;0.0;23.0;20.0;0.0;7.0;0.0;0.0;0.0;0.0;0.0;13.0;20.0;0.0;0.0;35.0;36.0;24.0;0.0;0.0;15.0;0.0;0.0;12.0;0.0;17.0;25.0;22.0;21.0;888.0
Granja;IBUGUACU;-3.3525555555556;-41.267055555556;2011;5;74.0;0.0;16.0;0.0;0.0;0.0;0.0;0.0;0.0;0.0;0.0;0.0;0.0;0.0;0.0;0.0;42.0;0.0;0.0;0.0;0.0;0.0;0.0;0.0;0.0;0.0;0.0;0.0;0.0;0.0;16.0;0.0
Granja;IBUGUACU;-3.3525555555556;-41.267055555556;2011;6;26.0;0.0;0.0;0.0;0.0;0.0;0.0;0.0;0.0;0.0;0.0;0.0;0.0;0.0;0.0;0.0;0.0;0.0;0.0;13.0;0.0;0.0;0.0;0.0;0.0;12.0;0.0;0.0;1.0;0.0;0.0;888.0
Granja;IBUGUACU;-3.3525555555556;-41.267055555556;2011;7;28.0;0.0;0.0;0.0;0.0;9.0;0.0;0.0;0.0;0.0;0.0;0.0;0.0;19.0;0.0;0.0;0.0;0.0;0.0;0.0;0.0;0.0;0.0;0.0;0.0;0.0;0.0;0.0;0.0;0.0;0.0;0.0
Granja;IBUGUACU;-3.3525555555556;-41.267055555556;2011;8;0.0;0.0;0.0;0.0;0.0;0.0;0.0;0.0;0.0;0.0;0.0;0.0;0.0;0.0;0.0;0.0;0.0;0.0;0.0;0.0;0.0;0.0;0.0;0.0;0.0;0.0;0.0;0.0;0.0;0.0;0.0;0.0
Granja;IBUGUACU;-3.3525555555556;-41.267055555556;2011;9;0.0;0.0;0.0;0.0;0.0;0.0;0.0;0.0;0.0;0.0;0.0;0.0;0.0;0.0;0.0;0.0;0.0;0.0;0.0;0.0;0.0;0.0;0.0;0.0;0.0;0.0;0.0;0.0;0.0;0.0;0.0;888.0
Granja;IBUGUACU;-3.3525555555556;-41.267055555556;2011;10;69.0;0.0;0.0;0.0;0.0;0.0;0.0;0.0;0.0;0.0;0.0;0.0;0.0;0.0;0.0;0.0;0.0;34.0;0.0;0.0;0.0;35.0;0.0;0.0;0.0;0.0;0.0;0.0;0.0;0.0;0.0;0.0
Granja;IBUGUACU;-3.3525555555556;-41.267055555556;2012;1;8.0;0.0;0.0;0.0;0.0;0.0;0.0;0.0;0.0;0.0;999.0;0.0;0.0;0.0;0.0;0.0;0.0;999.0;0.0;8.0;0.0;0.0;0.0;0.0;0.0;0.0;0.0;0.0;0.0;0.0;0.0;0.0
Granja;IBUGUACU;-3.3525555555556;-41.267055555556;2012;2;278.0;0.0;0.0;0.0;0.0;0.0;0.0;0.0;0.0;0.0;0.0;0.0;0.0;0.0;22.0;10.0;30.0;0.0;0.0;0.0;20.0;29.0;0.0;0.0;5.0;0.0;90.0;22.0;0.0;50.0;888.0;888.0
Granja;IBUGUACU;-3.3525555555556;-41.267055555556;2012;3;168.0;0.0;0.0;0.0;0.0;20.0;24.0;0.0;0.0;0.0;7.0;0.0;10.0;0.0;6.0;0.0;25.0;0.0;0.0;4.0;0.0;5.0;15.0;13.0;0.0;10.0;0.0;0.0;17.0;0.0;12.0;0.0
Granja;IBUGUACU;-3.3525555555556;-41.267055555556;2012;4;19.0;12.0;0.0;0.0;0.0;0.0;0.0;0.0;0.0;0.0;7.0;0.0;0.0;0.0;0.0;0.0;0.0;0.0;0.0;0.0;0.0;0.0;0.0;0.0;0.0;0.0;0.0;0.0;0.0;0.0;0.0;888.0
Granja;IBUGUACU;-3.3525555555556;-41.267055555556;2012;5;20.0;0.0;0.0;20.0;999.0;999.0;999.0;999.0;999.0;999.0;999.0;999.0;999.0;999.0;999.0;999.0;999.0;999.0;999.0;999.0;999.0;999.0;999.0;999.0;999.0;999.0;999.0;999.0;999.0;999.0;999.0;999.0
Granja;IBUGUACU;-3.3525555555556;-41.267055555556;2013;1;35.0;0.0;0.0;5.0;7.0;8.0;0.0;0.0;0.0;0.0;0.0;0.0;0.0;0.0;0.0;0.0;0.0;0.0;0.0;0.0;15.0;0.0;0.0;0.0;0.0;0.0;0.0;0.0;0.0;0.0;0.0;0.0
Granja;IBUGUACU;-3.3525555555556;-41.267055555556;2013;2;76.0;0.0;0.0;0.0;0.0;0.0;0.0;20.0;0.0;0.0;0.0;0.0;0.0;0.0;10.0;0.0;16.0;15.0;0.0;0.0;0.0;0.0;0.0;0.0;0.0;0.0;0.0;15.0;0.0;888.0;888.0;888.0
Granja;IBUGUACU;-3.3525555555556;-41.267055555556;2013;3;55.0;0.0;0.0;0.0;0.0;0.0;0.0;0.0;0.0;0.0;0.0;0.0;0.0;0.0;0.0;0.0;0.0;0.0;0.0;10.0;10.0;0.0;0.0;15.0;0.0;0.0;0.0;0.0;0.0;0.0;10.0;10.0
Granja;IBUGUACU;-3.3525555555556;-41.267055555556;2013;4;0.0;0.0;0.0;0.0;0.0;0.0;0.0;0.0;0.0;0.0;0.0;0.0;0.0;0.0;0.0;0.0;0.0;0.0;0.0;0.0;0.0;0.0;0.0;0.0;0.0;0.0;0.0;0.0;0.0;0.0;0.0;888.0
Granja;IBUGUACU;-3.3525555555556;-41.267055555556;2013;5;0.0;0.0;0.0;0.0;0.0;0.0;0.0;0.0;0.0;0.0;0.0;0.0;0.0;0.0;0.0;0.0;0.0;0.0;0.0;0.0;0.0;0.0;0.0;0.0;0.0;0.0;0.0;0.0;0.0;0.0;0.0;0.0
Granja;IBUGUACU;-3.3525555555556;-41.267055555556;2013;6;0.0;0.0;0.0;0.0;0.0;0.0;0.0;0.0;0.0;0.0;0.0;0.0;0.0;0.0;0.0;0.0;0.0;0.0;0.0;0.0;0.0;0.0;0.0;0.0;0.0;0.0;0.0;0.0;0.0;0.0;0.0;888.0
Granja;IBUGUACU;-3.3525555555556;-41.267055555556;2013;7;0.0;0.0;0.0;0.0;0.0;0.0;0.0;0.0;0.0;0.0;0.0;0.0;0.0;0.0;0.0;0.0;0.0;0.0;0.0;0.0;0.0;0.0;0.0;0.0;0.0;0.0;0.0;0.0;0.0;0.0;0.0;0.0
Granja;IBUGUACU;-3.3525555555556;-41.267055555556;2013;8;0.0;0.0;0.0;0.0;0.0;0.0;0.0;0.0;0.0;0.0;0.0;0.0;0.0;0.0;0.0;0.0;0.0;0.0;0.0;0.0;0.0;0.0;0.0;0.0;0.0;0.0;0.0;0.0;0.0;0.0;0.0;0.0
Granja;IBUGUACU;-3.3525555555556;-41.267055555556;2013;9;0.0;0.0;0.0;0.0;0.0;0.0;0.0;0.0;0.0;0.0;999.0;999.0;999.0;999.0;999.0;999.0;999.0;999.0;999.0;999.0;999.0;999.0;999.0;999.0;999.0;999.0;999.0;999.0;999.0;999.0;999.0;888.0
Granja;IBUGUACU;-3.3525555555556;-41.267055555556;2014;2;37.0;0.0;0.0;0.0;0.0;0.0;0.0;0.0;0.0;0.0;0.0;0.0;0.0;0.0;0.0;0.0;0.0;0.0;0.0;0.0;10.0;25.0;2.0;0.0;0.0;0.0;0.0;0.0;0.0;888.0;888.0;888.0
Granja;IBUGUACU;-3.3525555555556;-41.267055555556;2014;3;19.0;0.0;0.0;0.0;0.0;0.0;0.0;0.0;0.0;19.0;0.0;0.0;0.0;0.0;0.0;0.0;0.0;0.0;0.0;0.0;0.0;0.0;0.0;0.0;0.0;0.0;0.0;0.0;0.0;0.0;0.0;0.0
Granja;IBUGUACU;-3.3525555555556;-41.267055555556;2014;4;0.0;0.0;0.0;0.0;0.0;0.0;0.0;0.0;0.0;0.0;0.0;0.0;0.0;0.0;0.0;0.0;0.0;0.0;0.0;0.0;0.0;0.0;0.0;0.0;0.0;0.0;0.0;0.0;0.0;0.0;0.0;888.0
Granja;IBUGUACU;-3.3525555555556;-41.267055555556;2014;5;0.0;0.0;0.0;0.0;0.0;0.0;0.0;0.0;0.0;0.0;0.0;0.0;0.0;0.0;0.0;0.0;0.0;0.0;0.0;0.0;0.0;0.0;0.0;0.0;0.0;0.0;0.0;0.0;0.0;0.0;0.0;0.0
Granja;IBUGUACU;-3.3525555555556;-41.267055555556;2014;6;0.0;0.0;0.0;0.0;0.0;0.0;0.0;0.0;0.0;0.0;0.0;0.0;0.0;0.0;0.0;0.0;0.0;0.0;0.0;0.0;0.0;0.0;0.0;0.0;0.0;0.0;0.0;0.0;0.0;0.0;0.0;888.0
Granja;IBUGUACU;-3.3525555555556;-41.267055555556;2014;7;0.0;0.0;0.0;0.0;0.0;0.0;0.0;0.0;0.0;0.0;0.0;0.0;0.0;0.0;0.0;0.0;0.0;0.0;0.0;0.0;0.0;0.0;0.0;0.0;0.0;0.0;0.0;0.0;0.0;0.0;0.0;0.0
Granja;IBUGUACU;-3.3525555555556;-41.267055555556;2014;8;0.0;0.0;0.0;0.0;0.0;0.0;0.0;0.0;0.0;0.0;0.0;0.0;0.0;0.0;0.0;0.0;0.0;0.0;0.0;0.0;0.0;0.0;0.0;0.0;0.0;0.0;0.0;0.0;0.0;0.0;0.0;0.0
Granja;IBUGUACU;-3.3525555555556;-41.267055555556;2014;9;0.0;0.0;0.0;0.0;0.0;0.0;0.0;0.0;0.0;0.0;0.0;0.0;0.0;0.0;0.0;0.0;0.0;0.0;0.0;999.0;999.0;999.0;999.0;999.0;999.0;999.0;999.0;999.0;999.0;999.0;999.0;888.0
Granja;IBUGUACU;-3.3525555555556;-41.267055555556;2018;4;143.0;999.0;999.0;999.0;999.0;999.0;999.0;999.0;32.0;0.0;3.0;39.4;29.0;3.0;9.2;0.0;0.0;0.0;27.4;0.0;0.0;0.0;0.0;0.0;0.0;0.0;0.0;0.0;0.0;0.0;0.0;888.0
Granja;IBUGUACU;-3.3525555555556;-41.267055555556;2018;5;24.0;0.0;0.0;24.0;0.0;0.0;0.0;0.0;0.0;0.0;0.0;0.0;0.0;0.0;0.0;0.0;0.0;0.0;0.0;0.0;0.0;0.0;0.0;0.0;0.0;0.0;0.0;0.0;0.0;0.0;0.0;0.0
Granja;IBUGUACU;-3.3525555555556;-41.267055555556;2018;6;0.0;0.0;0.0;0.0;0.0;0.0;0.0;0.0;0.0;0.0;0.0;0.0;0.0;0.0;0.0;0.0;0.0;0.0;0.0;0.0;0.0;0.0;0.0;0.0;0.0;0.0;0.0;0.0;0.0;0.0;0.0;888.0
Granja;IBUGUACU;-3.3525555555556;-41.267055555556;2018;7;0.0;0.0;0.0;0.0;0.0;0.0;0.0;0.0;0.0;0.0;0.0;0.0;0.0;0.0;0.0;0.0;0.0;0.0;0.0;0.0;0.0;0.0;0.0;0.0;0.0;0.0;0.0;0.0;0.0;0.0;0.0;0.0
Granja;IBUGUACU;-3.3525555555556;-41.267055555556;2018;8;0.0;0.0;0.0;0.0;0.0;0.0;0.0;0.0;0.0;0.0;0.0;0.0;0.0;0.0;0.0;0.0;0.0;0.0;0.0;0.0;0.0;0.0;0.0;0.0;0.0;0.0;0.0;0.0;0.0;0.0;0.0;0.0
Granja;IBUGUACU;-3.3525555555556;-41.267055555556;2018;9;0.0;0.0;0.0;0.0;0.0;0.0;0.0;0.0;0.0;0.0;0.0;0.0;0.0;0.0;0.0;0.0;0.0;0.0;0.0;0.0;0.0;0.0;0.0;0.0;0.0;0.0;0.0;0.0;0.0;0.0;0.0;888.0
Granja;IBUGUACU;-3.3525555555556;-41.267055555556;2018;10;0.0;0.0;0.0;0.0;0.0;0.0;0.0;0.0;0.0;0.0;0.0;0.0;0.0;0.0;0.0;0.0;0.0;0.0;0.0;0.0;0.0;0.0;0.0;0.0;0.0;0.0;0.0;0.0;0.0;0.0;0.0;0.0
Granja;IBUGUACU;-3.3525555555556;-41.267055555556;2018;11;0.0;0.0;0.0;0.0;0.0;0.0;0.0;0.0;0.0;0.0;0.0;0.0;0.0;0.0;0.0;0.0;0.0;0.0;0.0;0.0;0.0;0.0;0.0;0.0;0.0;0.0;0.0;0.0;0.0;0.0;0.0;888.0
Granja;IBUGUACU;-3.3525555555556;-41.267055555556;2018;12;0.0;0.0;0.0;0.0;0.0;0.0;0.0;0.0;0.0;0.0;0.0;0.0;0.0;0.0;0.0;0.0;0.0;0.0;0.0;0.0;0.0;0.0;0.0;0.0;0.0;0.0;0.0;0.0;0.0;0.0;0.0;0.0
Granja;IBUGUACU;-3.3525555555556;-41.267055555556;2019;2;55.4;999.0;999.0;999.0;999.0;999.0;999.0;999.0;999.0;999.0;999.0;999.0;999.0;999.0;999.0;999.0;999.0;999.0;999.0;999.0;999.0;21.0;0.0;0.0;13.2;10.0;2.2;9.0;0.0;888.0;888.0;888.0
Granja;IBUGUACU;-3.3525555555556;-41.267055555556;2019;3;512.7;0.0;0.0;21.0;0.0;21.1;17.4;0.0;32.0;13.0;37.0;18.2;0.0;0.0;0.0;15.2;21.2;100.0;0.0;0.0;0.0;19.0;65.1;5.1;0.0;27.0;6.4;56.0;0.0;24.0;14.0;0.0
Granja;IBUGUACU;-3.3525555555556;-41.267055555556;2019;4;268.9;27.4;29.4;59.0;0.0;13.0;47.7;56.0;0.0;12.0;0.0;0.0;0.0;0.0;0.0;0.0;0.0;0.0;12.4;12.0;0.0;0.0;0.0;0.0;0.0;0.0;0.0;0.0;0.0;0.0;0.0;888.0
Granja;IBUGUACU;-3.3525555555556;-41.267055555556;2019;5;0.0;0.0;0.0;0.0;0.0;0.0;0.0;0.0;0.0;0.0;0.0;0.0;0.0;0.0;0.0;0.0;0.0;0.0;0.0;0.0;0.0;0.0;0.0;0.0;0.0;0.0;0.0;0.0;0.0;0.0;0.0;0.0
Granja;IBUGUACU;-3.3525555555556;-41.267055555556;2019;6;0.0;0.0;0.0;0.0;0.0;0.0;0.0;0.0;0.0;0.0;0.0;0.0;0.0;0.0;0.0;0.0;0.0;0.0;0.0;0.0;0.0;0.0;0.0;0.0;0.0;0.0;0.0;0.0;0.0;0.0;0.0;888.0
Granja;IBUGUACU;-3.3525555555556;-41.267055555556;2019;7;0.0;0.0;0.0;0.0;0.0;0.0;0.0;0.0;0.0;0.0;0.0;0.0;0.0;0.0;0.0;0.0;0.0;0.0;0.0;0.0;0.0;0.0;0.0;0.0;0.0;0.0;0.0;0.0;0.0;0.0;0.0;0.0
Granja;IBUGUACU;-3.3525555555556;-41.267055555556;2019;8;0.0;0.0;0.0;0.0;0.0;0.0;0.0;0.0;0.0;0.0;0.0;0.0;0.0;0.0;0.0;0.0;0.0;0.0;0.0;0.0;0.0;0.0;0.0;0.0;0.0;0.0;0.0;0.0;0.0;0.0;0.0;0.0
Granja;IBUGUACU;-3.3525555555556;-41.267055555556;2019;9;0.0;0.0;0.0;0.0;0.0;0.0;0.0;0.0;0.0;0.0;0.0;0.0;0.0;0.0;0.0;0.0;0.0;0.0;0.0;0.0;0.0;0.0;0.0;0.0;0.0;0.0;0.0;0.0;0.0;0.0;0.0;888.0
Granja;IBUGUACU;-3.3525555555556;-41.267055555556;2019;10;0.0;0.0;0.0;0.0;0.0;0.0;0.0;0.0;0.0;0.0;0.0;0.0;0.0;0.0;0.0;0.0;0.0;0.0;0.0;0.0;0.0;0.0;0.0;0.0;0.0;0.0;0.0;0.0;0.0;0.0;0.0;0.0
Granja;IBUGUACU;-3.3525555555556;-41.267055555556;2019;11;0.0;0.0;0.0;0.0;0.0;0.0;0.0;0.0;0.0;0.0;0.0;0.0;0.0;0.0;0.0;0.0;0.0;0.0;0.0;0.0;0.0;0.0;0.0;0.0;0.0;0.0;0.0;0.0;0.0;0.0;0.0;888.0
Granja;IBUGUACU;-3.3525555555556;-41.267055555556;2019;12;0.0;0.0;0.0;0.0;0.0;0.0;0.0;0.0;0.0;0.0;0.0;0.0;0.0;0.0;0.0;0.0;0.0;0.0;0.0;0.0;0.0;0.0;0.0;0.0;0.0;0.0;0.0;0.0;0.0;0.0;0.0;0.0
Granja;IBUGUACU;-3.3525555555556;-41.267055555556;2020;1;131.3;0.0;0.0;0.0;0.0;0.0;0.0;0.0;0.0;0.0;17.0;5.0;0.0;0.0;0.0;0.0;0.0;0.0;0.0;0.0;0.0;0.0;0.0;0.0;0.0;0.0;0.0;0.0;100.0;0.0;0.0;9.3
Granja;IBUGUACU;-3.3525555555556;-41.267055555556;2020;2;182.0;31.0;0.0;0.0;0.0;13.1;0.0;18.0;0.0;16.2;0.0;0.0;13.3;0.0;0.0;0.0;32.0;0.0;0.0;29.0;0.0;0.0;0.0;0.0;0.0;0.0;16.4;0.0;13.0;0.0;888.0;888.0
Granja;IBUGUACU;-3.3525555555556;-41.267055555556;2020;3;374.5;0.0;67.3;9.4;0.0;48.3;13.0;38.0;14.0;12.0;0.0;0.0;20.0;0.0;10.4;3.4;0.0;17.3;0.0;30.0;0.0;7.0;28.4;0.0;10.4;9.2;36.4;0.0;0.0;0.0;0.0;0.0
Granja;IBUGUACU;-3.3525555555556;-41.267055555556;2020;4;103.0;0.0;0.0;0.0;0.0;33.0;0.0;0.0;0.0;0.0;0.0;0.0;0.0;0.0;0.0;0.0;0.0;0.0;0.0;0.0;0.0;0.0;0.0;0.0;70.0;0.0;0.0;0.0;0.0;0.0;0.0;888.0
Granja;IBUGUACU;-3.3525555555556;-41.267055555556;2020;5;35.3;0.0;0.0;0.0;0.0;35.3;0.0;0.0;0.0;0.0;0.0;0.0;0.0;0.0;0.0;0.0;0.0;0.0;0.0;0.0;0.0;0.0;0.0;0.0;0.0;0.0;0.0;0.0;0.0;0.0;0.0;0.0
Granja;IBUGUACU;-3.3525555555556;-41.267055555556;2020;6;0.0;0.0;0.0;0.0;0.0;0.0;0.0;0.0;0.0;0.0;0.0;0.0;0.0;0.0;0.0;0.0;0.0;0.0;0.0;0.0;0.0;0.0;0.0;0.0;0.0;0.0;0.0;0.0;0.0;0.0;0.0;888.0
Granja;IBUGUACU;-3.3525555555556;-41.267055555556;2020;7;0.0;0.0;0.0;0.0;0.0;0.0;0.0;0.0;0.0;0.0;0.0;0.0;0.0;0.0;0.0;0.0;0.0;0.0;0.0;0.0;0.0;0.0;0.0;0.0;0.0;0.0;0.0;0.0;0.0;0.0;0.0;0.0
Granja;IBUGUACU;-3.3525555555556;-41.267055555556;2020;8;0.0;0.0;0.0;0.0;0.0;0.0;0.0;0.0;0.0;0.0;0.0;0.0;0.0;0.0;0.0;0.0;0.0;0.0;0.0;0.0;0.0;0.0;0.0;0.0;0.0;0.0;0.0;0.0;0.0;0.0;0.0;0.0
Granja;IBUGUACU;-3.3525555555556;-41.267055555556;2020;9;0.0;0.0;0.0;0.0;0.0;0.0;0.0;0.0;0.0;0.0;0.0;0.0;0.0;0.0;0.0;0.0;0.0;0.0;0.0;0.0;0.0;0.0;0.0;0.0;0.0;0.0;0.0;0.0;0.0;0.0;0.0;888.0
Granja;IBUGUACU;-3.3525555555556;-41.267055555556;2020;10;0.0;0.0;0.0;0.0;0.0;0.0;0.0;0.0;0.0;0.0;0.0;0.0;0.0;0.0;0.0;0.0;0.0;0.0;0.0;0.0;0.0;0.0;0.0;0.0;0.0;0.0;0.0;0.0;0.0;0.0;0.0;0.0
Granja;IBUGUACU;-3.3525555555556;-41.267055555556;2020;11;0.0;0.0;0.0;0.0;0.0;0.0;0.0;0.0;0.0;0.0;0.0;0.0;0.0;0.0;0.0;0.0;0.0;0.0;0.0;0.0;0.0;0.0;0.0;0.0;0.0;0.0;0.0;0.0;0.0;0.0;0.0;888.0
Granja;IBUGUACU;-3.3525555555556;-41.267055555556;2020;12;0.0;0.0;0.0;0.0;0.0;0.0;0.0;0.0;0.0;0.0;0.0;0.0;0.0;0.0;0.0;0.0;0.0;0.0;0.0;0.0;0.0;0.0;0.0;0.0;0.0;0.0;0.0;0.0;0.0;0.0;0.0;0.0
Granja;IBUGUACU;-3.3525555555556;-41.267055555556;2021;1;0.0;0.0;0.0;0.0;0.0;0.0;0.0;0.0;0.0;0.0;0.0;0.0;0.0;0.0;0.0;0.0;0.0;0.0;0.0;0.0;0.0;0.0;0.0;0.0;0.0;0.0;0.0;0.0;0.0;0.0;0.0;0.0
Granja;IBUGUACU;-3.3525555555556;-41.267055555556;2021;2;176.2;0.0;0.0;0.0;0.0;0.0;0.0;0.0;0.0;0.0;0.0;0.0;0.0;0.0;0.0;0.0;115.0;7.2;0.0;0.0;0.0;0.0;0.0;0.0;0.0;0.0;0.0;0.0;54.0;888.0;888.0;888.0
Granja;IBUGUACU;-3.3525555555556;-41.267055555556;2021;3;163.2;0.0;0.0;0.0;11.2;0.0;0.0;57.0;0.0;35.0;0.0;0.0;0.0;0.0;0.0;0.0;0.0;0.0;0.0;0.0;0.0;0.0;0.0;0.0;0.0;60.0;0.0;0.0;0.0;0.0;0.0;0.0
Granja;IBUGUACU;-3.3525555555556;-41.267055555556;2021;4;126.0;28.0;0.0;0.0;0.0;4.0;0.0;0.0;0.0;0.0;0.0;0.0;12.0;0.0;0.0;0.0;0.0;0.0;0.0;32.0;0.0;0.0;0.0;0.0;0.0;0.0;0.0;0.0;50.0;0.0;0.0;888.0
Granja;IBUGUACU;-3.3525555555556;-41.267055555556;2021;5;45.0;0.0;0.0;0.0;0.0;0.0;25.0;0.0;0.0;0.0;0.0;0.0;0.0;0.0;0.0;0.0;0.0;0.0;20.0;0.0;0.0;0.0;0.0;0.0;0.0;0.0;0.0;0.0;0.0;0.0;0.0;0.0
Granja;IBUGUACU;-3.3525555555556;-41.267055555556;2021;6;85.0;0.0;0.0;0.0;0.0;0.0;0.0;0.0;0.0;0.0;0.0;0.0;0.0;75.0;0.0;0.0;0.0;0.0;0.0;0.0;0.0;0.0;0.0;0.0;0.0;0.0;0.0;0.0;0.0;0.0;10.0;888.0
Granja;IBUGUACU;-3.3525555555556;-41.267055555556;2021;7;10.4;0.0;10.4;0.0;0.0;0.0;0.0;0.0;0.0;0.0;0.0;0.0;0.0;0.0;0.0;0.0;0.0;0.0;0.0;0.0;0.0;0.0;0.0;0.0;0.0;0.0;0.0;0.0;0.0;0.0;0.0;0.0
Granja;IBUGUACU;-3.3525555555556;-41.267055555556;2021;8;0.4;0.0;0.0;0.0;0.0;0.0;0.0;0.0;0.0;0.0;0.0;0.0;0.0;0.0;0.4;0.0;0.0;0.0;0.0;0.0;0.0;0.0;0.0;0.0;0.0;0.0;0.0;0.0;0.0;0.0;0.0;0.0
Granja;IBUGUACU;-3.3525555555556;-41.267055555556;2021;9;0.0;0.0;0.0;0.0;0.0;0.0;0.0;0.0;0.0;0.0;0.0;0.0;0.0;0.0;0.0;0.0;0.0;0.0;0.0;0.0;0.0;0.0;0.0;0.0;0.0;0.0;0.0;0.0;0.0;0.0;0.0;888.0
Granja;IBUGUACU;-3.3525555555556;-41.267055555556;2021;10;0.0;0.0;0.0;0.0;0.0;0.0;0.0;0.0;0.0;0.0;0.0;0.0;0.0;0.0;0.0;0.0;0.0;0.0;0.0;0.0;0.0;0.0;0.0;0.0;0.0;0.0;0.0;0.0;0.0;0.0;0.0;0.0
Granja;IBUGUACU;-3.3525555555556;-41.267055555556;2021;11;0.0;0.0;0.0;0.0;0.0;0.0;0.0;0.0;0.0;0.0;0.0;0.0;0.0;0.0;0.0;0.0;0.0;0.0;0.0;0.0;0.0;0.0;0.0;0.0;0.0;0.0;0.0;0.0;0.0;0.0;0.0;888.0
Granja;IBUGUACU;-3.3525555555556;-41.267055555556;2021;12;0.0;0.0;0.0;0.0;0.0;0.0;0.0;0.0;0.0;0.0;0.0;0.0;0.0;0.0;0.0;0.0;0.0;0.0;0.0;0.0;0.0;0.0;0.0;0.0;0.0;0.0;0.0;0.0;0.0;0.0;0.0;0.0
Granja;IBUGUACU;-3.3525555555556;-41.267055555556;2022;1;48.4;0.0;0.0;0.0;0.0;0.0;0.0;0.0;0.0;0.0;0.0;0.0;0.0;0.0;0.0;0.0;8.0;0.0;5.3;0.0;0.0;0.0;0.0;0.0;0.0;0.0;0.0;6.1;0.0;0.0;29.0;0.0
Granja;IBUGUACU;-3.3525555555556;-41.267055555556;2022;2;47.7;8.1;0.0;0.0;0.0;0.0;0.0;0.0;0.0;0.0;6.2;0.0;14.2;0.0;0.0;0.0;0.0;0.0;0.0;0.0;19.2;0.0;0.0;0.0;0.0;0.0;0.0;0.0;0.0;888.0;888.0;888.0
Granja;IBUGUACU;-3.3525555555556;-41.267055555556;2022;3;411.9;0.0;0.0;0.0;0.0;0.0;0.0;41.0;0.0;0.0;0.0;25.0;39.0;36.0;0.0;31.0;80.0;0.0;0.0;67.0;0.0;0.0;18.1;0.0;31.2;0.0;0.0;0.0;24.4;0.0;19.2;0.0
Granja;IBUGUACU;-3.3525555555556;-41.267055555556;2022;4;118.1;0.0;9.4;0.0;0.0;24.4;0.0;0.0;0.0;29.0;14.3;0.0;6.0;0.0;0.0;0.0;0.0;0.0;0.0;0.0;0.0;0.0;0.0;0.0;0.0;0.0;0.0;0.0;0.0;0.0;35.0;888.0
Granja;IBUGUACU;-3.3525555555556;-41.267055555556;2022;5;136.0;0.0;5.4;0.0;0.0;0.0;0.0;0.0;0.0;0.0;60.3;0.0;0.0;0.0;0.0;0.0;0.0;0.0;0.0;0.0;0.0;70.3;0.0;0.0;0.0;0.0;0.0;0.0;0.0;0.0;0.0;0.0
Granja;IBUGUACU;-3.3525555555556;-41.267055555556;2022;6;94.0;0.0;0.0;0.0;59.0;35.0;0.0;0.0;0.0;0.0;0.0;0.0;0.0;0.0;0.0;0.0;0.0;0.0;0.0;0.0;0.0;0.0;0.0;0.0;0.0;0.0;0.0;0.0;0.0;0.0;0.0;888.0
Granja;IBUGUACU;-3.3525555555556;-41.267055555556;2022;7;0.0;0.0;0.0;0.0;0.0;0.0;0.0;0.0;0.0;0.0;0.0;0.0;0.0;0.0;0.0;0.0;0.0;0.0;0.0;0.0;0.0;0.0;0.0;0.0;0.0;0.0;0.0;0.0;0.0;0.0;0.0;0.0
Granja;IBUGUACU;-3.3525555555556;-41.267055555556;2022;8;0.0;0.0;0.0;0.0;0.0;0.0;0.0;0.0;0.0;0.0;0.0;0.0;0.0;0.0;0.0;0.0;0.0;0.0;0.0;0.0;0.0;0.0;0.0;0.0;0.0;0.0;0.0;0.0;0.0;0.0;0.0;0.0
Granja;IBUGUACU;-3.3525555555556;-41.267055555556;2022;9;0.0;0.0;0.0;0.0;0.0;0.0;0.0;0.0;0.0;0.0;0.0;0.0;0.0;0.0;0.0;0.0;0.0;0.0;0.0;0.0;0.0;0.0;0.0;0.0;0.0;0.0;0.0;0.0;0.0;0.0;0.0;888.0
Granja;IBUGUACU;-3.3525555555556;-41.267055555556;2022;10;0.0;0.0;0.0;0.0;0.0;0.0;0.0;0.0;0.0;0.0;0.0;0.0;0.0;0.0;0.0;0.0;0.0;0.0;0.0;0.0;0.0;0.0;0.0;0.0;0.0;0.0;0.0;0.0;0.0;0.0;0.0;0.0
Granja;IBUGUACU;-3.3525555555556;-41.267055555556;2022;11;0.0;0.0;0.0;0.0;0.0;0.0;0.0;0.0;0.0;0.0;0.0;0.0;0.0;0.0;0.0;0.0;0.0;0.0;0.0;0.0;0.0;0.0;0.0;0.0;0.0;0.0;0.0;0.0;0.0;0.0;0.0;888.0
Granja;IBUGUACU;-3.3525555555556;-41.267055555556;2022;12;0.0;0.0;0.0;0.0;0.0;0.0;0.0;0.0;0.0;0.0;0.0;0.0;0.0;0.0;0.0;0.0;0.0;0.0;0.0;0.0;0.0;0.0;0.0;0.0;0.0;0.0;0.0;0.0;0.0;0.0;0.0;0.0
Granja;IBUGUACU;-3.3525555555556;-41.267055555556;2023;1;0.0;999.0;999.0;999.0;999.0;999.0;999.0;999.0;999.0;999.0;999.0;999.0;999.0;999.0;999.0;999.0;999.0;999.0;999.0;999.0;999.0;999.0;999.0;999.0;999.0;999.0;999.0;999.0;999.0;999.0;999.0;999.0
Granja;IBUGUACU;-3.3525555555556;-41.267055555556;2023;3;91.1;999.0;999.0;999.0;999.0;999.0;999.0;999.0;999.0;999.0;999.0;999.0;999.0;999.0;999.0;999.0;999.0;999.0;999.0;999.0;999.0;999.0;999.0;14.0;0.0;0.0;0.0;62.0;10.0;0.0;5.1;0.0
Granja;IBUGUACU;-3.3525555555556;-41.267055555556;2023;4;292.0;0.0;19.0;32.0;0.0;14.1;5.3;0.0;0.0;50.0;0.0;0.0;0.0;0.0;0.0;22.0;0.0;0.0;14.0;0.0;11.3;8.2;0.0;0.0;0.0;0.0;0.0;96.0;0.0;12.0;8.1;888.0
Granja;IBUGUACU;-3.3525555555556;-41.267055555556;2023;5;0.0;0.0;0.0;0.0;0.0;0.0;0.0;0.0;0.0;0.0;0.0;0.0;0.0;0.0;0.0;0.0;0.0;0.0;0.0;0.0;0.0;0.0;0.0;0.0;0.0;0.0;0.0;0.0;0.0;0.0;0.0;0.0
Granja;IBUGUACU;-3.3525555555556;-41.267055555556;2023;6;48.2;0.0;0.0;0.0;0.0;0.0;0.0;22.0;0.0;0.0;0.0;0.0;0.0;0.0;0.0;0.0;0.0;0.0;0.0;0.0;0.0;26.2;0.0;0.0;0.0;0.0;0.0;0.0;0.0;0.0;0.0;888.0
Granja;IBUGUACU;-3.3525555555556;-41.267055555556;2023;7;31.0;0.0;0.0;0.0;0.0;0.0;0.0;0.0;31.0;0.0;0.0;0.0;0.0;0.0;0.0;0.0;0.0;0.0;0.0;0.0;0.0;0.0;0.0;0.0;0.0;0.0;0.0;0.0;0.0;0.0;0.0;0.0
Granja;IBUGUACU;-3.3525555555556;-41.267055555556;2023;8;0.0;0.0;0.0;0.0;0.0;0.0;0.0;0.0;0.0;0.0;0.0;0.0;0.0;0.0;0.0;0.0;0.0;0.0;0.0;0.0;0.0;0.0;0.0;0.0;0.0;0.0;0.0;0.0;0.0;0.0;0.0;0.0
Granja;IBUGUACU;-3.3525555555556;-41.267055555556;2023;9;0.0;0.0;0.0;0.0;0.0;0.0;0.0;0.0;0.0;0.0;0.0;0.0;0.0;0.0;0.0;0.0;0.0;0.0;0.0;0.0;0.0;0.0;0.0;0.0;0.0;0.0;0.0;0.0;0.0;0.0;0.0;888.0
Granja;IBUGUACU;-3.3525555555556;-41.267055555556;2023;10;0.0;0.0;0.0;0.0;0.0;0.0;0.0;0.0;0.0;0.0;0.0;0.0;0.0;0.0;0.0;0.0;0.0;0.0;0.0;0.0;0.0;0.0;0.0;0.0;0.0;0.0;0.0;0.0;0.0;0.0;0.0;0.0
Granja;IBUGUACU;-3.3525555555556;-41.267055555556;2023;11;0.0;0.0;0.0;0.0;0.0;0.0;0.0;0.0;0.0;0.0;0.0;0.0;0.0;0.0;0.0;0.0;0.0;0.0;0.0;0.0;0.0;0.0;0.0;0.0;0.0;0.0;0.0;0.0;0.0;0.0;0.0;888.0
Granja;IBUGUACU;-3.3525555555556;-41.267055555556;2023;12;36.0;0.0;0.0;0.0;0.0;0.0;0.0;0.0;0.0;0.0;0.0;0.0;0.0;0.0;0.0;0.0;0.0;0.0;0.0;0.0;0.0;0.0;0.0;0.0;0.0;0.0;0.0;0.0;0.0;0.0;0.0;36.0
Granja;IBUGUACU;-3.3525555555556;-41.267055555556;2024;1;35.2;0.0;0.0;0.0;0.0;0.0;0.0;0.0;0.0;0.0;0.0;0.0;0.0;27.0;0.0;0.0;0.0;8.2;0.0;0.0;0.0;0.0;0.0;0.0;0.0;0.0;0.0;0.0;0.0;0.0;0.0;0.0
Granja;IBUGUACU;-3.3525555555556;-41.267055555556;2024;2;211.3;0.0;0.0;0.0;0.0;0.0;0.0;4.2;0.0;0.0;8.0;0.0;0.0;0.0;9.2;25.0;1.2;0.0;1.2;7.3;60.0;0.0;10.0;9.4;9.4;0.0;9.4;0.0;57.0;0.0;888.0;888.0
Granja;IBUGUACU;-3.3525555555556;-41.267055555556;2024;3;252.5;0.0;0.0;0.0;21.3;0.0;1.3;0.0;12.0;0.0;0.0;0.0;0.0;0.0;0.0;0.0;0.0;16.2;0.0;0.0;0.0;2.4;0.0;0.0;0.0;0.0;27.0;70.0;0.0;31.2;0.0;71.1
Granja;IBUGUACU;-3.3525555555556;-41.267055555556;2024;4;190.3;0.0;0.0;0.0;91.0;0.0;0.0;25.0;0.0;0.0;25.0;0.0;0.0;0.0;0.0;0.0;0.0;0.0;0.0;0.0;0.0;0.0;0.0;0.0;13.3;0.0;0.0;0.0;0.0;0.0;36.0;888.0
Granja;IBUGUACU;-3.3525555555556;-41.267055555556;2024;5;0.0;0.0;0.0;999.0;999.0;999.0;999.0;999.0;999.0;999.0;999.0;999.0;999.0;999.0;999.0;999.0;999.0;999.0;999.0;999.0;999.0;999.0;999.0;999.0;999.0;999.0;999.0;999.0;999.0;999.0;999.0;999.0
