Municipios;Postos;Latitude;Longitude;Anos;Meses;Total;Dia1;Dia2;Dia3;Dia4;Dia5;Dia6;Dia7;Dia8;Dia9;Dia10;Dia11;Dia12;Dia13;Dia14;Dia15;Dia16;Dia17;Dia18;Dia19;Dia20;Dia21;Dia22;Dia23;Dia24;Dia25;Dia26;Dia27;Dia28;Dia29;Dia30;Dia31
General Sampaio;JUREMA;-4.0836666666667;-39.504722222222;1998;12;11.2;0.0;0.0;0.0;0.0;0.2;0.0;0.0;0.0;0.0;11.0;0.0;0.0;0.0;0.0;0.0;0.0;0.0;0.0;0.0;0.0;0.0;0.0;0.0;0.0;0.0;0.0;0.0;0.0;0.0;0.0;0.0
General Sampaio;JUREMA;-4.0836666666667;-39.504722222222;1999;1;25.0;0.0;0.0;0.0;0.0;0.0;2.0;0.0;11.0;0.0;0.0;0.0;0.0;0.0;0.0;0.0;0.0;0.0;0.0;0.0;3.0;0.0;0.0;0.0;0.0;0.0;0.0;0.0;0.0;5.0;4.0;0.0
General Sampaio;JUREMA;-4.0836666666667;-39.504722222222;1999;2;82.0;0.0;0.0;0.0;0.0;7.0;0.0;0.0;0.0;0.0;0.0;0.0;0.0;0.0;0.0;0.0;0.0;0.0;4.0;0.0;0.0;0.0;29.0;0.0;0.0;20.0;22.0;0.0;0.0;888.0;888.0;888.0
General Sampaio;JUREMA;-4.0836666666667;-39.504722222222;1999;3;65.0;0.0;1.0;44.0;0.0;0.0;0.0;0.0;0.0;0.0;0.0;0.0;0.0;0.0;0.0;20.0;0.0;0.0;0.0;0.0;0.0;0.0;0.0;0.0;0.0;0.0;0.0;0.0;0.0;0.0;0.0;0.0
General Sampaio;JUREMA;-4.0836666666667;-39.504722222222;1999;4;93.0;0.0;0.0;0.0;0.0;0.0;0.0;0.0;0.0;0.0;0.0;0.0;0.0;11.0;25.0;0.0;0.0;3.0;0.0;4.0;0.0;0.0;0.0;0.0;0.0;0.0;0.0;27.0;0.0;0.0;23.0;888.0
General Sampaio;JUREMA;-4.0836666666667;-39.504722222222;1999;5;129.0;26.0;0.0;0.0;0.0;0.0;0.0;0.0;0.0;0.0;0.0;0.0;14.0;0.0;0.0;16.0;0.0;73.0;0.0;0.0;0.0;0.0;0.0;0.0;0.0;0.0;0.0;0.0;0.0;0.0;0.0;0.0
General Sampaio;JUREMA;-4.0836666666667;-39.504722222222;1999;6;0.0;0.0;0.0;0.0;0.0;0.0;0.0;0.0;0.0;0.0;0.0;0.0;0.0;0.0;0.0;0.0;0.0;0.0;0.0;0.0;0.0;0.0;0.0;0.0;0.0;0.0;0.0;0.0;0.0;0.0;0.0;888.0
General Sampaio;JUREMA;-4.0836666666667;-39.504722222222;1999;7;0.0;0.0;0.0;0.0;0.0;0.0;0.0;0.0;0.0;0.0;0.0;0.0;0.0;0.0;0.0;0.0;0.0;0.0;0.0;0.0;0.0;0.0;0.0;0.0;0.0;0.0;0.0;0.0;0.0;0.0;0.0;0.0
General Sampaio;JUREMA;-4.0836666666667;-39.504722222222;1999;8;0.0;0.0;0.0;0.0;0.0;0.0;0.0;0.0;0.0;0.0;0.0;0.0;0.0;0.0;0.0;0.0;0.0;0.0;0.0;0.0;0.0;0.0;0.0;0.0;0.0;0.0;0.0;0.0;0.0;0.0;0.0;0.0
General Sampaio;JUREMA;-4.0836666666667;-39.504722222222;1999;9;0.0;0.0;0.0;0.0;0.0;0.0;0.0;0.0;0.0;0.0;0.0;0.0;0.0;0.0;0.0;0.0;0.0;0.0;0.0;0.0;0.0;0.0;0.0;0.0;0.0;0.0;0.0;0.0;0.0;0.0;0.0;888.0
General Sampaio;JUREMA;-4.0836666666667;-39.504722222222;1999;10;0.0;0.0;0.0;0.0;0.0;0.0;0.0;0.0;0.0;0.0;0.0;0.0;0.0;0.0;0.0;0.0;0.0;0.0;0.0;0.0;0.0;0.0;0.0;0.0;0.0;0.0;0.0;0.0;0.0;0.0;0.0;0.0
General Sampaio;JUREMA;-4.0836666666667;-39.504722222222;1999;11;43.0;0.0;0.0;0.0;0.0;0.0;32.0;0.0;0.0;0.0;0.0;0.0;0.0;0.0;0.0;0.0;0.0;0.0;0.0;0.0;0.0;0.0;0.0;0.0;0.0;0.0;11.0;0.0;0.0;0.0;0.0;888.0
General Sampaio;JUREMA;-4.0836666666667;-39.504722222222;1999;12;27.0;0.0;0.0;0.0;0.0;0.0;0.0;0.0;0.0;21.0;0.0;0.0;0.0;0.0;0.0;0.0;0.0;0.0;0.0;0.0;0.0;0.0;0.0;6.0;0.0;0.0;0.0;0.0;0.0;0.0;0.0;0.0
General Sampaio;JUREMA;-4.0836666666667;-39.504722222222;2000;1;87.0;0.0;0.0;0.0;5.0;22.0;9.0;13.0;0.0;16.0;0.0;0.0;0.0;22.0;0.0;0.0;0.0;0.0;0.0;0.0;0.0;0.0;0.0;0.0;0.0;0.0;0.0;0.0;0.0;0.0;0.0;0.0
General Sampaio;JUREMA;-4.0836666666667;-39.504722222222;2000;2;87.0;0.0;0.0;0.0;0.0;0.0;0.0;0.0;0.0;0.0;0.0;0.0;0.0;0.0;0.0;0.0;22.0;0.0;0.0;3.0;0.0;8.0;13.0;0.0;0.0;0.0;5.0;0.0;0.0;36.0;888.0;888.0
General Sampaio;JUREMA;-4.0836666666667;-39.504722222222;2000;3;175.3;9.0;0.0;0.0;0.0;0.0;0.0;0.0;0.0;27.0;0.0;0.0;32.0;0.0;21.0;0.0;0.0;0.0;0.0;0.0;0.0;0.0;0.0;2.0;0.0;4.3;23.0;0.0;0.0;18.0;0.0;39.0
General Sampaio;JUREMA;-4.0836666666667;-39.504722222222;2000;4;252.6;4.0;4.0;0.0;6.0;22.0;7.8;4.0;5.3;16.0;2.0;4.0;8.0;12.0;0.0;22.0;0.0;69.0;12.0;6.0;5.2;0.0;0.0;9.3;0.0;12.0;7.0;0.0;0.0;11.0;4.0;888.0
General Sampaio;JUREMA;-4.0836666666667;-39.504722222222;2000;5;32.0;3.0;29.0;0.0;0.0;0.0;0.0;0.0;0.0;0.0;0.0;0.0;0.0;0.0;0.0;0.0;0.0;0.0;0.0;0.0;0.0;0.0;0.0;0.0;0.0;0.0;0.0;0.0;0.0;0.0;0.0;0.0
General Sampaio;JUREMA;-4.0836666666667;-39.504722222222;2000;6;4.0;0.0;0.0;0.0;0.0;0.0;0.0;0.0;0.0;0.0;0.0;0.0;0.0;0.0;0.0;0.0;0.0;4.0;0.0;0.0;0.0;0.0;0.0;0.0;0.0;0.0;0.0;0.0;0.0;0.0;0.0;888.0
General Sampaio;JUREMA;-4.0836666666667;-39.504722222222;2000;7;0.0;0.0;0.0;0.0;0.0;0.0;0.0;0.0;0.0;0.0;0.0;0.0;0.0;0.0;0.0;0.0;0.0;0.0;0.0;0.0;0.0;0.0;0.0;0.0;0.0;0.0;0.0;0.0;0.0;0.0;0.0;0.0
General Sampaio;JUREMA;-4.0836666666667;-39.504722222222;2000;8;0.0;0.0;0.0;0.0;0.0;0.0;0.0;0.0;0.0;0.0;0.0;0.0;0.0;0.0;0.0;0.0;0.0;0.0;0.0;0.0;0.0;0.0;0.0;0.0;0.0;0.0;0.0;0.0;0.0;0.0;0.0;0.0
General Sampaio;JUREMA;-4.0836666666667;-39.504722222222;2000;9;0.0;0.0;0.0;0.0;0.0;0.0;0.0;0.0;0.0;0.0;0.0;0.0;0.0;0.0;0.0;0.0;0.0;0.0;0.0;0.0;0.0;0.0;0.0;0.0;0.0;0.0;0.0;0.0;0.0;0.0;0.0;888.0
General Sampaio;JUREMA;-4.0836666666667;-39.504722222222;2000;10;0.0;0.0;0.0;0.0;0.0;0.0;0.0;0.0;0.0;0.0;0.0;0.0;0.0;0.0;0.0;0.0;0.0;0.0;0.0;0.0;0.0;0.0;0.0;0.0;0.0;0.0;0.0;0.0;0.0;0.0;0.0;0.0
General Sampaio;JUREMA;-4.0836666666667;-39.504722222222;2000;11;0.0;0.0;0.0;0.0;0.0;0.0;0.0;0.0;0.0;0.0;0.0;0.0;0.0;0.0;0.0;0.0;0.0;0.0;0.0;0.0;0.0;0.0;0.0;0.0;0.0;0.0;0.0;0.0;0.0;0.0;0.0;888.0
General Sampaio;JUREMA;-4.0836666666667;-39.504722222222;2000;12;3.5;0.0;0.0;0.0;0.0;0.0;0.0;0.0;0.0;0.0;0.0;0.0;0.0;0.0;0.0;0.0;0.0;0.0;0.0;2.3;0.0;1.2;0.0;0.0;0.0;0.0;0.0;0.0;0.0;0.0;0.0;0.0
General Sampaio;JUREMA;-4.0836666666667;-39.504722222222;2001;1;22.3;0.0;6.3;0.0;0.0;0.0;4.8;0.0;0.0;0.0;0.0;0.0;0.0;0.0;0.0;0.0;0.0;0.0;0.0;0.0;0.0;0.0;0.0;0.0;0.0;0.0;0.0;0.0;0.0;0.0;0.0;11.2
General Sampaio;JUREMA;-4.0836666666667;-39.504722222222;2001;2;41.3;0.0;0.0;0.0;18.3;0.0;0.0;0.0;0.0;0.0;0.0;0.0;0.0;0.0;0.0;0.0;0.0;0.0;0.0;0.0;0.0;0.0;0.0;0.0;0.0;0.0;14.0;0.0;9.0;888.0;888.0;888.0
General Sampaio;JUREMA;-4.0836666666667;-39.504722222222;2001;3;89.6;0.0;0.0;0.0;0.0;0.0;0.0;0.0;11.1;0.0;5.0;16.2;7.4;0.0;0.0;0.0;9.0;12.0;0.0;2.0;0.0;0.0;8.3;0.0;0.0;0.0;0.0;7.8;0.0;0.0;4.0;6.8
General Sampaio;JUREMA;-4.0836666666667;-39.504722222222;2001;4;249.6;2.0;11.0;0.0;0.0;0.0;0.0;0.0;16.4;0.0;0.0;0.0;0.0;0.0;76.8;18.2;22.4;24.0;14.0;21.0;17.0;9.8;0.0;0.0;0.0;6.0;0.0;0.0;8.0;0.0;3.0;888.0
General Sampaio;JUREMA;-4.0836666666667;-39.504722222222;2001;5;34.0;0.0;0.0;0.0;0.0;0.0;9.0;0.0;0.0;11.0;9.2;0.0;0.0;0.0;0.0;4.8;0.0;0.0;0.0;0.0;0.0;0.0;0.0;0.0;0.0;0.0;0.0;0.0;0.0;0.0;0.0;0.0
General Sampaio;JUREMA;-4.0836666666667;-39.504722222222;2001;6;18.0;0.0;0.0;2.0;0.0;0.0;0.0;0.0;0.0;8.8;4.0;0.0;0.0;0.0;0.0;0.0;0.0;0.0;0.0;0.0;0.0;3.2;0.0;0.0;0.0;0.0;0.0;0.0;0.0;0.0;0.0;888.0
General Sampaio;JUREMA;-4.0836666666667;-39.504722222222;2001;7;4.2;0.0;0.0;0.0;0.0;4.2;0.0;0.0;0.0;0.0;0.0;0.0;0.0;0.0;0.0;0.0;0.0;0.0;0.0;0.0;0.0;0.0;0.0;0.0;0.0;0.0;0.0;0.0;0.0;0.0;0.0;0.0
General Sampaio;JUREMA;-4.0836666666667;-39.504722222222;2001;8;0.0;0.0;0.0;0.0;0.0;0.0;0.0;0.0;0.0;0.0;0.0;0.0;0.0;0.0;0.0;0.0;0.0;0.0;0.0;0.0;0.0;0.0;0.0;0.0;0.0;0.0;0.0;0.0;0.0;0.0;0.0;0.0
General Sampaio;JUREMA;-4.0836666666667;-39.504722222222;2001;9;0.0;0.0;0.0;0.0;0.0;0.0;0.0;0.0;0.0;0.0;0.0;0.0;0.0;0.0;0.0;0.0;0.0;0.0;0.0;0.0;0.0;0.0;0.0;0.0;0.0;0.0;0.0;0.0;0.0;0.0;0.0;888.0
General Sampaio;JUREMA;-4.0836666666667;-39.504722222222;2001;10;0.0;0.0;0.0;0.0;0.0;0.0;0.0;0.0;0.0;0.0;0.0;0.0;0.0;0.0;0.0;0.0;0.0;0.0;0.0;0.0;0.0;0.0;0.0;0.0;0.0;0.0;0.0;0.0;0.0;0.0;0.0;0.0
General Sampaio;JUREMA;-4.0836666666667;-39.504722222222;2001;11;4.2;0.0;0.0;0.0;0.0;0.0;0.0;0.0;0.0;0.0;0.0;0.0;0.0;0.0;0.0;0.0;0.0;0.0;0.0;0.0;0.0;0.0;0.0;0.0;0.0;0.0;0.0;4.2;0.0;0.0;0.0;888.0
General Sampaio;JUREMA;-4.0836666666667;-39.504722222222;2001;12;2.2;0.0;0.0;2.2;0.0;0.0;0.0;0.0;0.0;0.0;0.0;0.0;0.0;0.0;0.0;0.0;0.0;0.0;0.0;0.0;0.0;0.0;0.0;0.0;0.0;0.0;0.0;0.0;0.0;0.0;0.0;0.0
General Sampaio;JUREMA;-4.0836666666667;-39.504722222222;2002;1;214.7;0.0;0.0;0.0;0.0;0.0;0.0;0.0;32.0;10.2;0.0;0.0;5.0;11.2;0.0;0.0;0.0;13.2;46.2;8.0;4.2;12.2;34.3;0.0;6.0;0.0;0.0;9.8;0.0;7.4;0.0;15.0
General Sampaio;JUREMA;-4.0836666666667;-39.504722222222;2002;2;14.0;0.0;0.0;0.0;0.0;14.0;0.0;0.0;0.0;0.0;0.0;0.0;0.0;0.0;0.0;0.0;0.0;0.0;0.0;0.0;0.0;0.0;0.0;0.0;0.0;0.0;0.0;0.0;0.0;888.0;888.0;888.0
General Sampaio;JUREMA;-4.0836666666667;-39.504722222222;2002;3;172.0;0.0;0.0;4.0;2.0;2.0;22.0;9.0;17.0;6.0;0.0;0.0;2.0;0.0;0.0;0.0;0.0;39.0;9.0;11.0;6.0;0.0;0.0;7.0;12.0;17.0;2.0;5.0;0.0;0.0;0.0;0.0
General Sampaio;JUREMA;-4.0836666666667;-39.504722222222;2002;4;145.4;0.0;0.0;0.0;11.2;7.0;0.0;0.0;12.0;16.0;28.0;67.0;0.0;0.0;0.0;0.0;0.0;0.0;0.0;0.0;0.0;0.0;4.2;0.0;0.0;0.0;0.0;0.0;0.0;0.0;0.0;888.0
General Sampaio;JUREMA;-4.0836666666667;-39.504722222222;2002;5;134.0;0.0;0.0;16.0;0.0;0.0;0.0;62.0;0.0;0.0;0.0;0.0;0.0;10.0;0.0;0.0;0.0;15.0;9.0;0.0;0.0;0.0;0.0;0.0;0.0;0.0;0.0;22.0;0.0;0.0;0.0;0.0
General Sampaio;JUREMA;-4.0836666666667;-39.504722222222;2002;6;0.0;0.0;0.0;0.0;0.0;0.0;0.0;0.0;0.0;0.0;0.0;0.0;0.0;0.0;0.0;0.0;0.0;0.0;0.0;0.0;0.0;0.0;0.0;0.0;0.0;0.0;0.0;0.0;0.0;0.0;0.0;888.0
General Sampaio;JUREMA;-4.0836666666667;-39.504722222222;2002;7;0.0;0.0;0.0;0.0;0.0;0.0;0.0;0.0;0.0;0.0;0.0;0.0;0.0;0.0;0.0;0.0;0.0;0.0;0.0;0.0;0.0;0.0;0.0;0.0;0.0;0.0;0.0;0.0;0.0;0.0;0.0;0.0
General Sampaio;JUREMA;-4.0836666666667;-39.504722222222;2002;8;0.0;0.0;0.0;0.0;0.0;0.0;0.0;0.0;0.0;0.0;0.0;0.0;0.0;0.0;0.0;0.0;0.0;0.0;0.0;0.0;0.0;0.0;0.0;0.0;0.0;0.0;0.0;0.0;0.0;0.0;0.0;0.0
General Sampaio;JUREMA;-4.0836666666667;-39.504722222222;2002;9;0.0;0.0;0.0;0.0;0.0;0.0;0.0;0.0;0.0;0.0;0.0;0.0;0.0;0.0;0.0;0.0;0.0;0.0;0.0;0.0;0.0;0.0;0.0;0.0;0.0;0.0;0.0;0.0;0.0;0.0;0.0;888.0
General Sampaio;JUREMA;-4.0836666666667;-39.504722222222;2002;10;0.0;0.0;0.0;0.0;0.0;0.0;0.0;0.0;0.0;0.0;0.0;0.0;0.0;0.0;0.0;0.0;0.0;0.0;0.0;0.0;0.0;0.0;0.0;0.0;0.0;0.0;0.0;0.0;0.0;0.0;0.0;0.0
General Sampaio;JUREMA;-4.0836666666667;-39.504722222222;2002;11;0.0;0.0;0.0;0.0;0.0;0.0;0.0;0.0;0.0;0.0;0.0;0.0;0.0;0.0;0.0;0.0;0.0;0.0;0.0;0.0;0.0;0.0;0.0;0.0;0.0;0.0;0.0;0.0;0.0;0.0;0.0;888.0
General Sampaio;JUREMA;-4.0836666666667;-39.504722222222;2002;12;0.0;0.0;0.0;0.0;0.0;0.0;0.0;0.0;0.0;0.0;0.0;0.0;0.0;0.0;0.0;0.0;0.0;0.0;0.0;0.0;0.0;0.0;0.0;0.0;0.0;0.0;0.0;0.0;0.0;0.0;0.0;0.0
General Sampaio;JUREMA;-4.0836666666667;-39.504722222222;2003;1;186.0;0.0;0.0;0.0;0.0;0.0;0.0;0.0;0.0;0.0;0.0;0.0;0.0;0.0;0.0;0.0;0.0;0.0;0.0;11.0;28.0;34.0;19.0;36.0;0.0;12.0;7.0;0.0;22.0;0.0;17.0;0.0
General Sampaio;JUREMA;-4.0836666666667;-39.504722222222;2003;2;139.5;12.0;6.3;11.0;0.0;7.0;0.0;0.0;0.0;0.0;0.0;0.0;0.0;0.0;0.0;0.0;11.0;0.0;0.0;22.0;0.0;0.0;0.0;0.0;0.0;0.0;9.0;32.0;29.2;888.0;888.0;888.0
General Sampaio;JUREMA;-4.0836666666667;-39.504722222222;2003;3;417.0;0.0;0.0;0.0;0.0;0.0;10.0;16.0;68.0;18.0;0.0;17.0;7.0;11.0;9.0;0.0;26.0;71.0;46.0;5.0;47.0;9.0;28.0;18.0;11.0;0.0;0.0;0.0;0.0;0.0;0.0;0.0
General Sampaio;JUREMA;-4.0836666666667;-39.504722222222;2003;4;241.0;0.0;0.0;8.0;0.0;11.0;0.0;23.0;0.0;12.0;19.0;44.0;0.0;0.0;22.0;8.0;0.0;0.0;0.0;11.0;7.0;36.0;9.0;0.0;0.0;0.0;0.0;0.0;14.0;17.0;0.0;888.0
General Sampaio;JUREMA;-4.0836666666667;-39.504722222222;2003;5;13.4;8.4;0.0;5.0;0.0;0.0;0.0;0.0;0.0;0.0;0.0;0.0;0.0;0.0;0.0;0.0;0.0;0.0;0.0;0.0;0.0;0.0;0.0;0.0;0.0;0.0;0.0;0.0;0.0;0.0;0.0;0.0
General Sampaio;JUREMA;-4.0836666666667;-39.504722222222;2003;6;0.0;0.0;999.0;999.0;999.0;999.0;999.0;999.0;999.0;999.0;999.0;999.0;999.0;999.0;999.0;999.0;999.0;999.0;999.0;999.0;999.0;999.0;999.0;999.0;999.0;999.0;999.0;999.0;999.0;999.0;999.0;888.0
General Sampaio;JUREMA;-4.0836666666667;-39.504722222222;2003;7;0.0;0.0;999.0;999.0;999.0;999.0;999.0;999.0;999.0;999.0;999.0;999.0;999.0;999.0;999.0;999.0;999.0;999.0;999.0;999.0;999.0;999.0;999.0;999.0;999.0;999.0;999.0;999.0;999.0;999.0;999.0;999.0
General Sampaio;JUREMA;-4.0836666666667;-39.504722222222;2003;8;0.0;0.0;999.0;999.0;999.0;999.0;999.0;999.0;999.0;999.0;999.0;999.0;999.0;999.0;999.0;999.0;999.0;999.0;999.0;999.0;999.0;999.0;999.0;999.0;999.0;999.0;999.0;999.0;999.0;999.0;999.0;999.0
General Sampaio;JUREMA;-4.0836666666667;-39.504722222222;2003;9;0.0;0.0;999.0;999.0;999.0;999.0;999.0;999.0;999.0;999.0;999.0;999.0;999.0;999.0;999.0;999.0;999.0;999.0;999.0;999.0;999.0;999.0;999.0;999.0;999.0;999.0;999.0;999.0;999.0;999.0;999.0;888.0
General Sampaio;JUREMA;-4.0836666666667;-39.504722222222;2003;10;0.0;0.0;999.0;999.0;999.0;999.0;999.0;999.0;999.0;999.0;999.0;999.0;999.0;999.0;999.0;999.0;999.0;999.0;999.0;999.0;999.0;999.0;999.0;999.0;999.0;999.0;999.0;999.0;999.0;999.0;999.0;999.0
General Sampaio;JUREMA;-4.0836666666667;-39.504722222222;2003;11;0.0;0.0;999.0;999.0;999.0;999.0;999.0;999.0;999.0;999.0;999.0;999.0;999.0;999.0;999.0;999.0;999.0;999.0;999.0;999.0;999.0;999.0;999.0;999.0;999.0;999.0;999.0;999.0;999.0;999.0;999.0;888.0
General Sampaio;JUREMA;-4.0836666666667;-39.504722222222;2003;12;0.0;0.0;999.0;999.0;999.0;999.0;999.0;999.0;999.0;999.0;999.0;999.0;999.0;999.0;999.0;999.0;999.0;999.0;999.0;999.0;999.0;999.0;999.0;999.0;999.0;999.0;999.0;999.0;999.0;999.0;999.0;999.0
General Sampaio;JUREMA;-4.0836666666667;-39.504722222222;2004;1;0.0;0.0;999.0;999.0;999.0;999.0;999.0;999.0;999.0;999.0;999.0;999.0;999.0;999.0;999.0;999.0;999.0;999.0;999.0;999.0;999.0;999.0;999.0;999.0;999.0;999.0;999.0;999.0;999.0;999.0;999.0;999.0
General Sampaio;JUREMA;-4.0836666666667;-39.504722222222;2004;2;0.0;0.0;999.0;999.0;999.0;999.0;999.0;999.0;999.0;999.0;999.0;999.0;999.0;999.0;999.0;999.0;999.0;999.0;999.0;999.0;999.0;999.0;999.0;999.0;999.0;999.0;999.0;999.0;999.0;999.0;888.0;888.0
General Sampaio;JUREMA;-4.0836666666667;-39.504722222222;2004;3;0.0;0.0;999.0;999.0;999.0;999.0;999.0;999.0;999.0;999.0;999.0;999.0;999.0;999.0;999.0;999.0;999.0;999.0;999.0;999.0;999.0;999.0;999.0;999.0;999.0;999.0;999.0;999.0;999.0;999.0;999.0;999.0
General Sampaio;JUREMA;-4.0836666666667;-39.504722222222;2004;4;0.0;0.0;999.0;999.0;999.0;999.0;999.0;999.0;999.0;999.0;999.0;999.0;999.0;999.0;999.0;999.0;999.0;999.0;999.0;999.0;999.0;999.0;999.0;999.0;999.0;999.0;999.0;999.0;999.0;999.0;999.0;888.0
General Sampaio;JUREMA;-4.0836666666667;-39.504722222222;2004;5;0.0;0.0;0.0;0.0;0.0;0.0;0.0;0.0;0.0;0.0;0.0;0.0;0.0;0.0;0.0;0.0;0.0;0.0;0.0;0.0;0.0;0.0;0.0;0.0;0.0;0.0;0.0;0.0;0.0;0.0;0.0;0.0
General Sampaio;JUREMA;-4.0836666666667;-39.504722222222;2004;6;0.0;0.0;999.0;999.0;999.0;999.0;999.0;999.0;999.0;999.0;999.0;999.0;999.0;999.0;999.0;999.0;999.0;999.0;999.0;999.0;999.0;999.0;999.0;999.0;999.0;999.0;999.0;999.0;999.0;999.0;999.0;888.0
General Sampaio;JUREMA;-4.0836666666667;-39.504722222222;2004;7;0.0;0.0;999.0;999.0;999.0;999.0;999.0;999.0;999.0;999.0;999.0;999.0;999.0;999.0;999.0;999.0;999.0;999.0;999.0;999.0;999.0;999.0;999.0;999.0;999.0;999.0;999.0;999.0;999.0;999.0;999.0;999.0
General Sampaio;JUREMA;-4.0836666666667;-39.504722222222;2004;8;0.0;0.0;999.0;999.0;999.0;999.0;999.0;999.0;999.0;999.0;999.0;999.0;999.0;999.0;999.0;999.0;999.0;999.0;999.0;999.0;999.0;999.0;999.0;999.0;999.0;999.0;999.0;999.0;999.0;999.0;999.0;999.0
General Sampaio;JUREMA;-4.0836666666667;-39.504722222222;2004;9;0.0;0.0;999.0;999.0;999.0;999.0;999.0;999.0;999.0;999.0;999.0;999.0;999.0;999.0;999.0;999.0;999.0;999.0;999.0;999.0;999.0;999.0;999.0;999.0;999.0;999.0;999.0;999.0;999.0;999.0;999.0;888.0
General Sampaio;JUREMA;-4.0836666666667;-39.504722222222;2004;10;0.0;0.0;999.0;999.0;999.0;999.0;999.0;999.0;999.0;999.0;999.0;999.0;999.0;999.0;999.0;999.0;999.0;999.0;999.0;999.0;999.0;999.0;999.0;999.0;999.0;999.0;999.0;999.0;999.0;999.0;999.0;999.0
General Sampaio;JUREMA;-4.0836666666667;-39.504722222222;2004;11;0.0;0.0;999.0;999.0;999.0;999.0;999.0;999.0;999.0;999.0;999.0;999.0;999.0;999.0;999.0;999.0;999.0;999.0;999.0;999.0;999.0;999.0;999.0;999.0;999.0;999.0;999.0;999.0;999.0;999.0;999.0;888.0
General Sampaio;JUREMA;-4.0836666666667;-39.504722222222;2004;12;0.0;0.0;999.0;999.0;999.0;999.0;999.0;999.0;999.0;999.0;999.0;999.0;999.0;999.0;999.0;999.0;999.0;999.0;999.0;999.0;999.0;999.0;999.0;999.0;999.0;999.0;999.0;999.0;999.0;999.0;999.0;999.0
General Sampaio;JUREMA;-4.0836666666667;-39.504722222222;2005;1;13.4;0.0;0.0;0.0;0.0;0.0;0.0;0.0;0.0;0.0;0.0;0.0;0.0;0.0;0.0;0.0;0.0;4.0;0.0;0.0;0.0;0.0;0.0;0.0;0.0;9.4;0.0;0.0;0.0;0.0;0.0;0.0
General Sampaio;JUREMA;-4.0836666666667;-39.504722222222;2005;2;0.0;0.0;0.0;0.0;0.0;0.0;0.0;0.0;0.0;0.0;0.0;0.0;0.0;0.0;0.0;0.0;0.0;0.0;0.0;0.0;0.0;0.0;0.0;0.0;0.0;0.0;0.0;0.0;0.0;888.0;888.0;888.0
General Sampaio;JUREMA;-4.0836666666667;-39.504722222222;2005;3;0.0;0.0;0.0;999.0;999.0;999.0;999.0;999.0;999.0;999.0;999.0;999.0;999.0;999.0;999.0;999.0;999.0;999.0;999.0;999.0;999.0;999.0;999.0;999.0;999.0;999.0;999.0;999.0;999.0;999.0;999.0;999.0
General Sampaio;JUREMA;-4.0836666666667;-39.504722222222;2005;4;21.0;999.0;999.0;999.0;999.0;999.0;999.0;999.0;999.0;999.0;999.0;999.0;999.0;999.0;999.0;999.0;999.0;999.0;999.0;999.0;999.0;999.0;999.0;999.0;999.0;999.0;999.0;999.0;999.0;999.0;21.0;888.0
General Sampaio;JUREMA;-4.0836666666667;-39.504722222222;2006;1;0.0;0.0;999.0;999.0;999.0;999.0;999.0;999.0;999.0;999.0;999.0;999.0;999.0;999.0;999.0;999.0;999.0;999.0;999.0;999.0;999.0;999.0;999.0;999.0;999.0;999.0;999.0;999.0;999.0;999.0;999.0;999.0
General Sampaio;JUREMA;-4.0836666666667;-39.504722222222;2006;2;0.0;0.0;999.0;999.0;999.0;999.0;999.0;999.0;999.0;999.0;999.0;999.0;999.0;999.0;999.0;999.0;999.0;999.0;999.0;999.0;999.0;999.0;999.0;999.0;999.0;999.0;999.0;999.0;999.0;888.0;888.0;888.0
General Sampaio;JUREMA;-4.0836666666667;-39.504722222222;2006;3;287.2;0.0;19.0;0.0;42.0;0.0;0.0;13.0;6.0;0.0;3.0;2.0;0.0;0.0;22.0;9.0;56.0;0.0;16.2;0.0;28.0;0.0;0.0;0.0;62.0;9.0;0.0;0.0;0.0;0.0;0.0;0.0
General Sampaio;JUREMA;-4.0836666666667;-39.504722222222;2006;4;26.2;0.0;0.0;2.0;0.0;1.2;0.0;23.0;999.0;999.0;999.0;999.0;999.0;999.0;999.0;999.0;999.0;999.0;999.0;999.0;999.0;999.0;999.0;999.0;999.0;999.0;999.0;999.0;999.0;999.0;999.0;888.0
General Sampaio;JUREMA;-4.0836666666667;-39.504722222222;2006;5;0.0;0.0;999.0;999.0;999.0;999.0;999.0;999.0;999.0;999.0;999.0;999.0;999.0;999.0;999.0;999.0;999.0;999.0;999.0;999.0;999.0;999.0;999.0;999.0;999.0;999.0;999.0;999.0;999.0;999.0;999.0;999.0
General Sampaio;JUREMA;-4.0836666666667;-39.504722222222;2006;6;0.0;0.0;999.0;999.0;999.0;999.0;999.0;999.0;999.0;999.0;999.0;999.0;999.0;999.0;999.0;999.0;999.0;999.0;999.0;999.0;999.0;999.0;999.0;999.0;999.0;999.0;999.0;999.0;999.0;999.0;999.0;888.0
General Sampaio;JUREMA;-4.0836666666667;-39.504722222222;2006;7;0.0;0.0;999.0;999.0;999.0;999.0;999.0;999.0;999.0;999.0;999.0;999.0;999.0;999.0;999.0;999.0;999.0;999.0;999.0;999.0;999.0;999.0;999.0;999.0;999.0;999.0;999.0;999.0;999.0;999.0;999.0;999.0
General Sampaio;JUREMA;-4.0836666666667;-39.504722222222;2006;8;0.0;0.0;999.0;999.0;999.0;999.0;999.0;999.0;999.0;999.0;999.0;999.0;999.0;999.0;999.0;999.0;999.0;999.0;999.0;999.0;999.0;999.0;999.0;999.0;999.0;999.0;999.0;999.0;999.0;999.0;999.0;999.0
General Sampaio;JUREMA;-4.0836666666667;-39.504722222222;2006;9;0.0;0.0;999.0;999.0;999.0;999.0;999.0;999.0;999.0;999.0;999.0;999.0;999.0;999.0;999.0;999.0;999.0;999.0;999.0;999.0;999.0;999.0;999.0;999.0;999.0;999.0;999.0;999.0;999.0;999.0;999.0;888.0
General Sampaio;JUREMA;-4.0836666666667;-39.504722222222;2006;10;0.0;0.0;999.0;999.0;999.0;999.0;999.0;999.0;999.0;999.0;999.0;999.0;999.0;999.0;999.0;999.0;999.0;999.0;999.0;999.0;999.0;999.0;999.0;999.0;999.0;999.0;999.0;999.0;999.0;999.0;999.0;999.0
General Sampaio;JUREMA;-4.0836666666667;-39.504722222222;2006;11;0.0;0.0;999.0;999.0;999.0;999.0;999.0;999.0;999.0;999.0;999.0;999.0;999.0;999.0;999.0;999.0;999.0;999.0;999.0;999.0;999.0;999.0;999.0;999.0;999.0;999.0;999.0;999.0;999.0;999.0;999.0;888.0
General Sampaio;JUREMA;-4.0836666666667;-39.504722222222;2006;12;0.0;999.0;999.0;999.0;999.0;999.0;999.0;999.0;999.0;999.0;999.0;999.0;999.0;999.0;999.0;999.0;999.0;999.0;999.0;999.0;999.0;999.0;999.0;999.0;999.0;999.0;999.0;999.0;999.0;999.0;999.0;999.0
General Sampaio;JUREMA;-4.0836666666667;-39.504722222222;2007;1;0.0;0.0;0.0;0.0;0.0;0.0;0.0;0.0;0.0;0.0;0.0;0.0;0.0;0.0;0.0;0.0;0.0;0.0;0.0;0.0;0.0;0.0;0.0;0.0;0.0;0.0;0.0;0.0;0.0;0.0;0.0;0.0
General Sampaio;JUREMA;-4.0836666666667;-39.504722222222;2007;2;0.0;0.0;0.0;0.0;0.0;0.0;0.0;0.0;0.0;0.0;0.0;0.0;0.0;0.0;0.0;0.0;0.0;0.0;0.0;0.0;0.0;0.0;0.0;0.0;0.0;0.0;0.0;0.0;0.0;888.0;888.0;888.0
General Sampaio;JUREMA;-4.0836666666667;-39.504722222222;2007;3;0.0;0.0;0.0;0.0;0.0;0.0;0.0;0.0;0.0;0.0;0.0;0.0;0.0;0.0;0.0;0.0;0.0;0.0;0.0;0.0;0.0;0.0;0.0;0.0;0.0;0.0;0.0;0.0;0.0;0.0;0.0;0.0
General Sampaio;JUREMA;-4.0836666666667;-39.504722222222;2007;4;0.0;0.0;0.0;0.0;0.0;0.0;0.0;0.0;0.0;0.0;0.0;0.0;0.0;0.0;0.0;0.0;0.0;0.0;0.0;0.0;0.0;0.0;0.0;0.0;0.0;0.0;0.0;0.0;0.0;0.0;0.0;888.0
General Sampaio;JUREMA;-4.0836666666667;-39.504722222222;2007;5;0.0;0.0;0.0;0.0;0.0;0.0;0.0;0.0;0.0;0.0;0.0;0.0;0.0;0.0;0.0;0.0;0.0;0.0;0.0;0.0;0.0;0.0;0.0;0.0;0.0;0.0;0.0;0.0;0.0;0.0;0.0;0.0
General Sampaio;JUREMA;-4.0836666666667;-39.504722222222;2007;6;0.0;0.0;0.0;0.0;0.0;0.0;0.0;0.0;0.0;0.0;0.0;0.0;0.0;0.0;0.0;0.0;0.0;0.0;0.0;0.0;0.0;0.0;0.0;0.0;0.0;0.0;0.0;0.0;0.0;0.0;0.0;888.0
General Sampaio;JUREMA;-4.0836666666667;-39.504722222222;2007;7;0.0;0.0;0.0;0.0;0.0;0.0;0.0;0.0;0.0;0.0;0.0;0.0;0.0;0.0;0.0;0.0;0.0;0.0;0.0;0.0;0.0;0.0;0.0;0.0;0.0;0.0;0.0;0.0;0.0;0.0;0.0;0.0
General Sampaio;JUREMA;-4.0836666666667;-39.504722222222;2007;8;0.0;0.0;0.0;0.0;0.0;0.0;0.0;0.0;0.0;0.0;0.0;0.0;0.0;0.0;0.0;0.0;0.0;0.0;0.0;0.0;0.0;0.0;0.0;0.0;0.0;0.0;0.0;0.0;0.0;0.0;0.0;0.0
General Sampaio;JUREMA;-4.0836666666667;-39.504722222222;2007;9;0.0;0.0;0.0;0.0;0.0;0.0;0.0;0.0;0.0;0.0;0.0;0.0;0.0;0.0;0.0;0.0;0.0;0.0;0.0;0.0;0.0;0.0;0.0;0.0;0.0;0.0;0.0;0.0;0.0;0.0;0.0;888.0
General Sampaio;JUREMA;-4.0836666666667;-39.504722222222;2007;10;0.0;0.0;0.0;0.0;0.0;0.0;0.0;0.0;0.0;0.0;0.0;0.0;0.0;0.0;0.0;0.0;0.0;0.0;0.0;0.0;0.0;0.0;0.0;0.0;0.0;0.0;0.0;0.0;0.0;0.0;0.0;0.0
General Sampaio;JUREMA;-4.0836666666667;-39.504722222222;2007;11;0.0;0.0;0.0;0.0;0.0;0.0;0.0;0.0;0.0;0.0;0.0;0.0;0.0;0.0;0.0;0.0;0.0;0.0;0.0;0.0;0.0;0.0;0.0;0.0;0.0;0.0;0.0;0.0;0.0;0.0;0.0;888.0
General Sampaio;JUREMA;-4.0836666666667;-39.504722222222;2007;12;2.2;0.0;0.0;0.0;0.0;0.0;0.0;2.2;999.0;999.0;999.0;999.0;999.0;999.0;999.0;999.0;999.0;999.0;999.0;999.0;999.0;999.0;999.0;999.0;999.0;999.0;999.0;999.0;999.0;999.0;999.0;999.0
General Sampaio;JUREMA;-4.0836666666667;-39.504722222222;2008;12;0.0;0.0;999.0;999.0;999.0;999.0;999.0;999.0;999.0;999.0;999.0;999.0;999.0;999.0;999.0;999.0;999.0;999.0;999.0;999.0;999.0;999.0;999.0;999.0;999.0;999.0;999.0;999.0;999.0;999.0;999.0;999.0
General Sampaio;JUREMA;-4.0836666666667;-39.504722222222;2009;1;76.8;0.0;0.0;0.0;0.0;0.0;0.0;0.0;0.0;0.0;0.0;0.0;0.0;0.0;0.0;0.0;0.0;0.0;0.0;5.2;0.0;15.3;6.0;11.0;16.0;2.3;19.0;0.0;0.0;0.0;0.0;2.0
General Sampaio;JUREMA;-4.0836666666667;-39.504722222222;2009;2;102.4;0.0;35.0;0.0;0.0;0.0;0.0;0.0;0.0;0.0;0.0;0.0;3.2;0.0;0.0;0.0;0.0;0.0;3.2;14.0;0.0;0.0;0.0;29.0;0.0;0.0;9.0;0.0;9.0;888.0;888.0;888.0
General Sampaio;JUREMA;-4.0836666666667;-39.504722222222;2009;3;226.7;11.0;29.0;24.0;0.0;27.0;3.2;14.0;0.0;0.0;0.0;9.2;11.0;13.0;16.0;4.0;0.0;0.0;19.0;0.0;0.0;0.0;0.0;0.0;5.2;6.0;9.0;3.1;7.0;0.0;0.0;16.0
General Sampaio;JUREMA;-4.0836666666667;-39.504722222222;2009;4;236.2;0.0;11.0;13.0;15.0;0.0;0.0;0.0;4.2;47.0;0.0;27.0;0.0;23.0;0.0;0.0;11.0;5.0;22.0;5.0;4.0;0.0;31.0;0.0;0.0;13.0;0.0;0.0;0.0;0.0;5.0;888.0
General Sampaio;JUREMA;-4.0836666666667;-39.504722222222;2009;5;457.0;0.0;33.0;0.0;17.0;88.0;0.0;0.0;0.0;3.0;38.0;21.0;28.0;15.0;0.0;0.0;48.0;0.0;0.0;0.0;0.0;51.0;17.0;0.0;11.0;9.0;13.0;32.0;0.0;14.0;0.0;19.0
General Sampaio;JUREMA;-4.0836666666667;-39.504722222222;2009;6;226.0;34.0;11.0;27.0;0.0;0.0;22.0;0.0;3.0;0.0;37.0;0.0;0.0;0.0;9.0;22.0;0.0;0.0;0.0;4.0;0.0;41.0;16.0;0.0;0.0;0.0;0.0;0.0;0.0;0.0;0.0;888.0
General Sampaio;JUREMA;-4.0836666666667;-39.504722222222;2009;7;55.0;0.0;0.0;0.0;0.0;0.0;0.0;0.0;0.0;0.0;0.0;0.0;0.0;0.0;0.0;0.0;0.0;0.0;0.0;0.0;0.0;0.0;21.0;34.0;0.0;0.0;0.0;0.0;0.0;0.0;0.0;0.0
General Sampaio;JUREMA;-4.0836666666667;-39.504722222222;2009;8;0.0;0.0;0.0;0.0;0.0;0.0;0.0;0.0;0.0;0.0;0.0;0.0;0.0;0.0;0.0;0.0;0.0;0.0;0.0;0.0;0.0;0.0;0.0;0.0;0.0;0.0;0.0;0.0;0.0;0.0;0.0;0.0
General Sampaio;JUREMA;-4.0836666666667;-39.504722222222;2009;9;0.0;0.0;0.0;0.0;0.0;0.0;0.0;0.0;0.0;0.0;0.0;0.0;0.0;0.0;0.0;0.0;0.0;0.0;0.0;0.0;0.0;0.0;0.0;0.0;0.0;0.0;0.0;0.0;0.0;0.0;0.0;888.0
General Sampaio;JUREMA;-4.0836666666667;-39.504722222222;2009;10;0.0;0.0;0.0;0.0;0.0;0.0;0.0;0.0;0.0;0.0;0.0;0.0;0.0;0.0;0.0;0.0;0.0;0.0;0.0;0.0;0.0;0.0;0.0;0.0;0.0;0.0;0.0;0.0;0.0;0.0;0.0;0.0
General Sampaio;JUREMA;-4.0836666666667;-39.504722222222;2009;11;0.0;0.0;0.0;0.0;0.0;0.0;0.0;0.0;0.0;0.0;0.0;0.0;0.0;0.0;0.0;0.0;0.0;0.0;0.0;0.0;0.0;0.0;0.0;0.0;0.0;0.0;0.0;0.0;0.0;0.0;0.0;888.0
General Sampaio;JUREMA;-4.0836666666667;-39.504722222222;2009;12;6.0;0.0;0.0;0.0;0.0;0.0;0.0;0.0;0.0;0.0;0.0;0.0;0.0;0.0;0.0;0.0;0.0;0.0;6.0;0.0;0.0;0.0;0.0;0.0;0.0;0.0;0.0;0.0;0.0;0.0;0.0;0.0
General Sampaio;JUREMA;-4.0836666666667;-39.504722222222;2010;1;45.4;0.0;0.0;7.0;11.0;0.0;0.0;0.0;0.0;0.0;6.0;4.0;0.0;0.0;0.0;0.0;0.0;0.0;0.0;0.0;5.2;0.0;0.0;0.0;0.0;0.0;1.2;0.0;0.0;11.0;0.0;0.0
General Sampaio;JUREMA;-4.0836666666667;-39.504722222222;2010;2;6.0;0.0;0.0;0.0;0.0;0.0;0.0;0.0;0.0;0.0;6.0;0.0;0.0;0.0;0.0;0.0;0.0;0.0;0.0;0.0;0.0;0.0;0.0;0.0;0.0;0.0;0.0;0.0;0.0;888.0;888.0;888.0
General Sampaio;JUREMA;-4.0836666666667;-39.504722222222;2010;3;43.0;0.0;0.0;0.0;0.0;0.0;0.0;0.0;0.0;0.0;0.0;0.0;0.0;0.0;0.0;0.0;0.0;0.0;0.0;5.0;0.0;4.0;6.0;0.0;0.0;8.0;0.0;0.0;0.0;11.0;9.0;0.0
General Sampaio;JUREMA;-4.0836666666667;-39.504722222222;2010;4;89.0;6.0;11.0;7.0;0.0;0.0;0.0;0.0;0.0;0.0;16.0;0.0;0.0;0.0;0.0;0.0;0.0;12.0;21.0;0.0;0.0;0.0;7.0;0.0;3.0;6.0;0.0;0.0;0.0;0.0;0.0;888.0
General Sampaio;JUREMA;-4.0836666666667;-39.504722222222;2010;5;11.0;0.0;11.0;0.0;0.0;0.0;0.0;0.0;0.0;0.0;0.0;0.0;0.0;0.0;0.0;0.0;0.0;0.0;0.0;0.0;0.0;0.0;0.0;0.0;0.0;0.0;0.0;0.0;0.0;0.0;0.0;0.0
General Sampaio;JUREMA;-4.0836666666667;-39.504722222222;2010;6;0.0;0.0;0.0;0.0;0.0;0.0;0.0;0.0;0.0;0.0;0.0;0.0;0.0;0.0;0.0;0.0;0.0;0.0;0.0;0.0;0.0;0.0;0.0;0.0;0.0;0.0;0.0;0.0;0.0;0.0;0.0;888.0
General Sampaio;JUREMA;-4.0836666666667;-39.504722222222;2010;7;0.0;0.0;0.0;0.0;0.0;0.0;0.0;0.0;0.0;0.0;0.0;0.0;0.0;0.0;0.0;0.0;0.0;0.0;0.0;0.0;0.0;0.0;0.0;0.0;0.0;0.0;0.0;0.0;0.0;0.0;0.0;0.0
General Sampaio;JUREMA;-4.0836666666667;-39.504722222222;2010;8;0.0;0.0;0.0;0.0;0.0;0.0;0.0;0.0;0.0;0.0;0.0;0.0;0.0;0.0;0.0;0.0;0.0;0.0;0.0;0.0;0.0;0.0;0.0;0.0;0.0;0.0;0.0;0.0;0.0;0.0;0.0;0.0
General Sampaio;JUREMA;-4.0836666666667;-39.504722222222;2010;9;0.0;0.0;0.0;0.0;0.0;0.0;0.0;0.0;0.0;0.0;0.0;0.0;0.0;0.0;0.0;0.0;0.0;0.0;0.0;0.0;0.0;0.0;0.0;0.0;0.0;0.0;0.0;0.0;0.0;0.0;0.0;888.0
General Sampaio;JUREMA;-4.0836666666667;-39.504722222222;2010;10;0.0;0.0;0.0;0.0;0.0;0.0;0.0;0.0;0.0;0.0;0.0;0.0;0.0;0.0;0.0;0.0;0.0;0.0;0.0;0.0;0.0;0.0;0.0;0.0;0.0;0.0;0.0;0.0;0.0;0.0;0.0;0.0
General Sampaio;JUREMA;-4.0836666666667;-39.504722222222;2010;11;0.0;0.0;0.0;0.0;0.0;0.0;0.0;0.0;0.0;0.0;0.0;0.0;0.0;0.0;0.0;0.0;0.0;0.0;0.0;0.0;0.0;0.0;0.0;0.0;0.0;0.0;0.0;0.0;0.0;0.0;0.0;888.0
General Sampaio;JUREMA;-4.0836666666667;-39.504722222222;2010;12;70.0;0.0;0.0;0.0;0.0;0.0;0.0;0.0;0.0;0.0;0.0;0.0;0.0;0.0;0.0;0.0;0.0;0.0;11.0;0.0;0.0;17.0;1.0;8.0;6.0;0.0;21.0;0.0;0.0;0.0;6.0;0.0
General Sampaio;JUREMA;-4.0836666666667;-39.504722222222;2011;1;139.0;0.0;0.0;0.0;0.0;0.0;0.0;0.0;0.0;0.0;20.0;0.0;0.0;0.0;23.0;0.0;0.0;0.0;33.0;11.0;8.0;0.0;0.0;0.0;16.0;28.0;0.0;0.0;0.0;0.0;0.0;0.0
General Sampaio;JUREMA;-4.0836666666667;-39.504722222222;2011;2;81.0;0.0;0.0;0.0;13.0;7.0;0.0;0.0;0.0;0.0;0.0;0.0;3.0;0.0;0.0;0.0;0.0;0.0;3.0;2.0;0.0;0.0;0.0;0.0;3.0;3.0;0.0;22.0;25.0;888.0;888.0;888.0
General Sampaio;JUREMA;-4.0836666666667;-39.504722222222;2011;3;159.0;37.0;29.0;0.0;11.0;28.0;0.0;0.0;13.0;17.0;0.0;0.0;0.0;0.0;0.0;0.0;0.0;0.0;0.0;0.0;0.0;0.0;0.0;0.0;0.0;0.0;0.0;0.0;6.0;18.0;0.0;0.0
General Sampaio;JUREMA;-4.0836666666667;-39.504722222222;2011;4;154.0;0.0;4.0;7.0;0.0;0.0;13.0;0.0;0.0;5.0;0.0;0.0;17.0;6.0;0.0;11.0;9.0;0.0;4.0;0.0;0.0;27.0;0.0;0.0;2.0;18.0;0.0;3.0;17.0;0.0;11.0;888.0
General Sampaio;JUREMA;-4.0836666666667;-39.504722222222;2011;5;80.8;0.0;3.0;0.0;9.0;0.0;0.0;13.0;0.0;2.0;0.0;33.0;0.0;0.0;9.0;0.0;7.0;0.0;0.0;0.0;0.0;0.0;0.0;0.0;0.0;0.0;3.0;0.0;1.8;0.0;0.0;0.0
General Sampaio;JUREMA;-4.0836666666667;-39.504722222222;2011;6;11.0;0.0;0.0;0.0;0.0;11.0;0.0;0.0;0.0;0.0;0.0;0.0;0.0;0.0;0.0;0.0;0.0;0.0;0.0;0.0;0.0;0.0;0.0;0.0;0.0;0.0;0.0;0.0;0.0;0.0;0.0;888.0
General Sampaio;JUREMA;-4.0836666666667;-39.504722222222;2011;7;0.0;0.0;0.0;0.0;0.0;0.0;0.0;0.0;0.0;0.0;0.0;0.0;0.0;0.0;0.0;0.0;0.0;0.0;0.0;0.0;0.0;0.0;0.0;0.0;0.0;0.0;0.0;0.0;0.0;0.0;0.0;0.0
General Sampaio;JUREMA;-4.0836666666667;-39.504722222222;2011;8;0.0;0.0;0.0;0.0;0.0;0.0;0.0;0.0;0.0;0.0;0.0;0.0;0.0;0.0;0.0;0.0;0.0;0.0;0.0;0.0;0.0;0.0;0.0;0.0;0.0;0.0;0.0;0.0;0.0;0.0;0.0;0.0
General Sampaio;JUREMA;-4.0836666666667;-39.504722222222;2011;9;0.0;0.0;0.0;0.0;0.0;0.0;0.0;0.0;0.0;0.0;0.0;0.0;0.0;0.0;0.0;0.0;0.0;0.0;0.0;0.0;0.0;0.0;0.0;0.0;0.0;0.0;0.0;0.0;0.0;0.0;0.0;888.0
General Sampaio;JUREMA;-4.0836666666667;-39.504722222222;2011;10;6.4;0.0;0.0;0.0;0.0;0.0;0.0;0.0;0.0;0.0;0.0;0.0;0.0;2.0;0.0;0.0;0.0;1.2;0.0;0.0;3.2;0.0;0.0;0.0;0.0;0.0;0.0;0.0;0.0;0.0;0.0;0.0
General Sampaio;JUREMA;-4.0836666666667;-39.504722222222;2011;11;0.0;0.0;0.0;0.0;0.0;0.0;0.0;0.0;0.0;0.0;0.0;0.0;0.0;0.0;0.0;0.0;0.0;0.0;0.0;0.0;0.0;0.0;0.0;0.0;0.0;0.0;0.0;0.0;0.0;0.0;0.0;888.0
General Sampaio;JUREMA;-4.0836666666667;-39.504722222222;2011;12;0.0;0.0;0.0;0.0;0.0;0.0;0.0;0.0;0.0;0.0;0.0;0.0;0.0;0.0;0.0;0.0;0.0;0.0;0.0;0.0;0.0;0.0;0.0;0.0;0.0;0.0;0.0;0.0;0.0;0.0;0.0;0.0
General Sampaio;JUREMA;-4.0836666666667;-39.504722222222;2012;1;0.0;0.0;0.0;0.0;0.0;0.0;0.0;0.0;0.0;0.0;0.0;0.0;0.0;0.0;0.0;0.0;0.0;0.0;0.0;0.0;0.0;0.0;0.0;0.0;0.0;0.0;0.0;0.0;0.0;0.0;0.0;0.0
General Sampaio;JUREMA;-4.0836666666667;-39.504722222222;2012;2;90.0;0.0;0.0;0.0;0.0;0.0;0.0;0.0;0.0;0.0;0.0;0.0;0.0;0.0;0.0;11.0;0.0;0.0;9.0;22.0;3.0;0.0;0.0;0.0;3.0;17.0;0.0;6.0;11.0;8.0;888.0;888.0
General Sampaio;JUREMA;-4.0836666666667;-39.504722222222;2012;3;21.0;0.0;0.0;0.0;0.0;0.0;0.0;0.0;0.0;0.0;0.0;0.0;0.0;0.0;0.0;0.0;0.0;0.0;0.0;6.8;0.0;0.0;0.0;0.0;0.0;0.0;0.0;0.0;14.2;0.0;0.0;0.0
General Sampaio;JUREMA;-4.0836666666667;-39.504722222222;2013;1;0.0;0.0;0.0;0.0;0.0;0.0;0.0;0.0;0.0;0.0;0.0;0.0;0.0;0.0;0.0;0.0;0.0;0.0;0.0;0.0;0.0;0.0;0.0;0.0;0.0;0.0;0.0;0.0;0.0;0.0;0.0;0.0
General Sampaio;JUREMA;-4.0836666666667;-39.504722222222;2013;2;53.5;0.0;0.0;0.0;0.0;0.0;0.0;0.0;0.0;0.0;0.0;0.0;0.0;0.0;0.0;0.0;0.0;0.0;0.0;21.2;3.3;0.0;0.0;7.0;6.0;9.0;0.0;0.0;7.0;888.0;888.0;888.0
General Sampaio;JUREMA;-4.0836666666667;-39.504722222222;2013;3;32.0;0.0;0.0;0.0;0.0;0.0;0.0;0.0;0.0;0.0;0.0;0.0;0.0;0.0;0.0;0.0;12.0;0.0;11.0;0.0;0.0;0.0;0.0;0.0;0.0;0.0;0.0;0.0;9.0;0.0;0.0;0.0
General Sampaio;JUREMA;-4.0836666666667;-39.504722222222;2013;4;108.0;0.0;0.0;0.0;7.0;9.0;0.0;0.0;11.0;0.0;0.0;5.0;0.0;0.0;0.0;7.0;6.0;0.0;0.0;6.0;12.0;9.0;0.0;0.0;0.0;11.0;2.0;0.0;17.0;0.0;6.0;888.0
General Sampaio;JUREMA;-4.0836666666667;-39.504722222222;2013;5;11.0;0.0;11.0;0.0;999.0;999.0;999.0;999.0;999.0;999.0;999.0;999.0;999.0;999.0;999.0;999.0;999.0;999.0;999.0;999.0;999.0;999.0;999.0;999.0;999.0;999.0;999.0;999.0;999.0;999.0;999.0;999.0
General Sampaio;JUREMA;-4.0836666666667;-39.504722222222;2014;3;43.4;999.0;999.0;999.0;999.0;999.0;999.0;999.0;999.0;999.0;999.0;999.0;999.0;999.0;999.0;999.0;999.0;999.0;999.0;999.0;21.0;3.2;0.0;0.0;0.0;0.0;0.0;0.0;2.2;0.0;0.0;17.0
General Sampaio;JUREMA;-4.0836666666667;-39.504722222222;2014;4;50.0;0.0;0.0;0.0;0.0;0.0;2.0;0.0;0.0;7.0;0.0;0.0;18.0;0.0;0.0;0.0;0.0;0.0;0.0;0.0;0.0;0.0;0.0;12.0;0.0;0.0;0.0;0.0;11.0;0.0;0.0;888.0
General Sampaio;JUREMA;-4.0836666666667;-39.504722222222;2014;5;93.3;33.0;19.0;0.0;0.0;0.0;0.0;0.0;0.0;0.0;0.0;0.0;32.3;0.0;0.0;0.0;0.0;0.0;0.0;0.0;9.0;0.0;0.0;0.0;0.0;0.0;0.0;0.0;0.0;0.0;0.0;0.0
General Sampaio;JUREMA;-4.0836666666667;-39.504722222222;2014;6;0.0;0.0;0.0;0.0;0.0;0.0;0.0;0.0;0.0;0.0;0.0;0.0;0.0;0.0;0.0;0.0;0.0;0.0;0.0;0.0;0.0;0.0;0.0;0.0;0.0;0.0;0.0;0.0;0.0;0.0;0.0;888.0
General Sampaio;JUREMA;-4.0836666666667;-39.504722222222;2014;7;0.0;0.0;0.0;0.0;0.0;0.0;0.0;0.0;0.0;0.0;0.0;0.0;0.0;0.0;0.0;0.0;0.0;0.0;0.0;0.0;0.0;0.0;0.0;0.0;0.0;0.0;0.0;0.0;0.0;0.0;0.0;0.0
General Sampaio;JUREMA;-4.0836666666667;-39.504722222222;2014;8;0.0;0.0;0.0;0.0;0.0;0.0;0.0;0.0;0.0;0.0;0.0;0.0;0.0;0.0;0.0;0.0;0.0;0.0;0.0;0.0;0.0;0.0;0.0;0.0;0.0;0.0;0.0;0.0;0.0;0.0;0.0;0.0
General Sampaio;JUREMA;-4.0836666666667;-39.504722222222;2014;9;0.0;0.0;0.0;0.0;0.0;0.0;0.0;0.0;0.0;0.0;0.0;0.0;0.0;0.0;0.0;0.0;0.0;0.0;0.0;0.0;0.0;0.0;0.0;0.0;0.0;0.0;0.0;0.0;0.0;0.0;0.0;888.0
General Sampaio;JUREMA;-4.0836666666667;-39.504722222222;2014;10;0.0;0.0;0.0;0.0;0.0;0.0;0.0;0.0;0.0;0.0;0.0;0.0;0.0;0.0;0.0;0.0;0.0;0.0;0.0;0.0;0.0;0.0;0.0;0.0;0.0;0.0;0.0;0.0;0.0;0.0;0.0;0.0
General Sampaio;JUREMA;-4.0836666666667;-39.504722222222;2014;11;29.0;0.0;0.0;0.0;0.0;0.0;0.0;0.0;0.0;0.0;0.0;0.0;0.0;0.0;0.0;0.0;0.0;0.0;0.0;29.0;0.0;0.0;0.0;0.0;0.0;0.0;0.0;0.0;0.0;0.0;0.0;888.0
General Sampaio;JUREMA;-4.0836666666667;-39.504722222222;2014;12;0.0;0.0;0.0;0.0;0.0;0.0;0.0;0.0;0.0;0.0;0.0;0.0;0.0;0.0;0.0;0.0;0.0;0.0;0.0;0.0;0.0;0.0;0.0;0.0;0.0;0.0;0.0;0.0;0.0;0.0;0.0;0.0
General Sampaio;JUREMA;-4.0836666666667;-39.504722222222;2015;1;11.0;0.0;0.0;0.0;0.0;11.0;0.0;0.0;0.0;0.0;0.0;0.0;0.0;0.0;0.0;0.0;0.0;0.0;0.0;0.0;0.0;0.0;0.0;0.0;0.0;0.0;0.0;0.0;0.0;0.0;0.0;0.0
General Sampaio;JUREMA;-4.0836666666667;-39.504722222222;2015;2;157.4;0.0;6.0;9.0;0.0;0.0;0.0;0.0;0.0;0.0;0.0;0.0;0.0;0.0;0.0;0.0;0.0;0.0;0.0;35.0;56.2;6.0;3.0;0.0;6.0;12.0;17.0;0.0;7.2;888.0;888.0;888.0
General Sampaio;JUREMA;-4.0836666666667;-39.504722222222;2015;3;174.2;9.0;27.0;25.0;0.0;0.0;0.0;0.0;0.0;0.0;6.2;14.0;0.0;15.0;0.0;0.0;0.0;0.0;0.0;0.0;0.0;0.0;22.0;16.0;0.0;0.0;5.0;0.0;26.0;0.0;9.0;0.0
General Sampaio;JUREMA;-4.0836666666667;-39.504722222222;2015;4;55.0;0.0;28.0;0.0;2.0;0.0;0.0;0.0;0.0;13.0;12.0;0.0;0.0;0.0;0.0;0.0;0.0;0.0;0.0;0.0;0.0;0.0;0.0;0.0;0.0;0.0;0.0;0.0;0.0;0.0;0.0;888.0
General Sampaio;JUREMA;-4.0836666666667;-39.504722222222;2015;5;0.0;0.0;0.0;0.0;0.0;0.0;0.0;0.0;0.0;0.0;0.0;0.0;0.0;0.0;0.0;0.0;0.0;0.0;0.0;0.0;0.0;0.0;0.0;0.0;0.0;0.0;0.0;0.0;0.0;0.0;0.0;0.0
General Sampaio;JUREMA;-4.0836666666667;-39.504722222222;2015;6;19.0;0.0;0.0;0.0;11.0;0.0;0.0;0.0;8.0;0.0;0.0;0.0;0.0;0.0;0.0;0.0;0.0;0.0;0.0;0.0;0.0;0.0;0.0;0.0;0.0;0.0;0.0;0.0;0.0;0.0;0.0;888.0
General Sampaio;JUREMA;-4.0836666666667;-39.504722222222;2015;7;86.0;0.0;0.0;26.0;0.0;43.0;0.0;0.0;0.0;0.0;0.0;0.0;0.0;0.0;0.0;0.0;0.0;17.0;0.0;0.0;0.0;0.0;0.0;0.0;0.0;0.0;0.0;0.0;0.0;0.0;0.0;0.0
General Sampaio;JUREMA;-4.0836666666667;-39.504722222222;2015;8;0.0;0.0;0.0;0.0;0.0;0.0;0.0;0.0;0.0;0.0;0.0;0.0;0.0;0.0;0.0;0.0;0.0;0.0;0.0;0.0;0.0;0.0;0.0;0.0;0.0;0.0;0.0;0.0;0.0;0.0;0.0;0.0
General Sampaio;JUREMA;-4.0836666666667;-39.504722222222;2015;9;0.0;0.0;0.0;0.0;0.0;0.0;0.0;0.0;0.0;0.0;0.0;0.0;0.0;0.0;0.0;0.0;0.0;0.0;0.0;0.0;0.0;0.0;0.0;0.0;0.0;0.0;0.0;0.0;0.0;0.0;0.0;888.0
General Sampaio;JUREMA;-4.0836666666667;-39.504722222222;2015;10;0.0;0.0;0.0;0.0;0.0;0.0;0.0;0.0;0.0;0.0;0.0;0.0;0.0;0.0;0.0;0.0;0.0;0.0;0.0;0.0;0.0;0.0;0.0;0.0;0.0;0.0;0.0;0.0;0.0;0.0;0.0;0.0
General Sampaio;JUREMA;-4.0836666666667;-39.504722222222;2015;11;0.0;0.0;0.0;0.0;0.0;0.0;0.0;0.0;0.0;0.0;0.0;0.0;0.0;0.0;0.0;0.0;0.0;0.0;0.0;0.0;0.0;0.0;0.0;0.0;0.0;0.0;0.0;0.0;0.0;0.0;0.0;888.0
General Sampaio;JUREMA;-4.0836666666667;-39.504722222222;2015;12;0.0;0.0;0.0;0.0;0.0;0.0;0.0;0.0;0.0;0.0;0.0;0.0;0.0;0.0;0.0;0.0;0.0;0.0;0.0;0.0;0.0;0.0;0.0;0.0;0.0;0.0;0.0;0.0;0.0;0.0;0.0;0.0
General Sampaio;JUREMA;-4.0836666666667;-39.504722222222;2016;1;196.2;0.0;0.0;0.0;0.0;0.0;0.0;0.0;48.0;0.0;0.0;36.0;0.0;0.0;0.0;0.0;2.0;0.0;7.0;6.0;0.0;9.0;18.0;8.2;29.0;33.0;0.0;0.0;0.0;0.0;0.0;0.0
General Sampaio;JUREMA;-4.0836666666667;-39.504722222222;2016;2;107.0;5.0;14.0;22.0;11.0;0.0;0.0;0.0;0.0;0.0;0.0;0.0;0.0;0.0;0.0;0.0;0.0;10.0;0.0;17.0;28.0;0.0;0.0;0.0;0.0;0.0;0.0;0.0;0.0;0.0;888.0;888.0
General Sampaio;JUREMA;-4.0836666666667;-39.504722222222;2016;3;74.0;0.0;0.0;0.0;0.0;0.0;0.0;0.0;0.0;0.0;0.0;0.0;0.0;0.0;0.0;0.0;0.0;0.0;0.0;0.0;0.0;0.0;0.0;0.0;0.0;0.0;0.0;22.0;0.0;0.0;52.0;0.0
General Sampaio;JUREMA;-4.0836666666667;-39.504722222222;2016;4;59.2;0.0;3.0;6.0;9.2;0.0;0.0;41.0;0.0;0.0;0.0;0.0;0.0;0.0;0.0;0.0;0.0;0.0;0.0;0.0;0.0;0.0;0.0;0.0;0.0;0.0;0.0;0.0;0.0;0.0;0.0;888.0
General Sampaio;JUREMA;-4.0836666666667;-39.504722222222;2016;5;30.4;0.0;0.0;0.0;0.0;0.0;0.0;0.0;0.0;0.0;0.0;6.2;0.0;17.0;7.2;0.0;0.0;0.0;0.0;0.0;0.0;0.0;0.0;0.0;0.0;0.0;0.0;0.0;0.0;0.0;0.0;0.0
General Sampaio;JUREMA;-4.0836666666667;-39.504722222222;2016;6;4.0;0.0;0.0;0.0;0.0;0.0;0.0;0.0;0.0;0.0;0.0;0.0;0.0;0.0;0.0;0.0;0.0;0.0;0.0;0.0;0.0;0.0;0.0;0.0;4.0;0.0;0.0;0.0;0.0;0.0;0.0;888.0
General Sampaio;JUREMA;-4.0836666666667;-39.504722222222;2016;7;0.0;0.0;0.0;0.0;0.0;0.0;0.0;0.0;0.0;0.0;0.0;0.0;0.0;0.0;0.0;0.0;0.0;0.0;0.0;0.0;0.0;0.0;0.0;0.0;0.0;0.0;0.0;0.0;0.0;0.0;0.0;0.0
General Sampaio;JUREMA;-4.0836666666667;-39.504722222222;2016;8;0.0;0.0;0.0;0.0;0.0;0.0;0.0;0.0;0.0;0.0;0.0;0.0;0.0;0.0;0.0;0.0;0.0;0.0;0.0;0.0;0.0;0.0;0.0;0.0;0.0;0.0;0.0;0.0;0.0;0.0;0.0;0.0
General Sampaio;JUREMA;-4.0836666666667;-39.504722222222;2016;9;0.0;0.0;0.0;0.0;0.0;0.0;0.0;0.0;0.0;0.0;0.0;0.0;0.0;0.0;0.0;0.0;0.0;0.0;0.0;0.0;0.0;0.0;0.0;0.0;0.0;0.0;0.0;0.0;0.0;0.0;0.0;888.0
General Sampaio;JUREMA;-4.0836666666667;-39.504722222222;2016;10;0.0;0.0;0.0;0.0;0.0;0.0;0.0;0.0;0.0;0.0;0.0;0.0;0.0;0.0;0.0;0.0;0.0;0.0;0.0;0.0;0.0;0.0;0.0;0.0;0.0;0.0;0.0;0.0;0.0;0.0;0.0;0.0
General Sampaio;JUREMA;-4.0836666666667;-39.504722222222;2016;11;0.0;0.0;0.0;0.0;0.0;0.0;0.0;0.0;0.0;0.0;0.0;0.0;0.0;0.0;0.0;0.0;0.0;0.0;0.0;0.0;0.0;0.0;0.0;0.0;0.0;0.0;0.0;0.0;0.0;0.0;0.0;888.0
General Sampaio;JUREMA;-4.0836666666667;-39.504722222222;2016;12;0.0;0.0;0.0;0.0;0.0;0.0;0.0;0.0;0.0;0.0;0.0;0.0;0.0;0.0;0.0;0.0;0.0;0.0;0.0;0.0;0.0;0.0;0.0;0.0;0.0;0.0;0.0;0.0;0.0;0.0;0.0;0.0
General Sampaio;JUREMA;-4.0836666666667;-39.504722222222;2017;1;0.0;0.0;0.0;0.0;0.0;0.0;0.0;0.0;0.0;0.0;0.0;0.0;0.0;0.0;0.0;0.0;0.0;0.0;0.0;0.0;0.0;0.0;0.0;0.0;0.0;0.0;0.0;0.0;0.0;0.0;0.0;0.0
General Sampaio;JUREMA;-4.0836666666667;-39.504722222222;2017;2;160.0;0.0;0.0;0.0;0.0;0.0;0.0;0.0;0.0;13.0;0.0;59.0;0.0;0.0;0.0;0.0;0.0;0.0;37.0;4.0;0.0;0.0;0.0;0.0;19.0;7.0;0.0;9.0;12.0;888.0;888.0;888.0
General Sampaio;JUREMA;-4.0836666666667;-39.504722222222;2017;3;356.0;8.0;13.0;71.0;0.0;9.0;0.0;11.0;15.0;0.0;7.0;17.0;31.0;37.0;7.0;11.0;7.0;0.0;0.0;29.0;0.0;7.0;0.0;14.0;4.0;0.0;0.0;21.0;0.0;0.0;0.0;37.0
General Sampaio;JUREMA;-4.0836666666667;-39.504722222222;2017;4;114.0;0.0;3.0;7.0;0.0;0.0;0.0;0.0;0.0;0.0;0.0;21.0;0.0;18.0;19.0;0.0;0.0;0.0;0.0;0.0;11.0;16.0;0.0;6.0;13.0;0.0;0.0;0.0;0.0;0.0;0.0;888.0
General Sampaio;JUREMA;-4.0836666666667;-39.504722222222;2017;5;60.2;0.0;0.0;0.0;0.0;0.0;1.0;3.0;6.0;9.0;0.0;0.0;0.0;0.0;0.0;0.0;0.0;0.0;0.0;0.0;0.0;0.0;0.0;0.0;0.0;0.0;0.0;0.0;0.0;32.0;9.2;0.0
General Sampaio;JUREMA;-4.0836666666667;-39.504722222222;2017;6;41.0;0.0;41.0;0.0;0.0;0.0;0.0;0.0;0.0;0.0;0.0;0.0;0.0;0.0;0.0;0.0;0.0;0.0;0.0;0.0;0.0;0.0;0.0;0.0;0.0;0.0;0.0;0.0;0.0;0.0;0.0;888.0
General Sampaio;JUREMA;-4.0836666666667;-39.504722222222;2017;7;0.0;0.0;0.0;0.0;0.0;0.0;0.0;0.0;0.0;0.0;0.0;0.0;0.0;0.0;0.0;0.0;0.0;0.0;0.0;0.0;0.0;0.0;0.0;0.0;0.0;0.0;0.0;0.0;0.0;0.0;0.0;0.0
General Sampaio;JUREMA;-4.0836666666667;-39.504722222222;2017;8;0.0;0.0;0.0;0.0;0.0;0.0;0.0;0.0;0.0;0.0;0.0;0.0;0.0;0.0;0.0;0.0;0.0;0.0;0.0;0.0;0.0;0.0;0.0;0.0;0.0;0.0;0.0;0.0;0.0;0.0;0.0;0.0
General Sampaio;JUREMA;-4.0836666666667;-39.504722222222;2017;9;0.0;0.0;0.0;0.0;0.0;0.0;0.0;0.0;0.0;0.0;0.0;0.0;0.0;0.0;0.0;0.0;0.0;0.0;0.0;0.0;0.0;0.0;0.0;0.0;0.0;0.0;0.0;0.0;0.0;0.0;0.0;888.0
General Sampaio;JUREMA;-4.0836666666667;-39.504722222222;2017;10;0.0;0.0;0.0;0.0;0.0;0.0;0.0;0.0;0.0;0.0;0.0;0.0;0.0;0.0;0.0;0.0;0.0;0.0;0.0;0.0;0.0;0.0;0.0;0.0;0.0;0.0;0.0;0.0;0.0;0.0;0.0;0.0
General Sampaio;JUREMA;-4.0836666666667;-39.504722222222;2017;11;0.0;0.0;0.0;0.0;0.0;0.0;0.0;0.0;0.0;0.0;0.0;0.0;0.0;0.0;0.0;0.0;0.0;0.0;0.0;0.0;0.0;0.0;0.0;0.0;0.0;0.0;0.0;0.0;0.0;0.0;0.0;888.0
General Sampaio;JUREMA;-4.0836666666667;-39.504722222222;2017;12;0.0;0.0;0.0;0.0;0.0;0.0;0.0;0.0;0.0;0.0;0.0;0.0;0.0;0.0;0.0;0.0;0.0;0.0;0.0;0.0;0.0;0.0;0.0;0.0;0.0;0.0;0.0;0.0;0.0;0.0;0.0;0.0
General Sampaio;JUREMA;-4.0836666666667;-39.504722222222;2018;1;74.0;0.0;0.0;0.0;0.0;0.0;0.0;0.0;0.0;0.0;0.0;0.0;0.0;0.0;0.0;0.0;0.0;0.0;0.0;0.0;13.0;36.0;0.0;0.0;0.0;0.0;0.0;0.0;25.0;0.0;0.0;0.0
General Sampaio;JUREMA;-4.0836666666667;-39.504722222222;2018;2;174.0;0.0;0.0;16.0;0.0;0.0;17.0;16.0;11.0;0.0;0.0;0.0;14.0;0.0;7.0;36.0;0.0;0.0;0.0;0.0;18.0;6.0;18.0;0.0;0.0;15.0;0.0;0.0;0.0;888.0;888.0;888.0
General Sampaio;JUREMA;-4.0836666666667;-39.504722222222;2018;3;88.0;0.0;0.0;0.0;0.0;14.0;13.0;11.0;6.0;0.0;0.0;0.0;0.0;0.0;11.0;0.0;0.0;0.0;0.0;0.0;0.0;0.0;8.0;18.0;0.0;0.0;3.0;0.0;0.0;4.0;0.0;0.0
General Sampaio;JUREMA;-4.0836666666667;-39.504722222222;2018;4;115.0;0.0;3.0;0.0;0.0;3.0;0.0;0.0;0.0;6.0;0.0;27.0;9.0;0.0;0.0;14.0;23.0;30.0;0.0;0.0;0.0;0.0;0.0;0.0;0.0;0.0;0.0;0.0;0.0;0.0;0.0;888.0
General Sampaio;JUREMA;-4.0836666666667;-39.504722222222;2018;5;60.0;0.0;0.0;0.0;0.0;0.0;0.0;0.0;0.0;0.0;42.0;0.0;0.0;0.0;0.0;0.0;0.0;0.0;9.0;6.0;3.0;0.0;0.0;0.0;0.0;0.0;0.0;0.0;0.0;0.0;0.0;0.0
General Sampaio;JUREMA;-4.0836666666667;-39.504722222222;2018;6;0.0;0.0;0.0;0.0;0.0;0.0;0.0;0.0;0.0;0.0;0.0;0.0;0.0;0.0;0.0;0.0;0.0;0.0;0.0;0.0;0.0;0.0;0.0;0.0;0.0;0.0;0.0;0.0;0.0;0.0;0.0;888.0
General Sampaio;JUREMA;-4.0836666666667;-39.504722222222;2018;7;2.4;0.0;0.0;0.0;0.0;0.0;0.0;0.0;2.4;0.0;0.0;0.0;0.0;0.0;0.0;0.0;0.0;0.0;0.0;0.0;0.0;0.0;0.0;0.0;0.0;0.0;0.0;0.0;0.0;0.0;0.0;0.0
General Sampaio;JUREMA;-4.0836666666667;-39.504722222222;2018;8;0.0;0.0;0.0;0.0;0.0;0.0;0.0;0.0;0.0;0.0;0.0;0.0;0.0;0.0;0.0;0.0;0.0;0.0;0.0;0.0;0.0;0.0;0.0;0.0;0.0;0.0;0.0;0.0;0.0;0.0;0.0;0.0
General Sampaio;JUREMA;-4.0836666666667;-39.504722222222;2018;9;0.0;0.0;0.0;0.0;0.0;0.0;0.0;0.0;0.0;0.0;0.0;0.0;0.0;0.0;0.0;0.0;0.0;0.0;0.0;0.0;0.0;0.0;0.0;0.0;0.0;0.0;0.0;0.0;0.0;0.0;0.0;888.0
General Sampaio;JUREMA;-4.0836666666667;-39.504722222222;2018;10;0.0;0.0;0.0;0.0;0.0;0.0;0.0;0.0;0.0;0.0;0.0;0.0;0.0;0.0;0.0;0.0;0.0;0.0;0.0;0.0;0.0;0.0;0.0;0.0;0.0;0.0;0.0;0.0;0.0;0.0;0.0;0.0
General Sampaio;JUREMA;-4.0836666666667;-39.504722222222;2018;11;0.0;0.0;0.0;0.0;0.0;0.0;0.0;0.0;0.0;0.0;0.0;0.0;0.0;0.0;0.0;0.0;0.0;0.0;0.0;0.0;0.0;0.0;0.0;0.0;0.0;0.0;0.0;0.0;0.0;0.0;0.0;888.0
General Sampaio;JUREMA;-4.0836666666667;-39.504722222222;2018;12;19.0;0.0;0.0;0.0;0.0;0.0;0.0;0.0;0.0;0.0;0.0;0.0;0.0;0.0;0.0;0.0;0.0;0.0;0.0;19.0;0.0;0.0;0.0;0.0;0.0;0.0;0.0;0.0;0.0;0.0;0.0;0.0
General Sampaio;JUREMA;-4.0836666666667;-39.504722222222;2019;1;154.0;0.0;0.0;0.0;0.0;0.0;0.0;0.0;11.0;0.0;0.0;0.0;0.0;11.0;0.0;0.0;32.0;29.0;71.0;0.0;0.0;0.0;0.0;0.0;0.0;0.0;0.0;0.0;0.0;0.0;0.0;0.0
General Sampaio;JUREMA;-4.0836666666667;-39.504722222222;2019;2;82.6;0.0;0.0;0.0;0.0;0.0;8.0;18.4;0.0;0.0;0.0;0.0;0.0;6.0;0.0;0.0;8.0;0.0;9.2;0.0;13.0;9.0;0.0;11.0;0.0;0.0;0.0;0.0;0.0;888.0;888.0;888.0
General Sampaio;JUREMA;-4.0836666666667;-39.504722222222;2019;3;144.0;0.0;0.0;0.0;0.0;0.0;0.0;3.0;12.0;29.0;0.0;0.0;0.0;19.0;0.0;17.0;0.0;0.0;0.0;13.0;0.0;7.0;0.0;0.0;0.0;0.0;0.0;0.0;12.0;32.0;0.0;0.0
General Sampaio;JUREMA;-4.0836666666667;-39.504722222222;2019;4;119.4;42.0;0.0;0.0;0.0;0.0;0.0;0.0;0.0;0.0;0.0;0.0;0.0;0.0;0.0;11.0;0.0;0.0;9.0;6.0;6.2;14.0;13.0;0.0;0.0;14.0;0.0;0.0;4.2;0.0;0.0;888.0
General Sampaio;JUREMA;-4.0836666666667;-39.504722222222;2019;5;38.0;38.0;0.0;0.0;0.0;0.0;0.0;0.0;0.0;0.0;0.0;0.0;0.0;0.0;0.0;0.0;0.0;0.0;0.0;0.0;0.0;0.0;0.0;0.0;0.0;0.0;0.0;0.0;0.0;0.0;0.0;0.0
General Sampaio;JUREMA;-4.0836666666667;-39.504722222222;2019;6;62.0;38.0;0.0;0.0;0.0;0.0;0.0;0.0;0.0;0.0;0.0;0.0;3.0;0.0;21.0;0.0;0.0;0.0;0.0;0.0;0.0;0.0;0.0;0.0;0.0;0.0;0.0;0.0;0.0;0.0;0.0;888.0
General Sampaio;JUREMA;-4.0836666666667;-39.504722222222;2019;7;0.0;0.0;0.0;0.0;0.0;0.0;0.0;0.0;0.0;0.0;0.0;0.0;0.0;0.0;0.0;0.0;0.0;0.0;0.0;0.0;0.0;0.0;0.0;0.0;0.0;0.0;0.0;0.0;0.0;0.0;0.0;0.0
General Sampaio;JUREMA;-4.0836666666667;-39.504722222222;2019;8;0.0;0.0;0.0;0.0;0.0;0.0;0.0;0.0;0.0;0.0;0.0;0.0;0.0;0.0;0.0;0.0;0.0;0.0;0.0;0.0;0.0;0.0;0.0;0.0;0.0;0.0;0.0;0.0;0.0;0.0;0.0;0.0
General Sampaio;JUREMA;-4.0836666666667;-39.504722222222;2019;9;0.0;0.0;0.0;0.0;0.0;0.0;0.0;0.0;0.0;0.0;0.0;0.0;0.0;0.0;0.0;0.0;0.0;0.0;0.0;0.0;0.0;0.0;0.0;0.0;0.0;0.0;0.0;0.0;0.0;0.0;0.0;888.0
General Sampaio;JUREMA;-4.0836666666667;-39.504722222222;2019;10;0.0;0.0;0.0;0.0;0.0;0.0;0.0;0.0;0.0;0.0;0.0;0.0;0.0;0.0;0.0;0.0;0.0;0.0;0.0;0.0;0.0;0.0;0.0;0.0;0.0;0.0;0.0;0.0;0.0;0.0;0.0;0.0
General Sampaio;JUREMA;-4.0836666666667;-39.504722222222;2019;11;0.0;0.0;0.0;0.0;0.0;0.0;0.0;0.0;0.0;0.0;0.0;0.0;0.0;0.0;0.0;0.0;0.0;0.0;0.0;0.0;0.0;0.0;0.0;0.0;0.0;0.0;0.0;0.0;0.0;0.0;0.0;888.0
General Sampaio;JUREMA;-4.0836666666667;-39.504722222222;2019;12;0.0;0.0;0.0;0.0;0.0;0.0;0.0;0.0;0.0;0.0;0.0;0.0;0.0;0.0;0.0;0.0;0.0;0.0;0.0;0.0;0.0;0.0;0.0;0.0;0.0;0.0;0.0;0.0;0.0;0.0;0.0;0.0
General Sampaio;JUREMA;-4.0836666666667;-39.504722222222;2020;1;179.0;0.0;0.0;0.0;74.0;0.0;0.0;0.0;0.0;0.0;24.0;15.0;8.0;0.0;9.0;6.0;0.0;0.0;0.0;0.0;0.0;0.0;0.0;0.0;0.0;0.0;0.0;6.0;0.0;0.0;0.0;37.0
General Sampaio;JUREMA;-4.0836666666667;-39.504722222222;2020;2;106.2;0.0;4.2;0.0;0.0;0.0;16.0;0.0;0.0;0.0;0.0;0.0;0.0;18.0;0.0;6.0;0.0;12.0;0.0;0.0;0.0;12.0;0.0;0.0;0.0;0.0;0.0;0.0;16.0;22.0;888.0;888.0
General Sampaio;JUREMA;-4.0836666666667;-39.504722222222;2020;3;267.0;9.0;0.0;0.0;27.0;0.0;22.0;0.0;0.0;0.0;0.0;0.0;0.0;0.0;21.0;11.0;0.0;0.0;0.0;0.0;0.0;0.0;9.0;8.0;0.0;47.0;0.0;0.0;0.0;0.0;57.0;56.0
General Sampaio;JUREMA;-4.0836666666667;-39.504722222222;2020;4;340.0;27.0;0.0;0.0;0.0;0.0;33.0;0.0;0.0;0.0;0.0;0.0;17.0;6.0;0.0;0.0;22.0;0.0;0.0;0.0;0.0;77.0;57.0;0.0;0.0;16.0;17.0;68.0;0.0;0.0;0.0;888.0
General Sampaio;JUREMA;-4.0836666666667;-39.504722222222;2020;5;68.0;0.0;0.0;0.0;0.0;0.0;51.0;0.0;0.0;0.0;0.0;0.0;0.0;0.0;0.0;0.0;0.0;0.0;0.0;0.0;0.0;0.0;0.0;0.0;0.0;17.0;0.0;0.0;0.0;0.0;0.0;0.0
General Sampaio;JUREMA;-4.0836666666667;-39.504722222222;2020;6;0.0;0.0;0.0;0.0;0.0;0.0;0.0;0.0;0.0;0.0;0.0;0.0;0.0;0.0;0.0;0.0;0.0;0.0;0.0;0.0;0.0;0.0;0.0;0.0;0.0;0.0;0.0;0.0;0.0;0.0;0.0;888.0
General Sampaio;JUREMA;-4.0836666666667;-39.504722222222;2020;7;0.0;0.0;0.0;0.0;0.0;0.0;0.0;0.0;0.0;0.0;0.0;0.0;0.0;0.0;0.0;0.0;0.0;0.0;0.0;0.0;0.0;0.0;0.0;0.0;0.0;0.0;0.0;0.0;0.0;0.0;0.0;0.0
General Sampaio;JUREMA;-4.0836666666667;-39.504722222222;2020;8;0.0;0.0;0.0;0.0;0.0;0.0;0.0;0.0;0.0;0.0;0.0;0.0;0.0;0.0;0.0;0.0;0.0;0.0;0.0;0.0;0.0;0.0;0.0;0.0;0.0;0.0;0.0;0.0;0.0;0.0;0.0;0.0
General Sampaio;JUREMA;-4.0836666666667;-39.504722222222;2020;9;0.0;0.0;0.0;0.0;0.0;0.0;0.0;0.0;0.0;0.0;0.0;0.0;0.0;0.0;0.0;0.0;0.0;0.0;0.0;0.0;0.0;0.0;0.0;0.0;0.0;0.0;0.0;0.0;0.0;0.0;0.0;888.0
General Sampaio;JUREMA;-4.0836666666667;-39.504722222222;2020;10;0.0;0.0;0.0;0.0;0.0;0.0;0.0;0.0;0.0;0.0;0.0;0.0;0.0;0.0;0.0;0.0;0.0;0.0;0.0;0.0;0.0;0.0;0.0;0.0;0.0;0.0;0.0;0.0;0.0;0.0;0.0;0.0
General Sampaio;JUREMA;-4.0836666666667;-39.504722222222;2020;11;0.0;0.0;0.0;0.0;0.0;0.0;0.0;0.0;0.0;0.0;0.0;0.0;0.0;0.0;0.0;0.0;0.0;0.0;0.0;0.0;0.0;0.0;0.0;0.0;0.0;0.0;0.0;0.0;0.0;0.0;0.0;888.0
General Sampaio;JUREMA;-4.0836666666667;-39.504722222222;2020;12;0.0;0.0;0.0;0.0;0.0;0.0;0.0;0.0;0.0;0.0;0.0;0.0;0.0;0.0;0.0;0.0;0.0;0.0;0.0;0.0;0.0;0.0;0.0;0.0;0.0;0.0;0.0;0.0;0.0;0.0;0.0;0.0
General Sampaio;JUREMA;-4.0836666666667;-39.504722222222;2021;1;0.0;0.0;0.0;0.0;0.0;0.0;0.0;0.0;0.0;0.0;0.0;0.0;0.0;0.0;0.0;0.0;0.0;0.0;0.0;0.0;0.0;0.0;0.0;0.0;0.0;0.0;0.0;0.0;0.0;0.0;0.0;0.0
General Sampaio;JUREMA;-4.0836666666667;-39.504722222222;2021;2;40.2;0.0;0.0;0.0;0.0;0.0;0.0;0.0;5.0;0.0;7.0;0.0;0.0;0.0;0.0;0.0;0.0;19.0;0.0;0.0;0.0;0.0;0.0;0.0;0.0;0.0;0.0;9.2;0.0;888.0;888.0;888.0
General Sampaio;JUREMA;-4.0836666666667;-39.504722222222;2021;3;105.0;6.0;17.0;0.0;11.0;11.0;0.0;0.0;0.0;0.0;0.0;0.0;0.0;0.0;0.0;0.0;0.0;0.0;0.0;0.0;0.0;0.0;0.0;0.0;0.0;13.0;47.0;0.0;0.0;0.0;0.0;0.0
General Sampaio;JUREMA;-4.0836666666667;-39.504722222222;2021;4;39.0;0.0;0.0;0.0;3.0;5.0;0.0;0.0;0.0;0.0;0.0;31.0;0.0;0.0;0.0;0.0;0.0;0.0;0.0;0.0;0.0;0.0;0.0;0.0;0.0;0.0;0.0;0.0;0.0;0.0;0.0;888.0
General Sampaio;JUREMA;-4.0836666666667;-39.504722222222;2021;5;76.0;29.0;0.0;9.0;0.0;0.0;0.0;10.0;0.0;0.0;0.0;0.0;0.0;28.0;0.0;0.0;0.0;0.0;0.0;0.0;0.0;0.0;0.0;0.0;0.0;0.0;0.0;0.0;0.0;0.0;0.0;0.0
General Sampaio;JUREMA;-4.0836666666667;-39.504722222222;2021;6;0.0;0.0;0.0;0.0;0.0;0.0;0.0;0.0;0.0;0.0;0.0;0.0;0.0;0.0;0.0;0.0;0.0;0.0;0.0;0.0;0.0;0.0;0.0;0.0;0.0;0.0;0.0;0.0;0.0;0.0;0.0;888.0
General Sampaio;JUREMA;-4.0836666666667;-39.504722222222;2021;7;29.0;0.0;0.0;0.0;29.0;0.0;0.0;0.0;0.0;0.0;0.0;0.0;0.0;0.0;0.0;0.0;0.0;0.0;0.0;0.0;0.0;0.0;0.0;0.0;0.0;0.0;0.0;0.0;0.0;0.0;0.0;0.0
General Sampaio;JUREMA;-4.0836666666667;-39.504722222222;2021;8;0.0;0.0;0.0;0.0;0.0;0.0;0.0;0.0;0.0;0.0;0.0;0.0;0.0;0.0;0.0;0.0;0.0;0.0;0.0;0.0;0.0;0.0;0.0;0.0;0.0;0.0;0.0;0.0;0.0;0.0;0.0;0.0
General Sampaio;JUREMA;-4.0836666666667;-39.504722222222;2021;9;0.0;0.0;0.0;0.0;0.0;0.0;0.0;0.0;0.0;0.0;0.0;0.0;0.0;0.0;0.0;0.0;0.0;0.0;0.0;0.0;0.0;0.0;0.0;0.0;0.0;0.0;0.0;0.0;0.0;0.0;0.0;888.0
General Sampaio;JUREMA;-4.0836666666667;-39.504722222222;2021;10;0.0;0.0;0.0;0.0;0.0;0.0;0.0;0.0;0.0;0.0;0.0;0.0;0.0;0.0;0.0;0.0;0.0;0.0;0.0;0.0;0.0;0.0;0.0;0.0;0.0;0.0;0.0;0.0;0.0;0.0;0.0;0.0
General Sampaio;JUREMA;-4.0836666666667;-39.504722222222;2021;11;0.0;0.0;0.0;0.0;0.0;0.0;0.0;0.0;0.0;0.0;0.0;0.0;0.0;0.0;0.0;0.0;0.0;0.0;0.0;0.0;0.0;0.0;0.0;0.0;0.0;0.0;0.0;0.0;0.0;0.0;0.0;888.0
General Sampaio;JUREMA;-4.0836666666667;-39.504722222222;2021;12;0.0;0.0;0.0;0.0;0.0;0.0;0.0;0.0;0.0;0.0;0.0;0.0;0.0;0.0;0.0;0.0;0.0;0.0;0.0;0.0;0.0;0.0;0.0;0.0;0.0;0.0;0.0;0.0;0.0;0.0;0.0;0.0
General Sampaio;JUREMA;-4.0836666666667;-39.504722222222;2022;1;53.0;0.0;0.0;0.0;0.0;0.0;5.0;0.0;0.0;3.0;0.0;0.0;0.0;4.0;2.0;9.0;0.0;0.0;0.0;7.0;2.0;0.0;3.0;0.0;0.0;0.0;6.0;9.0;3.0;0.0;0.0;0.0
General Sampaio;JUREMA;-4.0836666666667;-39.504722222222;2022;2;34.2;0.0;0.0;0.0;2.2;0.0;0.0;0.0;0.0;0.0;16.0;9.0;0.0;0.0;0.0;0.0;3.0;0.0;0.0;0.0;0.0;0.0;0.0;4.0;0.0;0.0;0.0;0.0;0.0;888.0;888.0;888.0
General Sampaio;JUREMA;-4.0836666666667;-39.504722222222;2022;3;86.0;0.0;0.0;0.0;0.0;0.0;0.0;13.0;0.0;5.0;0.0;0.0;0.0;0.0;0.0;0.0;13.0;0.0;0.0;0.0;0.0;7.0;0.0;19.0;7.0;0.0;12.0;0.0;9.0;0.0;0.0;1.0
General Sampaio;JUREMA;-4.0836666666667;-39.504722222222;2022;4;183.0;1.0;17.0;0.0;11.0;0.0;0.0;22.0;0.0;14.0;0.0;0.0;42.0;0.0;0.0;12.0;0.0;13.0;6.0;0.0;0.0;0.0;0.0;0.0;16.0;7.0;0.0;8.0;0.0;14.0;0.0;888.0
General Sampaio;JUREMA;-4.0836666666667;-39.504722222222;2022;5;37.0;0.0;0.0;0.0;0.0;0.0;0.0;0.0;0.0;4.0;0.0;0.0;0.0;0.0;21.0;0.0;0.0;0.0;0.0;0.0;0.0;0.0;0.0;12.0;0.0;0.0;0.0;0.0;0.0;0.0;0.0;0.0
General Sampaio;JUREMA;-4.0836666666667;-39.504722222222;2022;6;35.0;0.0;9.0;0.0;22.0;0.0;0.0;0.0;0.0;0.0;0.0;0.0;0.0;0.0;0.0;0.0;0.0;0.0;0.0;0.0;0.0;0.0;4.0;0.0;0.0;0.0;0.0;0.0;0.0;0.0;0.0;888.0
General Sampaio;JUREMA;-4.0836666666667;-39.504722222222;2022;7;0.0;0.0;0.0;0.0;0.0;0.0;0.0;0.0;0.0;0.0;0.0;0.0;0.0;0.0;0.0;0.0;0.0;0.0;0.0;0.0;0.0;0.0;0.0;0.0;0.0;0.0;0.0;0.0;0.0;0.0;0.0;0.0
General Sampaio;JUREMA;-4.0836666666667;-39.504722222222;2022;8;0.0;0.0;0.0;0.0;0.0;0.0;0.0;0.0;0.0;0.0;0.0;0.0;0.0;0.0;0.0;0.0;0.0;0.0;0.0;0.0;0.0;0.0;0.0;0.0;0.0;0.0;0.0;0.0;0.0;0.0;0.0;0.0
General Sampaio;JUREMA;-4.0836666666667;-39.504722222222;2022;9;0.0;0.0;0.0;0.0;0.0;0.0;0.0;0.0;0.0;0.0;0.0;0.0;0.0;0.0;0.0;0.0;0.0;0.0;0.0;0.0;0.0;0.0;0.0;0.0;0.0;0.0;0.0;0.0;0.0;0.0;0.0;888.0
General Sampaio;JUREMA;-4.0836666666667;-39.504722222222;2022;10;0.0;0.0;0.0;0.0;0.0;0.0;0.0;0.0;0.0;0.0;0.0;0.0;0.0;0.0;0.0;0.0;0.0;0.0;0.0;0.0;0.0;0.0;0.0;0.0;0.0;0.0;0.0;0.0;0.0;0.0;0.0;0.0
General Sampaio;JUREMA;-4.0836666666667;-39.504722222222;2022;11;20.0;0.0;0.0;0.0;0.0;0.0;0.0;11.0;0.0;0.0;0.0;0.0;0.0;0.0;0.0;9.0;0.0;0.0;0.0;0.0;0.0;0.0;0.0;0.0;0.0;0.0;0.0;0.0;0.0;0.0;0.0;888.0
General Sampaio;JUREMA;-4.0836666666667;-39.504722222222;2022;12;40.0;3.0;0.0;0.0;0.0;0.0;0.0;0.0;0.0;0.0;0.0;0.0;0.0;0.0;0.0;0.0;0.0;0.0;0.0;0.0;0.0;0.0;0.0;0.0;37.0;0.0;0.0;0.0;0.0;0.0;0.0;0.0
General Sampaio;JUREMA;-4.0836666666667;-39.504722222222;2023;1;54.0;0.0;0.0;0.0;0.0;0.0;0.0;0.0;0.0;6.0;0.0;0.0;0.0;0.0;0.0;0.0;0.0;9.0;0.0;14.0;0.0;0.0;0.0;0.0;0.0;6.0;19.0;0.0;0.0;0.0;0.0;0.0
General Sampaio;JUREMA;-4.0836666666667;-39.504722222222;2023;2;87.0;0.0;0.0;0.0;0.0;0.0;0.0;0.0;0.0;0.0;0.0;0.0;0.0;0.0;0.0;13.0;9.0;9.0;0.0;0.0;0.0;0.0;0.0;17.0;11.0;19.0;9.0;0.0;0.0;888.0;888.0;888.0
General Sampaio;JUREMA;-4.0836666666667;-39.504722222222;2023;3;182.0;0.0;0.0;0.0;11.0;8.0;0.0;0.0;0.0;0.0;15.0;0.0;0.0;0.0;9.0;22.0;21.0;12.0;9.0;11.0;14.0;8.0;0.0;0.0;0.0;0.0;0.0;14.0;9.0;0.0;19.0;0.0
General Sampaio;JUREMA;-4.0836666666667;-39.504722222222;2023;4;119.0;0.0;0.0;0.0;0.0;23.0;0.0;11.0;0.0;0.0;0.0;0.0;0.0;0.0;0.0;0.0;23.0;0.0;15.0;0.0;0.0;9.0;0.0;0.0;0.0;0.0;0.0;38.0;0.0;0.0;0.0;888.0
General Sampaio;JUREMA;-4.0836666666667;-39.504722222222;2023;5;45.0;0.0;11.0;21.0;0.0;0.0;0.0;4.0;0.0;0.0;0.0;0.0;0.0;0.0;0.0;9.0;0.0;0.0;0.0;0.0;0.0;0.0;0.0;0.0;0.0;0.0;0.0;0.0;0.0;0.0;0.0;0.0
General Sampaio;JUREMA;-4.0836666666667;-39.504722222222;2023;6;0.0;0.0;0.0;0.0;0.0;0.0;0.0;0.0;0.0;0.0;0.0;0.0;0.0;0.0;0.0;0.0;0.0;0.0;0.0;0.0;0.0;0.0;0.0;0.0;0.0;0.0;0.0;0.0;0.0;0.0;0.0;888.0
General Sampaio;JUREMA;-4.0836666666667;-39.504722222222;2023;7;0.0;0.0;0.0;0.0;0.0;0.0;0.0;0.0;0.0;0.0;0.0;0.0;0.0;0.0;0.0;0.0;0.0;0.0;0.0;0.0;0.0;0.0;0.0;0.0;0.0;0.0;0.0;0.0;0.0;0.0;0.0;0.0
General Sampaio;JUREMA;-4.0836666666667;-39.504722222222;2023;8;0.0;0.0;0.0;0.0;0.0;0.0;0.0;0.0;0.0;0.0;0.0;0.0;0.0;0.0;0.0;0.0;0.0;0.0;0.0;0.0;0.0;0.0;0.0;0.0;0.0;0.0;0.0;0.0;0.0;0.0;0.0;0.0
General Sampaio;JUREMA;-4.0836666666667;-39.504722222222;2023;9;0.0;0.0;0.0;0.0;0.0;0.0;0.0;0.0;0.0;0.0;0.0;0.0;0.0;0.0;0.0;0.0;0.0;0.0;0.0;0.0;0.0;0.0;0.0;0.0;0.0;0.0;0.0;0.0;0.0;0.0;0.0;888.0
General Sampaio;JUREMA;-4.0836666666667;-39.504722222222;2023;10;0.0;0.0;0.0;0.0;0.0;0.0;0.0;0.0;0.0;0.0;0.0;0.0;0.0;0.0;0.0;0.0;0.0;0.0;0.0;0.0;0.0;0.0;0.0;0.0;0.0;0.0;0.0;0.0;0.0;0.0;0.0;0.0
General Sampaio;JUREMA;-4.0836666666667;-39.504722222222;2023;11;0.0;0.0;0.0;0.0;0.0;0.0;0.0;0.0;0.0;0.0;0.0;0.0;0.0;0.0;0.0;0.0;0.0;0.0;0.0;0.0;0.0;0.0;0.0;0.0;0.0;0.0;0.0;0.0;0.0;0.0;0.0;888.0
General Sampaio;JUREMA;-4.0836666666667;-39.504722222222;2023;12;17.0;0.0;0.0;0.0;0.0;0.0;0.0;0.0;0.0;0.0;0.0;0.0;0.0;0.0;0.0;0.0;0.0;0.0;0.0;6.0;4.0;0.0;0.0;0.0;0.0;0.0;0.0;7.0;0.0;0.0;0.0;0.0
General Sampaio;JUREMA;-4.0836666666667;-39.504722222222;2024;1;38.0;0.0;0.0;0.0;0.0;0.0;0.0;0.0;0.0;0.0;0.0;0.0;4.0;10.0;17.0;0.0;0.0;0.0;0.0;0.0;0.0;0.0;0.0;0.0;7.0;0.0;0.0;0.0;0.0;0.0;0.0;0.0
General Sampaio;JUREMA;-4.0836666666667;-39.504722222222;2024;2;290.0;0.0;0.0;0.0;0.0;0.0;0.0;0.0;0.0;0.0;0.0;57.0;0.0;0.0;0.0;8.0;17.0;0.0;0.0;61.0;23.0;34.0;6.0;9.0;12.0;0.0;21.0;0.0;42.0;0.0;888.0;888.0
General Sampaio;JUREMA;-4.0836666666667;-39.504722222222;2024;3;290.0;0.0;0.0;6.0;15.0;56.0;0.0;11.0;20.0;53.0;0.0;0.0;0.0;0.0;0.0;12.0;0.0;13.0;0.0;0.0;0.0;12.0;0.0;7.0;14.0;0.0;19.0;0.0;35.0;0.0;0.0;17.0
General Sampaio;JUREMA;-4.0836666666667;-39.504722222222;2024;4;288.0;0.0;0.0;19.0;0.0;11.0;31.0;47.0;6.0;12.0;27.0;0.0;0.0;0.0;0.0;0.0;0.0;9.0;0.0;13.0;9.0;14.0;7.0;28.0;0.0;0.0;0.0;43.0;12.0;0.0;0.0;888.0
General Sampaio;JUREMA;-4.0836666666667;-39.504722222222;2024;5;95.0;0.0;0.0;0.0;19.0;0.0;0.0;0.0;0.0;0.0;0.0;0.0;0.0;0.0;7.0;11.0;31.0;0.0;0.0;0.0;0.0;0.0;0.0;0.0;0.0;0.0;0.0;0.0;8.0;12.0;7.0;0.0
General Sampaio;JUREMA;-4.0836666666667;-39.504722222222;2024;6;15.0;0.0;0.0;0.0;0.0;0.0;0.0;0.0;0.0;0.0;0.0;0.0;0.0;0.0;0.0;0.0;9.0;0.0;0.0;0.0;0.0;0.0;0.0;6.0;0.0;0.0;0.0;0.0;0.0;0.0;0.0;888.0
General Sampaio;JUREMA;-4.0836666666667;-39.504722222222;2024;7;0.0;0.0;0.0;0.0;0.0;0.0;0.0;0.0;0.0;0.0;0.0;0.0;0.0;0.0;0.0;0.0;0.0;0.0;0.0;0.0;0.0;0.0;0.0;0.0;0.0;0.0;0.0;0.0;0.0;0.0;0.0;0.0
General Sampaio;JUREMA;-4.0836666666667;-39.504722222222;2024;8;0.0;0.0;0.0;0.0;0.0;0.0;0.0;0.0;0.0;0.0;0.0;0.0;0.0;0.0;0.0;0.0;0.0;0.0;0.0;0.0;0.0;0.0;0.0;0.0;0.0;0.0;0.0;0.0;0.0;0.0;0.0;0.0
General Sampaio;JUREMA;-4.0836666666667;-39.504722222222;2024;9;0.0;0.0;0.0;0.0;0.0;0.0;0.0;0.0;0.0;0.0;0.0;0.0;0.0;0.0;0.0;0.0;0.0;0.0;0.0;0.0;0.0;0.0;0.0;0.0;0.0;0.0;0.0;0.0;0.0;0.0;0.0;888.0
General Sampaio;JUREMA;-4.0836666666667;-39.504722222222;2024;10;0.0;0.0;0.0;0.0;0.0;0.0;0.0;0.0;0.0;0.0;0.0;0.0;0.0;0.0;0.0;0.0;0.0;0.0;0.0;0.0;0.0;0.0;0.0;999.0;999.0;999.0;999.0;999.0;999.0;999.0;999.0;999.0
