Municipios;Postos;Latitude;Longitude;Anos;Meses;Total;Dia1;Dia2;Dia3;Dia4;Dia5;Dia6;Dia7;Dia8;Dia9;Dia10;Dia11;Dia12;Dia13;Dia14;Dia15;Dia16;Dia17;Dia18;Dia19;Dia20;Dia21;Dia22;Dia23;Dia24;Dia25;Dia26;Dia27;Dia28;Dia29;Dia30;Dia31
Aurora;SITIO TIPI;-6.9716666666667;-38.829722222222;1988;1;130.6;0.0;0.0;0.0;0.0;0.0;0.0;0.0;0.0;0.0;0.0;0.0;0.0;0.0;0.0;0.0;6.7;0.0;2.3;0.0;0.0;4.4;4.2;0.0;0.0;85.0;3.0;25.0;0.0;0.0;0.0;0.0
Aurora;SITIO TIPI;-6.9716666666667;-38.829722222222;1988;2;119.3;0.0;0.0;0.0;43.0;0.0;0.0;0.0;0.0;0.0;0.0;0.0;0.0;0.0;4.3;0.0;0.0;0.0;0.0;32.0;0.0;0.0;33.0;0.0;0.0;7.0;0.0;0.0;0.0;0.0;888.0;888.0
Aurora;SITIO TIPI;-6.9716666666667;-38.829722222222;1988;3;264.0;0.0;0.0;0.0;9.0;10.0;0.0;0.0;0.0;0.0;10.0;29.0;0.0;0.0;54.0;11.0;53.0;0.0;0.0;0.0;0.0;0.0;32.0;25.0;0.0;0.0;0.0;0.0;0.0;0.0;0.0;31.0
Aurora;SITIO TIPI;-6.9716666666667;-38.829722222222;1988;4;383.2;10.0;0.0;0.0;0.0;57.0;0.0;0.0;0.0;9.0;0.0;5.0;0.0;0.0;6.0;27.0;0.0;0.0;54.0;0.0;12.0;6.0;76.0;5.0;56.0;32.0;16.0;0.0;0.0;0.0;12.2;888.0
Aurora;SITIO TIPI;-6.9716666666667;-38.829722222222;1988;5;57.1;36.6;0.0;0.0;0.0;10.5;0.0;0.0;0.0;0.0;0.0;0.0;0.0;0.0;0.0;0.0;0.0;0.0;0.0;0.0;0.0;0.0;0.0;10.0;0.0;0.0;0.0;0.0;0.0;0.0;0.0;0.0
Aurora;SITIO TIPI;-6.9716666666667;-38.829722222222;1988;6;0.0;0.0;0.0;0.0;0.0;0.0;0.0;0.0;0.0;0.0;999.0;999.0;999.0;999.0;999.0;999.0;999.0;999.0;999.0;999.0;999.0;999.0;999.0;999.0;999.0;999.0;999.0;999.0;999.0;999.0;999.0;888.0
Aurora;SITIO TIPI;-6.9716666666667;-38.829722222222;1988;7;0.0;0.0;0.0;0.0;0.0;0.0;0.0;0.0;0.0;0.0;0.0;0.0;0.0;0.0;0.0;0.0;0.0;0.0;0.0;0.0;0.0;0.0;0.0;0.0;0.0;0.0;0.0;0.0;0.0;0.0;0.0;0.0
Aurora;SITIO TIPI;-6.9716666666667;-38.829722222222;1988;8;0.0;0.0;0.0;0.0;0.0;0.0;0.0;0.0;0.0;0.0;0.0;0.0;0.0;0.0;0.0;0.0;0.0;0.0;0.0;0.0;0.0;0.0;0.0;0.0;0.0;0.0;0.0;0.0;0.0;0.0;0.0;0.0
Aurora;SITIO TIPI;-6.9716666666667;-38.829722222222;1988;9;0.0;0.0;0.0;0.0;0.0;0.0;0.0;0.0;0.0;0.0;0.0;0.0;0.0;0.0;0.0;0.0;0.0;0.0;0.0;0.0;0.0;0.0;0.0;0.0;0.0;0.0;0.0;0.0;0.0;0.0;0.0;888.0
Aurora;SITIO TIPI;-6.9716666666667;-38.829722222222;1988;10;0.0;999.0;999.0;999.0;999.0;999.0;999.0;999.0;999.0;999.0;999.0;999.0;999.0;999.0;999.0;999.0;999.0;999.0;999.0;999.0;999.0;999.0;999.0;999.0;999.0;999.0;999.0;999.0;999.0;999.0;999.0;0.0
Aurora;SITIO TIPI;-6.9716666666667;-38.829722222222;1988;11;0.0;0.0;0.0;0.0;0.0;0.0;0.0;0.0;0.0;0.0;0.0;0.0;0.0;0.0;0.0;0.0;0.0;0.0;0.0;0.0;0.0;0.0;0.0;0.0;0.0;0.0;0.0;0.0;0.0;0.0;0.0;888.0
Aurora;SITIO TIPI;-6.9716666666667;-38.829722222222;1988;12;224.0;0.0;0.0;0.0;0.0;0.0;0.0;0.0;16.0;10.0;0.0;0.0;0.0;0.0;0.0;0.0;74.0;32.0;0.0;40.0;0.0;14.0;0.0;27.0;0.0;0.0;0.0;0.0;0.0;0.0;11.0;0.0
Aurora;SITIO TIPI;-6.9716666666667;-38.829722222222;1990;1;37.8;15.0;0.0;0.0;0.0;0.0;0.0;0.0;0.0;8.0;0.0;0.0;0.0;0.0;0.0;0.0;14.8;0.0;0.0;0.0;0.0;0.0;0.0;0.0;0.0;0.0;0.0;0.0;0.0;0.0;0.0;0.0
Aurora;SITIO TIPI;-6.9716666666667;-38.829722222222;1990;3;97.0;0.0;14.0;4.0;0.0;7.0;17.0;0.0;0.0;0.0;0.0;0.0;0.0;0.0;0.0;0.0;0.0;0.0;0.0;0.0;0.0;28.0;0.0;7.0;0.0;0.0;0.0;0.0;0.0;0.0;20.0;0.0
Aurora;SITIO TIPI;-6.9716666666667;-38.829722222222;1990;4;204.9;11.0;0.0;34.0;7.2;17.0;22.0;18.0;17.5;7.2;8.0;0.0;0.0;0.0;0.0;0.0;0.0;0.0;0.0;0.0;0.0;0.0;0.0;0.0;0.0;0.0;0.0;0.0;28.0;35.0;0.0;888.0
Aurora;SITIO TIPI;-6.9716666666667;-38.829722222222;1990;5;16.0;4.5;0.0;0.0;0.0;0.0;0.0;0.0;0.0;0.0;0.0;0.0;0.0;0.0;0.0;0.0;0.0;0.0;0.0;0.0;0.0;0.0;0.0;0.0;0.0;0.0;0.0;0.0;0.0;11.5;0.0;0.0
Aurora;SITIO TIPI;-6.9716666666667;-38.829722222222;1990;6;9.0;0.0;0.0;9.0;0.0;0.0;0.0;0.0;0.0;0.0;0.0;0.0;0.0;0.0;0.0;0.0;0.0;0.0;0.0;0.0;0.0;0.0;0.0;0.0;0.0;0.0;0.0;0.0;0.0;0.0;0.0;888.0
Aurora;SITIO TIPI;-6.9716666666667;-38.829722222222;1990;7;0.0;0.0;0.0;0.0;0.0;0.0;0.0;0.0;0.0;0.0;0.0;0.0;0.0;0.0;0.0;0.0;0.0;0.0;0.0;0.0;0.0;0.0;0.0;0.0;0.0;0.0;0.0;0.0;0.0;0.0;0.0;0.0
Aurora;SITIO TIPI;-6.9716666666667;-38.829722222222;1990;8;48.0;0.0;0.0;0.0;0.0;0.0;0.0;0.0;0.0;0.0;48.0;0.0;0.0;0.0;0.0;0.0;0.0;0.0;0.0;0.0;0.0;0.0;0.0;0.0;0.0;0.0;0.0;0.0;0.0;0.0;0.0;0.0
Aurora;SITIO TIPI;-6.9716666666667;-38.829722222222;1990;9;37.5;0.0;0.0;0.0;0.0;0.0;0.0;0.0;0.0;0.0;0.0;0.0;0.0;0.0;0.0;0.0;0.0;0.0;0.0;0.0;0.0;0.0;0.0;13.0;10.5;3.0;11.0;0.0;0.0;0.0;0.0;888.0
Aurora;SITIO TIPI;-6.9716666666667;-38.829722222222;1990;10;0.0;0.0;0.0;0.0;0.0;0.0;0.0;0.0;0.0;0.0;0.0;0.0;0.0;0.0;0.0;0.0;0.0;0.0;0.0;0.0;0.0;0.0;0.0;0.0;0.0;0.0;0.0;0.0;0.0;0.0;0.0;0.0
Aurora;SITIO TIPI;-6.9716666666667;-38.829722222222;1990;11;87.0;0.0;0.0;0.0;0.0;0.0;0.0;0.0;0.0;0.0;0.0;0.0;0.0;0.0;0.0;0.0;0.0;0.0;0.0;0.0;0.0;60.0;27.0;0.0;0.0;0.0;0.0;0.0;0.0;0.0;0.0;888.0
Aurora;SITIO TIPI;-6.9716666666667;-38.829722222222;1990;12;45.0;0.0;0.0;0.0;0.0;0.0;0.0;0.0;0.0;0.0;0.0;0.0;0.0;0.0;0.0;0.0;0.0;0.0;0.0;0.0;0.0;0.0;0.0;0.0;0.0;0.0;0.0;0.0;0.0;0.0;0.0;45.0
Aurora;SITIO TIPI;-6.9716666666667;-38.829722222222;1991;1;193.5;0.0;0.0;0.0;0.0;0.0;0.0;0.0;33.5;0.0;0.0;0.0;0.0;0.0;0.0;0.0;0.0;0.0;0.0;10.0;3.0;48.0;0.0;0.0;67.0;20.0;0.0;0.0;0.0;0.0;0.0;12.0
Aurora;SITIO TIPI;-6.9716666666667;-38.829722222222;1991;2;143.5;0.0;15.0;0.0;0.0;15.0;6.0;36.0;4.0;0.0;0.0;0.0;4.5;0.0;0.0;0.0;22.0;41.0;0.0;0.0;0.0;0.0;0.0;0.0;0.0;0.0;0.0;0.0;0.0;888.0;888.0;888.0
Aurora;SITIO TIPI;-6.9716666666667;-38.829722222222;1991;3;289.7;0.0;0.0;0.0;0.0;6.0;0.0;0.0;0.0;13.0;7.0;0.0;0.0;26.0;19.0;0.0;27.0;10.0;15.0;0.0;0.0;0.0;0.0;0.0;0.0;0.0;64.0;0.0;0.0;10.2;92.5;0.0
Aurora;SITIO TIPI;-6.9716666666667;-38.829722222222;1991;4;0.0;999.0;999.0;999.0;999.0;999.0;999.0;999.0;999.0;999.0;999.0;999.0;999.0;999.0;0.0;999.0;999.0;999.0;999.0;999.0;999.0;999.0;999.0;999.0;999.0;999.0;999.0;999.0;999.0;999.0;999.0;888.0
Aurora;SITIO TIPI;-6.9716666666667;-38.829722222222;1991;5;0.0;999.0;999.0;999.0;999.0;999.0;999.0;999.0;999.0;999.0;999.0;0.0;999.0;999.0;999.0;999.0;999.0;999.0;999.0;999.0;999.0;999.0;999.0;999.0;999.0;999.0;999.0;999.0;999.0;999.0;999.0;999.0
Aurora;SITIO TIPI;-6.9716666666667;-38.829722222222;1991;6;42.0;0.0;36.0;0.0;0.0;0.0;0.0;0.0;0.0;0.0;0.0;0.0;0.0;0.0;0.0;0.0;0.0;0.0;0.0;0.0;0.0;0.0;0.0;0.0;0.0;0.0;6.0;0.0;0.0;0.0;0.0;888.0
Aurora;SITIO TIPI;-6.9716666666667;-38.829722222222;1991;7;0.0;0.0;0.0;0.0;0.0;0.0;0.0;0.0;0.0;0.0;0.0;0.0;0.0;0.0;0.0;0.0;0.0;0.0;0.0;0.0;0.0;0.0;0.0;0.0;0.0;0.0;0.0;0.0;0.0;0.0;0.0;0.0
Aurora;SITIO TIPI;-6.9716666666667;-38.829722222222;1991;8;0.0;0.0;0.0;0.0;0.0;0.0;0.0;0.0;0.0;0.0;0.0;0.0;0.0;0.0;0.0;0.0;0.0;0.0;0.0;0.0;0.0;0.0;0.0;0.0;0.0;0.0;0.0;0.0;0.0;0.0;0.0;0.0
Aurora;SITIO TIPI;-6.9716666666667;-38.829722222222;1991;9;0.0;0.0;0.0;0.0;0.0;0.0;0.0;0.0;0.0;0.0;0.0;0.0;0.0;0.0;0.0;0.0;0.0;0.0;0.0;0.0;0.0;0.0;0.0;0.0;0.0;0.0;0.0;0.0;0.0;0.0;0.0;888.0
Aurora;SITIO TIPI;-6.9716666666667;-38.829722222222;1991;10;0.0;0.0;0.0;0.0;0.0;0.0;0.0;0.0;0.0;0.0;0.0;0.0;0.0;0.0;0.0;0.0;0.0;0.0;0.0;0.0;0.0;0.0;0.0;0.0;0.0;0.0;0.0;0.0;0.0;0.0;0.0;0.0
Aurora;SITIO TIPI;-6.9716666666667;-38.829722222222;1991;11;0.0;0.0;0.0;0.0;0.0;0.0;0.0;0.0;0.0;0.0;0.0;0.0;0.0;0.0;0.0;0.0;0.0;0.0;0.0;0.0;0.0;0.0;0.0;0.0;0.0;0.0;0.0;0.0;0.0;0.0;0.0;888.0
Aurora;SITIO TIPI;-6.9716666666667;-38.829722222222;1991;12;0.0;0.0;0.0;0.0;0.0;0.0;0.0;0.0;0.0;0.0;0.0;0.0;0.0;0.0;0.0;0.0;0.0;0.0;0.0;0.0;0.0;0.0;0.0;0.0;0.0;0.0;0.0;0.0;0.0;0.0;0.0;0.0
Aurora;SITIO TIPI;-6.9716666666667;-38.829722222222;1992;1;80.6;0.0;0.0;0.0;0.0;0.0;0.0;0.0;0.0;0.0;0.0;0.0;0.0;0.0;0.0;0.0;0.0;0.0;0.0;9.0;0.0;5.0;0.0;0.0;0.0;22.0;20.0;2.6;2.0;3.0;5.0;12.0
Aurora;SITIO TIPI;-6.9716666666667;-38.829722222222;1992;3;203.0;0.0;0.0;0.0;0.0;0.0;0.0;10.5;0.0;12.2;6.2;0.0;0.0;0.0;0.0;0.0;8.0;29.0;0.0;0.0;0.0;0.0;27.0;10.0;51.0;8.0;16.0;0.0;7.6;0.0;17.5;0.0
Aurora;SITIO TIPI;-6.9716666666667;-38.829722222222;1992;4;179.5;26.0;23.0;80.0;0.0;0.0;0.0;0.0;0.0;0.0;0.0;0.0;0.0;0.0;0.0;45.5;0.0;5.0;0.0;0.0;0.0;0.0;0.0;0.0;0.0;0.0;0.0;0.0;0.0;0.0;0.0;888.0
Aurora;SITIO TIPI;-6.9716666666667;-38.829722222222;2000;5;0.0;0.0;999.0;999.0;999.0;999.0;999.0;999.0;999.0;999.0;999.0;999.0;999.0;999.0;999.0;999.0;999.0;999.0;999.0;999.0;999.0;999.0;999.0;999.0;999.0;999.0;999.0;999.0;999.0;999.0;999.0;999.0
Aurora;SITIO TIPI;-6.9716666666667;-38.829722222222;2000;6;0.0;0.0;999.0;999.0;999.0;999.0;999.0;999.0;999.0;999.0;999.0;999.0;999.0;999.0;999.0;999.0;999.0;999.0;999.0;999.0;999.0;999.0;999.0;999.0;999.0;999.0;999.0;999.0;999.0;999.0;999.0;888.0
Aurora;SITIO TIPI;-6.9716666666667;-38.829722222222;2002;2;0.0;0.0;999.0;999.0;999.0;999.0;999.0;999.0;999.0;999.0;999.0;999.0;999.0;999.0;999.0;999.0;999.0;999.0;999.0;999.0;999.0;999.0;999.0;999.0;999.0;999.0;999.0;999.0;999.0;888.0;888.0;888.0
Aurora;SITIO TIPI;-6.9716666666667;-38.829722222222;2007;12;0.0;0.0;999.0;999.0;999.0;999.0;999.0;999.0;999.0;999.0;999.0;999.0;999.0;999.0;999.0;999.0;999.0;999.0;999.0;999.0;999.0;999.0;999.0;999.0;999.0;999.0;999.0;999.0;999.0;999.0;999.0;999.0
Aurora;SITIO TIPI;-6.9716666666667;-38.829722222222;2008;3;373.0;0.0;0.0;0.0;0.0;28.0;0.0;7.0;0.0;44.0;0.0;0.0;29.0;8.0;0.0;0.0;0.0;0.0;0.0;0.0;0.0;0.0;0.0;0.0;81.0;55.0;31.0;11.0;56.0;0.0;23.0;0.0
Aurora;SITIO TIPI;-6.9716666666667;-38.829722222222;2008;4;222.6;18.0;14.0;5.6;0.0;3.0;0.0;53.0;7.0;63.0;5.0;0.0;0.0;33.0;0.0;0.0;21.0;999.0;999.0;999.0;999.0;999.0;999.0;999.0;999.0;999.0;999.0;999.0;999.0;999.0;999.0;888.0
Aurora;SITIO TIPI;-6.9716666666667;-38.829722222222;2008;5;0.0;0.0;999.0;999.0;999.0;999.0;999.0;999.0;999.0;999.0;999.0;999.0;999.0;999.0;999.0;999.0;999.0;999.0;999.0;999.0;999.0;999.0;999.0;999.0;999.0;999.0;999.0;999.0;999.0;999.0;999.0;999.0
Aurora;SITIO TIPI;-6.9716666666667;-38.829722222222;2008;6;18.0;10.0;0.0;0.0;0.0;0.0;0.0;0.0;0.0;0.0;0.0;8.0;0.0;0.0;0.0;0.0;0.0;0.0;0.0;0.0;0.0;0.0;0.0;0.0;0.0;0.0;0.0;0.0;0.0;0.0;0.0;888.0
Aurora;SITIO TIPI;-6.9716666666667;-38.829722222222;2008;7;36.0;9.0;0.0;0.0;0.0;0.0;0.0;0.0;0.0;0.0;0.0;8.0;0.0;0.0;0.0;0.0;0.0;0.0;0.0;0.0;11.0;0.0;8.0;0.0;0.0;0.0;0.0;0.0;0.0;0.0;0.0;0.0
Aurora;SITIO TIPI;-6.9716666666667;-38.829722222222;2008;8;11.0;0.0;0.0;0.0;0.0;11.0;0.0;0.0;0.0;0.0;0.0;0.0;0.0;0.0;0.0;0.0;0.0;0.0;0.0;0.0;0.0;0.0;0.0;0.0;0.0;0.0;0.0;0.0;0.0;0.0;0.0;0.0
Aurora;SITIO TIPI;-6.9716666666667;-38.829722222222;2008;9;0.0;0.0;0.0;0.0;0.0;0.0;0.0;0.0;0.0;0.0;0.0;0.0;0.0;0.0;0.0;0.0;0.0;0.0;0.0;0.0;0.0;0.0;0.0;0.0;0.0;0.0;0.0;0.0;0.0;0.0;0.0;888.0
Aurora;SITIO TIPI;-6.9716666666667;-38.829722222222;2008;10;0.0;0.0;0.0;0.0;0.0;0.0;0.0;0.0;0.0;0.0;0.0;0.0;0.0;0.0;0.0;0.0;0.0;0.0;0.0;0.0;0.0;0.0;0.0;0.0;0.0;0.0;0.0;0.0;0.0;0.0;0.0;0.0
Aurora;SITIO TIPI;-6.9716666666667;-38.829722222222;2008;11;0.0;0.0;0.0;0.0;0.0;0.0;0.0;0.0;0.0;0.0;0.0;0.0;0.0;0.0;0.0;0.0;0.0;0.0;0.0;0.0;0.0;0.0;0.0;0.0;0.0;0.0;0.0;0.0;0.0;0.0;0.0;888.0
Aurora;SITIO TIPI;-6.9716666666667;-38.829722222222;2008;12;51.0;0.0;0.0;0.0;0.0;0.0;0.0;0.0;0.0;0.0;20.0;31.0;0.0;0.0;0.0;0.0;0.0;0.0;0.0;0.0;0.0;0.0;0.0;0.0;0.0;0.0;0.0;0.0;0.0;0.0;0.0;0.0
Aurora;SITIO TIPI;-6.9716666666667;-38.829722222222;2009;1;83.5;0.0;0.0;0.0;0.0;0.0;0.0;0.0;0.0;3.7;0.0;0.0;0.0;0.0;0.0;0.0;0.0;6.3;0.0;0.0;0.0;3.7;56.3;3.9;1.3;0.0;0.0;0.0;0.0;5.3;3.0;0.0
Aurora;SITIO TIPI;-6.9716666666667;-38.829722222222;2009;2;71.8;0.0;0.0;0.0;0.0;0.0;0.0;0.0;0.0;0.0;0.0;0.0;0.0;0.0;0.0;0.0;0.0;0.0;0.0;0.0;0.0;0.0;0.0;32.0;0.0;17.3;0.0;0.0;22.5;888.0;888.0;888.0
Aurora;SITIO TIPI;-6.9716666666667;-38.829722222222;2009;3;151.6;9.3;0.0;11.6;48.0;0.0;0.0;0.0;0.0;0.0;0.0;0.0;0.0;0.0;0.0;21.7;1.0;0.0;48.0;0.0;0.0;0.0;0.0;0.0;0.0;0.0;12.0;0.0;0.0;0.0;0.0;0.0
Aurora;SITIO TIPI;-6.9716666666667;-38.829722222222;2009;4;432.4;0.0;5.7;28.0;1.0;0.0;80.0;5.0;8.0;0.0;17.0;0.0;29.0;9.0;13.0;47.0;0.0;45.0;0.0;3.5;0.0;4.0;50.3;18.0;0.0;0.0;0.0;13.9;19.0;36.0;0.0;888.0
Aurora;SITIO TIPI;-6.9716666666667;-38.829722222222;2009;5;187.5;8.0;7.0;0.0;0.0;14.0;41.0;35.0;7.2;14.0;10.0;0.0;9.6;0.0;0.0;0.0;0.0;12.7;11.0;13.0;0.0;0.0;0.0;0.0;0.0;0.0;0.0;0.0;1.0;0.0;4.0;999.0
Aurora;SITIO TIPI;-6.9716666666667;-38.829722222222;2009;6;8.2;0.0;0.0;0.0;6.7;0.0;0.0;0.0;0.0;1.5;0.0;0.0;0.0;0.0;0.0;0.0;0.0;0.0;0.0;0.0;0.0;0.0;0.0;0.0;0.0;0.0;0.0;0.0;0.0;0.0;0.0;888.0
Aurora;SITIO TIPI;-6.9716666666667;-38.829722222222;2009;7;20.3;0.0;0.0;0.0;2.8;0.0;0.0;0.0;0.0;0.0;0.0;0.0;0.0;0.0;0.0;2.0;0.0;0.0;0.0;0.0;0.0;0.0;0.0;15.5;0.0;0.0;0.0;0.0;0.0;0.0;0.0;0.0
Aurora;SITIO TIPI;-6.9716666666667;-38.829722222222;2009;8;9.5;0.0;0.0;0.0;0.0;0.0;1.0;0.0;0.0;0.0;0.0;0.0;0.0;0.0;0.0;0.0;0.0;0.0;0.0;0.0;0.0;0.0;0.0;0.0;0.0;0.0;0.0;8.5;0.0;0.0;0.0;0.0
Aurora;SITIO TIPI;-6.9716666666667;-38.829722222222;2009;9;0.0;0.0;0.0;0.0;0.0;0.0;0.0;0.0;0.0;0.0;0.0;0.0;0.0;0.0;0.0;0.0;0.0;0.0;0.0;0.0;0.0;0.0;0.0;0.0;0.0;0.0;0.0;0.0;0.0;0.0;0.0;888.0
Aurora;SITIO TIPI;-6.9716666666667;-38.829722222222;2009;10;3.5;0.0;0.0;0.0;0.0;0.0;0.0;0.0;0.0;0.0;0.0;0.0;0.0;0.0;0.0;0.0;0.0;0.0;0.0;0.0;0.0;0.0;0.0;0.0;0.0;0.0;0.0;3.5;0.0;0.0;0.0;0.0
Aurora;SITIO TIPI;-6.9716666666667;-38.829722222222;2009;11;0.0;0.0;0.0;0.0;0.0;0.0;0.0;0.0;0.0;0.0;0.0;0.0;0.0;0.0;0.0;0.0;0.0;0.0;0.0;0.0;0.0;0.0;0.0;0.0;0.0;0.0;0.0;0.0;0.0;0.0;0.0;888.0
Aurora;SITIO TIPI;-6.9716666666667;-38.829722222222;2009;12;14.6;0.0;0.0;0.0;0.0;0.0;0.0;0.0;0.0;0.0;0.0;0.0;0.0;0.0;0.0;0.0;0.0;0.0;0.0;0.0;0.0;0.0;0.0;5.4;0.0;0.0;9.2;0.0;0.0;0.0;0.0;0.0
Aurora;SITIO TIPI;-6.9716666666667;-38.829722222222;2010;1;77.9;8.0;26.2;0.0;0.0;0.0;0.0;0.0;0.0;0.0;0.0;10.8;0.0;0.0;0.0;0.0;0.0;0.0;2.2;0.0;16.1;0.0;0.0;0.0;0.0;2.0;0.0;0.0;12.6;0.0;0.0;0.0
Aurora;SITIO TIPI;-6.9716666666667;-38.829722222222;2010;2;16.4;0.0;0.0;0.0;0.0;0.0;0.0;0.0;3.2;0.0;1.2;0.0;1.8;0.0;0.0;0.6;0.0;0.0;0.0;0.0;0.0;0.0;0.0;0.0;9.6;0.0;0.0;0.0;0.0;888.0;888.0;888.0
Aurora;SITIO TIPI;-6.9716666666667;-38.829722222222;2010;3;38.3;0.0;0.0;0.0;0.0;0.0;0.0;0.0;0.0;0.0;0.0;0.0;0.0;0.0;0.0;0.0;0.4;0.0;4.4;0.0;0.0;23.8;7.2;0.0;0.0;0.0;0.0;0.0;0.0;2.5;999.0;999.0
Aurora;SITIO TIPI;-6.9716666666667;-38.829722222222;2010;4;169.1;0.0;0.0;1.0;1.0;0.0;0.0;0.0;0.0;62.0;4.2;68.5;0.0;23.0;0.0;0.0;0.5;0.0;3.5;2.2;0.0;0.0;0.0;3.2;0.0;0.0;0.0;0.0;0.0;0.0;0.0;888.0
Aurora;SITIO TIPI;-6.9716666666667;-38.829722222222;2010;5;51.6;0.0;0.0;0.0;0.0;38.8;0.0;0.0;0.0;0.0;0.0;0.0;0.0;0.0;10.2;0.0;0.0;0.0;0.0;0.0;0.0;0.0;0.0;0.0;0.0;0.0;0.0;0.0;2.6;0.0;0.0;0.0
Aurora;SITIO TIPI;-6.9716666666667;-38.829722222222;2010;6;33.6;0.0;0.0;0.0;0.0;3.8;0.0;0.0;0.0;0.0;0.0;0.0;0.0;0.0;0.0;0.0;0.0;0.0;7.6;0.0;0.0;0.0;0.0;0.0;11.4;0.0;0.0;0.0;10.8;0.0;0.0;888.0
Aurora;SITIO TIPI;-6.9716666666667;-38.829722222222;2010;7;2.5;0.0;0.0;0.0;0.0;0.0;0.0;0.0;0.0;0.0;0.0;0.0;0.0;2.5;0.0;0.0;0.0;0.0;0.0;0.0;0.0;0.0;0.0;0.0;0.0;0.0;0.0;0.0;0.0;0.0;0.0;0.0
Aurora;SITIO TIPI;-6.9716666666667;-38.829722222222;2010;8;0.0;0.0;0.0;0.0;0.0;0.0;0.0;0.0;0.0;0.0;0.0;0.0;0.0;0.0;0.0;0.0;0.0;0.0;0.0;0.0;0.0;0.0;0.0;0.0;0.0;0.0;0.0;0.0;0.0;0.0;0.0;0.0
Aurora;SITIO TIPI;-6.9716666666667;-38.829722222222;2010;9;0.0;0.0;0.0;0.0;0.0;0.0;0.0;0.0;0.0;0.0;0.0;0.0;0.0;0.0;0.0;0.0;0.0;0.0;0.0;0.0;0.0;0.0;0.0;0.0;999.0;0.0;0.0;0.0;0.0;0.0;0.0;888.0
Aurora;SITIO TIPI;-6.9716666666667;-38.829722222222;2010;10;86.4;0.0;0.0;0.0;0.0;0.0;0.0;0.0;0.0;0.0;0.0;0.0;0.0;0.0;0.0;0.0;0.0;0.0;0.0;0.0;0.0;0.0;39.3;35.3;9.6;0.0;0.0;2.2;999.0;999.0;999.0;999.0
Aurora;SITIO TIPI;-6.9716666666667;-38.829722222222;2010;12;119.8;0.0;0.0;0.0;0.0;0.0;0.0;0.0;0.0;4.2;0.0;0.0;0.0;4.2;14.0;4.4;0.0;81.0;7.6;0.0;4.4;999.0;999.0;999.0;999.0;999.0;999.0;999.0;999.0;999.0;999.0;999.0
Aurora;SITIO TIPI;-6.9716666666667;-38.829722222222;2011;1;350.0;0.0;0.0;38.4;2.8;0.0;0.0;0.0;0.0;7.4;2.8;0.0;0.0;16.4;0.0;0.0;0.0;8.6;0.0;0.0;0.0;10.4;37.4;83.6;44.5;9.5;19.0;8.2;21.5;0.0;29.3;10.2
Aurora;SITIO TIPI;-6.9716666666667;-38.829722222222;2011;2;294.9;11.0;25.0;0.0;31.8;44.2;1.7;0.0;0.0;0.0;0.0;0.0;0.0;0.0;0.0;0.0;0.0;47.0;16.0;10.0;35.0;20.6;2.8;1.5;0.0;0.0;10.8;19.5;18.0;888.0;888.0;888.0
Aurora;SITIO TIPI;-6.9716666666667;-38.829722222222;2011;3;47.1;4.3;9.0;0.0;0.0;0.0;0.0;0.0;2.5;0.0;0.0;0.0;1.0;0.0;0.0;4.2;0.0;0.0;0.0;0.0;0.0;2.0;1.5;0.0;0.0;7.4;6.2;3.0;6.0;0.0;0.0;0.0
Aurora;SITIO TIPI;-6.9716666666667;-38.829722222222;2011;4;108.3;0.0;0.0;0.0;0.0;9.2;1.6;0.0;0.0;0.0;0.0;5.2;3.2;10.4;0.0;6.2;0.0;13.6;0.0;5.6;3.2;0.0;0.0;11.3;10.8;25.0;0.0;0.0;0.0;0.0;3.0;888.0
Aurora;SITIO TIPI;-6.9716666666667;-38.829722222222;2011;5;78.5;10.2;0.5;1.0;0.0;5.0;31.0;0.0;0.0;0.0;6.4;0.0;0.0;0.0;0.0;0.0;0.0;21.2;3.2;0.0;0.0;0.0;0.0;0.0;0.0;0.0;0.0;0.0;0.0;0.0;0.0;0.0
Aurora;SITIO TIPI;-6.9716666666667;-38.829722222222;2011;6;30.3;0.0;0.0;0.0;0.0;0.0;0.0;0.0;0.0;0.0;0.0;0.0;10.0;0.0;0.0;0.0;0.0;0.0;0.0;0.0;0.0;0.0;0.0;5.0;15.3;0.0;0.0;0.0;0.0;0.0;0.0;888.0
Aurora;SITIO TIPI;-6.9716666666667;-38.829722222222;2011;7;35.2;0.0;0.0;0.0;0.0;0.0;0.0;0.0;0.0;0.0;0.0;0.0;0.0;35.2;0.0;0.0;0.0;0.0;0.0;0.0;0.0;0.0;0.0;0.0;0.0;0.0;0.0;0.0;0.0;0.0;0.0;0.0
Aurora;SITIO TIPI;-6.9716666666667;-38.829722222222;2011;8;0.0;0.0;0.0;0.0;0.0;0.0;0.0;0.0;0.0;0.0;0.0;0.0;0.0;0.0;0.0;0.0;0.0;0.0;0.0;0.0;0.0;0.0;0.0;0.0;0.0;0.0;0.0;0.0;0.0;0.0;0.0;0.0
Aurora;SITIO TIPI;-6.9716666666667;-38.829722222222;2011;9;0.0;0.0;0.0;0.0;0.0;0.0;0.0;0.0;0.0;0.0;0.0;0.0;0.0;0.0;0.0;0.0;0.0;0.0;0.0;0.0;0.0;0.0;0.0;0.0;0.0;0.0;0.0;0.0;0.0;0.0;0.0;888.0
Aurora;SITIO TIPI;-6.9716666666667;-38.829722222222;2011;10;80.4;0.0;0.0;0.0;0.0;0.0;0.0;0.0;0.0;0.0;0.0;0.0;0.0;0.0;0.0;0.0;5.2;5.4;0.0;2.8;15.0;52.0;0.0;0.0;0.0;0.0;0.0;0.0;0.0;0.0;0.0;0.0
Aurora;SITIO TIPI;-6.9716666666667;-38.829722222222;2011;11;19.0;0.0;0.0;0.0;0.0;0.0;0.0;0.0;17.0;0.0;0.0;0.0;2.0;0.0;0.0;0.0;0.0;0.0;0.0;0.0;0.0;0.0;0.0;0.0;0.0;0.0;0.0;0.0;0.0;0.0;0.0;888.0
Aurora;SITIO TIPI;-6.9716666666667;-38.829722222222;2011;12;3.5;0.0;0.0;0.0;0.0;0.0;0.0;0.0;0.0;0.0;0.0;0.0;0.0;2.5;1.0;0.0;0.0;0.0;0.0;0.0;0.0;0.0;0.0;0.0;0.0;0.0;0.0;0.0;0.0;0.0;0.0;0.0
Aurora;SITIO TIPI;-6.9716666666667;-38.829722222222;2012;1;58.0;0.0;0.0;0.0;0.0;0.0;0.0;0.0;0.0;0.0;0.0;0.0;0.8;1.4;0.0;0.0;0.0;0.0;0.0;23.6;0.0;0.0;6.8;8.8;1.0;3.0;0.0;0.0;0.0;0.0;12.6;0.0
Aurora;SITIO TIPI;-6.9716666666667;-38.829722222222;2012;2;231.3;0.0;0.0;0.0;0.0;0.0;0.0;0.0;0.0;0.0;0.0;3.2;0.0;0.0;0.0;0.0;1.0;39.8;0.0;77.0;33.0;1.5;0.0;0.0;7.4;34.0;7.2;27.2;0.0;0.0;888.0;888.0
Aurora;SITIO TIPI;-6.9716666666667;-38.829722222222;2012;3;133.8;0.0;0.0;0.0;31.6;10.2;0.0;3.2;1.3;0.0;0.0;13.8;0.0;3.4;0.0;0.0;0.0;0.0;0.0;0.0;6.8;9.6;0.0;0.0;0.0;0.0;27.6;5.5;19.0;1.8;0.0;0.0
Aurora;SITIO TIPI;-6.9716666666667;-38.829722222222;2012;4;17.5;0.0;0.0;0.0;10.0;0.8;0.0;0.0;0.8;0.0;0.0;0.0;0.0;0.0;0.0;0.0;0.0;0.0;1.2;0.0;0.0;3.7;1.0;0.0;0.0;0.0;0.0;0.0;0.0;0.0;0.0;888.0
Aurora;SITIO TIPI;-6.9716666666667;-38.829722222222;2012;5;42.9;0.0;0.0;0.0;4.1;0.0;0.0;0.0;0.0;0.0;0.0;0.0;0.0;0.0;0.0;0.0;0.0;0.0;0.0;0.0;1.6;0.0;0.0;8.2;0.0;29.0;0.0;0.0;0.0;0.0;0.0;0.0
Aurora;SITIO TIPI;-6.9716666666667;-38.829722222222;2012;6;42.2;0.0;0.0;0.0;0.0;0.0;0.0;0.0;0.0;0.0;0.0;0.0;0.0;0.0;0.0;0.0;0.0;0.0;0.0;4.2;0.0;0.0;0.0;2.4;12.2;1.2;9.0;0.0;0.0;13.2;0.0;888.0
Aurora;SITIO TIPI;-6.9716666666667;-38.829722222222;2012;7;0.0;0.0;0.0;0.0;0.0;0.0;0.0;0.0;0.0;0.0;0.0;0.0;0.0;0.0;0.0;0.0;0.0;0.0;0.0;0.0;0.0;0.0;0.0;0.0;0.0;0.0;0.0;0.0;0.0;0.0;0.0;0.0
Aurora;SITIO TIPI;-6.9716666666667;-38.829722222222;2012;8;0.0;0.0;0.0;0.0;0.0;0.0;0.0;0.0;0.0;0.0;0.0;0.0;0.0;0.0;0.0;0.0;0.0;0.0;0.0;0.0;0.0;0.0;0.0;0.0;0.0;0.0;0.0;0.0;0.0;0.0;0.0;0.0
Aurora;SITIO TIPI;-6.9716666666667;-38.829722222222;2012;9;0.0;0.0;0.0;0.0;0.0;0.0;0.0;0.0;0.0;0.0;0.0;0.0;0.0;0.0;0.0;0.0;0.0;0.0;0.0;0.0;0.0;0.0;0.0;0.0;0.0;0.0;0.0;0.0;0.0;0.0;0.0;888.0
Aurora;SITIO TIPI;-6.9716666666667;-38.829722222222;2012;10;0.0;0.0;0.0;0.0;0.0;0.0;0.0;0.0;0.0;0.0;0.0;0.0;0.0;0.0;0.0;0.0;0.0;0.0;0.0;0.0;0.0;0.0;0.0;0.0;0.0;0.0;0.0;0.0;0.0;0.0;0.0;0.0
Aurora;SITIO TIPI;-6.9716666666667;-38.829722222222;2012;11;0.0;0.0;0.0;0.0;0.0;0.0;0.0;0.0;0.0;0.0;0.0;0.0;0.0;0.0;0.0;0.0;0.0;0.0;0.0;0.0;0.0;0.0;0.0;0.0;0.0;0.0;0.0;0.0;0.0;0.0;0.0;888.0
Aurora;SITIO TIPI;-6.9716666666667;-38.829722222222;2012;12;24.8;0.0;0.0;0.0;0.0;17.8;0.0;0.0;0.0;0.0;0.0;0.0;0.0;0.0;0.0;0.0;0.0;0.0;7.0;0.0;0.0;0.0;999.0;0.0;0.0;0.0;0.0;0.0;0.0;0.0;0.0;0.0
Aurora;SITIO TIPI;-6.9716666666667;-38.829722222222;2013;1;46.3;2.2;0.0;0.0;0.0;0.0;0.0;0.0;7.6;6.4;0.0;0.0;0.0;0.0;0.0;0.0;1.4;0.0;0.0;0.0;0.0;23.2;5.5;0.0;0.0;0.0;0.0;0.0;0.0;0.0;0.0;0.0
Aurora;SITIO TIPI;-6.9716666666667;-38.829722222222;2013;2;71.3;0.0;0.0;0.0;0.0;0.0;0.0;5.0;0.0;0.0;0.0;0.0;0.0;0.0;15.0;5.6;9.0;22.7;14.0;0.0;0.0;0.0;0.0;0.0;0.0;0.0;0.0;0.0;0.0;888.0;888.0;888.0
Aurora;SITIO TIPI;-6.9716666666667;-38.829722222222;2013;3;204.9;0.0;0.0;0.0;0.0;7.0;0.0;0.0;0.0;0.0;0.0;0.0;0.0;0.0;0.0;0.0;0.0;0.0;15.0;22.2;80.0;4.5;0.0;0.0;3.8;10.4;19.6;0.0;6.4;23.0;13.0;0.0
Aurora;SITIO TIPI;-6.9716666666667;-38.829722222222;2013;4;99.5;0.0;4.2;0.0;0.0;23.6;0.0;0.0;0.0;0.0;0.0;0.0;0.0;0.0;0.0;0.0;0.0;0.0;0.5;22.0;0.0;17.5;9.3;0.0;0.0;18.6;0.0;0.0;0.0;0.0;3.8;888.0
Aurora;SITIO TIPI;-6.9716666666667;-38.829722222222;2013;5;119.4;0.0;26.5;0.0;0.0;0.0;0.0;0.0;2.5;33.0;21.4;20.0;0.0;0.0;0.0;0.0;0.0;0.0;12.0;0.0;0.0;0.0;0.0;0.0;0.0;4.0;0.0;0.0;0.0;0.0;0.0;0.0
Aurora;SITIO TIPI;-6.9716666666667;-38.829722222222;2013;6;42.1;0.0;0.0;0.0;1.4;0.0;2.2;0.0;0.0;0.0;0.0;0.0;0.0;0.0;1.0;2.0;0.0;2.7;0.0;0.0;0.0;0.0;0.0;25.0;0.0;0.0;0.0;0.0;0.0;1.8;6.0;888.0
Aurora;SITIO TIPI;-6.9716666666667;-38.829722222222;2013;7;41.7;0.0;0.0;0.0;2.2;0.0;0.0;0.0;0.0;0.0;0.0;0.0;0.0;8.3;0.0;19.2;0.0;0.0;0.0;2.2;0.0;0.0;0.0;0.0;0.0;6.5;0.0;0.0;0.0;0.0;3.3;0.0
Aurora;SITIO TIPI;-6.9716666666667;-38.829722222222;2013;8;5.2;0.0;0.0;0.0;0.0;0.0;0.0;0.0;0.0;0.0;0.0;0.0;0.0;0.0;0.0;0.0;0.0;0.0;0.0;0.0;0.0;5.2;0.0;0.0;0.0;0.0;0.0;0.0;0.0;0.0;0.0;0.0
Aurora;SITIO TIPI;-6.9716666666667;-38.829722222222;2013;9;0.0;0.0;0.0;0.0;0.0;0.0;0.0;0.0;0.0;0.0;0.0;0.0;0.0;0.0;0.0;0.0;0.0;0.0;0.0;0.0;0.0;0.0;0.0;0.0;0.0;0.0;0.0;0.0;0.0;0.0;0.0;888.0
Aurora;SITIO TIPI;-6.9716666666667;-38.829722222222;2013;10;0.0;0.0;0.0;0.0;0.0;0.0;0.0;0.0;0.0;0.0;0.0;0.0;0.0;0.0;0.0;0.0;0.0;0.0;0.0;0.0;0.0;0.0;0.0;0.0;0.0;0.0;0.0;0.0;0.0;0.0;0.0;0.0
Aurora;SITIO TIPI;-6.9716666666667;-38.829722222222;2013;11;40.2;0.0;0.0;0.0;40.2;0.0;0.0;0.0;0.0;0.0;0.0;0.0;0.0;0.0;0.0;0.0;0.0;0.0;0.0;0.0;0.0;0.0;0.0;0.0;0.0;0.0;0.0;0.0;0.0;0.0;0.0;888.0
Aurora;SITIO TIPI;-6.9716666666667;-38.829722222222;2013;12;108.6;0.0;0.0;0.0;0.0;0.0;0.0;0.0;0.0;0.0;0.0;0.0;0.0;0.0;0.0;0.0;0.0;0.0;0.0;96.0;7.2;5.4;999.0;999.0;999.0;999.0;999.0;999.0;999.0;999.0;999.0;999.0
Aurora;SITIO TIPI;-6.9716666666667;-38.829722222222;2014;1;67.8;0.0;0.0;0.0;0.0;1.0;0.0;0.0;0.0;9.0;0.0;0.0;0.0;0.0;9.0;0.0;0.0;0.0;0.0;3.4;10.4;0.0;0.0;10.0;0.0;0.0;0.0;0.0;0.0;0.0;0.0;25.0
Aurora;SITIO TIPI;-6.9716666666667;-38.829722222222;2014;2;210.7;0.0;0.0;0.0;8.4;1.5;0.0;68.4;2.9;40.0;1.3;1.2;46.2;12.4;0.0;0.0;0.0;13.6;6.7;7.5;0.0;0.6;0.0;0.0;0.0;0.0;0.0;0.0;0.0;888.0;888.0;888.0
Aurora;SITIO TIPI;-6.9716666666667;-38.829722222222;2014;3;275.7;0.0;0.0;0.0;11.4;31.0;45.0;0.0;0.0;7.2;45.3;5.5;0.0;0.0;0.0;0.0;32.6;1.4;12.5;36.3;0.0;0.0;0.0;0.0;0.0;0.0;0.0;8.7;5.0;6.2;1.6;26.0
Aurora;SITIO TIPI;-6.9716666666667;-38.829722222222;2014;4;194.1;0.0;0.0;0.0;23.5;1.2;0.0;0.0;0.0;0.0;18.6;9.7;30.6;0.0;1.0;0.0;0.0;30.4;0.0;9.0;0.0;1.2;18.4;4.2;46.3;0.0;0.0;0.0;0.0;0.0;0.0;888.0
Aurora;SITIO TIPI;-6.9716666666667;-38.829722222222;2014;5;46.2;0.0;8.8;0.0;4.5;0.0;0.0;7.5;0.0;0.0;0.0;0.0;0.0;0.0;0.0;4.2;0.0;1.2;0.0;0.0;0.0;0.0;0.0;0.0;0.0;0.0;0.0;0.0;0.0;20.0;0.0;0.0
Aurora;SITIO TIPI;-6.9716666666667;-38.829722222222;2014;6;24.8;0.0;0.0;0.0;0.0;0.0;0.0;0.0;0.0;0.0;0.0;0.0;0.0;0.0;2.5;0.0;0.0;0.0;0.7;4.2;0.0;0.0;0.0;0.0;0.0;0.0;0.0;17.4;0.0;0.0;0.0;888.0
Aurora;SITIO TIPI;-6.9716666666667;-38.829722222222;2014;7;12.2;0.0;0.0;0.0;0.0;0.0;0.0;0.0;0.0;0.0;0.0;0.0;0.0;6.0;0.0;0.0;1.2;0.0;0.0;0.0;0.0;0.0;0.0;0.0;0.0;0.0;0.0;0.0;0.0;5.0;0.0;0.0
Aurora;SITIO TIPI;-6.9716666666667;-38.829722222222;2014;8;4.2;0.0;0.0;0.0;0.0;0.0;0.0;0.0;4.2;0.0;0.0;0.0;0.0;0.0;0.0;0.0;0.0;0.0;0.0;0.0;0.0;0.0;0.0;0.0;0.0;0.0;0.0;0.0;0.0;0.0;0.0;0.0
Aurora;SITIO TIPI;-6.9716666666667;-38.829722222222;2014;9;0.0;0.0;0.0;0.0;0.0;0.0;0.0;0.0;0.0;0.0;0.0;0.0;0.0;0.0;0.0;0.0;0.0;0.0;0.0;0.0;0.0;0.0;0.0;0.0;0.0;0.0;0.0;0.0;0.0;0.0;0.0;888.0
Aurora;SITIO TIPI;-6.9716666666667;-38.829722222222;2014;10;13.4;0.0;0.0;6.5;5.2;0.0;0.0;0.0;0.0;0.0;0.0;0.0;0.0;0.0;0.0;0.0;0.0;1.7;0.0;0.0;0.0;0.0;0.0;0.0;0.0;0.0;0.0;0.0;0.0;0.0;0.0;0.0
Aurora;SITIO TIPI;-6.9716666666667;-38.829722222222;2014;11;167.3;0.0;0.0;0.0;0.0;0.0;0.0;0.0;0.0;0.0;0.0;0.0;0.0;0.0;0.0;0.0;0.0;1.7;39.2;14.0;74.0;0.0;0.0;0.0;0.0;0.0;38.4;0.0;0.0;0.0;0.0;888.0
Aurora;SITIO TIPI;-6.9716666666667;-38.829722222222;2014;12;2.5;0.0;0.0;0.0;0.0;0.0;0.0;0.0;0.0;0.0;0.0;0.0;0.0;0.0;0.0;0.0;0.0;0.0;1.0;1.5;0.0;0.0;0.0;0.0;0.0;0.0;0.0;0.0;0.0;0.0;0.0;0.0
Aurora;SITIO TIPI;-6.9716666666667;-38.829722222222;2015;1;41.0;0.0;0.0;0.0;9.0;8.0;0.0;20.0;0.0;0.0;0.0;0.0;0.0;0.0;0.0;0.0;0.0;0.0;0.0;0.0;0.0;0.0;0.0;0.0;0.0;4.0;0.0;0.0;0.0;0.0;0.0;0.0
Aurora;SITIO TIPI;-6.9716666666667;-38.829722222222;2015;2;91.1;0.0;0.0;0.0;0.0;23.2;0.0;0.0;0.0;0.0;0.0;0.0;0.0;0.0;0.0;2.3;0.0;0.0;0.0;30.7;7.2;0.0;2.5;1.7;2.7;20.8;0.0;0.0;0.0;888.0;888.0;888.0
Aurora;SITIO TIPI;-6.9716666666667;-38.829722222222;2015;3;236.9;0.0;102.0;0.4;0.0;0.0;5.5;0.0;0.0;20.2;5.4;0.0;0.0;0.0;0.0;0.0;0.0;0.0;0.0;0.0;0.0;0.0;0.0;6.2;8.2;17.0;30.0;10.0;0.0;0.0;0.0;32.0
Aurora;SITIO TIPI;-6.9716666666667;-38.829722222222;2015;4;67.0;0.0;0.0;0.0;12.0;2.3;0.0;0.0;0.0;17.2;0.0;0.0;27.0;5.3;0.0;2.0;0.0;0.0;0.0;0.0;0.0;0.0;0.0;1.2;0.0;0.0;0.0;0.0;0.0;0.0;0.0;888.0
Aurora;SITIO TIPI;-6.9716666666667;-38.829722222222;2015;5;39.3;0.0;0.0;0.0;1.2;0.0;0.0;6.4;0.0;0.0;1.8;0.0;0.0;0.0;0.0;0.0;0.0;0.0;0.0;0.0;11.2;13.8;0.0;0.0;0.0;0.0;0.0;4.9;0.0;0.0;0.0;0.0
Aurora;SITIO TIPI;-6.9716666666667;-38.829722222222;2015;6;44.4;0.0;0.0;0.0;0.0;13.4;0.0;0.0;21.0;0.0;0.0;0.0;0.0;0.0;0.0;0.0;0.0;0.0;0.0;0.0;0.0;0.0;0.0;0.0;7.8;0.0;0.0;0.0;0.0;0.0;2.2;888.0
Aurora;SITIO TIPI;-6.9716666666667;-38.829722222222;2015;7;47.1;1.5;0.0;8.0;0.0;28.2;3.0;0.0;0.0;0.0;0.0;0.0;0.0;0.0;0.0;0.0;0.0;0.0;0.0;0.0;0.0;0.0;0.0;0.0;6.4;0.0;0.0;0.0;0.0;0.0;0.0;0.0
Aurora;SITIO TIPI;-6.9716666666667;-38.829722222222;2015;8;0.0;0.0;0.0;0.0;0.0;0.0;0.0;0.0;0.0;0.0;0.0;0.0;0.0;0.0;0.0;0.0;0.0;0.0;0.0;0.0;0.0;0.0;0.0;0.0;0.0;0.0;0.0;0.0;0.0;0.0;0.0;0.0
Aurora;SITIO TIPI;-6.9716666666667;-38.829722222222;2015;9;0.0;0.0;0.0;0.0;0.0;0.0;0.0;0.0;0.0;0.0;0.0;0.0;0.0;0.0;0.0;0.0;0.0;0.0;0.0;0.0;0.0;0.0;0.0;0.0;0.0;0.0;0.0;0.0;0.0;0.0;0.0;888.0
Aurora;SITIO TIPI;-6.9716666666667;-38.829722222222;2015;10;0.0;0.0;0.0;0.0;0.0;0.0;0.0;0.0;0.0;0.0;0.0;0.0;0.0;0.0;0.0;0.0;0.0;0.0;0.0;0.0;0.0;0.0;0.0;0.0;0.0;0.0;0.0;0.0;0.0;0.0;0.0;0.0
Aurora;SITIO TIPI;-6.9716666666667;-38.829722222222;2015;11;0.0;0.0;0.0;0.0;0.0;0.0;0.0;0.0;0.0;0.0;0.0;0.0;0.0;0.0;0.0;0.0;0.0;0.0;0.0;0.0;0.0;0.0;0.0;0.0;0.0;0.0;0.0;0.0;0.0;0.0;0.0;888.0
Aurora;SITIO TIPI;-6.9716666666667;-38.829722222222;2015;12;14.1;0.0;0.0;0.0;0.0;0.0;0.0;0.0;0.0;0.0;0.0;0.0;0.0;0.0;0.0;0.0;0.0;0.0;0.0;2.8;1.5;0.0;0.0;0.0;0.0;4.8;0.0;0.0;0.0;0.0;5.0;0.0
Aurora;SITIO TIPI;-6.9716666666667;-38.829722222222;2016;1;126.3;0.0;0.0;0.0;0.0;0.0;0.0;12.2;31.0;0.0;5.2;1.2;0.0;0.0;3.5;6.2;0.0;0.0;0.0;5.0;0.0;5.5;33.4;11.2;0.0;2.5;8.8;0.0;0.0;0.0;0.0;0.6
Aurora;SITIO TIPI;-6.9716666666667;-38.829722222222;2016;2;29.2;24.6;0.0;1.2;0.0;0.0;0.0;0.0;0.0;0.0;0.0;0.0;0.0;0.0;0.0;0.0;0.0;0.0;0.0;0.0;3.4;0.0;0.0;0.0;0.0;0.0;0.0;0.0;0.0;0.0;888.0;888.0
Aurora;SITIO TIPI;-6.9716666666667;-38.829722222222;2016;3;287.9;0.0;0.0;0.0;0.0;0.0;0.0;0.0;21.2;14.3;40.8;10.0;5.3;0.0;0.0;0.0;0.0;0.0;27.2;2.0;2.4;22.0;26.2;3.3;0.0;1.7;0.4;53.7;999.0;15.3;40.7;1.4
Aurora;SITIO TIPI;-6.9716666666667;-38.829722222222;2016;4;57.5;0.0;0.0;0.0;5.7;1.8;0.0;0.0;0.0;0.0;0.0;0.0;19.2;0.0;1.5;16.2;8.4;0.0;1.2;3.5;0.0;0.0;0.0;0.0;0.0;0.0;0.0;0.0;0.0;0.0;0.0;888.0
Aurora;SITIO TIPI;-6.9716666666667;-38.829722222222;2016;5;39.9;0.0;0.0;17.2;0.0;0.0;0.0;0.0;0.0;0.0;0.0;0.0;0.0;0.0;0.0;0.0;0.0;0.0;0.0;0.0;0.0;0.0;0.0;0.0;0.5;0.0;4.0;0.0;0.0;0.0;0.0;18.2
Aurora;SITIO TIPI;-6.9716666666667;-38.829722222222;2016;6;34.6;0.0;0.0;0.0;19.3;0.0;0.0;0.0;0.0;0.0;0.0;0.0;0.0;0.0;0.0;0.0;0.0;0.0;0.0;0.0;0.0;0.0;0.0;15.3;0.0;0.0;0.0;0.0;0.0;0.0;0.0;888.0
Aurora;SITIO TIPI;-6.9716666666667;-38.829722222222;2016;7;0.0;0.0;0.0;0.0;0.0;0.0;0.0;0.0;0.0;0.0;0.0;0.0;0.0;0.0;0.0;0.0;0.0;0.0;0.0;0.0;0.0;0.0;0.0;0.0;0.0;0.0;0.0;0.0;0.0;0.0;0.0;0.0
Aurora;SITIO TIPI;-6.9716666666667;-38.829722222222;2016;8;0.0;0.0;0.0;0.0;0.0;0.0;0.0;0.0;0.0;0.0;0.0;0.0;0.0;0.0;0.0;0.0;0.0;0.0;0.0;0.0;0.0;0.0;0.0;0.0;0.0;0.0;0.0;0.0;0.0;0.0;0.0;0.0
Aurora;SITIO TIPI;-6.9716666666667;-38.829722222222;2016;9;0.0;0.0;0.0;0.0;0.0;0.0;0.0;0.0;0.0;0.0;0.0;0.0;0.0;0.0;0.0;0.0;0.0;0.0;0.0;0.0;0.0;0.0;0.0;0.0;0.0;0.0;0.0;0.0;0.0;0.0;0.0;888.0
Aurora;SITIO TIPI;-6.9716666666667;-38.829722222222;2016;10;0.0;0.0;0.0;0.0;0.0;0.0;0.0;0.0;0.0;0.0;0.0;0.0;0.0;0.0;0.0;0.0;0.0;0.0;0.0;0.0;0.0;0.0;0.0;0.0;0.0;0.0;0.0;0.0;0.0;0.0;0.0;0.0
Aurora;SITIO TIPI;-6.9716666666667;-38.829722222222;2016;11;0.0;0.0;0.0;0.0;0.0;0.0;0.0;0.0;0.0;0.0;0.0;0.0;0.0;0.0;0.0;0.0;0.0;0.0;0.0;0.0;0.0;0.0;0.0;0.0;0.0;0.0;0.0;0.0;0.0;0.0;0.0;888.0
Aurora;SITIO TIPI;-6.9716666666667;-38.829722222222;2016;12;29.9;0.0;0.0;0.0;0.0;0.0;0.0;0.0;0.0;0.0;0.0;0.0;0.0;0.0;5.0;0.0;1.0;13.0;0.0;2.4;0.0;0.0;0.0;0.0;0.0;0.0;0.0;0.0;0.0;8.5;0.0;0.0
Aurora;SITIO TIPI;-6.9716666666667;-38.829722222222;2017;1;194.8;0.0;0.0;0.0;0.0;0.0;0.0;0.0;0.0;0.0;0.0;0.0;0.0;0.0;3.2;0.0;0.0;16.2;6.0;0.0;15.8;0.0;0.0;0.0;45.7;0.0;76.2;12.3;2.2;0.0;0.0;17.2
Aurora;SITIO TIPI;-6.9716666666667;-38.829722222222;2017;2;228.4;11.2;0.0;0.0;0.0;0.0;0.0;0.0;0.0;14.8;19.0;2.2;19.5;0.0;0.0;0.0;0.0;0.0;51.5;2.0;70.2;0.0;12.0;0.0;0.0;5.6;2.0;0.0;18.4;888.0;888.0;888.0
Aurora;SITIO TIPI;-6.9716666666667;-38.829722222222;2017;3;145.0;0.0;21.2;0.0;4.2;2.6;1.7;0.0;0.0;13.6;1.0;55.0;0.0;3.1;18.2;4.2;0.0;0.0;0.0;0.0;0.0;0.0;0.0;8.4;7.8;1.5;0.0;0.0;0.0;0.0;2.5;0.0
Aurora;SITIO TIPI;-6.9716666666667;-38.829722222222;2017;4;106.5;2.2;0.0;4.5;0.0;0.0;20.5;0.0;1.0;0.0;4.2;8.6;5.8;24.4;7.4;0.0;3.3;0.0;0.0;0.0;0.0;0.0;0.0;24.6;0.0;0.0;0.0;0.0;0.0;0.0;0.0;888.0
Aurora;SITIO TIPI;-6.9716666666667;-38.829722222222;2017;5;34.3;13.8;0.0;0.0;0.0;0.0;0.0;0.0;0.0;0.0;1.3;0.0;0.0;0.0;0.0;0.0;0.0;0.0;0.0;3.0;3.6;0.0;4.2;0.0;0.0;0.0;7.2;1.2;0.0;0.0;0.0;0.0
Aurora;SITIO TIPI;-6.9716666666667;-38.829722222222;2017;6;59.7;48.8;2.2;2.0;0.0;0.0;0.0;0.0;0.0;0.0;0.0;0.0;0.0;0.0;0.0;0.0;0.0;0.0;0.0;0.0;0.0;0.0;0.0;0.0;0.0;0.0;0.0;0.0;0.0;0.0;6.7;888.0
Aurora;SITIO TIPI;-6.9716666666667;-38.829722222222;2017;7;37.4;25.0;7.2;0.0;0.0;0.0;0.0;0.0;0.0;0.0;0.0;0.0;0.0;0.0;0.0;0.0;0.0;0.0;0.0;0.0;0.0;0.0;0.0;0.0;5.2;0.0;0.0;0.0;0.0;0.0;0.0;0.0
Aurora;SITIO TIPI;-6.9716666666667;-38.829722222222;2017;8;0.0;0.0;0.0;0.0;0.0;0.0;0.0;0.0;0.0;0.0;0.0;0.0;0.0;0.0;0.0;0.0;0.0;0.0;0.0;0.0;0.0;0.0;0.0;0.0;0.0;0.0;0.0;0.0;0.0;0.0;0.0;0.0
Aurora;SITIO TIPI;-6.9716666666667;-38.829722222222;2017;9;0.0;0.0;0.0;0.0;0.0;0.0;0.0;0.0;0.0;0.0;0.0;0.0;0.0;0.0;0.0;0.0;0.0;0.0;0.0;0.0;0.0;0.0;0.0;0.0;0.0;0.0;0.0;0.0;0.0;0.0;0.0;888.0
Aurora;SITIO TIPI;-6.9716666666667;-38.829722222222;2017;10;0.0;0.0;0.0;0.0;0.0;0.0;0.0;0.0;0.0;0.0;0.0;0.0;0.0;0.0;0.0;0.0;0.0;0.0;0.0;0.0;0.0;0.0;0.0;0.0;0.0;0.0;0.0;0.0;0.0;0.0;0.0;0.0
Aurora;SITIO TIPI;-6.9716666666667;-38.829722222222;2017;11;15.3;0.0;0.0;0.0;0.0;0.0;0.0;0.0;4.6;3.5;0.0;0.0;0.0;0.0;0.0;0.0;0.0;0.0;0.0;0.0;0.0;0.0;0.0;0.0;0.0;7.2;0.0;0.0;0.0;0.0;0.0;888.0
Aurora;SITIO TIPI;-6.9716666666667;-38.829722222222;2017;12;9.2;0.0;0.0;0.0;0.0;0.0;0.0;0.0;0.0;0.0;0.0;0.0;0.0;0.0;0.0;0.0;0.0;0.0;0.0;0.0;0.0;7.5;0.0;0.0;1.7;0.0;0.0;0.0;0.0;0.0;0.0;0.0
Aurora;SITIO TIPI;-6.9716666666667;-38.829722222222;2018;1;143.1;0.0;0.0;0.0;0.0;0.0;20.2;0.0;0.0;5.3;0.0;1.0;0.0;0.0;0.0;0.0;0.0;0.0;1.2;0.0;10.5;0.0;0.0;0.0;5.6;19.6;0.0;78.3;1.4;0.0;0.0;0.0
Aurora;SITIO TIPI;-6.9716666666667;-38.829722222222;2018;2;405.6;0.0;0.0;0.0;0.0;0.0;0.0;25.6;87.2;7.0;0.0;15.0;0.0;3.2;15.4;41.7;7.4;16.5;22.8;20.0;32.5;6.2;0.0;0.0;56.8;10.2;28.7;6.6;2.8;888.0;888.0;888.0
Aurora;SITIO TIPI;-6.9716666666667;-38.829722222222;2018;3;227.3;10.4;57.0;4.6;0.0;0.0;0.0;0.0;0.0;0.0;0.0;0.0;0.0;0.0;0.0;0.0;5.5;0.0;0.0;4.3;11.6;0.0;1.0;12.2;0.0;0.0;24.5;0.0;0.0;41.5;47.2;7.5
Aurora;SITIO TIPI;-6.9716666666667;-38.829722222222;2018;4;214.1;0.0;21.2;5.8;0.0;2.2;2.2;11.0;0.0;32.2;28.7;0.0;0.0;30.6;12.8;11.5;0.0;0.0;0.0;12.5;0.0;0.0;39.2;2.2;0.0;0.0;0.0;0.0;0.0;0.0;2.0;888.0
Aurora;SITIO TIPI;-6.9716666666667;-38.829722222222;2018;5;38.4;21.7;2.9;0.0;0.0;0.0;0.0;0.0;0.0;0.0;0.0;0.0;0.0;0.0;0.0;0.0;0.0;0.0;1.0;4.0;0.0;0.0;0.0;0.0;0.0;0.0;0.0;0.0;0.0;8.8;0.0;0.0
Aurora;SITIO TIPI;-6.9716666666667;-38.829722222222;2018;6;0.0;0.0;0.0;0.0;0.0;0.0;0.0;0.0;0.0;0.0;0.0;0.0;0.0;0.0;0.0;0.0;0.0;0.0;0.0;0.0;0.0;0.0;0.0;0.0;0.0;0.0;0.0;0.0;0.0;0.0;0.0;888.0
Aurora;SITIO TIPI;-6.9716666666667;-38.829722222222;2018;7;2.0;0.0;0.0;0.0;0.0;0.0;0.0;0.0;0.0;0.0;0.0;0.0;2.0;0.0;0.0;0.0;0.0;0.0;0.0;0.0;0.0;0.0;0.0;0.0;0.0;0.0;0.0;0.0;0.0;0.0;0.0;0.0
Aurora;SITIO TIPI;-6.9716666666667;-38.829722222222;2018;8;1.0;1.0;0.0;0.0;0.0;0.0;0.0;0.0;0.0;0.0;0.0;0.0;0.0;0.0;0.0;0.0;0.0;0.0;0.0;0.0;0.0;0.0;0.0;0.0;0.0;0.0;0.0;0.0;0.0;0.0;0.0;0.0
Aurora;SITIO TIPI;-6.9716666666667;-38.829722222222;2018;9;0.0;0.0;0.0;0.0;0.0;0.0;0.0;0.0;0.0;0.0;0.0;0.0;0.0;0.0;0.0;0.0;0.0;0.0;0.0;0.0;0.0;0.0;0.0;0.0;0.0;0.0;0.0;0.0;0.0;0.0;0.0;888.0
Aurora;SITIO TIPI;-6.9716666666667;-38.829722222222;2018;10;3.0;0.0;0.0;0.0;0.0;0.0;0.0;0.0;0.0;0.0;0.0;0.0;0.0;0.0;0.0;0.0;0.0;3.0;0.0;0.0;0.0;0.0;0.0;0.0;0.0;0.0;0.0;0.0;0.0;0.0;0.0;0.0
Aurora;SITIO TIPI;-6.9716666666667;-38.829722222222;2018;11;118.6;0.0;0.0;0.0;0.0;0.0;8.2;0.0;0.0;0.0;0.0;0.0;0.0;0.0;0.0;0.0;0.0;0.0;0.0;0.0;0.0;0.0;0.0;0.0;25.0;0.0;0.0;62.4;0.0;0.0;23.0;888.0
Aurora;SITIO TIPI;-6.9716666666667;-38.829722222222;2018;12;119.4;0.0;0.0;0.0;0.0;7.2;11.0;23.2;7.6;0.0;20.0;0.5;0.0;0.0;1.5;0.0;0.0;0.0;8.8;0.0;0.0;0.0;0.0;3.8;35.8;0.0;0.0;0.0;0.0;0.0;0.0;0.0
Aurora;SITIO TIPI;-6.9716666666667;-38.829722222222;2019;1;81.0;0.0;0.0;0.0;0.0;0.0;0.0;0.0;0.0;0.8;19.4;0.0;0.0;0.0;2.4;9.0;0.0;8.8;16.7;1.4;8.6;4.5;0.0;0.0;0.0;0.0;0.0;0.0;0.0;4.0;4.8;0.6
Aurora;SITIO TIPI;-6.9716666666667;-38.829722222222;2019;2;212.8;0.0;2.0;0.0;0.0;0.0;20.8;10.0;0.0;0.0;0.0;0.0;0.0;0.0;43.2;0.5;13.5;0.0;0.0;0.0;43.5;35.0;40.1;0.0;4.2;0.0;0.0;0.0;0.0;888.0;888.0;888.0
Aurora;SITIO TIPI;-6.9716666666667;-38.829722222222;2019;3;264.8;0.0;0.0;4.2;0.0;23.4;0.0;0.0;0.0;0.0;0.0;0.0;0.0;0.0;6.8;2.4;0.0;0.0;0.0;0.0;0.0;0.0;0.0;22.2;96.7;8.4;0.0;0.8;2.2;3.5;0.0;94.2
Aurora;SITIO TIPI;-6.9716666666667;-38.829722222222;2019;4;155.4;19.2;0.0;7.8;10.7;0.0;0.0;30.8;0.0;0.0;17.2;0.0;0.0;19.3;4.2;0.0;0.0;0.0;0.0;0.0;0.0;8.2;0.0;0.0;9.0;0.0;0.0;2.8;0.0;10.2;16.0;888.0
Aurora;SITIO TIPI;-6.9716666666667;-38.829722222222;2019;5;51.2;2.8;2.4;0.0;0.0;0.0;0.0;0.0;0.0;2.6;0.0;0.0;0.0;0.0;0.0;10.5;8.2;5.5;4.6;0.0;1.2;0.0;4.2;9.2;0.0;0.0;0.0;0.0;0.0;0.0;0.0;0.0
Aurora;SITIO TIPI;-6.9716666666667;-38.829722222222;2019;6;27.9;0.0;0.0;0.0;0.0;0.0;0.0;0.0;0.0;0.0;0.0;0.0;0.0;0.0;6.2;0.0;0.0;0.0;16.5;5.2;0.0;0.0;0.0;0.0;0.0;0.0;0.0;0.0;0.0;0.0;0.0;888.0
Aurora;SITIO TIPI;-6.9716666666667;-38.829722222222;2019;7;15.3;0.0;3.4;3.5;0.0;0.0;0.0;0.0;0.0;0.0;0.0;0.0;0.0;0.0;0.0;0.0;0.0;0.0;0.0;0.0;0.0;4.8;3.6;0.0;0.0;0.0;0.0;0.0;0.0;0.0;0.0;0.0
Aurora;SITIO TIPI;-6.9716666666667;-38.829722222222;2019;8;0.0;0.0;0.0;0.0;0.0;0.0;0.0;0.0;0.0;0.0;0.0;0.0;0.0;0.0;0.0;0.0;0.0;0.0;0.0;0.0;0.0;0.0;0.0;0.0;0.0;0.0;0.0;0.0;0.0;0.0;0.0;0.0
Aurora;SITIO TIPI;-6.9716666666667;-38.829722222222;2019;9;0.0;0.0;0.0;0.0;0.0;0.0;0.0;0.0;0.0;0.0;0.0;0.0;0.0;0.0;0.0;0.0;0.0;0.0;0.0;0.0;0.0;0.0;0.0;0.0;0.0;0.0;0.0;0.0;0.0;0.0;0.0;888.0
Aurora;SITIO TIPI;-6.9716666666667;-38.829722222222;2019;10;1.2;0.0;0.0;0.0;0.0;0.0;0.0;0.0;0.0;0.0;0.0;0.0;0.0;0.0;0.0;1.2;0.0;0.0;0.0;0.0;0.0;0.0;0.0;0.0;0.0;0.0;0.0;0.0;0.0;0.0;0.0;0.0
Aurora;SITIO TIPI;-6.9716666666667;-38.829722222222;2019;11;10.3;0.0;0.0;0.0;0.0;0.0;0.0;0.0;0.0;0.0;0.0;0.0;0.0;0.0;0.0;0.0;0.0;0.0;0.0;0.0;4.8;0.0;0.0;0.0;0.0;0.0;0.0;5.5;0.0;0.0;0.0;888.0
Aurora;SITIO TIPI;-6.9716666666667;-38.829722222222;2019;12;27.4;0.0;0.0;0.0;0.0;0.0;0.0;0.0;0.0;27.4;0.0;0.0;0.0;0.0;0.0;0.0;0.0;0.0;0.0;0.0;0.0;0.0;0.0;0.0;0.0;0.0;0.0;0.0;0.0;0.0;0.0;0.0
Aurora;SITIO TIPI;-6.9716666666667;-38.829722222222;2020;1;167.3;30.2;0.0;2.3;0.0;0.0;0.0;0.0;5.5;14.8;69.2;7.2;0.0;0.0;0.0;0.0;0.0;0.0;0.0;2.6;0.0;4.4;0.0;0.0;9.2;0.0;0.0;15.1;0.0;0.0;1.0;5.8
Aurora;SITIO TIPI;-6.9716666666667;-38.829722222222;2020;2;255.7;10.6;0.0;0.0;0.0;22.8;7.2;0.0;0.0;0.0;2.8;0.0;0.0;0.0;5.2;7.0;35.4;0.0;8.2;5.2;12.2;33.2;6.0;18.5;37.8;2.1;2.5;10.6;20.2;8.2;888.0;888.0
Aurora;SITIO TIPI;-6.9716666666667;-38.829722222222;2020;3;334.2;0.0;0.0;0.0;4.6;13.2;0.0;14.3;47.4;8.5;16.3;0.0;9.0;11.2;2.8;6.5;37.2;23.8;3.2;18.5;1.2;0.0;0.0;0.0;0.0;49.5;12.8;27.0;2.2;0.0;0.0;25.0
Aurora;SITIO TIPI;-6.9716666666667;-38.829722222222;2020;4;201.3;17.8;4.4;23.4;0.0;0.0;0.0;0.0;0.0;0.0;0.0;1.2;5.1;6.8;0.0;0.0;0.0;20.2;6.2;0.0;59.2;6.7;0.0;15.3;2.2;19.4;0.0;3.2;9.2;0.0;1.0;888.0
Aurora;SITIO TIPI;-6.9716666666667;-38.829722222222;2020;5;58.2;13.7;0.0;0.0;0.0;0.0;0.0;0.0;0.0;0.0;0.0;0.0;0.0;1.2;0.0;0.0;0.0;0.0;6.8;1.6;2.2;5.3;11.6;0.0;2.4;1.0;8.2;0.0;0.0;4.2;0.0;0.0
Aurora;SITIO TIPI;-6.9716666666667;-38.829722222222;2020;6;54.3;0.0;0.0;2.2;0.0;0.0;0.0;0.0;0.0;0.0;0.0;4.6;0.0;0.0;0.0;0.0;0.0;0.0;0.0;0.0;47.5;0.0;0.0;0.0;0.0;0.0;0.0;0.0;0.0;0.0;0.0;888.0
Aurora;SITIO TIPI;-6.9716666666667;-38.829722222222;2020;7;4.0;0.0;0.0;0.0;0.0;0.0;0.0;0.0;0.0;0.0;0.0;3.0;0.0;1.0;0.0;0.0;0.0;0.0;0.0;0.0;0.0;0.0;0.0;0.0;0.0;0.0;0.0;0.0;0.0;0.0;0.0;0.0
Aurora;SITIO TIPI;-6.9716666666667;-38.829722222222;2020;8;0.0;0.0;0.0;0.0;0.0;0.0;0.0;0.0;0.0;0.0;0.0;0.0;0.0;0.0;0.0;0.0;0.0;0.0;0.0;0.0;0.0;0.0;0.0;0.0;0.0;0.0;0.0;0.0;0.0;0.0;0.0;0.0
Aurora;SITIO TIPI;-6.9716666666667;-38.829722222222;2020;9;9.8;0.0;0.0;0.0;0.0;0.0;0.0;0.0;0.0;0.0;0.0;0.0;0.0;0.0;0.0;0.0;0.0;0.0;0.0;0.0;0.0;0.0;0.0;0.0;0.0;0.0;0.0;0.0;0.0;9.8;0.0;888.0
Aurora;SITIO TIPI;-6.9716666666667;-38.829722222222;2020;10;0.0;0.0;0.0;0.0;0.0;0.0;0.0;0.0;0.0;0.0;0.0;0.0;0.0;0.0;0.0;0.0;0.0;0.0;0.0;0.0;0.0;0.0;0.0;0.0;0.0;0.0;0.0;0.0;0.0;0.0;0.0;0.0
Aurora;SITIO TIPI;-6.9716666666667;-38.829722222222;2020;11;61.2;0.0;0.0;35.2;10.0;0.0;0.0;0.0;0.0;0.0;6.2;0.0;9.8;0.0;0.0;0.0;0.0;0.0;0.0;0.0;0.0;0.0;0.0;0.0;0.0;0.0;0.0;0.0;0.0;0.0;0.0;888.0
Aurora;SITIO TIPI;-6.9716666666667;-38.829722222222;2020;12;1.0;0.0;0.0;0.0;0.0;0.0;0.0;0.0;0.0;0.0;0.0;0.0;0.0;0.0;0.0;0.0;0.0;1.0;0.0;0.0;0.0;0.0;0.0;0.0;0.0;0.0;0.0;0.0;0.0;0.0;0.0;0.0
Aurora;SITIO TIPI;-6.9716666666667;-38.829722222222;2021;1;32.0;0.0;0.0;0.0;0.0;4.2;0.0;0.0;0.0;0.0;0.0;0.0;0.0;6.0;1.5;0.0;0.0;0.0;2.9;0.0;1.8;1.2;0.0;0.0;0.0;0.0;1.0;4.2;0.0;9.2;0.0;0.0
Aurora;SITIO TIPI;-6.9716666666667;-38.829722222222;2021;2;234.1;0.0;0.0;0.0;0.0;0.0;0.0;0.0;0.0;27.8;1.2;0.0;5.2;3.1;35.5;1.5;71.4;1.6;11.4;0.0;0.0;0.0;0.0;0.0;7.2;7.0;0.0;57.0;4.2;888.0;888.0;888.0
Aurora;SITIO TIPI;-6.9716666666667;-38.829722222222;2021;3;227.3;3.0;30.0;2.4;0.0;34.4;0.0;0.0;0.0;0.0;0.0;0.0;0.0;13.2;9.0;17.7;0.0;0.0;10.5;14.8;1.2;0.0;8.8;0.0;2.2;2.5;36.2;28.4;0.0;4.2;7.3;1.5
Aurora;SITIO TIPI;-6.9716666666667;-38.829722222222;2021;4;159.3;0.0;2.4;0.0;0.0;5.2;0.0;0.0;0.0;0.0;0.0;0.0;9.5;1.6;0.0;0.0;0.0;4.2;14.1;15.6;0.0;0.0;6.0;18.2;8.5;0.0;0.0;0.0;0.0;74.0;0.0;888.0
Aurora;SITIO TIPI;-6.9716666666667;-38.829722222222;2021;5;30.6;0.0;2.0;11.5;0.0;1.0;6.2;0.0;0.0;0.0;0.0;0.0;0.0;0.0;7.5;1.2;0.0;0.0;0.0;0.0;0.0;0.0;1.2;0.0;0.0;0.0;0.0;0.0;0.0;0.0;0.0;0.0
Aurora;SITIO TIPI;-6.9716666666667;-38.829722222222;2021;6;3.0;0.6;2.4;0.0;0.0;0.0;0.0;0.0;0.0;0.0;0.0;0.0;0.0;0.0;0.0;0.0;0.0;0.0;0.0;0.0;0.0;0.0;0.0;0.0;0.0;0.0;0.0;0.0;0.0;0.0;0.0;888.0
Aurora;SITIO TIPI;-6.9716666666667;-38.829722222222;2021;7;80.5;0.0;80.5;0.0;0.0;0.0;0.0;0.0;0.0;0.0;0.0;0.0;0.0;0.0;0.0;0.0;0.0;0.0;0.0;0.0;0.0;0.0;0.0;0.0;0.0;0.0;0.0;0.0;0.0;0.0;0.0;0.0
Aurora;SITIO TIPI;-6.9716666666667;-38.829722222222;2021;8;0.0;0.0;0.0;0.0;0.0;0.0;0.0;0.0;0.0;0.0;0.0;0.0;0.0;0.0;0.0;0.0;0.0;0.0;0.0;0.0;0.0;0.0;0.0;0.0;0.0;0.0;0.0;0.0;0.0;0.0;0.0;0.0
Aurora;SITIO TIPI;-6.9716666666667;-38.829722222222;2021;9;10.2;0.0;0.0;0.0;0.0;0.0;0.0;0.0;0.0;0.0;0.0;0.0;0.0;0.0;0.0;9.2;0.0;0.0;0.0;0.0;0.0;0.0;0.0;0.0;0.0;0.0;0.0;1.0;0.0;0.0;0.0;888.0
Aurora;SITIO TIPI;-6.9716666666667;-38.829722222222;2021;10;7.4;0.0;0.0;0.0;0.0;0.0;0.0;0.0;0.0;0.0;0.0;0.0;0.0;0.0;0.0;0.0;0.0;0.0;0.0;0.0;4.0;0.0;0.0;0.0;3.4;0.0;0.0;0.0;0.0;0.0;0.0;0.0
Aurora;SITIO TIPI;-6.9716666666667;-38.829722222222;2021;11;44.7;0.0;0.0;0.0;0.0;0.0;0.0;0.0;10.2;0.0;0.0;0.0;0.0;0.0;9.5;18.2;0.0;0.0;0.0;0.0;0.0;0.0;0.0;0.0;0.0;0.0;6.8;0.0;0.0;0.0;0.0;888.0
Aurora;SITIO TIPI;-6.9716666666667;-38.829722222222;2021;12;178.1;0.0;0.0;0.0;0.0;16.2;0.0;0.0;0.0;0.0;0.0;0.0;0.0;0.0;0.0;0.0;0.0;0.0;5.2;2.0;0.0;0.0;0.0;0.0;0.0;0.0;21.5;18.2;0.0;0.0;0.0;115.0
Aurora;SITIO TIPI;-6.9716666666667;-38.829722222222;2022;1;262.2;48.0;4.2;84.4;0.0;0.0;6.5;4.2;0.0;0.0;0.0;2.5;0.0;8.2;1.3;12.2;0.0;0.0;1.8;0.0;0.0;0.0;0.0;0.0;0.0;0.0;0.0;5.6;59.5;23.8;0.0;0.0
Aurora;SITIO TIPI;-6.9716666666667;-38.829722222222;2022;2;98.4;0.0;0.0;0.0;0.0;3.5;0.0;0.0;25.3;1.2;0.0;0.0;12.4;3.0;0.0;0.0;0.0;0.0;0.0;1.2;6.7;1.5;5.2;0.0;0.0;3.0;0.0;17.2;18.2;888.0;888.0;888.0
Aurora;SITIO TIPI;-6.9716666666667;-38.829722222222;2022;3;396.8;0.0;0.0;28.3;29.0;0.0;0.0;16.0;0.0;45.0;27.2;0.0;21.5;0.0;0.0;0.0;70.5;41.3;2.2;0.0;0.0;9.0;58.5;12.8;19.0;3.6;0.0;1.0;6.5;5.4;0.0;0.0
Aurora;SITIO TIPI;-6.9716666666667;-38.829722222222;2022;4;172.5;2.5;4.2;0.0;5.0;0.0;0.0;0.0;7.6;0.0;0.0;0.0;51.5;1.2;0.0;0.0;0.0;17.5;19.2;14.4;0.0;5.4;0.0;17.2;23.0;1.6;0.0;0.0;2.2;0.0;0.0;888.0
Aurora;SITIO TIPI;-6.9716666666667;-38.829722222222;2022;5;121.3;0.0;0.0;14.2;0.0;0.0;0.0;4.5;0.0;0.0;0.0;0.0;0.0;26.6;25.0;4.5;0.0;0.0;0.0;0.0;0.0;0.0;0.0;0.0;0.0;0.0;0.0;34.2;0.0;0.0;0.0;12.3
Aurora;SITIO TIPI;-6.9716666666667;-38.829722222222;2022;6;105.9;0.0;2.0;18.0;27.2;2.5;0.0;0.0;0.0;0.0;14.5;23.0;0.0;0.0;0.0;2.2;10.5;0.0;0.0;0.0;0.0;6.0;0.0;0.0;0.0;0.0;0.0;0.0;0.0;0.0;0.0;888.0
Aurora;SITIO TIPI;-6.9716666666667;-38.829722222222;2022;7;27.5;0.0;0.0;8.5;0.0;5.0;2.5;0.0;8.0;0.0;0.0;3.5;0.0;0.0;0.0;0.0;0.0;0.0;0.0;0.0;0.0;0.0;0.0;0.0;0.0;0.0;0.0;0.0;0.0;0.0;0.0;0.0
Aurora;SITIO TIPI;-6.9716666666667;-38.829722222222;2022;8;16.6;0.0;0.0;0.0;9.2;7.4;0.0;0.0;0.0;0.0;0.0;0.0;0.0;0.0;0.0;0.0;0.0;0.0;0.0;0.0;0.0;0.0;0.0;0.0;0.0;0.0;0.0;0.0;0.0;0.0;0.0;0.0
Aurora;SITIO TIPI;-6.9716666666667;-38.829722222222;2022;9;0.0;0.0;0.0;0.0;0.0;0.0;0.0;0.0;0.0;0.0;0.0;0.0;0.0;0.0;0.0;0.0;0.0;0.0;0.0;0.0;0.0;0.0;0.0;0.0;0.0;0.0;0.0;0.0;0.0;0.0;0.0;888.0
Aurora;SITIO TIPI;-6.9716666666667;-38.829722222222;2022;10;19.7;0.0;0.0;0.0;0.0;0.0;0.0;0.0;0.0;0.0;0.0;0.0;0.0;0.0;0.0;0.0;0.0;0.0;0.0;0.0;0.0;0.0;0.0;0.0;0.0;17.5;0.0;2.2;0.0;0.0;0.0;0.0
Aurora;SITIO TIPI;-6.9716666666667;-38.829722222222;2022;11;78.8;0.0;0.0;0.0;3.2;8.2;0.0;5.5;47.5;0.0;0.0;0.0;0.0;8.4;0.0;0.0;0.0;0.0;0.0;0.0;0.0;0.0;0.0;0.0;0.0;0.0;0.0;0.0;0.0;0.0;6.0;888.0
Aurora;SITIO TIPI;-6.9716666666667;-38.829722222222;2022;12;28.4;10.0;10.6;0.0;0.0;0.0;0.0;0.0;0.0;0.0;0.0;0.0;0.0;0.0;0.0;0.0;0.0;0.0;0.0;0.0;0.0;0.0;0.0;2.5;3.3;2.0;0.0;0.0;0.0;0.0;0.0;0.0
Aurora;SITIO TIPI;-6.9716666666667;-38.829722222222;2023;1;123.5;0.0;22.0;0.0;0.0;0.0;0.0;0.0;0.0;0.0;3.5;0.0;0.0;0.0;6.4;0.0;15.2;0.0;3.0;8.2;18.8;7.2;0.0;16.5;6.2;1.5;15.0;0.0;0.0;0.0;0.0;0.0
Aurora;SITIO TIPI;-6.9716666666667;-38.829722222222;2023;2;167.3;0.0;0.0;50.5;0.0;0.0;0.0;0.0;0.0;0.0;0.0;6.5;0.0;0.0;5.5;0.0;0.0;7.0;4.5;0.0;19.5;0.0;0.0;2.4;35.2;36.2;0.0;0.0;0.0;888.0;888.0;888.0
Aurora;SITIO TIPI;-6.9716666666667;-38.829722222222;2023;3;445.4;0.0;0.0;5.5;0.0;1.6;0.0;0.0;0.0;0.0;0.0;0.0;0.0;102.5;43.3;23.2;0.0;0.0;8.0;0.0;21.5;11.0;35.2;2.2;3.0;58.2;0.0;70.5;15.0;8.5;20.2;16.0
Aurora;SITIO TIPI;-6.9716666666667;-38.829722222222;2023;4;161.2;0.0;0.0;0.0;3.2;43.5;11.0;0.0;7.2;17.2;0.0;0.0;0.0;0.0;3.0;0.0;2.0;28.5;2.2;0.0;0.0;0.0;0.0;0.0;0.0;0.0;0.0;0.0;2.2;38.2;3.0;888.0
Aurora;SITIO TIPI;-6.9716666666667;-38.829722222222;2023;5;31.2;3.5;0.0;0.0;0.0;9.0;2.0;0.0;0.0;0.0;0.0;0.0;0.0;0.0;0.0;12.2;0.0;0.0;1.5;0.0;0.0;0.0;0.0;0.0;0.0;0.0;0.0;0.0;0.0;3.0;0.0;0.0
Aurora;SITIO TIPI;-6.9716666666667;-38.829722222222;2023;6;21.2;3.0;0.0;0.0;0.0;0.0;0.0;0.0;0.0;0.0;8.5;0.0;0.0;0.0;0.0;5.5;4.2;0.0;0.0;0.0;0.0;0.0;0.0;0.0;0.0;0.0;0.0;0.0;0.0;0.0;0.0;888.0
Aurora;SITIO TIPI;-6.9716666666667;-38.829722222222;2023;7;4.1;0.0;0.0;0.0;0.0;0.0;0.0;0.0;2.0;2.1;0.0;0.0;0.0;0.0;0.0;0.0;0.0;0.0;0.0;0.0;0.0;0.0;0.0;0.0;0.0;0.0;0.0;0.0;0.0;0.0;0.0;0.0
Aurora;SITIO TIPI;-6.9716666666667;-38.829722222222;2023;8;7.7;0.0;0.0;0.0;0.0;0.0;0.0;0.0;0.0;4.2;0.0;0.0;0.0;0.0;0.0;0.0;0.0;0.0;0.0;0.0;3.5;0.0;0.0;0.0;0.0;0.0;0.0;0.0;0.0;0.0;0.0;0.0
Aurora;SITIO TIPI;-6.9716666666667;-38.829722222222;2023;9;0.0;0.0;0.0;0.0;0.0;0.0;0.0;0.0;0.0;0.0;0.0;0.0;0.0;0.0;0.0;0.0;0.0;0.0;0.0;0.0;0.0;0.0;0.0;0.0;0.0;0.0;0.0;0.0;0.0;0.0;0.0;888.0
Aurora;SITIO TIPI;-6.9716666666667;-38.829722222222;2023;10;0.0;0.0;0.0;0.0;0.0;0.0;0.0;0.0;0.0;0.0;0.0;0.0;0.0;0.0;0.0;0.0;0.0;0.0;0.0;0.0;0.0;0.0;0.0;0.0;0.0;0.0;0.0;0.0;0.0;0.0;0.0;0.0
Aurora;SITIO TIPI;-6.9716666666667;-38.829722222222;2023;11;21.0;0.0;0.0;0.0;0.0;0.0;21.0;0.0;0.0;0.0;0.0;0.0;0.0;0.0;0.0;0.0;0.0;0.0;0.0;0.0;0.0;0.0;0.0;0.0;0.0;0.0;0.0;0.0;0.0;0.0;0.0;888.0
Aurora;SITIO TIPI;-6.9716666666667;-38.829722222222;2023;12;18.0;0.0;0.0;0.0;0.0;0.0;0.0;0.0;0.0;0.0;0.0;0.0;0.0;0.0;0.0;0.0;6.0;0.0;3.0;0.0;3.0;6.0;0.0;0.0;0.0;0.0;0.0;0.0;0.0;0.0;0.0;0.0
Aurora;SITIO TIPI;-6.9716666666667;-38.829722222222;2024;1;205.4;105.0;18.8;0.0;0.0;0.0;0.0;0.0;0.0;0.0;0.0;5.2;57.0;0.0;0.0;0.0;0.0;0.0;0.0;0.0;0.0;0.0;0.0;0.0;0.0;0.0;10.0;9.4;0.0;0.0;0.0;0.0
Aurora;SITIO TIPI;-6.9716666666667;-38.829722222222;2024;2;180.7;0.0;0.0;0.0;0.0;0.0;13.4;0.0;0.0;11.2;48.2;25.0;7.5;0.0;12.5;11.8;0.0;0.0;0.0;17.5;0.0;1.4;0.0;7.2;25.0;0.0;0.0;0.0;0.0;0.0;888.0;888.0
Aurora;SITIO TIPI;-6.9716666666667;-38.829722222222;2024;3;252.8;13.2;7.5;8.0;16.5;18.2;31.2;6.4;0.0;0.0;0.0;5.5;0.0;1.5;60.5;1.2;0.0;0.0;6.5;0.0;0.0;0.0;0.0;4.0;42.3;0.0;0.0;5.5;0.0;0.0;16.0;8.8
Aurora;SITIO TIPI;-6.9716666666667;-38.829722222222;2024;4;221.5;1.0;0.0;0.0;0.0;37.5;0.0;0.0;0.0;0.0;1.6;4.5;45.5;33.2;8.5;18.2;4.2;0.0;5.6;0.0;19.5;0.0;12.8;26.2;0.0;0.0;0.0;0.0;0.0;3.2;0.0;888.0
Aurora;SITIO TIPI;-6.9716666666667;-38.829722222222;2024;5;22.0;0.0;0.0;3.5;0.0;0.0;0.0;0.0;0.0;11.0;7.5;0.0;0.0;0.0;0.0;0.0;0.0;0.0;0.0;0.0;0.0;0.0;0.0;0.0;0.0;0.0;0.0;0.0;0.0;0.0;0.0;0.0
Aurora;SITIO TIPI;-6.9716666666667;-38.829722222222;2024;6;16.2;0.0;0.0;0.0;0.0;0.0;3.5;0.0;2.5;0.0;0.0;0.0;0.0;0.0;0.0;7.0;0.0;0.0;0.0;0.0;0.0;3.2;0.0;0.0;0.0;0.0;0.0;0.0;0.0;0.0;0.0;888.0
Aurora;SITIO TIPI;-6.9716666666667;-38.829722222222;2024;7;79.2;0.0;0.0;0.0;0.0;0.0;7.5;5.0;57.0;0.0;0.0;4.5;0.0;5.2;0.0;0.0;0.0;0.0;0.0;0.0;0.0;0.0;0.0;0.0;0.0;0.0;0.0;0.0;0.0;0.0;0.0;0.0
Aurora;SITIO TIPI;-6.9716666666667;-38.829722222222;2024;8;0.0;0.0;0.0;0.0;0.0;0.0;0.0;0.0;0.0;0.0;0.0;0.0;0.0;0.0;0.0;0.0;0.0;0.0;0.0;0.0;0.0;0.0;0.0;0.0;0.0;0.0;0.0;0.0;0.0;0.0;0.0;0.0
Aurora;SITIO TIPI;-6.9716666666667;-38.829722222222;2024;9;0.0;0.0;0.0;0.0;0.0;0.0;0.0;0.0;0.0;0.0;0.0;0.0;0.0;0.0;0.0;0.0;0.0;0.0;0.0;0.0;0.0;0.0;0.0;0.0;0.0;0.0;0.0;0.0;0.0;0.0;0.0;888.0
Aurora;SITIO TIPI;-6.9716666666667;-38.829722222222;2024;10;3.0;0.0;0.0;0.0;0.0;3.0;0.0;0.0;0.0;0.0;0.0;0.0;0.0;0.0;0.0;0.0;0.0;0.0;0.0;0.0;0.0;0.0;999.0;999.0;999.0;999.0;999.0;999.0;999.0;999.0;999.0;999.0
