Municipios;Postos;Latitude;Longitude;Anos;Meses;Total;Dia1;Dia2;Dia3;Dia4;Dia5;Dia6;Dia7;Dia8;Dia9;Dia10;Dia11;Dia12;Dia13;Dia14;Dia15;Dia16;Dia17;Dia18;Dia19;Dia20;Dia21;Dia22;Dia23;Dia24;Dia25;Dia26;Dia27;Dia28;Dia29;Dia30;Dia31
Cascavel;GUANACES;-4.15275;-38.314611111111;2000;6;19.0;0.0;0.0;0.0;0.0;0.0;0.0;0.0;0.0;0.0;0.0;0.0;0.0;0.0;0.0;0.0;0.0;0.0;0.0;0.0;7.0;0.0;0.0;0.0;0.0;0.0;0.0;4.0;4.0;0.0;4.0;888.0
Cascavel;GUANACES;-4.15275;-38.314611111111;2000;7;64.0;0.0;0.0;0.0;0.0;0.0;0.0;0.0;0.0;45.0;8.0;0.0;0.0;0.0;0.0;0.0;0.0;0.0;0.0;0.0;0.0;0.0;0.0;0.0;0.0;0.0;8.0;0.0;0.0;0.0;3.0;0.0
Cascavel;GUANACES;-4.15275;-38.314611111111;2000;8;55.0;6.0;0.0;1.0;0.0;8.0;5.0;4.0;8.0;0.0;0.0;0.0;0.0;0.0;0.0;0.0;0.0;0.0;0.0;0.0;0.0;0.0;0.0;0.0;20.0;0.0;0.0;0.0;0.0;0.0;3.0;0.0
Cascavel;GUANACES;-4.15275;-38.314611111111;2000;9;49.0;0.0;0.0;0.0;0.0;0.0;0.0;0.0;6.0;6.0;0.0;11.0;6.0;0.0;0.0;0.0;9.0;0.0;0.0;0.0;0.0;0.0;0.0;0.0;7.0;4.0;0.0;0.0;0.0;0.0;0.0;888.0
Cascavel;GUANACES;-4.15275;-38.314611111111;2000;10;0.0;0.0;0.0;0.0;0.0;0.0;0.0;0.0;0.0;0.0;0.0;0.0;0.0;0.0;0.0;0.0;0.0;0.0;0.0;0.0;0.0;0.0;0.0;0.0;0.0;0.0;0.0;0.0;0.0;0.0;0.0;0.0
Cascavel;GUANACES;-4.15275;-38.314611111111;2000;11;0.0;0.0;0.0;0.0;0.0;0.0;0.0;0.0;0.0;0.0;0.0;0.0;0.0;0.0;0.0;0.0;0.0;0.0;0.0;0.0;0.0;0.0;0.0;0.0;0.0;0.0;0.0;0.0;0.0;0.0;0.0;888.0
Cascavel;GUANACES;-4.15275;-38.314611111111;2000;12;17.0;0.0;0.0;0.0;0.0;0.0;0.0;0.0;0.0;0.0;0.0;0.0;0.0;0.0;0.0;9.0;2.0;0.0;0.0;0.0;0.0;0.0;0.0;0.0;0.0;0.0;0.0;6.0;0.0;999.0;999.0;999.0
Cascavel;GUANACES;-4.15275;-38.314611111111;2001;1;89.0;0.0;0.0;0.0;0.0;0.0;0.0;34.0;0.0;0.0;0.0;0.0;36.0;9.0;0.0;0.0;7.0;0.0;0.0;0.0;0.0;0.0;3.0;0.0;0.0;0.0;0.0;0.0;0.0;0.0;0.0;0.0
Cascavel;GUANACES;-4.15275;-38.314611111111;2001;2;83.0;0.0;33.0;0.0;0.0;0.0;0.0;0.0;0.0;0.0;0.0;8.0;0.0;3.0;0.0;0.0;0.0;0.0;0.0;0.0;5.0;3.0;0.0;0.0;0.0;0.0;30.0;0.0;1.0;888.0;888.0;888.0
Cascavel;GUANACES;-4.15275;-38.314611111111;2001;3;97.0;0.0;0.0;0.0;0.0;0.0;0.0;0.0;14.0;0.0;11.0;0.0;19.0;11.0;8.0;0.0;2.0;0.0;0.0;3.0;0.0;0.0;0.0;0.0;0.0;0.0;7.0;0.0;0.0;19.0;3.0;0.0
Cascavel;GUANACES;-4.15275;-38.314611111111;2001;4;570.0;0.0;71.0;23.0;15.0;8.0;29.0;0.0;0.0;0.0;28.0;39.0;4.0;114.0;0.0;52.0;17.0;3.0;0.0;46.0;0.0;46.0;0.0;0.0;4.0;0.0;0.0;0.0;0.0;52.0;19.0;888.0
Cascavel;GUANACES;-4.15275;-38.314611111111;2001;5;36.0;0.0;0.0;0.0;0.0;0.0;6.0;6.0;0.0;0.0;0.0;0.0;0.0;0.0;0.0;0.0;0.0;0.0;0.0;0.0;0.0;0.0;0.0;0.0;11.0;10.0;0.0;0.0;0.0;0.0;0.0;3.0
Cascavel;GUANACES;-4.15275;-38.314611111111;2001;6;96.0;41.0;11.0;0.0;0.0;7.0;0.0;0.0;18.0;0.0;0.0;0.0;0.0;4.0;0.0;5.0;0.0;0.0;0.0;0.0;0.0;0.0;0.0;0.0;0.0;0.0;0.0;0.0;10.0;0.0;0.0;888.0
Cascavel;GUANACES;-4.15275;-38.314611111111;2001;7;0.0;0.0;0.0;0.0;0.0;0.0;0.0;0.0;0.0;0.0;0.0;0.0;0.0;0.0;0.0;0.0;0.0;0.0;0.0;0.0;0.0;0.0;0.0;0.0;0.0;0.0;0.0;0.0;0.0;0.0;0.0;0.0
Cascavel;GUANACES;-4.15275;-38.314611111111;2001;8;0.0;0.0;0.0;0.0;0.0;0.0;0.0;0.0;0.0;0.0;0.0;0.0;0.0;0.0;0.0;0.0;0.0;0.0;0.0;0.0;0.0;0.0;0.0;0.0;0.0;0.0;0.0;0.0;0.0;0.0;0.0;0.0
Cascavel;GUANACES;-4.15275;-38.314611111111;2001;9;0.0;0.0;0.0;0.0;0.0;0.0;0.0;0.0;0.0;0.0;0.0;0.0;0.0;0.0;0.0;0.0;0.0;0.0;0.0;0.0;0.0;0.0;0.0;0.0;0.0;0.0;0.0;0.0;0.0;0.0;0.0;888.0
Cascavel;GUANACES;-4.15275;-38.314611111111;2001;10;0.0;0.0;0.0;0.0;0.0;0.0;0.0;0.0;0.0;0.0;0.0;0.0;0.0;0.0;0.0;0.0;0.0;0.0;0.0;0.0;0.0;0.0;0.0;0.0;0.0;0.0;0.0;0.0;0.0;0.0;0.0;0.0
Cascavel;GUANACES;-4.15275;-38.314611111111;2001;11;0.0;0.0;0.0;0.0;0.0;0.0;0.0;0.0;0.0;0.0;0.0;0.0;0.0;0.0;0.0;0.0;0.0;0.0;0.0;0.0;0.0;0.0;0.0;0.0;0.0;0.0;0.0;0.0;0.0;0.0;0.0;888.0
Cascavel;GUANACES;-4.15275;-38.314611111111;2001;12;0.0;0.0;0.0;0.0;0.0;0.0;0.0;0.0;0.0;0.0;0.0;0.0;0.0;0.0;0.0;0.0;0.0;0.0;0.0;0.0;0.0;0.0;0.0;0.0;0.0;0.0;0.0;0.0;0.0;0.0;0.0;0.0
Cascavel;GUANACES;-4.15275;-38.314611111111;2002;1;286.0;0.0;12.0;0.0;0.0;0.0;0.0;34.0;28.0;4.0;12.0;0.0;0.0;0.0;6.0;0.0;0.0;0.0;50.0;0.0;0.0;9.0;11.0;7.0;0.0;0.0;51.0;10.0;26.0;18.0;5.0;3.0
Cascavel;GUANACES;-4.15275;-38.314611111111;2002;2;51.0;0.0;0.0;0.0;0.0;0.0;0.0;0.0;0.0;0.0;0.0;12.0;0.0;0.0;0.0;0.0;6.0;0.0;25.0;0.0;8.0;0.0;0.0;0.0;0.0;0.0;0.0;0.0;0.0;888.0;888.0;888.0
Cascavel;GUANACES;-4.15275;-38.314611111111;2002;3;253.0;16.0;0.0;0.0;0.0;0.0;0.0;15.0;0.0;21.0;19.0;14.0;19.0;20.0;25.0;22.0;19.0;0.0;0.0;24.0;0.0;39.0;0.0;0.0;0.0;0.0;0.0;0.0;0.0;0.0;0.0;0.0
Cascavel;GUANACES;-4.15275;-38.314611111111;2002;4;466.0;22.0;18.0;25.0;10.0;13.0;0.0;0.0;9.0;0.0;19.0;0.0;6.0;14.0;0.0;11.0;10.0;0.0;0.0;0.0;22.0;3.0;0.0;0.0;0.0;23.0;111.0;5.0;75.0;9.0;61.0;888.0
Cascavel;GUANACES;-4.15275;-38.314611111111;2002;5;221.0;0.0;50.0;0.0;0.0;0.0;53.0;5.0;5.0;0.0;0.0;0.0;0.0;0.0;0.0;0.0;0.0;0.0;0.0;0.0;0.0;0.0;0.0;0.0;14.0;0.0;45.0;11.0;0.0;0.0;7.0;31.0
Cascavel;GUANACES;-4.15275;-38.314611111111;2002;6;63.0;0.0;0.0;0.0;0.0;0.0;0.0;0.0;24.0;0.0;0.0;0.0;0.0;0.0;0.0;0.0;25.0;0.0;6.0;0.0;8.0;0.0;0.0;0.0;0.0;0.0;0.0;0.0;0.0;0.0;0.0;888.0
Cascavel;GUANACES;-4.15275;-38.314611111111;2002;7;74.0;13.0;0.0;0.0;5.0;0.0;0.0;0.0;0.0;56.0;0.0;0.0;0.0;0.0;0.0;0.0;0.0;0.0;0.0;0.0;0.0;0.0;0.0;0.0;0.0;0.0;0.0;0.0;0.0;0.0;0.0;0.0
Cascavel;GUANACES;-4.15275;-38.314611111111;2002;8;8.0;0.0;8.0;0.0;0.0;0.0;0.0;0.0;0.0;0.0;0.0;0.0;0.0;0.0;0.0;0.0;0.0;0.0;0.0;0.0;0.0;0.0;0.0;0.0;0.0;0.0;0.0;0.0;0.0;0.0;0.0;0.0
Cascavel;GUANACES;-4.15275;-38.314611111111;2002;9;9.0;0.0;0.0;0.0;9.0;0.0;0.0;0.0;0.0;0.0;0.0;0.0;0.0;0.0;0.0;0.0;0.0;0.0;0.0;0.0;0.0;0.0;0.0;0.0;0.0;0.0;0.0;0.0;0.0;0.0;0.0;888.0
Cascavel;GUANACES;-4.15275;-38.314611111111;2002;10;0.0;0.0;0.0;0.0;0.0;0.0;0.0;0.0;0.0;0.0;0.0;0.0;0.0;0.0;0.0;0.0;0.0;0.0;0.0;0.0;0.0;0.0;0.0;0.0;0.0;0.0;0.0;0.0;0.0;0.0;0.0;0.0
Cascavel;GUANACES;-4.15275;-38.314611111111;2002;11;0.0;0.0;0.0;0.0;0.0;0.0;0.0;0.0;0.0;0.0;0.0;0.0;0.0;0.0;0.0;0.0;0.0;0.0;0.0;0.0;0.0;0.0;0.0;0.0;0.0;0.0;0.0;0.0;0.0;0.0;0.0;888.0
Cascavel;GUANACES;-4.15275;-38.314611111111;2002;12;20.0;8.0;12.0;0.0;0.0;0.0;0.0;0.0;0.0;0.0;0.0;0.0;0.0;0.0;0.0;0.0;0.0;0.0;0.0;0.0;0.0;0.0;0.0;0.0;0.0;0.0;0.0;0.0;0.0;0.0;0.0;0.0
Cascavel;GUANACES;-4.15275;-38.314611111111;2003;1;159.0;0.0;0.0;0.0;0.0;0.0;0.0;0.0;0.0;0.0;0.0;0.0;0.0;0.0;0.0;0.0;0.0;0.0;0.0;0.0;32.0;0.0;0.0;0.0;36.0;0.0;26.0;13.0;0.0;0.0;36.0;16.0
Cascavel;GUANACES;-4.15275;-38.314611111111;2003;2;15.0;0.0;0.0;15.0;0.0;0.0;0.0;0.0;0.0;0.0;0.0;999.0;999.0;999.0;999.0;999.0;999.0;999.0;999.0;999.0;999.0;999.0;999.0;999.0;999.0;999.0;999.0;999.0;999.0;888.0;888.0;888.0
Cascavel;GUANACES;-4.15275;-38.314611111111;2003;3;312.0;0.0;15.0;0.0;27.0;0.0;0.0;0.0;0.0;0.0;0.0;10.0;0.0;6.0;0.0;47.0;0.0;10.0;0.0;79.0;35.0;0.0;0.0;24.0;0.0;21.0;0.0;0.0;0.0;38.0;0.0;0.0
Cascavel;GUANACES;-4.15275;-38.314611111111;2003;4;214.0;39.0;0.0;0.0;0.0;0.0;0.0;54.0;0.0;0.0;63.0;0.0;0.0;0.0;0.0;0.0;0.0;0.0;0.0;0.0;0.0;0.0;0.0;0.0;0.0;0.0;58.0;0.0;0.0;0.0;0.0;888.0
Cascavel;GUANACES;-4.15275;-38.314611111111;2003;5;243.0;94.0;0.0;0.0;0.0;72.0;0.0;0.0;0.0;0.0;0.0;0.0;0.0;12.0;0.0;11.0;0.0;0.0;0.0;5.0;0.0;0.0;0.0;0.0;0.0;0.0;0.0;0.0;0.0;11.0;10.0;28.0
Cascavel;GUANACES;-4.15275;-38.314611111111;2003;6;0.0;0.0;999.0;999.0;999.0;999.0;999.0;999.0;999.0;999.0;999.0;999.0;999.0;999.0;999.0;999.0;999.0;999.0;999.0;999.0;999.0;999.0;999.0;999.0;999.0;999.0;999.0;999.0;999.0;999.0;999.0;888.0
Cascavel;GUANACES;-4.15275;-38.314611111111;2003;7;0.0;0.0;999.0;999.0;999.0;999.0;999.0;999.0;999.0;999.0;999.0;999.0;999.0;999.0;999.0;999.0;999.0;999.0;999.0;999.0;999.0;999.0;999.0;999.0;999.0;999.0;999.0;999.0;999.0;999.0;999.0;999.0
Cascavel;GUANACES;-4.15275;-38.314611111111;2003;8;0.0;0.0;999.0;999.0;999.0;999.0;999.0;999.0;999.0;999.0;999.0;999.0;999.0;999.0;999.0;999.0;999.0;999.0;999.0;999.0;999.0;999.0;999.0;999.0;999.0;999.0;999.0;999.0;999.0;999.0;999.0;999.0
Cascavel;GUANACES;-4.15275;-38.314611111111;2003;9;0.0;0.0;999.0;999.0;999.0;999.0;999.0;999.0;999.0;999.0;999.0;999.0;999.0;999.0;999.0;999.0;999.0;999.0;999.0;999.0;999.0;999.0;999.0;999.0;999.0;999.0;999.0;999.0;999.0;999.0;999.0;888.0
Cascavel;GUANACES;-4.15275;-38.314611111111;2003;10;0.0;0.0;999.0;999.0;999.0;999.0;999.0;999.0;999.0;999.0;999.0;999.0;999.0;999.0;999.0;999.0;999.0;999.0;999.0;999.0;999.0;999.0;999.0;999.0;999.0;999.0;999.0;999.0;999.0;999.0;999.0;999.0
Cascavel;GUANACES;-4.15275;-38.314611111111;2003;11;0.0;0.0;999.0;999.0;999.0;999.0;999.0;999.0;999.0;999.0;999.0;999.0;999.0;999.0;999.0;999.0;999.0;999.0;999.0;999.0;999.0;999.0;999.0;999.0;999.0;999.0;999.0;999.0;999.0;999.0;999.0;888.0
Cascavel;GUANACES;-4.15275;-38.314611111111;2003;12;0.0;0.0;999.0;999.0;999.0;999.0;999.0;999.0;999.0;999.0;999.0;999.0;999.0;999.0;999.0;999.0;999.0;999.0;999.0;999.0;999.0;999.0;999.0;999.0;999.0;999.0;999.0;999.0;999.0;999.0;999.0;999.0
Cascavel;GUANACES;-4.15275;-38.314611111111;2004;1;0.0;0.0;999.0;999.0;999.0;999.0;999.0;999.0;999.0;999.0;999.0;999.0;999.0;999.0;999.0;999.0;999.0;999.0;999.0;999.0;999.0;999.0;999.0;999.0;999.0;999.0;999.0;999.0;999.0;999.0;999.0;999.0
Cascavel;GUANACES;-4.15275;-38.314611111111;2004;2;0.0;0.0;999.0;999.0;999.0;999.0;999.0;999.0;999.0;999.0;999.0;999.0;999.0;999.0;999.0;999.0;999.0;999.0;999.0;999.0;999.0;999.0;999.0;999.0;999.0;999.0;999.0;999.0;999.0;999.0;888.0;888.0
Cascavel;GUANACES;-4.15275;-38.314611111111;2004;3;0.0;0.0;999.0;999.0;999.0;999.0;999.0;999.0;999.0;999.0;999.0;999.0;999.0;999.0;999.0;999.0;999.0;999.0;999.0;999.0;999.0;999.0;999.0;999.0;999.0;999.0;999.0;999.0;999.0;999.0;999.0;999.0
Cascavel;GUANACES;-4.15275;-38.314611111111;2004;4;0.0;0.0;999.0;999.0;999.0;999.0;999.0;999.0;999.0;999.0;999.0;999.0;999.0;999.0;999.0;999.0;999.0;999.0;999.0;999.0;999.0;999.0;999.0;999.0;999.0;999.0;999.0;999.0;999.0;999.0;999.0;888.0
Cascavel;GUANACES;-4.15275;-38.314611111111;2004;5;0.0;0.0;999.0;999.0;999.0;999.0;999.0;999.0;999.0;999.0;999.0;999.0;999.0;999.0;999.0;999.0;999.0;999.0;999.0;999.0;999.0;999.0;999.0;999.0;999.0;999.0;999.0;999.0;999.0;999.0;999.0;999.0
Cascavel;GUANACES;-4.15275;-38.314611111111;2004;6;0.0;0.0;999.0;999.0;999.0;999.0;999.0;999.0;999.0;999.0;999.0;999.0;999.0;999.0;999.0;999.0;999.0;999.0;999.0;999.0;999.0;999.0;999.0;999.0;999.0;999.0;999.0;999.0;999.0;999.0;999.0;888.0
Cascavel;GUANACES;-4.15275;-38.314611111111;2004;7;0.0;0.0;999.0;999.0;999.0;999.0;999.0;999.0;999.0;999.0;999.0;999.0;999.0;999.0;999.0;999.0;999.0;999.0;999.0;999.0;999.0;999.0;999.0;999.0;999.0;999.0;999.0;999.0;999.0;999.0;999.0;999.0
Cascavel;GUANACES;-4.15275;-38.314611111111;2004;8;0.0;0.0;999.0;999.0;999.0;999.0;999.0;999.0;999.0;999.0;999.0;999.0;999.0;999.0;999.0;999.0;999.0;999.0;999.0;999.0;999.0;999.0;999.0;999.0;999.0;999.0;999.0;999.0;999.0;999.0;999.0;999.0
Cascavel;GUANACES;-4.15275;-38.314611111111;2004;9;0.0;0.0;999.0;999.0;999.0;999.0;999.0;999.0;999.0;999.0;999.0;999.0;999.0;999.0;999.0;999.0;999.0;999.0;999.0;999.0;999.0;999.0;999.0;999.0;999.0;999.0;999.0;999.0;999.0;999.0;999.0;888.0
Cascavel;GUANACES;-4.15275;-38.314611111111;2004;10;0.0;0.0;999.0;999.0;999.0;999.0;999.0;999.0;999.0;999.0;999.0;999.0;999.0;999.0;999.0;999.0;999.0;999.0;999.0;999.0;999.0;999.0;999.0;999.0;999.0;999.0;999.0;999.0;999.0;999.0;999.0;999.0
Cascavel;GUANACES;-4.15275;-38.314611111111;2004;11;0.0;0.0;999.0;999.0;999.0;999.0;999.0;999.0;999.0;999.0;999.0;999.0;999.0;999.0;999.0;999.0;999.0;999.0;999.0;999.0;999.0;999.0;999.0;999.0;999.0;999.0;999.0;999.0;999.0;999.0;999.0;888.0
Cascavel;GUANACES;-4.15275;-38.314611111111;2004;12;0.0;0.0;999.0;999.0;999.0;999.0;999.0;999.0;999.0;999.0;999.0;999.0;999.0;999.0;999.0;999.0;999.0;999.0;999.0;999.0;999.0;999.0;999.0;999.0;999.0;999.0;999.0;999.0;999.0;999.0;999.0;999.0
Cascavel;GUANACES;-4.15275;-38.314611111111;2005;1;0.0;0.0;999.0;999.0;999.0;999.0;999.0;999.0;999.0;999.0;999.0;999.0;999.0;999.0;999.0;999.0;999.0;999.0;999.0;999.0;999.0;999.0;999.0;999.0;999.0;999.0;999.0;999.0;999.0;999.0;999.0;999.0
Cascavel;GUANACES;-4.15275;-38.314611111111;2005;2;0.0;0.0;0.0;0.0;0.0;0.0;0.0;0.0;0.0;0.0;0.0;0.0;0.0;0.0;0.0;0.0;0.0;0.0;999.0;999.0;999.0;999.0;999.0;999.0;999.0;999.0;999.0;999.0;999.0;888.0;888.0;888.0
Cascavel;GUANACES;-4.15275;-38.314611111111;2005;3;0.0;0.0;999.0;999.0;999.0;999.0;999.0;999.0;999.0;999.0;999.0;999.0;999.0;999.0;999.0;999.0;999.0;999.0;999.0;999.0;999.0;999.0;999.0;999.0;999.0;999.0;999.0;999.0;999.0;999.0;999.0;999.0
Cascavel;GUANACES;-4.15275;-38.314611111111;2006;2;223.6;4.0;0.0;20.3;0.0;0.0;0.0;0.0;0.0;0.0;0.0;0.0;0.0;0.0;30.0;0.0;0.0;153.0;16.3;0.0;0.0;0.0;0.0;0.0;0.0;0.0;0.0;0.0;0.0;888.0;888.0;888.0
Cascavel;GUANACES;-4.15275;-38.314611111111;2006;3;136.0;0.0;0.0;8.0;9.0;0.0;0.0;0.0;0.0;0.0;0.0;0.0;0.0;46.0;10.0;0.0;0.0;0.0;0.0;0.0;0.0;0.0;19.0;0.0;17.0;0.0;0.0;0.0;8.0;0.0;19.0;0.0
Cascavel;GUANACES;-4.15275;-38.314611111111;2006;4;263.0;0.0;0.0;0.0;13.0;10.0;0.0;0.0;0.0;0.0;8.0;8.0;6.0;0.0;0.0;22.0;50.0;0.0;8.0;14.0;6.0;0.0;49.0;0.0;0.0;18.0;0.0;14.0;0.0;0.0;37.0;888.0
Cascavel;GUANACES;-4.15275;-38.314611111111;2006;5;385.0;67.0;0.0;0.0;0.0;115.0;125.0;12.0;40.0;0.0;10.0;0.0;16.0;0.0;0.0;0.0;0.0;0.0;0.0;0.0;0.0;0.0;0.0;0.0;0.0;0.0;0.0;0.0;0.0;0.0;0.0;0.0
Cascavel;GUANACES;-4.15275;-38.314611111111;2006;6;82.0;0.0;0.0;0.0;0.0;0.0;0.0;0.0;7.0;14.0;0.0;25.0;0.0;11.0;0.0;0.0;25.0;0.0;0.0;0.0;0.0;0.0;0.0;0.0;0.0;0.0;0.0;0.0;0.0;0.0;0.0;888.0
Cascavel;GUANACES;-4.15275;-38.314611111111;2006;7;32.0;0.0;0.0;0.0;0.0;0.0;0.0;32.0;0.0;0.0;0.0;0.0;0.0;0.0;0.0;0.0;0.0;0.0;0.0;0.0;0.0;0.0;0.0;0.0;0.0;0.0;0.0;0.0;0.0;0.0;0.0;0.0
Cascavel;GUANACES;-4.15275;-38.314611111111;2006;8;0.0;0.0;0.0;0.0;0.0;0.0;0.0;0.0;0.0;0.0;0.0;0.0;0.0;0.0;0.0;0.0;0.0;0.0;0.0;0.0;0.0;0.0;0.0;0.0;0.0;0.0;0.0;0.0;0.0;0.0;0.0;0.0
Cascavel;GUANACES;-4.15275;-38.314611111111;2006;9;0.0;0.0;0.0;0.0;0.0;0.0;0.0;0.0;0.0;0.0;0.0;0.0;0.0;0.0;0.0;0.0;0.0;0.0;0.0;0.0;0.0;0.0;0.0;0.0;0.0;0.0;0.0;0.0;0.0;0.0;0.0;888.0
Cascavel;GUANACES;-4.15275;-38.314611111111;2006;10;0.0;0.0;0.0;0.0;0.0;0.0;0.0;0.0;0.0;0.0;0.0;0.0;0.0;0.0;0.0;0.0;0.0;0.0;0.0;0.0;0.0;0.0;0.0;0.0;0.0;0.0;0.0;0.0;0.0;0.0;0.0;0.0
Cascavel;GUANACES;-4.15275;-38.314611111111;2006;11;0.0;0.0;0.0;0.0;0.0;0.0;0.0;0.0;0.0;0.0;0.0;0.0;0.0;0.0;0.0;0.0;0.0;0.0;0.0;0.0;0.0;0.0;0.0;0.0;0.0;0.0;0.0;0.0;0.0;0.0;0.0;888.0
Cascavel;GUANACES;-4.15275;-38.314611111111;2006;12;0.0;0.0;0.0;0.0;0.0;0.0;0.0;0.0;0.0;0.0;0.0;0.0;0.0;0.0;0.0;0.0;0.0;0.0;0.0;0.0;0.0;0.0;0.0;0.0;0.0;0.0;0.0;0.0;0.0;0.0;0.0;0.0
Cascavel;GUANACES;-4.15275;-38.314611111111;2007;1;33.0;0.0;0.0;0.0;12.0;16.0;0.0;5.0;0.0;0.0;0.0;0.0;0.0;0.0;0.0;0.0;0.0;0.0;0.0;0.0;0.0;0.0;0.0;0.0;0.0;0.0;0.0;0.0;0.0;0.0;0.0;0.0
Cascavel;GUANACES;-4.15275;-38.314611111111;2007;2;167.0;0.0;0.0;0.0;0.0;25.0;0.0;0.0;0.0;0.0;0.0;0.0;0.0;6.0;6.0;23.0;0.0;0.0;0.0;43.0;0.0;10.0;0.0;54.0;0.0;0.0;0.0;0.0;0.0;888.0;888.0;888.0
Cascavel;GUANACES;-4.15275;-38.314611111111;2007;3;115.0;0.0;0.0;8.0;0.0;13.0;0.0;0.0;0.0;0.0;0.0;16.0;0.0;18.0;24.0;0.0;0.0;14.0;0.0;14.0;0.0;8.0;0.0;0.0;0.0;0.0;0.0;0.0;0.0;0.0;0.0;0.0
Cascavel;GUANACES;-4.15275;-38.314611111111;2007;4;333.0;0.0;0.0;0.0;0.0;0.0;31.0;0.0;0.0;15.0;0.0;0.0;0.0;0.0;0.0;0.0;0.0;0.0;170.0;0.0;0.0;0.0;0.0;0.0;0.0;10.0;5.0;16.0;16.0;0.0;70.0;888.0
Cascavel;GUANACES;-4.15275;-38.314611111111;2007;5;65.0;10.0;55.0;0.0;0.0;0.0;0.0;0.0;0.0;0.0;0.0;0.0;0.0;0.0;0.0;0.0;0.0;0.0;0.0;0.0;0.0;0.0;0.0;0.0;0.0;0.0;0.0;0.0;0.0;0.0;0.0;0.0
Cascavel;GUANACES;-4.15275;-38.314611111111;2007;6;90.0;0.0;0.0;0.0;0.0;90.0;0.0;0.0;0.0;0.0;0.0;0.0;0.0;0.0;0.0;0.0;0.0;0.0;0.0;0.0;0.0;0.0;0.0;0.0;0.0;0.0;0.0;0.0;0.0;0.0;0.0;888.0
Cascavel;GUANACES;-4.15275;-38.314611111111;2007;7;0.0;0.0;0.0;0.0;0.0;0.0;0.0;0.0;0.0;0.0;0.0;0.0;0.0;0.0;0.0;0.0;0.0;0.0;0.0;0.0;0.0;0.0;0.0;0.0;0.0;0.0;0.0;0.0;0.0;0.0;0.0;0.0
Cascavel;GUANACES;-4.15275;-38.314611111111;2007;8;0.0;0.0;0.0;0.0;0.0;0.0;0.0;0.0;0.0;0.0;0.0;0.0;0.0;0.0;0.0;0.0;0.0;0.0;0.0;0.0;0.0;0.0;0.0;0.0;0.0;0.0;0.0;0.0;0.0;0.0;0.0;0.0
Cascavel;GUANACES;-4.15275;-38.314611111111;2007;9;0.0;0.0;0.0;0.0;0.0;0.0;0.0;0.0;0.0;0.0;0.0;0.0;0.0;0.0;0.0;0.0;0.0;0.0;0.0;0.0;0.0;0.0;0.0;0.0;0.0;0.0;0.0;0.0;0.0;0.0;0.0;888.0
Cascavel;GUANACES;-4.15275;-38.314611111111;2007;10;0.0;0.0;0.0;0.0;0.0;0.0;0.0;0.0;0.0;0.0;0.0;0.0;0.0;0.0;0.0;0.0;0.0;0.0;0.0;0.0;0.0;0.0;0.0;0.0;0.0;0.0;0.0;0.0;0.0;0.0;0.0;0.0
Cascavel;GUANACES;-4.15275;-38.314611111111;2007;11;0.0;0.0;0.0;0.0;0.0;0.0;0.0;0.0;0.0;0.0;0.0;0.0;0.0;0.0;0.0;0.0;0.0;0.0;0.0;0.0;0.0;0.0;0.0;0.0;0.0;0.0;0.0;0.0;0.0;0.0;0.0;888.0
Cascavel;GUANACES;-4.15275;-38.314611111111;2007;12;11.0;0.0;0.0;0.0;0.0;0.0;0.0;0.0;0.0;0.0;0.0;0.0;0.0;0.0;0.0;0.0;0.0;0.0;0.0;0.0;0.0;0.0;0.0;0.0;0.0;0.0;0.0;11.0;0.0;0.0;0.0;0.0
Cascavel;GUANACES;-4.15275;-38.314611111111;2008;1;140.0;0.0;0.0;0.0;0.0;0.0;0.0;0.0;0.0;0.0;0.0;0.0;0.0;0.0;75.0;0.0;10.0;0.0;0.0;0.0;0.0;17.0;0.0;24.0;0.0;0.0;0.0;0.0;14.0;0.0;0.0;0.0
Cascavel;GUANACES;-4.15275;-38.314611111111;2008;2;17.0;0.0;0.0;0.0;0.0;0.0;0.0;0.0;0.0;0.0;0.0;0.0;0.0;0.0;0.0;0.0;0.0;0.0;0.0;0.0;0.0;0.0;0.0;0.0;0.0;0.0;0.0;0.0;0.0;17.0;888.0;888.0
Cascavel;GUANACES;-4.15275;-38.314611111111;2008;3;190.0;11.0;0.0;0.0;0.0;26.0;0.0;0.0;13.0;0.0;18.0;35.0;0.0;0.0;0.0;0.0;0.0;0.0;0.0;0.0;0.0;0.0;0.0;0.0;70.0;10.0;0.0;0.0;0.0;0.0;0.0;7.0
Cascavel;GUANACES;-4.15275;-38.314611111111;2008;4;484.0;19.0;0.0;6.0;0.0;15.0;0.0;20.0;26.0;24.0;0.0;21.0;31.0;0.0;35.0;40.0;0.0;15.0;0.0;0.0;0.0;71.0;0.0;10.0;0.0;0.0;0.0;0.0;0.0;125.0;26.0;888.0
Cascavel;GUANACES;-4.15275;-38.314611111111;2008;5;77.0;0.0;0.0;0.0;0.0;0.0;0.0;0.0;0.0;18.0;47.0;0.0;0.0;12.0;0.0;0.0;0.0;0.0;0.0;0.0;0.0;0.0;0.0;0.0;0.0;0.0;0.0;0.0;0.0;0.0;0.0;0.0
Cascavel;GUANACES;-4.15275;-38.314611111111;2008;6;82.0;0.0;0.0;27.0;0.0;0.0;25.0;0.0;0.0;30.0;0.0;0.0;0.0;0.0;0.0;0.0;0.0;0.0;0.0;0.0;0.0;0.0;0.0;0.0;0.0;0.0;0.0;0.0;0.0;0.0;0.0;888.0
Cascavel;GUANACES;-4.15275;-38.314611111111;2008;7;0.0;0.0;0.0;0.0;0.0;0.0;0.0;0.0;0.0;0.0;0.0;0.0;0.0;0.0;0.0;0.0;0.0;0.0;0.0;0.0;0.0;0.0;0.0;0.0;0.0;0.0;0.0;0.0;0.0;0.0;0.0;0.0
Cascavel;GUANACES;-4.15275;-38.314611111111;2008;8;19.0;0.0;0.0;0.0;0.0;0.0;0.0;0.0;0.0;19.0;0.0;0.0;0.0;0.0;0.0;0.0;0.0;0.0;0.0;0.0;0.0;0.0;0.0;0.0;0.0;0.0;0.0;0.0;0.0;0.0;0.0;0.0
Cascavel;GUANACES;-4.15275;-38.314611111111;2008;9;0.0;0.0;0.0;0.0;0.0;0.0;0.0;0.0;0.0;0.0;0.0;0.0;0.0;0.0;0.0;0.0;0.0;0.0;0.0;0.0;0.0;0.0;0.0;0.0;0.0;0.0;0.0;0.0;0.0;0.0;0.0;888.0
Cascavel;GUANACES;-4.15275;-38.314611111111;2008;10;0.0;0.0;0.0;0.0;0.0;0.0;0.0;0.0;0.0;0.0;0.0;0.0;0.0;0.0;0.0;0.0;0.0;0.0;0.0;0.0;0.0;0.0;0.0;0.0;0.0;0.0;0.0;0.0;0.0;0.0;0.0;0.0
Cascavel;GUANACES;-4.15275;-38.314611111111;2008;11;0.0;0.0;0.0;0.0;0.0;0.0;0.0;0.0;0.0;0.0;0.0;0.0;0.0;0.0;0.0;0.0;0.0;0.0;0.0;0.0;0.0;0.0;0.0;0.0;0.0;0.0;0.0;0.0;0.0;0.0;0.0;888.0
Cascavel;GUANACES;-4.15275;-38.314611111111;2008;12;8.0;0.0;0.0;0.0;0.0;0.0;0.0;0.0;0.0;0.0;0.0;0.0;0.0;0.0;8.0;0.0;0.0;0.0;0.0;0.0;0.0;0.0;0.0;0.0;0.0;0.0;0.0;0.0;0.0;0.0;0.0;0.0
Cascavel;GUANACES;-4.15275;-38.314611111111;2009;1;148.0;0.0;0.0;0.0;0.0;0.0;0.0;0.0;0.0;0.0;0.0;0.0;0.0;0.0;8.0;0.0;0.0;0.0;0.0;0.0;8.0;16.0;70.0;0.0;0.0;33.0;0.0;0.0;0.0;13.0;0.0;0.0
Cascavel;GUANACES;-4.15275;-38.314611111111;2009;2;180.0;0.0;8.0;10.0;0.0;0.0;0.0;0.0;0.0;0.0;0.0;0.0;0.0;0.0;0.0;0.0;0.0;0.0;0.0;0.0;0.0;0.0;0.0;70.0;0.0;0.0;10.0;70.0;12.0;888.0;888.0;888.0
Cascavel;GUANACES;-4.15275;-38.314611111111;2009;3;295.0;0.0;26.0;33.0;8.0;0.0;0.0;0.0;0.0;0.0;0.0;27.0;36.0;29.0;0.0;0.0;32.0;0.0;0.0;0.0;0.0;0.0;0.0;35.0;0.0;17.0;12.0;0.0;0.0;0.0;40.0;0.0
Cascavel;GUANACES;-4.15275;-38.314611111111;2009;4;622.0;0.0;40.0;0.0;0.0;0.0;0.0;0.0;0.0;0.0;0.0;53.0;0.0;50.0;0.0;67.0;28.0;34.0;0.0;0.0;68.0;0.0;66.0;0.0;0.0;0.0;0.0;50.0;70.0;0.0;96.0;888.0
Cascavel;GUANACES;-4.15275;-38.314611111111;2009;5;380.0;0.0;0.0;71.0;0.0;0.0;71.0;0.0;46.0;0.0;16.0;0.0;0.0;52.0;0.0;11.0;0.0;0.0;0.0;14.0;0.0;30.0;0.0;20.0;0.0;20.0;19.0;0.0;0.0;0.0;10.0;0.0
Cascavel;GUANACES;-4.15275;-38.314611111111;2009;6;31.0;0.0;16.0;15.0;0.0;0.0;0.0;0.0;0.0;0.0;0.0;0.0;0.0;0.0;0.0;0.0;0.0;0.0;0.0;0.0;0.0;0.0;0.0;0.0;0.0;0.0;0.0;0.0;0.0;0.0;0.0;888.0
Cascavel;GUANACES;-4.15275;-38.314611111111;2009;7;0.0;0.0;0.0;0.0;0.0;0.0;0.0;0.0;0.0;0.0;0.0;0.0;0.0;0.0;0.0;0.0;0.0;0.0;0.0;0.0;0.0;0.0;0.0;0.0;0.0;0.0;0.0;0.0;0.0;0.0;0.0;0.0
Cascavel;GUANACES;-4.15275;-38.314611111111;2009;8;0.0;0.0;0.0;0.0;0.0;0.0;0.0;0.0;0.0;0.0;0.0;0.0;0.0;0.0;0.0;0.0;0.0;0.0;0.0;0.0;0.0;0.0;0.0;0.0;0.0;0.0;0.0;0.0;0.0;0.0;0.0;0.0
Cascavel;GUANACES;-4.15275;-38.314611111111;2009;9;0.0;0.0;0.0;0.0;0.0;0.0;0.0;0.0;0.0;0.0;0.0;0.0;0.0;0.0;0.0;0.0;0.0;0.0;0.0;0.0;0.0;0.0;0.0;0.0;0.0;0.0;0.0;0.0;0.0;0.0;0.0;888.0
Cascavel;GUANACES;-4.15275;-38.314611111111;2009;10;0.0;0.0;0.0;0.0;0.0;0.0;0.0;0.0;0.0;0.0;0.0;0.0;0.0;0.0;0.0;0.0;0.0;0.0;0.0;0.0;0.0;0.0;0.0;0.0;0.0;0.0;0.0;0.0;0.0;0.0;0.0;0.0
Cascavel;GUANACES;-4.15275;-38.314611111111;2009;11;0.0;0.0;0.0;0.0;0.0;0.0;0.0;0.0;0.0;0.0;0.0;999.0;0.0;0.0;0.0;0.0;0.0;0.0;0.0;0.0;0.0;0.0;0.0;0.0;0.0;0.0;0.0;0.0;0.0;0.0;0.0;888.0
Cascavel;GUANACES;-4.15275;-38.314611111111;2009;12;0.0;0.0;0.0;0.0;0.0;0.0;0.0;0.0;0.0;0.0;0.0;0.0;0.0;0.0;0.0;0.0;0.0;0.0;0.0;0.0;0.0;0.0;0.0;0.0;0.0;0.0;0.0;0.0;0.0;0.0;0.0;0.0
Cascavel;GUANACES;-4.15275;-38.314611111111;2010;1;80.0;10.0;15.0;0.0;55.0;0.0;0.0;0.0;0.0;0.0;0.0;0.0;0.0;0.0;0.0;0.0;0.0;0.0;0.0;0.0;0.0;0.0;0.0;0.0;0.0;0.0;0.0;0.0;0.0;0.0;0.0;0.0
Cascavel;GUANACES;-4.15275;-38.314611111111;2010;2;0.0;0.0;0.0;0.0;0.0;0.0;0.0;0.0;0.0;0.0;0.0;0.0;0.0;0.0;0.0;0.0;0.0;0.0;0.0;0.0;0.0;0.0;0.0;0.0;0.0;0.0;0.0;0.0;0.0;888.0;888.0;888.0
Cascavel;GUANACES;-4.15275;-38.314611111111;2010;3;77.0;0.0;0.0;0.0;0.0;0.0;0.0;0.0;0.0;0.0;0.0;0.0;0.0;0.0;0.0;12.0;0.0;0.0;0.0;0.0;0.0;0.0;59.0;6.0;999.0;999.0;999.0;999.0;999.0;999.0;999.0;999.0
Cascavel;GUANACES;-4.15275;-38.314611111111;2012;3;0.0;0.0;999.0;999.0;999.0;999.0;999.0;999.0;999.0;999.0;999.0;999.0;999.0;999.0;999.0;999.0;999.0;999.0;999.0;999.0;999.0;999.0;999.0;999.0;999.0;999.0;999.0;999.0;999.0;999.0;999.0;999.0
Cascavel;GUANACES;-4.15275;-38.314611111111;2014;1;62.0;0.0;0.0;14.0;0.0;0.0;0.0;0.0;0.0;0.0;0.0;0.0;20.0;0.0;12.0;0.0;5.0;0.0;0.0;0.0;0.0;0.0;0.0;0.0;0.0;0.0;0.0;0.0;0.0;0.0;5.0;6.0
Cascavel;GUANACES;-4.15275;-38.314611111111;2014;2;27.0;0.0;0.0;0.0;0.0;0.0;0.0;0.0;0.0;0.0;0.0;0.0;21.0;0.0;0.0;0.0;0.0;6.0;0.0;0.0;0.0;0.0;0.0;0.0;0.0;0.0;0.0;0.0;0.0;888.0;888.0;888.0
Cascavel;GUANACES;-4.15275;-38.314611111111;2014;3;181.0;0.0;0.0;13.0;0.0;0.0;0.0;0.0;0.0;0.0;48.0;0.0;0.0;0.0;0.0;0.0;0.0;0.0;0.0;53.0;0.0;0.0;0.0;0.0;0.0;0.0;0.0;0.0;28.0;0.0;0.0;39.0
Cascavel;GUANACES;-4.15275;-38.314611111111;2014;4;71.0;23.0;0.0;0.0;0.0;12.0;0.0;0.0;7.0;0.0;0.0;0.0;20.0;0.0;0.0;9.0;0.0;0.0;0.0;0.0;0.0;0.0;0.0;0.0;0.0;0.0;0.0;0.0;0.0;0.0;0.0;888.0
Cascavel;GUANACES;-4.15275;-38.314611111111;2014;5;92.0;0.0;0.0;0.0;0.0;14.0;0.0;0.0;0.0;0.0;16.0;0.0;0.0;0.0;0.0;0.0;0.0;0.0;0.0;0.0;0.0;40.0;0.0;0.0;0.0;0.0;0.0;0.0;6.0;16.0;0.0;0.0
Cascavel;GUANACES;-4.15275;-38.314611111111;2014;6;13.0;0.0;0.0;0.0;0.0;0.0;13.0;0.0;0.0;0.0;0.0;0.0;0.0;0.0;0.0;0.0;0.0;0.0;0.0;0.0;0.0;0.0;0.0;0.0;0.0;0.0;0.0;0.0;0.0;0.0;0.0;888.0
Cascavel;GUANACES;-4.15275;-38.314611111111;2014;7;0.0;0.0;0.0;0.0;0.0;0.0;0.0;0.0;0.0;0.0;0.0;0.0;0.0;0.0;0.0;0.0;0.0;0.0;0.0;0.0;0.0;0.0;0.0;0.0;0.0;0.0;0.0;0.0;0.0;0.0;0.0;0.0
Cascavel;GUANACES;-4.15275;-38.314611111111;2014;8;0.0;0.0;0.0;0.0;0.0;0.0;0.0;0.0;0.0;0.0;0.0;0.0;0.0;0.0;0.0;0.0;0.0;0.0;0.0;0.0;0.0;0.0;0.0;0.0;0.0;0.0;0.0;0.0;0.0;0.0;0.0;0.0
Cascavel;GUANACES;-4.15275;-38.314611111111;2014;9;0.0;0.0;0.0;0.0;0.0;0.0;0.0;0.0;0.0;0.0;0.0;0.0;0.0;0.0;0.0;0.0;0.0;0.0;0.0;0.0;0.0;0.0;0.0;0.0;0.0;0.0;0.0;0.0;0.0;0.0;0.0;888.0
Cascavel;GUANACES;-4.15275;-38.314611111111;2014;10;0.0;0.0;0.0;0.0;0.0;0.0;0.0;0.0;0.0;0.0;0.0;0.0;0.0;0.0;0.0;0.0;0.0;0.0;0.0;0.0;0.0;0.0;0.0;0.0;0.0;0.0;0.0;0.0;0.0;0.0;0.0;0.0
Cascavel;GUANACES;-4.15275;-38.314611111111;2014;11;0.0;0.0;0.0;0.0;0.0;0.0;0.0;0.0;0.0;0.0;0.0;0.0;0.0;0.0;0.0;0.0;0.0;0.0;0.0;0.0;0.0;0.0;0.0;0.0;0.0;0.0;0.0;0.0;0.0;0.0;0.0;888.0
Cascavel;GUANACES;-4.15275;-38.314611111111;2014;12;0.0;0.0;0.0;0.0;0.0;0.0;0.0;0.0;0.0;0.0;0.0;0.0;0.0;0.0;0.0;0.0;0.0;0.0;0.0;0.0;0.0;0.0;0.0;0.0;0.0;0.0;0.0;0.0;0.0;0.0;0.0;0.0
Cascavel;GUANACES;-4.15275;-38.314611111111;2015;1;108.0;0.0;0.0;42.0;55.0;0.0;0.0;0.0;0.0;0.0;0.0;0.0;0.0;0.0;0.0;0.0;0.0;0.0;0.0;0.0;0.0;0.0;0.0;0.0;0.0;0.0;0.0;0.0;11.0;0.0;0.0;0.0
Cascavel;GUANACES;-4.15275;-38.314611111111;2015;2;192.0;0.0;0.0;6.0;0.0;0.0;0.0;0.0;0.0;0.0;0.0;0.0;0.0;0.0;0.0;0.0;0.0;0.0;0.0;0.0;0.0;0.0;0.0;47.0;0.0;88.0;0.0;19.0;32.0;888.0;888.0;888.0
Cascavel;GUANACES;-4.15275;-38.314611111111;2015;3;246.0;0.0;11.0;0.0;0.0;7.0;3.0;0.0;0.0;58.0;16.0;0.0;0.0;0.0;0.0;0.0;0.0;0.0;0.0;0.0;0.0;0.0;0.0;92.0;0.0;14.0;0.0;12.0;0.0;0.0;20.0;13.0
Cascavel;GUANACES;-4.15275;-38.314611111111;2015;4;42.0;0.0;32.0;0.0;10.0;0.0;0.0;0.0;0.0;0.0;0.0;0.0;0.0;0.0;0.0;0.0;0.0;0.0;0.0;0.0;0.0;0.0;0.0;0.0;0.0;0.0;0.0;0.0;0.0;0.0;0.0;888.0
Cascavel;GUANACES;-4.15275;-38.314611111111;2015;5;0.0;0.0;0.0;0.0;0.0;0.0;0.0;0.0;0.0;0.0;0.0;0.0;0.0;0.0;0.0;0.0;0.0;0.0;0.0;0.0;0.0;0.0;0.0;0.0;0.0;0.0;0.0;0.0;0.0;0.0;0.0;0.0
Cascavel;GUANACES;-4.15275;-38.314611111111;2015;6;0.0;0.0;0.0;0.0;0.0;0.0;0.0;0.0;0.0;0.0;0.0;0.0;0.0;0.0;0.0;0.0;0.0;0.0;0.0;0.0;0.0;0.0;0.0;0.0;0.0;0.0;0.0;0.0;0.0;0.0;0.0;888.0
Cascavel;GUANACES;-4.15275;-38.314611111111;2015;7;0.0;0.0;0.0;0.0;0.0;0.0;0.0;0.0;0.0;0.0;0.0;0.0;0.0;0.0;0.0;0.0;0.0;0.0;0.0;0.0;0.0;0.0;0.0;0.0;0.0;0.0;0.0;0.0;0.0;0.0;0.0;0.0
Cascavel;GUANACES;-4.15275;-38.314611111111;2015;8;0.0;0.0;0.0;0.0;0.0;0.0;0.0;0.0;0.0;0.0;0.0;0.0;0.0;0.0;0.0;0.0;0.0;0.0;0.0;0.0;0.0;0.0;0.0;0.0;0.0;0.0;0.0;0.0;0.0;0.0;0.0;0.0
Cascavel;GUANACES;-4.15275;-38.314611111111;2015;9;0.0;0.0;0.0;0.0;0.0;0.0;0.0;0.0;0.0;0.0;0.0;0.0;0.0;0.0;0.0;0.0;0.0;0.0;0.0;0.0;0.0;0.0;0.0;0.0;0.0;0.0;0.0;0.0;0.0;0.0;0.0;888.0
Cascavel;GUANACES;-4.15275;-38.314611111111;2015;10;0.0;0.0;0.0;0.0;0.0;0.0;0.0;0.0;0.0;0.0;0.0;0.0;0.0;0.0;0.0;0.0;0.0;0.0;0.0;0.0;0.0;0.0;0.0;0.0;0.0;0.0;0.0;0.0;0.0;0.0;0.0;0.0
Cascavel;GUANACES;-4.15275;-38.314611111111;2015;11;0.0;0.0;0.0;0.0;0.0;0.0;0.0;0.0;0.0;0.0;0.0;0.0;0.0;0.0;0.0;0.0;0.0;0.0;0.0;0.0;0.0;0.0;0.0;0.0;0.0;0.0;0.0;0.0;0.0;0.0;0.0;888.0
Cascavel;GUANACES;-4.15275;-38.314611111111;2015;12;0.0;0.0;0.0;0.0;0.0;0.0;0.0;0.0;0.0;0.0;0.0;0.0;0.0;0.0;0.0;0.0;0.0;0.0;0.0;0.0;0.0;0.0;0.0;0.0;0.0;0.0;0.0;0.0;0.0;0.0;0.0;0.0
Cascavel;GUANACES;-4.15275;-38.314611111111;2016;1;169.0;0.0;0.0;0.0;0.0;0.0;0.0;0.0;14.0;15.0;0.0;0.0;0.0;0.0;0.0;0.0;0.0;0.0;0.0;7.0;0.0;24.0;0.0;9.0;40.0;60.0;0.0;0.0;0.0;0.0;0.0;0.0
Cascavel;GUANACES;-4.15275;-38.314611111111;2016;2;81.0;36.0;0.0;13.0;0.0;0.0;0.0;0.0;0.0;0.0;0.0;0.0;0.0;0.0;0.0;0.0;0.0;0.0;0.0;0.0;20.0;0.0;12.0;0.0;0.0;0.0;0.0;0.0;0.0;0.0;888.0;888.0
Cascavel;GUANACES;-4.15275;-38.314611111111;2016;3;134.0;0.0;0.0;0.0;23.0;0.0;0.0;0.0;0.0;0.0;0.0;0.0;0.0;0.0;17.0;7.0;0.0;0.0;0.0;0.0;0.0;0.0;0.0;0.0;0.0;0.0;0.0;19.0;0.0;9.0;25.0;34.0
Cascavel;GUANACES;-4.15275;-38.314611111111;2016;4;210.0;16.0;55.0;33.0;7.0;18.0;7.0;4.0;0.0;0.0;0.0;35.0;0.0;0.0;0.0;0.0;18.0;0.0;0.0;0.0;0.0;0.0;0.0;17.0;0.0;0.0;0.0;0.0;0.0;0.0;0.0;888.0
Cascavel;GUANACES;-4.15275;-38.314611111111;2016;5;28.0;0.0;0.0;18.0;0.0;0.0;0.0;0.0;0.0;0.0;0.0;0.0;0.0;0.0;0.0;0.0;0.0;0.0;0.0;0.0;0.0;0.0;0.0;0.0;0.0;0.0;0.0;0.0;0.0;0.0;0.0;10.0
Cascavel;GUANACES;-4.15275;-38.314611111111;2016;6;50.0;0.0;0.0;0.0;0.0;0.0;29.0;12.0;0.0;0.0;9.0;0.0;0.0;0.0;0.0;0.0;0.0;0.0;0.0;0.0;0.0;0.0;0.0;0.0;0.0;0.0;0.0;0.0;0.0;0.0;0.0;888.0
Cascavel;GUANACES;-4.15275;-38.314611111111;2016;7;0.0;0.0;0.0;0.0;0.0;0.0;0.0;0.0;0.0;0.0;0.0;0.0;0.0;0.0;0.0;0.0;0.0;0.0;0.0;0.0;0.0;0.0;0.0;0.0;0.0;0.0;0.0;0.0;0.0;0.0;0.0;0.0
Cascavel;GUANACES;-4.15275;-38.314611111111;2016;8;0.0;0.0;0.0;0.0;0.0;0.0;0.0;0.0;0.0;0.0;0.0;0.0;0.0;0.0;0.0;0.0;0.0;0.0;0.0;0.0;0.0;0.0;0.0;0.0;0.0;0.0;0.0;0.0;0.0;0.0;0.0;0.0
Cascavel;GUANACES;-4.15275;-38.314611111111;2016;9;0.0;0.0;0.0;0.0;0.0;0.0;0.0;0.0;0.0;0.0;0.0;0.0;0.0;0.0;0.0;0.0;0.0;0.0;0.0;0.0;0.0;0.0;0.0;0.0;0.0;0.0;0.0;0.0;0.0;0.0;0.0;888.0
Cascavel;GUANACES;-4.15275;-38.314611111111;2016;10;0.0;0.0;0.0;0.0;0.0;0.0;0.0;0.0;0.0;0.0;0.0;0.0;0.0;0.0;0.0;0.0;0.0;0.0;0.0;0.0;0.0;0.0;0.0;0.0;0.0;0.0;0.0;0.0;0.0;0.0;0.0;0.0
Cascavel;GUANACES;-4.15275;-38.314611111111;2016;11;0.0;0.0;0.0;0.0;0.0;0.0;0.0;0.0;0.0;0.0;0.0;0.0;0.0;0.0;0.0;0.0;0.0;0.0;0.0;0.0;0.0;0.0;0.0;0.0;0.0;0.0;0.0;0.0;0.0;0.0;0.0;888.0
Cascavel;GUANACES;-4.15275;-38.314611111111;2016;12;0.0;0.0;0.0;0.0;0.0;0.0;0.0;0.0;0.0;0.0;0.0;0.0;0.0;0.0;0.0;0.0;0.0;0.0;0.0;0.0;0.0;0.0;0.0;0.0;0.0;0.0;0.0;0.0;0.0;0.0;0.0;0.0
Cascavel;GUANACES;-4.15275;-38.314611111111;2017;1;72.0;0.0;0.0;0.0;0.0;0.0;0.0;0.0;0.0;0.0;19.0;0.0;0.0;0.0;0.0;0.0;0.0;0.0;0.0;0.0;53.0;0.0;0.0;0.0;0.0;0.0;0.0;0.0;0.0;0.0;0.0;0.0
Cascavel;GUANACES;-4.15275;-38.314611111111;2017;2;206.0;0.0;0.0;0.0;0.0;0.0;0.0;0.0;0.0;0.0;0.0;106.0;0.0;0.0;0.0;0.0;0.0;5.0;30.0;0.0;19.0;0.0;0.0;0.0;0.0;0.0;30.0;16.0;0.0;888.0;888.0;888.0
Cascavel;GUANACES;-4.15275;-38.314611111111;2017;3;442.0;13.0;27.0;118.0;14.0;5.0;0.0;0.0;15.0;15.0;10.0;0.0;9.0;0.0;13.0;0.0;0.0;7.0;0.0;0.0;35.0;0.0;30.0;24.0;51.0;0.0;0.0;14.0;16.0;0.0;26.0;0.0
Cascavel;GUANACES;-4.15275;-38.314611111111;2017;4;134.0;39.0;7.0;0.0;0.0;19.0;0.0;0.0;0.0;0.0;0.0;26.0;16.0;16.0;0.0;0.0;0.0;0.0;0.0;0.0;0.0;0.0;11.0;0.0;0.0;0.0;0.0;0.0;0.0;0.0;0.0;888.0
Cascavel;GUANACES;-4.15275;-38.314611111111;2017;5;72.0;0.0;0.0;0.0;0.0;0.0;0.0;0.0;0.0;24.0;0.0;0.0;0.0;0.0;0.0;0.0;0.0;0.0;0.0;0.0;0.0;0.0;0.0;0.0;0.0;0.0;0.0;0.0;20.0;28.0;0.0;0.0
Cascavel;GUANACES;-4.15275;-38.314611111111;2017;6;40.0;0.0;0.0;0.0;0.0;0.0;0.0;0.0;0.0;0.0;0.0;18.0;0.0;0.0;0.0;0.0;22.0;0.0;0.0;0.0;0.0;0.0;0.0;0.0;0.0;0.0;0.0;0.0;0.0;0.0;0.0;888.0
Cascavel;GUANACES;-4.15275;-38.314611111111;2017;7;33.0;14.0;19.0;0.0;0.0;0.0;0.0;0.0;0.0;0.0;0.0;0.0;0.0;0.0;0.0;0.0;0.0;0.0;0.0;0.0;0.0;0.0;0.0;0.0;0.0;0.0;0.0;0.0;0.0;0.0;0.0;0.0
Cascavel;GUANACES;-4.15275;-38.314611111111;2017;8;0.0;0.0;0.0;0.0;0.0;0.0;0.0;0.0;0.0;0.0;0.0;0.0;0.0;0.0;0.0;0.0;0.0;0.0;0.0;0.0;0.0;0.0;0.0;0.0;0.0;0.0;0.0;0.0;0.0;0.0;0.0;0.0
Cascavel;GUANACES;-4.15275;-38.314611111111;2017;9;0.0;0.0;0.0;0.0;0.0;0.0;0.0;0.0;0.0;0.0;0.0;0.0;0.0;0.0;0.0;0.0;0.0;0.0;0.0;0.0;0.0;0.0;0.0;0.0;0.0;0.0;0.0;0.0;0.0;0.0;0.0;888.0
Cascavel;GUANACES;-4.15275;-38.314611111111;2017;10;0.0;0.0;0.0;0.0;0.0;0.0;0.0;0.0;0.0;0.0;0.0;0.0;0.0;0.0;0.0;0.0;0.0;0.0;0.0;0.0;0.0;0.0;0.0;0.0;0.0;0.0;0.0;0.0;0.0;0.0;0.0;0.0
Cascavel;GUANACES;-4.15275;-38.314611111111;2017;11;0.0;0.0;0.0;0.0;0.0;0.0;0.0;0.0;0.0;0.0;0.0;0.0;0.0;0.0;0.0;0.0;0.0;0.0;0.0;0.0;0.0;0.0;0.0;0.0;0.0;0.0;0.0;0.0;0.0;0.0;0.0;888.0
Cascavel;GUANACES;-4.15275;-38.314611111111;2017;12;0.0;0.0;0.0;0.0;0.0;0.0;0.0;0.0;0.0;0.0;0.0;0.0;0.0;0.0;0.0;0.0;0.0;0.0;0.0;0.0;0.0;0.0;0.0;0.0;0.0;0.0;0.0;0.0;0.0;0.0;0.0;0.0
Cascavel;GUANACES;-4.15275;-38.314611111111;2018;1;42.0;0.0;0.0;0.0;0.0;0.0;0.0;0.0;0.0;11.0;0.0;6.0;0.0;0.0;0.0;0.0;0.0;0.0;0.0;0.0;0.0;0.0;0.0;0.0;25.0;0.0;0.0;0.0;0.0;0.0;0.0;0.0
Cascavel;GUANACES;-4.15275;-38.314611111111;2018;2;258.0;0.0;0.0;0.0;0.0;0.0;0.0;0.0;8.0;0.0;0.0;0.0;69.0;0.0;0.0;37.0;0.0;17.0;0.0;15.0;0.0;11.0;5.0;4.0;30.0;62.0;0.0;0.0;0.0;888.0;888.0;888.0
Cascavel;GUANACES;-4.15275;-38.314611111111;2018;3;105.0;19.0;12.0;0.0;0.0;0.0;0.0;0.0;0.0;0.0;0.0;0.0;0.0;0.0;0.0;0.0;0.0;0.0;0.0;0.0;0.0;0.0;22.0;0.0;0.0;0.0;12.0;0.0;31.0;9.0;0.0;0.0
Cascavel;GUANACES;-4.15275;-38.314611111111;2018;4;141.0;0.0;42.0;0.0;0.0;0.0;26.0;0.0;36.0;0.0;0.0;0.0;31.0;6.0;0.0;0.0;0.0;0.0;0.0;0.0;0.0;0.0;0.0;0.0;0.0;0.0;0.0;0.0;0.0;0.0;0.0;888.0
Cascavel;GUANACES;-4.15275;-38.314611111111;2018;5;0.0;0.0;0.0;0.0;0.0;0.0;0.0;0.0;0.0;0.0;0.0;0.0;0.0;0.0;0.0;0.0;0.0;0.0;0.0;0.0;0.0;0.0;0.0;0.0;0.0;0.0;0.0;0.0;0.0;0.0;0.0;0.0
Cascavel;GUANACES;-4.15275;-38.314611111111;2018;6;44.0;0.0;0.0;0.0;0.0;0.0;0.0;0.0;6.0;0.0;0.0;0.0;0.0;0.0;0.0;0.0;0.0;0.0;38.0;0.0;0.0;0.0;0.0;0.0;0.0;0.0;0.0;0.0;0.0;0.0;0.0;888.0
Cascavel;GUANACES;-4.15275;-38.314611111111;2018;7;0.0;0.0;0.0;0.0;0.0;0.0;0.0;0.0;0.0;0.0;0.0;0.0;0.0;0.0;0.0;0.0;0.0;0.0;0.0;0.0;0.0;0.0;0.0;0.0;0.0;0.0;0.0;0.0;0.0;0.0;0.0;0.0
Cascavel;GUANACES;-4.15275;-38.314611111111;2018;8;0.0;0.0;0.0;0.0;0.0;0.0;0.0;0.0;0.0;0.0;0.0;0.0;0.0;0.0;0.0;0.0;0.0;0.0;0.0;0.0;0.0;0.0;0.0;0.0;0.0;0.0;0.0;0.0;0.0;0.0;0.0;0.0
Cascavel;GUANACES;-4.15275;-38.314611111111;2018;9;0.0;0.0;0.0;0.0;0.0;0.0;0.0;0.0;0.0;0.0;0.0;0.0;0.0;0.0;0.0;0.0;0.0;0.0;0.0;0.0;0.0;0.0;0.0;0.0;0.0;0.0;0.0;0.0;0.0;0.0;0.0;888.0
Cascavel;GUANACES;-4.15275;-38.314611111111;2018;10;0.0;0.0;0.0;0.0;0.0;0.0;0.0;0.0;0.0;0.0;0.0;0.0;0.0;0.0;0.0;0.0;0.0;0.0;0.0;0.0;0.0;0.0;0.0;0.0;0.0;0.0;0.0;0.0;0.0;0.0;0.0;0.0
Cascavel;GUANACES;-4.15275;-38.314611111111;2018;11;0.0;0.0;0.0;0.0;0.0;0.0;0.0;0.0;0.0;0.0;0.0;0.0;0.0;0.0;0.0;0.0;0.0;0.0;0.0;0.0;0.0;0.0;0.0;0.0;0.0;0.0;0.0;0.0;0.0;0.0;0.0;888.0
Cascavel;GUANACES;-4.15275;-38.314611111111;2018;12;33.0;0.0;0.0;0.0;0.0;0.0;0.0;0.0;0.0;0.0;0.0;0.0;0.0;0.0;0.0;0.0;0.0;0.0;0.0;0.0;0.0;0.0;0.0;20.0;13.0;0.0;0.0;0.0;0.0;0.0;0.0;0.0
Cascavel;GUANACES;-4.15275;-38.314611111111;2019;1;184.0;0.0;0.0;0.0;0.0;0.0;0.0;0.0;4.0;0.0;0.0;0.0;22.0;0.0;0.0;38.0;48.0;0.0;10.0;21.0;32.0;0.0;0.0;0.0;0.0;0.0;9.0;0.0;0.0;0.0;0.0;0.0
Cascavel;GUANACES;-4.15275;-38.314611111111;2019;2;316.0;16.0;0.0;0.0;4.0;0.0;20.0;7.0;11.0;0.0;0.0;0.0;0.0;0.0;12.0;0.0;0.0;0.0;60.0;0.0;0.0;48.0;6.0;51.0;60.0;0.0;0.0;21.0;0.0;888.0;888.0;888.0
Cascavel;GUANACES;-4.15275;-38.314611111111;2019;3;414.0;0.0;12.0;20.0;16.0;0.0;13.0;6.0;35.0;20.0;11.0;0.0;0.0;52.0;23.0;0.0;58.0;7.0;0.0;20.0;0.0;0.0;38.0;0.0;0.0;25.0;0.0;0.0;0.0;38.0;0.0;20.0
Cascavel;GUANACES;-4.15275;-38.314611111111;2019;4;362.0;0.0;37.0;0.0;56.0;23.0;26.0;0.0;0.0;0.0;0.0;0.0;0.0;27.0;0.0;26.0;0.0;0.0;0.0;0.0;57.0;0.0;0.0;9.0;0.0;47.0;0.0;15.0;39.0;0.0;0.0;888.0
Cascavel;GUANACES;-4.15275;-38.314611111111;2019;5;212.0;34.0;23.0;0.0;0.0;0.0;0.0;0.0;22.0;9.0;0.0;0.0;0.0;0.0;0.0;0.0;0.0;4.0;0.0;0.0;32.0;0.0;68.0;0.0;0.0;0.0;0.0;0.0;11.0;0.0;9.0;0.0
Cascavel;GUANACES;-4.15275;-38.314611111111;2019;6;32.0;0.0;0.0;0.0;0.0;0.0;0.0;0.0;0.0;0.0;0.0;0.0;14.0;6.0;5.0;0.0;0.0;0.0;7.0;0.0;0.0;0.0;0.0;0.0;0.0;0.0;0.0;0.0;0.0;0.0;0.0;888.0
Cascavel;GUANACES;-4.15275;-38.314611111111;2019;7;0.0;0.0;0.0;0.0;0.0;0.0;0.0;0.0;0.0;0.0;0.0;0.0;0.0;0.0;0.0;0.0;0.0;0.0;0.0;0.0;0.0;0.0;0.0;0.0;0.0;0.0;0.0;0.0;0.0;0.0;0.0;0.0
Cascavel;GUANACES;-4.15275;-38.314611111111;2019;8;0.0;0.0;0.0;0.0;0.0;0.0;0.0;0.0;0.0;0.0;0.0;0.0;0.0;0.0;0.0;0.0;0.0;0.0;0.0;0.0;0.0;0.0;0.0;0.0;0.0;0.0;0.0;0.0;0.0;0.0;0.0;0.0
Cascavel;GUANACES;-4.15275;-38.314611111111;2019;9;0.0;0.0;0.0;0.0;0.0;0.0;0.0;0.0;0.0;0.0;0.0;0.0;0.0;0.0;0.0;0.0;0.0;0.0;0.0;0.0;0.0;0.0;0.0;0.0;0.0;0.0;0.0;0.0;0.0;0.0;0.0;888.0
Cascavel;GUANACES;-4.15275;-38.314611111111;2019;10;0.0;0.0;0.0;0.0;0.0;0.0;0.0;0.0;0.0;0.0;0.0;0.0;0.0;0.0;0.0;0.0;0.0;0.0;0.0;0.0;0.0;0.0;0.0;0.0;0.0;0.0;0.0;0.0;0.0;0.0;0.0;0.0
Cascavel;GUANACES;-4.15275;-38.314611111111;2019;11;0.0;0.0;0.0;0.0;0.0;0.0;0.0;0.0;0.0;0.0;0.0;0.0;0.0;0.0;0.0;0.0;0.0;0.0;0.0;0.0;0.0;0.0;0.0;0.0;0.0;0.0;0.0;0.0;0.0;0.0;0.0;888.0
Cascavel;GUANACES;-4.15275;-38.314611111111;2019;12;44.0;0.0;0.0;0.0;0.0;0.0;0.0;0.0;0.0;0.0;0.0;0.0;0.0;0.0;0.0;0.0;0.0;0.0;0.0;0.0;0.0;0.0;0.0;0.0;0.0;0.0;0.0;0.0;0.0;0.0;0.0;44.0
Cascavel;GUANACES;-4.15275;-38.314611111111;2020;1;195.0;0.0;20.0;0.0;0.0;0.0;0.0;0.0;0.0;7.0;61.0;0.0;0.0;0.0;0.0;4.0;8.0;40.0;0.0;0.0;0.0;0.0;0.0;0.0;0.0;0.0;9.0;4.0;0.0;0.0;0.0;42.0
Cascavel;GUANACES;-4.15275;-38.314611111111;2020;2;365.0;0.0;0.0;29.0;15.0;96.0;42.0;0.0;0.0;0.0;0.0;0.0;0.0;0.0;9.0;11.0;0.0;0.0;12.0;42.0;48.0;0.0;18.0;14.0;0.0;19.0;10.0;0.0;0.0;0.0;888.0;888.0
Cascavel;GUANACES;-4.15275;-38.314611111111;2020;3;250.0;0.0;53.0;0.0;5.0;0.0;0.0;0.0;0.0;23.0;0.0;0.0;14.0;52.0;6.0;29.0;17.0;0.0;0.0;0.0;0.0;0.0;0.0;0.0;0.0;25.0;24.0;2.0;0.0;0.0;0.0;0.0
Cascavel;GUANACES;-4.15275;-38.314611111111;2020;4;214.0;23.0;5.0;0.0;0.0;0.0;27.0;0.0;0.0;0.0;0.0;8.0;3.0;4.0;0.0;0.0;0.0;0.0;20.0;8.0;0.0;0.0;30.0;15.0;18.0;21.0;7.0;12.0;8.0;5.0;0.0;888.0
Cascavel;GUANACES;-4.15275;-38.314611111111;2020;5;156.0;0.0;0.0;0.0;0.0;0.0;0.0;0.0;0.0;0.0;0.0;0.0;0.0;0.0;0.0;27.0;43.0;9.0;0.0;15.0;0.0;6.0;15.0;6.0;9.0;0.0;0.0;0.0;0.0;12.0;0.0;14.0
Cascavel;GUANACES;-4.15275;-38.314611111111;2020;6;127.0;0.0;4.0;0.0;0.0;0.0;0.0;82.0;0.0;0.0;34.0;0.0;7.0;0.0;0.0;0.0;0.0;0.0;0.0;0.0;0.0;0.0;0.0;0.0;0.0;0.0;0.0;0.0;0.0;0.0;0.0;888.0
Cascavel;GUANACES;-4.15275;-38.314611111111;2020;7;44.0;0.0;0.0;0.0;0.0;0.0;19.0;7.0;0.0;0.0;0.0;0.0;0.0;5.0;0.0;0.0;0.0;0.0;0.0;0.0;0.0;7.0;6.0;0.0;0.0;0.0;0.0;0.0;0.0;0.0;0.0;0.0
Cascavel;GUANACES;-4.15275;-38.314611111111;2020;8;0.0;0.0;0.0;0.0;0.0;0.0;0.0;0.0;0.0;0.0;0.0;0.0;0.0;0.0;0.0;0.0;0.0;0.0;0.0;0.0;0.0;0.0;0.0;0.0;0.0;0.0;0.0;0.0;0.0;0.0;0.0;0.0
Cascavel;GUANACES;-4.15275;-38.314611111111;2020;9;0.0;0.0;0.0;0.0;0.0;0.0;0.0;0.0;0.0;0.0;0.0;0.0;0.0;0.0;0.0;0.0;0.0;0.0;0.0;0.0;0.0;0.0;0.0;0.0;0.0;0.0;0.0;0.0;0.0;0.0;0.0;888.0
Cascavel;GUANACES;-4.15275;-38.314611111111;2020;10;0.0;0.0;0.0;0.0;0.0;0.0;0.0;0.0;0.0;0.0;0.0;0.0;0.0;0.0;0.0;0.0;0.0;0.0;0.0;0.0;0.0;0.0;0.0;0.0;0.0;0.0;0.0;0.0;0.0;0.0;0.0;0.0
Cascavel;GUANACES;-4.15275;-38.314611111111;2020;11;0.0;0.0;0.0;0.0;0.0;0.0;0.0;0.0;0.0;0.0;0.0;0.0;0.0;0.0;0.0;0.0;0.0;0.0;0.0;0.0;0.0;0.0;0.0;0.0;0.0;0.0;0.0;0.0;0.0;0.0;0.0;888.0
Cascavel;GUANACES;-4.15275;-38.314611111111;2020;12;0.0;0.0;0.0;0.0;0.0;0.0;0.0;0.0;0.0;0.0;0.0;0.0;0.0;0.0;0.0;0.0;0.0;0.0;0.0;0.0;0.0;0.0;0.0;0.0;0.0;0.0;0.0;0.0;0.0;0.0;0.0;0.0
Cascavel;GUANACES;-4.15275;-38.314611111111;2021;1;55.0;0.0;0.0;0.0;0.0;0.0;0.0;0.0;0.0;0.0;0.0;0.0;0.0;0.0;0.0;0.0;0.0;0.0;0.0;0.0;15.0;0.0;9.0;0.0;0.0;28.0;3.0;0.0;0.0;0.0;0.0;0.0
Cascavel;GUANACES;-4.15275;-38.314611111111;2021;2;64.0;0.0;0.0;0.0;0.0;0.0;0.0;0.0;0.0;0.0;0.0;0.0;5.0;0.0;0.0;0.0;0.0;17.0;0.0;0.0;18.0;0.0;0.0;0.0;5.0;0.0;19.0;0.0;0.0;888.0;888.0;888.0
Cascavel;GUANACES;-4.15275;-38.314611111111;2021;3;370.0;110.0;0.0;0.0;0.0;0.0;0.0;0.0;0.0;0.0;0.0;0.0;0.0;0.0;0.0;0.0;19.0;3.0;0.0;0.0;0.0;23.0;20.0;70.0;0.0;48.0;66.0;0.0;0.0;0.0;2.0;9.0
Cascavel;GUANACES;-4.15275;-38.314611111111;2021;4;137.0;0.0;0.0;0.0;0.0;0.0;0.0;0.0;0.0;0.0;0.0;0.0;33.0;8.0;11.0;0.0;0.0;0.0;12.0;14.0;0.0;0.0;0.0;11.0;11.0;0.0;0.0;13.0;0.0;18.0;6.0;888.0
Cascavel;GUANACES;-4.15275;-38.314611111111;2021;5;253.0;6.0;2.0;17.0;34.0;7.0;0.0;70.0;21.0;0.0;7.0;0.0;10.0;43.0;18.0;0.0;6.0;12.0;0.0;0.0;0.0;0.0;0.0;0.0;0.0;0.0;0.0;0.0;0.0;0.0;0.0;0.0
Cascavel;GUANACES;-4.15275;-38.314611111111;2021;6;20.0;0.0;0.0;0.0;0.0;0.0;0.0;0.0;0.0;0.0;0.0;0.0;0.0;0.0;0.0;2.0;0.0;0.0;18.0;0.0;0.0;0.0;0.0;0.0;0.0;0.0;0.0;0.0;0.0;0.0;0.0;888.0
Cascavel;GUANACES;-4.15275;-38.314611111111;2021;7;21.0;0.0;21.0;0.0;0.0;0.0;0.0;0.0;0.0;0.0;0.0;0.0;0.0;0.0;0.0;0.0;0.0;0.0;0.0;0.0;0.0;0.0;0.0;0.0;0.0;0.0;0.0;0.0;0.0;0.0;0.0;0.0
Cascavel;GUANACES;-4.15275;-38.314611111111;2021;8;0.0;0.0;0.0;0.0;0.0;0.0;0.0;0.0;0.0;0.0;0.0;0.0;0.0;0.0;0.0;0.0;0.0;0.0;0.0;0.0;0.0;0.0;0.0;0.0;0.0;0.0;0.0;0.0;0.0;0.0;0.0;0.0
Cascavel;GUANACES;-4.15275;-38.314611111111;2021;9;0.0;0.0;0.0;0.0;0.0;0.0;0.0;0.0;0.0;0.0;0.0;0.0;0.0;0.0;0.0;0.0;0.0;0.0;0.0;0.0;0.0;0.0;0.0;0.0;0.0;0.0;0.0;0.0;0.0;0.0;0.0;888.0
Cascavel;GUANACES;-4.15275;-38.314611111111;2021;10;4.0;0.0;0.0;0.0;0.0;0.0;0.0;0.0;1.0;0.0;0.0;0.0;0.0;0.0;0.0;3.0;0.0;0.0;0.0;0.0;0.0;0.0;0.0;0.0;0.0;0.0;0.0;0.0;0.0;0.0;0.0;0.0
Cascavel;GUANACES;-4.15275;-38.314611111111;2021;11;0.0;0.0;0.0;0.0;0.0;0.0;0.0;0.0;0.0;0.0;0.0;0.0;0.0;0.0;0.0;0.0;0.0;0.0;0.0;0.0;0.0;0.0;0.0;0.0;0.0;0.0;0.0;0.0;0.0;0.0;0.0;888.0
Cascavel;GUANACES;-4.15275;-38.314611111111;2021;12;20.0;0.0;0.0;0.0;0.0;0.0;2.0;0.0;0.0;0.0;0.0;0.0;0.0;0.0;0.0;0.0;0.0;0.0;0.0;0.0;0.0;0.0;0.0;0.0;0.0;0.0;0.0;8.0;0.0;0.0;10.0;0.0
Cascavel;GUANACES;-4.15275;-38.314611111111;2022;1;240.0;5.0;4.0;57.0;0.0;46.0;17.0;0.0;0.0;0.0;20.0;0.0;3.0;0.0;0.0;26.0;3.0;6.0;0.0;0.0;0.0;0.0;0.0;0.0;0.0;0.0;0.0;21.0;15.0;17.0;0.0;0.0
Cascavel;GUANACES;-4.15275;-38.314611111111;2022;2;93.0;0.0;0.0;0.0;3.0;0.0;0.0;0.0;0.0;0.0;0.0;0.0;0.0;0.0;11.0;15.0;10.0;0.0;0.0;50.0;0.0;4.0;0.0;0.0;0.0;0.0;0.0;0.0;0.0;888.0;888.0;888.0
Cascavel;GUANACES;-4.15275;-38.314611111111;2022;3;356.0;0.0;0.0;0.0;0.0;0.0;15.0;71.0;0.0;0.0;0.0;63.0;0.0;0.0;0.0;0.0;20.0;4.0;0.0;8.0;2.0;0.0;50.0;15.0;0.0;0.0;0.0;0.0;56.0;5.0;4.0;43.0
Cascavel;GUANACES;-4.15275;-38.314611111111;2022;4;340.0;9.0;40.0;0.0;16.0;16.0;31.0;4.0;13.0;0.0;17.0;28.0;0.0;0.0;0.0;0.0;2.0;0.0;50.0;16.0;0.0;0.0;13.0;0.0;31.0;12.0;9.0;0.0;16.0;0.0;17.0;888.0
Cascavel;GUANACES;-4.15275;-38.314611111111;2022;5;237.0;0.0;2.0;0.0;0.0;39.0;24.0;9.0;3.0;0.0;0.0;0.0;62.0;6.0;0.0;0.0;0.0;0.0;0.0;0.0;0.0;5.0;18.0;25.0;0.0;0.0;0.0;17.0;0.0;27.0;0.0;0.0
Cascavel;GUANACES;-4.15275;-38.314611111111;2022;6;280.0;42.0;83.0;2.0;40.0;0.0;24.0;6.0;0.0;25.0;0.0;12.0;0.0;0.0;0.0;0.0;0.0;0.0;0.0;0.0;0.0;8.0;12.0;0.0;6.0;0.0;0.0;0.0;10.0;10.0;0.0;888.0
Cascavel;GUANACES;-4.15275;-38.314611111111;2022;7;85.0;0.0;0.0;18.0;0.0;0.0;0.0;22.0;0.0;0.0;0.0;0.0;0.0;0.0;0.0;0.0;0.0;0.0;0.0;0.0;0.0;0.0;0.0;0.0;0.0;0.0;0.0;0.0;0.0;0.0;45.0;0.0
Cascavel;GUANACES;-4.15275;-38.314611111111;2022;8;11.0;0.0;0.0;11.0;0.0;0.0;0.0;0.0;0.0;0.0;0.0;0.0;0.0;0.0;0.0;0.0;0.0;0.0;0.0;0.0;0.0;0.0;0.0;0.0;0.0;0.0;0.0;0.0;0.0;0.0;0.0;0.0
Cascavel;GUANACES;-4.15275;-38.314611111111;2022;9;0.0;0.0;0.0;0.0;0.0;0.0;0.0;0.0;0.0;0.0;0.0;0.0;0.0;0.0;0.0;0.0;0.0;0.0;0.0;0.0;0.0;0.0;0.0;0.0;0.0;0.0;0.0;0.0;0.0;0.0;0.0;888.0
Cascavel;GUANACES;-4.15275;-38.314611111111;2022;10;0.0;0.0;0.0;0.0;0.0;0.0;0.0;0.0;0.0;0.0;0.0;0.0;0.0;0.0;0.0;0.0;0.0;0.0;0.0;0.0;0.0;0.0;0.0;0.0;0.0;0.0;0.0;0.0;0.0;0.0;0.0;0.0
Cascavel;GUANACES;-4.15275;-38.314611111111;2022;11;0.0;0.0;0.0;0.0;0.0;0.0;0.0;0.0;0.0;0.0;0.0;0.0;0.0;0.0;0.0;0.0;0.0;0.0;0.0;0.0;0.0;0.0;0.0;0.0;0.0;0.0;0.0;0.0;0.0;0.0;0.0;888.0
Cascavel;GUANACES;-4.15275;-38.314611111111;2022;12;35.0;0.0;0.0;0.0;0.0;0.0;0.0;0.0;0.0;0.0;0.0;0.0;0.0;0.0;0.0;0.0;0.0;0.0;0.0;0.0;0.0;0.0;0.0;0.0;0.0;0.0;0.0;0.0;0.0;35.0;0.0;0.0
Cascavel;GUANACES;-4.15275;-38.314611111111;2023;1;113.0;0.0;0.0;0.0;0.0;0.0;0.0;0.0;0.0;0.0;0.0;0.0;0.0;0.0;12.0;0.0;4.0;0.0;0.0;26.0;0.0;10.0;7.0;0.0;7.0;17.0;23.0;0.0;0.0;0.0;0.0;7.0
Cascavel;GUANACES;-4.15275;-38.314611111111;2023;2;172.0;9.0;14.0;0.0;0.0;0.0;0.0;0.0;8.0;1.0;0.0;0.0;0.0;0.0;0.0;16.0;20.0;12.0;0.0;0.0;0.0;0.0;0.0;22.0;26.0;38.0;6.0;0.0;0.0;888.0;888.0;888.0
Cascavel;GUANACES;-4.15275;-38.314611111111;2023;3;464.0;0.0;0.0;130.0;20.0;0.0;10.0;0.0;0.0;0.0;0.0;0.0;0.0;18.0;0.0;10.0;18.0;71.0;7.0;24.0;7.0;7.0;0.0;15.0;40.0;6.0;0.0;27.0;5.0;29.0;20.0;0.0
Cascavel;GUANACES;-4.15275;-38.314611111111;2023;4;384.0;7.0;42.0;13.0;2.0;15.0;13.0;0.0;17.0;0.0;32.0;12.0;0.0;27.0;70.0;0.0;0.0;16.0;0.0;0.0;0.0;0.0;0.0;0.0;0.0;0.0;0.0;75.0;25.0;0.0;18.0;888.0
Cascavel;GUANACES;-4.15275;-38.314611111111;2023;5;67.0;0.0;0.0;0.0;0.0;0.0;0.0;0.0;0.0;0.0;0.0;0.0;0.0;0.0;8.0;0.0;0.0;0.0;8.0;0.0;0.0;23.0;0.0;24.0;4.0;0.0;0.0;0.0;0.0;0.0;0.0;0.0
Cascavel;GUANACES;-4.15275;-38.314611111111;2023;6;54.0;5.0;0.0;0.0;0.0;0.0;0.0;0.0;0.0;0.0;38.0;0.0;0.0;0.0;0.0;0.0;0.0;0.0;0.0;0.0;0.0;11.0;0.0;0.0;0.0;0.0;0.0;0.0;0.0;0.0;0.0;888.0
Cascavel;GUANACES;-4.15275;-38.314611111111;2023;7;0.0;0.0;0.0;0.0;0.0;0.0;0.0;0.0;0.0;0.0;0.0;0.0;0.0;0.0;0.0;0.0;0.0;0.0;0.0;0.0;0.0;0.0;0.0;0.0;0.0;0.0;0.0;0.0;0.0;0.0;0.0;0.0
Cascavel;GUANACES;-4.15275;-38.314611111111;2023;8;0.0;0.0;0.0;0.0;0.0;0.0;0.0;0.0;0.0;0.0;0.0;0.0;0.0;0.0;0.0;0.0;0.0;0.0;0.0;0.0;0.0;0.0;0.0;0.0;0.0;0.0;0.0;0.0;0.0;0.0;0.0;0.0
Cascavel;GUANACES;-4.15275;-38.314611111111;2023;9;0.0;0.0;0.0;0.0;0.0;0.0;0.0;0.0;0.0;0.0;0.0;0.0;0.0;0.0;0.0;0.0;0.0;0.0;0.0;0.0;0.0;0.0;0.0;0.0;0.0;0.0;0.0;0.0;0.0;0.0;0.0;888.0
Cascavel;GUANACES;-4.15275;-38.314611111111;2023;10;0.0;0.0;0.0;0.0;0.0;0.0;0.0;0.0;0.0;0.0;0.0;0.0;0.0;0.0;0.0;0.0;0.0;0.0;0.0;0.0;0.0;0.0;0.0;0.0;0.0;0.0;0.0;0.0;0.0;0.0;0.0;0.0
Cascavel;GUANACES;-4.15275;-38.314611111111;2023;11;11.0;0.0;0.0;0.0;0.0;0.0;0.0;0.0;0.0;0.0;0.0;0.0;0.0;0.0;0.0;0.0;0.0;0.0;0.0;0.0;0.0;0.0;0.0;0.0;0.0;0.0;0.0;0.0;6.0;5.0;0.0;888.0
Cascavel;GUANACES;-4.15275;-38.314611111111;2023;12;6.0;0.0;0.0;0.0;0.0;0.0;0.0;0.0;0.0;0.0;0.0;0.0;0.0;0.0;0.0;0.0;0.0;0.0;2.0;0.0;4.0;0.0;0.0;0.0;0.0;0.0;0.0;0.0;0.0;0.0;0.0;0.0
Cascavel;GUANACES;-4.15275;-38.314611111111;2024;1;33.0;27.0;0.0;0.0;0.0;0.0;0.0;0.0;0.0;0.0;0.0;0.0;0.0;0.0;0.0;0.0;0.0;0.0;0.0;0.0;0.0;0.0;6.0;0.0;0.0;0.0;0.0;0.0;0.0;0.0;0.0;0.0
Cascavel;GUANACES;-4.15275;-38.314611111111;2024;2;406.0;0.0;0.0;0.0;0.0;0.0;0.0;0.0;0.0;0.0;0.0;86.0;0.0;0.0;44.0;0.0;6.0;0.0;0.0;45.0;33.0;30.0;0.0;50.0;0.0;0.0;66.0;5.0;41.0;0.0;888.0;888.0
Cascavel;GUANACES;-4.15275;-38.314611111111;2024;3;340.0;0.0;0.0;0.0;0.0;0.0;47.0;36.0;104.0;0.0;0.0;0.0;0.0;0.0;9.0;33.0;0.0;0.0;8.0;0.0;11.0;0.0;11.0;0.0;0.0;0.0;11.0;33.0;0.0;0.0;37.0;0.0
Cascavel;GUANACES;-4.15275;-38.314611111111;2024;4;320.0;0.0;0.0;0.0;10.0;18.0;0.0;0.0;9.0;2.0;27.0;0.0;32.0;0.0;0.0;31.0;10.0;0.0;0.0;0.0;71.0;0.0;14.0;9.0;14.0;0.0;0.0;23.0;0.0;15.0;35.0;888.0
Cascavel;GUANACES;-4.15275;-38.314611111111;2024;5;236.0;0.0;20.0;0.0;0.0;0.0;0.0;0.0;0.0;0.0;0.0;0.0;0.0;70.0;0.0;8.0;0.0;53.0;0.0;0.0;0.0;10.0;0.0;0.0;0.0;0.0;28.0;0.0;0.0;0.0;0.0;47.0
Cascavel;GUANACES;-4.15275;-38.314611111111;2024;6;35.0;0.0;0.0;0.0;0.0;0.0;0.0;0.0;0.0;0.0;0.0;0.0;0.0;0.0;28.0;0.0;0.0;0.0;0.0;0.0;0.0;0.0;0.0;7.0;0.0;0.0;0.0;0.0;0.0;0.0;0.0;888.0
Cascavel;GUANACES;-4.15275;-38.314611111111;2024;7;0.0;0.0;0.0;0.0;0.0;0.0;0.0;0.0;0.0;0.0;0.0;0.0;0.0;0.0;0.0;0.0;0.0;0.0;0.0;0.0;0.0;0.0;0.0;0.0;0.0;0.0;0.0;0.0;0.0;0.0;0.0;0.0
Cascavel;GUANACES;-4.15275;-38.314611111111;2024;8;0.0;0.0;0.0;0.0;0.0;0.0;0.0;0.0;0.0;0.0;0.0;0.0;0.0;0.0;0.0;0.0;0.0;0.0;0.0;0.0;0.0;0.0;0.0;0.0;0.0;0.0;0.0;0.0;0.0;0.0;0.0;0.0
Cascavel;GUANACES;-4.15275;-38.314611111111;2024;9;0.0;0.0;0.0;0.0;0.0;0.0;0.0;0.0;0.0;0.0;0.0;0.0;0.0;0.0;0.0;0.0;0.0;0.0;0.0;0.0;0.0;0.0;0.0;0.0;0.0;0.0;0.0;0.0;0.0;0.0;0.0;888.0
Cascavel;GUANACES;-4.15275;-38.314611111111;2024;10;0.0;0.0;0.0;0.0;0.0;0.0;0.0;0.0;0.0;0.0;0.0;0.0;0.0;0.0;0.0;0.0;0.0;0.0;0.0;0.0;0.0;0.0;0.0;0.0;999.0;999.0;999.0;999.0;999.0;999.0;999.0;999.0
