Municipios;Postos;Latitude;Longitude;Anos;Meses;Total;Dia1;Dia2;Dia3;Dia4;Dia5;Dia6;Dia7;Dia8;Dia9;Dia10;Dia11;Dia12;Dia13;Dia14;Dia15;Dia16;Dia17;Dia18;Dia19;Dia20;Dia21;Dia22;Dia23;Dia24;Dia25;Dia26;Dia27;Dia28;Dia29;Dia30;Dia31
Fortaleza;MESSEJANA;-3.8338055555556;-38.478027777778;1986;1;126.6;3.8;8.2;0.2;0.4;9.2;0.0;0.0;1.8;12.2;3.0;0.4;0.0;0.0;0.0;0.0;0.0;0.0;0.0;0.0;0.0;0.0;0.2;0.2;23.0;0.0;0.0;0.0;5.4;27.6;17.6;13.4
Fortaleza;MESSEJANA;-3.8338055555556;-38.478027777778;1986;2;327.4;61.8;16.8;2.2;4.2;0.0;3.6;0.0;0.4;0.0;0.0;39.0;4.2;6.0;21.2;0.0;7.2;1.4;5.0;0.6;0.0;7.6;65.8;0.0;0.0;30.2;0.0;35.4;14.8;888.0;888.0;888.0
Fortaleza;MESSEJANA;-3.8338055555556;-38.478027777778;1986;3;544.6;19.0;0.0;23.4;96.0;5.0;7.0;22.0;9.2;26.4;10.8;5.8;10.8;20.8;0.2;21.0;0.0;7.2;7.8;1.4;0.0;51.0;16.8;10.8;9.0;33.6;40.2;2.2;0.0;6.2;5.0;76.0
Fortaleza;MESSEJANA;-3.8338055555556;-38.478027777778;1986;4;531.6;29.0;32.4;24.2;5.8;18.4;7.2;28.0;0.0;3.6;0.0;1.4;0.2;45.0;13.6;0.0;0.0;60.4;23.6;15.4;18.2;9.4;0.0;48.8;5.2;36.2;2.0;0.0;16.8;9.6;77.2;888.0
Fortaleza;MESSEJANA;-3.8338055555556;-38.478027777778;1986;5;199.8;0.0;0.0;21.2;0.0;0.0;0.0;5.8;5.8;0.0;0.0;0.0;0.8;10.6;0.0;0.0;0.0;0.0;22.0;0.0;32.0;0.4;0.0;9.0;0.0;5.4;28.8;34.0;0.0;0.0;18.0;6.0
Fortaleza;MESSEJANA;-3.8338055555556;-38.478027777778;1986;6;285.8;0.0;34.2;4.2;0.0;60.2;0.0;3.4;30.0;12.8;5.8;6.0;11.6;8.4;0.0;0.0;0.0;0.0;34.8;11.2;0.0;0.0;0.0;3.4;0.0;0.0;5.2;0.0;0.0;39.2;15.4;888.0
Fortaleza;MESSEJANA;-3.8338055555556;-38.478027777778;1986;7;45.4;7.8;8.6;0.8;0.0;0.0;1.2;3.4;0.0;18.0;0.0;5.6;0.0;0.0;0.0;0.0;0.0;0.0;0.0;0.0;0.0;0.0;0.0;0.0;0.0;0.0;0.0;0.0;0.0;0.0;0.0;0.0
Fortaleza;MESSEJANA;-3.8338055555556;-38.478027777778;1986;8;13.3;0.0;0.0;1.2;0.0;0.0;0.0;0.6;0.4;0.8;1.4;0.0;0.0;0.4;0.2;0.0;0.6;0.2;0.8;0.4;0.2;6.1;0.0;0.0;0.0;0.0;0.0;0.0;0.0;0.0;0.0;0.0
Fortaleza;MESSEJANA;-3.8338055555556;-38.478027777778;1986;9;21.0;0.0;0.0;0.0;0.0;0.0;0.0;0.0;0.0;0.0;0.0;0.0;0.0;0.0;0.0;0.0;0.0;0.0;0.0;0.0;0.0;0.0;0.0;0.0;0.0;0.0;0.0;0.0;0.8;14.0;6.2;888.0
Fortaleza;MESSEJANA;-3.8338055555556;-38.478027777778;1986;10;7.2;0.0;0.0;0.0;0.0;0.0;0.0;0.0;2.2;0.0;0.0;0.4;0.0;0.0;0.0;0.0;0.0;0.0;0.4;0.0;0.4;1.2;1.8;0.0;0.0;0.0;0.0;0.0;0.0;0.0;0.8;0.0
Fortaleza;MESSEJANA;-3.8338055555556;-38.478027777778;1986;11;29.8;2.6;0.0;0.0;0.2;0.0;1.6;0.0;0.0;0.0;1.2;0.0;0.0;0.0;2.2;0.0;0.0;0.0;3.4;0.0;5.2;8.2;0.0;3.4;0.0;0.0;0.0;1.8;0.0;0.0;0.0;888.0
Fortaleza;MESSEJANA;-3.8338055555556;-38.478027777778;1986;12;60.1;0.0;0.0;0.0;0.0;0.0;0.0;0.0;0.0;0.0;0.0;22.0;2.1;0.0;0.0;3.0;1.0;20.0;5.0;0.0;0.0;0.0;0.0;0.0;7.0;0.0;0.0;0.0;0.0;0.0;0.0;0.0
Fortaleza;MESSEJANA;-3.8338055555556;-38.478027777778;1987;1;69.4;0.0;0.0;6.0;0.0;0.0;7.2;43.6;0.0;0.0;0.0;1.6;0.0;0.0;0.0;0.0;0.8;0.0;0.0;3.6;1.6;0.0;5.0;0.0;0.0;0.0;0.0;0.0;0.0;0.0;0.0;0.0
Fortaleza;MESSEJANA;-3.8338055555556;-38.478027777778;1987;2;117.8;0.0;0.0;0.0;0.0;0.0;0.0;0.0;0.4;1.6;14.2;0.0;0.2;12.0;17.6;49.2;0.0;4.4;0.0;5.4;0.0;0.0;0.0;12.8;0.0;0.0;0.0;0.0;0.0;888.0;888.0;888.0
Fortaleza;MESSEJANA;-3.8338055555556;-38.478027777778;1987;3;408.4;0.0;0.0;4.4;4.4;7.8;7.0;57.4;1.4;10.2;64.0;33.4;16.2;2.8;0.0;0.0;0.0;2.8;26.4;35.0;1.6;0.0;0.0;23.6;42.0;0.4;15.4;16.0;3.6;28.8;0.8;3.0
Fortaleza;MESSEJANA;-3.8338055555556;-38.478027777778;1987;4;214.4;34.6;1.0;0.0;4.6;7.0;6.8;0.0;36.0;0.0;6.4;67.8;1.6;0.0;0.0;0.8;0.4;16.2;0.0;0.0;0.0;0.0;0.2;4.8;0.0;24.2;1.8;0.0;0.2;0.0;0.0;888.0
Fortaleza;MESSEJANA;-3.8338055555556;-38.478027777778;1987;5;42.4;0.0;5.8;11.2;1.4;0.0;4.4;5.0;0.0;0.0;0.0;0.4;0.0;0.0;0.0;0.0;0.0;0.0;0.0;0.0;0.0;0.0;0.0;0.0;0.0;0.0;1.6;0.6;8.2;0.2;2.2;1.4
Fortaleza;MESSEJANA;-3.8338055555556;-38.478027777778;1987;6;219.0;0.0;0.0;0.0;0.0;0.0;0.2;0.6;0.0;0.0;11.0;1.4;21.0;41.0;6.6;15.0;0.0;0.4;87.0;18.0;0.0;0.0;0.0;0.0;0.0;0.0;0.0;0.0;0.0;11.0;5.8;888.0
Fortaleza;MESSEJANA;-3.8338055555556;-38.478027777778;1987;7;65.6;0.0;0.0;0.0;0.0;0.0;7.2;0.0;2.2;0.0;20.2;4.6;0.0;0.0;0.0;0.0;0.0;0.0;0.0;0.0;0.0;0.0;0.0;0.0;0.0;0.0;0.0;0.0;0.0;21.2;10.0;0.2
Fortaleza;MESSEJANA;-3.8338055555556;-38.478027777778;1987;8;0.4;0.0;0.0;0.0;0.0;0.0;0.0;0.0;0.0;0.0;0.0;0.2;0.0;0.0;0.0;0.0;0.0;0.0;0.0;0.0;0.0;0.0;0.0;0.0;0.0;0.0;0.0;0.0;0.0;0.0;0.2;0.0
Fortaleza;MESSEJANA;-3.8338055555556;-38.478027777778;1987;9;3.2;0.0;0.0;0.0;0.8;0.0;0.0;0.0;0.0;0.0;0.0;0.0;0.0;0.0;0.0;0.0;1.6;0.0;0.0;0.0;0.0;0.0;0.0;0.0;0.0;0.8;0.0;0.0;0.0;0.0;0.0;888.0
Fortaleza;MESSEJANA;-3.8338055555556;-38.478027777778;1987;10;3.2;0.0;0.0;0.0;0.0;3.2;0.0;0.0;0.0;0.0;0.0;0.0;0.0;0.0;0.0;0.0;0.0;0.0;0.0;0.0;0.0;0.0;0.0;0.0;0.0;0.0;0.0;0.0;0.0;0.0;0.0;0.0
Fortaleza;MESSEJANA;-3.8338055555556;-38.478027777778;1987;11;0.8;0.0;0.0;0.0;0.0;0.0;0.0;0.0;0.0;0.0;0.0;0.0;0.0;0.0;0.0;0.0;0.0;0.0;0.0;0.0;0.0;0.8;0.0;0.0;0.0;0.0;0.0;0.0;0.0;0.0;0.0;888.0
Fortaleza;MESSEJANA;-3.8338055555556;-38.478027777778;1987;12;2.4;0.0;0.0;0.0;0.0;0.0;0.0;0.0;0.0;0.0;0.0;0.0;0.0;0.0;0.0;0.0;0.0;0.0;0.0;0.0;0.0;1.8;0.0;0.0;0.0;0.0;0.0;0.0;0.6;0.0;0.0;0.0
Fortaleza;MESSEJANA;-3.8338055555556;-38.478027777778;1988;1;219.8;0.0;0.0;0.0;0.0;0.0;0.0;0.0;0.0;0.0;0.0;0.0;0.0;0.0;3.0;0.0;0.0;0.0;6.6;2.4;0.0;0.0;1.2;0.0;1.2;50.2;118.4;12.2;14.6;1.4;8.6;0.0
Fortaleza;MESSEJANA;-3.8338055555556;-38.478027777778;1988;2;152.4;0.0;0.0;0.0;0.0;0.2;0.6;6.8;0.2;0.0;0.0;0.0;0.0;0.0;15.2;64.0;0.4;4.4;23.0;0.0;0.0;0.0;0.0;14.4;0.0;12.0;1.8;0.0;0.0;9.4;888.0;888.0
Fortaleza;MESSEJANA;-3.8338055555556;-38.478027777778;1988;3;510.8;18.0;0.0;0.0;0.0;0.0;0.0;22.8;6.4;0.0;25.6;34.2;7.6;0.0;0.0;2.2;11.8;1.8;0.0;0.0;144.2;0.0;0.0;49.0;14.4;25.0;9.8;110.2;10.2;0.2;4.6;12.8
Fortaleza;MESSEJANA;-3.8338055555556;-38.478027777778;1988;4;277.2;2.0;11.4;9.2;0.0;3.4;0.0;25.0;0.4;2.4;3.4;10.2;5.2;4.4;5.2;54.6;0.2;1.4;0.6;0.0;24.4;4.0;26.2;6.4;3.6;0.2;1.4;17.8;16.0;16.8;21.4;888.0
Fortaleza;MESSEJANA;-3.8338055555556;-38.478027777778;1988;5;300.2;0.0;19.0;0.0;6.0;65.2;1.2;26.8;0.2;0.0;0.0;16.8;0.0;2.6;2.8;80.2;7.2;0.0;0.0;0.0;0.0;0.0;16.6;40.0;1.6;0.0;0.0;0.0;11.8;0.0;0.0;2.2
Fortaleza;MESSEJANA;-3.8338055555556;-38.478027777778;1988;6;303.4;0.0;0.0;0.0;0.0;0.0;0.0;0.0;0.0;24.2;0.0;0.2;0.0;0.0;0.0;0.0;119.4;26.4;0.0;0.0;0.0;0.0;18.8;49.2;2.2;16.0;39.2;7.8;0.0;0.0;0.0;888.0
Fortaleza;MESSEJANA;-3.8338055555556;-38.478027777778;1988;7;94.0;2.8;0.0;0.0;1.8;0.0;0.0;21.2;0.0;0.0;0.0;2.8;11.8;0.0;0.0;0.0;0.0;0.0;25.6;0.0;0.0;0.0;0.0;0.0;18.2;7.8;2.0;0.0;0.0;0.0;0.0;0.0
Fortaleza;MESSEJANA;-3.8338055555556;-38.478027777778;1988;8;1.2;0.0;0.0;0.0;0.0;0.4;0.0;0.0;0.0;0.0;0.8;0.0;0.0;0.0;0.0;0.0;0.0;0.0;0.0;0.0;0.0;0.0;0.0;0.0;0.0;0.0;0.0;0.0;0.0;0.0;0.0;0.0
Fortaleza;MESSEJANA;-3.8338055555556;-38.478027777778;1988;9;19.0;9.4;0.0;0.0;0.0;0.0;0.0;0.0;0.0;0.0;0.0;0.0;6.4;0.0;0.0;0.0;0.0;0.0;0.0;0.0;0.0;0.0;0.0;0.0;3.2;0.0;0.0;0.0;0.0;0.0;0.0;888.0
Fortaleza;MESSEJANA;-3.8338055555556;-38.478027777778;1988;10;12.0;0.0;0.0;0.0;0.0;0.0;0.0;0.0;0.0;0.0;0.0;0.0;0.0;0.0;0.0;0.0;0.0;0.0;0.0;0.0;0.0;0.0;0.0;0.0;0.0;0.0;0.0;0.0;0.0;0.0;0.0;12.0
Fortaleza;MESSEJANA;-3.8338055555556;-38.478027777778;1988;11;3.2;0.0;3.2;0.0;0.0;0.0;0.0;0.0;0.0;0.0;0.0;0.0;0.0;0.0;0.0;0.0;0.0;0.0;0.0;0.0;0.0;0.0;0.0;0.0;0.0;0.0;0.0;0.0;0.0;0.0;0.0;888.0
Fortaleza;MESSEJANA;-3.8338055555556;-38.478027777778;1988;12;0.0;0.0;0.0;0.0;0.0;0.0;0.0;0.0;0.0;0.0;0.0;0.0;0.0;0.0;0.0;0.0;0.0;0.0;0.0;0.0;0.0;0.0;0.0;0.0;0.0;0.0;0.0;0.0;0.0;0.0;0.0;0.0
Fortaleza;MESSEJANA;-3.8338055555556;-38.478027777778;1989;1;46.0;0.0;0.0;0.0;0.0;0.0;0.0;0.0;0.0;0.0;0.0;0.0;0.0;35.0;5.0;1.0;0.2;0.0;0.0;0.0;0.0;0.0;0.0;0.0;0.0;0.0;0.0;4.8;0.0;0.0;0.0;0.0
Fortaleza;MESSEJANA;-3.8338055555556;-38.478027777778;1989;2;39.6;0.0;0.0;0.0;0.0;0.0;0.0;0.0;0.0;0.8;1.8;0.0;0.0;0.0;0.0;5.2;2.0;8.0;0.0;0.0;8.8;0.8;5.2;0.0;0.0;0.0;0.6;6.2;0.2;888.0;888.0;888.0
Fortaleza;MESSEJANA;-3.8338055555556;-38.478027777778;1989;3;214.6;0.0;17.8;14.0;0.0;0.0;0.0;0.0;3.6;10.8;0.0;0.0;0.0;0.0;0.0;0.0;0.0;44.6;35.4;0.0;0.0;0.0;0.0;0.0;8.2;12.4;8.6;15.4;6.8;0.0;6.3;30.7
Fortaleza;MESSEJANA;-3.8338055555556;-38.478027777778;1989;4;300.4;0.0;0.0;6.2;9.2;0.0;8.4;11.0;16.2;25.2;13.0;16.8;0.0;0.0;23.0;0.0;21.4;0.0;50.2;33.2;0.0;0.0;0.0;0.0;0.0;0.0;6.0;9.2;16.4;8.2;26.8;888.0
Fortaleza;MESSEJANA;-3.8338055555556;-38.478027777778;1989;5;43.4;0.0;0.0;21.4;6.4;5.6;0.0;0.0;0.0;0.0;0.0;0.0;0.0;0.0;0.0;0.0;0.0;0.0;0.0;0.0;0.0;0.0;0.0;0.0;0.0;0.0;0.0;5.2;4.8;0.0;0.0;0.0
Fortaleza;MESSEJANA;-3.8338055555556;-38.478027777778;1989;6;317.0;0.0;24.8;41.4;9.2;31.2;2.6;10.0;1.2;13.6;4.2;1.6;0.2;0.0;6.8;25.8;33.2;7.8;12.0;0.0;18.6;0.0;6.4;17.2;16.4;0.0;4.6;9.8;17.8;0.6;0.0;888.0
Fortaleza;MESSEJANA;-3.8338055555556;-38.478027777778;1989;7;208.8;0.0;5.4;0.0;1.2;37.4;55.0;3.6;0.0;6.2;25.4;20.8;6.4;0.0;0.0;0.0;0.0;3.0;0.0;0.0;2.2;6.8;0.0;0.0;10.6;18.6;6.2;0.0;0.0;0.0;0.0;0.0
Fortaleza;MESSEJANA;-3.8338055555556;-38.478027777778;1989;8;23.2;0.0;0.0;0.0;0.0;0.0;0.0;0.0;0.0;0.0;0.0;0.0;0.0;0.0;0.0;0.0;14.0;0.0;0.0;0.0;0.0;0.0;0.0;0.0;0.0;9.2;0.0;0.0;0.0;0.0;0.0;0.0
Fortaleza;MESSEJANA;-3.8338055555556;-38.478027777778;1989;9;49.8;0.0;0.0;0.0;0.0;0.0;0.0;0.0;9.8;22.8;0.0;0.0;0.0;0.0;0.0;0.0;0.0;0.0;0.0;0.0;2.6;4.2;0.0;0.0;0.0;0.0;0.0;0.0;10.4;0.0;0.0;888.0
Fortaleza;MESSEJANA;-3.8338055555556;-38.478027777778;1989;10;0.0;0.0;0.0;0.0;0.0;0.0;0.0;0.0;0.0;0.0;0.0;0.0;0.0;0.0;0.0;0.0;0.0;0.0;0.0;0.0;0.0;0.0;0.0;0.0;0.0;0.0;0.0;0.0;0.0;0.0;0.0;0.0
Fortaleza;MESSEJANA;-3.8338055555556;-38.478027777778;1989;11;0.0;0.0;0.0;0.0;0.0;0.0;0.0;0.0;0.0;0.0;0.0;0.0;0.0;0.0;0.0;0.0;0.0;0.0;0.0;0.0;0.0;0.0;0.0;0.0;0.0;0.0;0.0;0.0;0.0;0.0;0.0;888.0
Fortaleza;MESSEJANA;-3.8338055555556;-38.478027777778;1989;12;129.6;0.0;0.0;0.0;0.0;0.0;0.0;0.0;0.0;0.0;0.0;0.0;0.0;0.0;0.0;0.0;0.0;0.0;0.0;0.0;0.0;0.0;0.0;0.0;6.2;11.4;21.2;53.6;20.4;16.8;0.0;0.0
Fortaleza;MESSEJANA;-3.8338055555556;-38.478027777778;1990;1;0.0;0.0;0.0;0.0;0.0;0.0;0.0;0.0;0.0;0.0;0.0;0.0;0.0;0.0;0.0;0.0;0.0;0.0;0.0;0.0;0.0;0.0;0.0;0.0;0.0;0.0;0.0;0.0;0.0;0.0;0.0;0.0
Fortaleza;MESSEJANA;-3.8338055555556;-38.478027777778;1990;2;144.0;0.0;0.0;0.0;0.0;20.4;0.0;0.0;3.6;0.0;0.0;0.0;0.0;0.0;0.0;0.0;0.0;0.0;0.0;0.0;0.0;0.0;0.0;7.8;34.4;14.8;17.6;32.8;12.6;888.0;888.0;888.0
Fortaleza;MESSEJANA;-3.8338055555556;-38.478027777778;1990;3;94.6;0.0;0.0;0.0;0.0;0.0;0.0;0.0;0.0;0.0;0.0;0.0;0.0;0.0;0.0;0.0;0.0;0.0;0.0;0.0;5.6;9.2;7.6;0.0;6.2;10.0;9.4;2.0;8.2;14.0;13.2;9.2
Fortaleza;MESSEJANA;-3.8338055555556;-38.478027777778;1990;4;290.7;8.0;10.0;6.4;24.2;43.2;0.0;0.0;0.0;8.4;0.0;0.0;2.0;0.0;0.0;0.0;0.0;0.0;8.6;0.6;3.2;999.0;999.0;70.8;7.0;999.0;4.3;75.0;999.0;999.0;19.0;888.0
Fortaleza;MESSEJANA;-3.8338055555556;-38.478027777778;1990;5;186.6;70.0;13.4;3.0;0.0;0.0;0.0;0.0;0.0;0.0;0.0;0.0;0.0;0.0;38.0;50.8;0.0;0.0;1.4;0.0;0.0;10.0;999.0;999.0;999.0;999.0;999.0;999.0;999.0;999.0;999.0;999.0
Fortaleza;MESSEJANA;-3.8338055555556;-38.478027777778;1990;6;0.0;0.0;0.0;0.0;0.0;0.0;0.0;0.0;0.0;0.0;0.0;0.0;0.0;0.0;0.0;0.0;0.0;0.0;0.0;0.0;0.0;0.0;0.0;0.0;0.0;0.0;0.0;0.0;0.0;0.0;0.0;888.0
Fortaleza;MESSEJANA;-3.8338055555556;-38.478027777778;1990;12;4.0;999.0;999.0;999.0;999.0;999.0;999.0;999.0;999.0;999.0;999.0;999.0;999.0;999.0;999.0;999.0;999.0;999.0;999.0;999.0;999.0;999.0;999.0;999.0;999.0;999.0;4.0;999.0;999.0;999.0;999.0;999.0
Fortaleza;MESSEJANA;-3.8338055555556;-38.478027777778;1991;1;8.6;3.2;1.6;0.0;0.0;0.0;0.0;0.0;0.0;0.0;0.0;0.0;0.0;0.0;0.0;0.0;0.0;0.0;0.0;0.0;0.0;0.0;0.0;0.0;0.0;3.2;0.0;0.0;0.0;0.0;0.0;0.6
Fortaleza;MESSEJANA;-3.8338055555556;-38.478027777778;1991;2;57.4;11.8;0.0;13.4;28.2;0.0;4.0;0.0;0.0;0.0;0.0;0.0;0.0;0.0;0.0;0.0;0.0;0.0;0.0;0.0;0.0;0.0;0.0;0.0;0.0;0.0;0.0;0.0;0.0;888.0;888.0;888.0
Fortaleza;MESSEJANA;-3.8338055555556;-38.478027777778;1991;3;419.8;0.0;0.0;0.0;7.4;13.6;6.2;0.0;0.0;18.2;47.0;9.4;0.0;0.8;15.0;56.0;39.2;4.2;23.4;0.0;0.0;0.0;10.4;0.0;23.0;31.2;0.6;9.2;0.0;6.2;98.2;0.6
Fortaleza;MESSEJANA;-3.8338055555556;-38.478027777778;1991;4;359.6;0.0;4.8;0.6;22.8;21.6;3.2;19.0;8.4;0.0;0.0;0.0;0.0;0.0;0.0;45.4;34.6;9.4;26.2;14.2;0.8;16.0;5.2;0.0;0.0;0.0;18.6;0.0;28.6;26.4;53.8;888.0
Fortaleza;MESSEJANA;-3.8338055555556;-38.478027777778;1991;5;77.6;4.6;12.8;14.8;19.2;24.2;2.0;0.0;0.0;0.0;0.0;0.0;0.0;0.0;0.0;0.0;0.0;0.0;0.0;0.0;0.0;0.0;0.0;0.0;0.0;0.0;0.0;0.0;0.0;0.0;0.0;0.0
Fortaleza;MESSEJANA;-3.8338055555556;-38.478027777778;1991;6;0.0;0.0;0.0;0.0;0.0;0.0;0.0;0.0;0.0;0.0;0.0;0.0;0.0;0.0;0.0;0.0;0.0;0.0;0.0;0.0;0.0;0.0;0.0;0.0;0.0;0.0;0.0;0.0;0.0;0.0;0.0;888.0
Fortaleza;MESSEJANA;-3.8338055555556;-38.478027777778;1991;7;0.0;0.0;0.0;0.0;0.0;0.0;0.0;0.0;0.0;0.0;0.0;0.0;0.0;0.0;0.0;0.0;0.0;0.0;0.0;0.0;0.0;0.0;0.0;0.0;0.0;0.0;0.0;0.0;0.0;0.0;0.0;0.0
Fortaleza;MESSEJANA;-3.8338055555556;-38.478027777778;1991;8;0.0;0.0;0.0;0.0;0.0;0.0;0.0;0.0;0.0;0.0;0.0;0.0;0.0;0.0;0.0;0.0;0.0;0.0;0.0;0.0;0.0;0.0;0.0;0.0;0.0;0.0;0.0;0.0;0.0;0.0;0.0;0.0
Fortaleza;MESSEJANA;-3.8338055555556;-38.478027777778;1991;9;0.0;0.0;0.0;0.0;0.0;0.0;0.0;0.0;0.0;0.0;0.0;0.0;0.0;0.0;0.0;0.0;0.0;0.0;0.0;0.0;0.0;0.0;0.0;0.0;0.0;0.0;0.0;0.0;0.0;0.0;0.0;888.0
Fortaleza;MESSEJANA;-3.8338055555556;-38.478027777778;1991;10;0.0;0.0;0.0;0.0;0.0;0.0;0.0;0.0;0.0;0.0;0.0;0.0;0.0;0.0;0.0;0.0;0.0;0.0;0.0;0.0;0.0;0.0;0.0;0.0;0.0;0.0;0.0;0.0;0.0;0.0;0.0;0.0
Fortaleza;MESSEJANA;-3.8338055555556;-38.478027777778;1991;11;0.0;0.0;0.0;0.0;0.0;0.0;0.0;0.0;0.0;0.0;0.0;0.0;0.0;0.0;0.0;0.0;0.0;0.0;0.0;0.0;0.0;0.0;0.0;0.0;0.0;0.0;0.0;0.0;0.0;0.0;0.0;888.0
Fortaleza;MESSEJANA;-3.8338055555556;-38.478027777778;1991;12;0.0;0.0;0.0;0.0;0.0;0.0;0.0;0.0;0.0;0.0;0.0;0.0;0.0;0.0;0.0;0.0;0.0;0.0;0.0;0.0;0.0;0.0;0.0;0.0;0.0;0.0;0.0;0.0;0.0;0.0;0.0;0.0
Fortaleza;MESSEJANA;-3.8338055555556;-38.478027777778;1992;1;50.0;0.0;0.0;0.0;0.0;0.0;0.0;0.0;0.0;0.0;0.0;0.0;0.0;0.0;0.0;0.0;0.0;0.0;0.0;0.0;3.0;0.0;0.0;0.0;0.0;0.0;0.0;47.0;0.0;0.0;0.0;0.0
Fortaleza;MESSEJANA;-3.8338055555556;-38.478027777778;1992;2;219.5;0.0;0.0;0.0;0.0;0.0;0.0;0.0;0.0;0.0;0.0;1.4;10.4;0.0;20.0;0.0;0.0;2.0;35.0;36.0;15.4;37.4;0.0;0.0;0.0;0.0;37.0;24.9;0.0;0.0;888.0;888.0
Fortaleza;MESSEJANA;-3.8338055555556;-38.478027777778;1992;3;277.0;0.0;0.0;36.2;0.0;0.0;0.0;0.0;0.0;0.0;0.0;0.0;0.0;0.0;0.0;0.0;0.0;0.0;0.0;0.0;34.8;0.0;0.0;0.0;35.8;54.8;35.0;0.0;0.0;26.4;42.0;12.0
Fortaleza;MESSEJANA;-3.8338055555556;-38.478027777778;1992;4;153.0;12.6;0.0;0.0;0.0;0.0;0.0;51.0;68.2;3.2;6.4;0.0;0.0;0.0;6.8;0.0;0.0;0.0;0.0;0.0;0.0;0.0;4.2;0.0;0.0;0.0;0.0;0.0;0.0;0.6;0.0;888.0
Fortaleza;MESSEJANA;-3.8338055555556;-38.478027777778;1992;5;76.6;0.0;0.0;0.0;23.2;0.0;39.8;0.0;0.0;13.6;0.0;0.0;0.0;0.0;0.0;0.0;0.0;0.0;0.0;0.0;0.0;0.0;0.0;0.0;0.0;0.0;0.0;0.0;0.0;0.0;0.0;0.0
Fortaleza;MESSEJANA;-3.8338055555556;-38.478027777778;1992;6;116.2;0.0;25.2;6.4;0.0;0.0;0.0;8.2;26.0;0.0;45.4;0.0;0.0;0.0;0.0;5.0;0.0;0.0;0.0;0.0;0.0;0.0;0.0;0.0;0.0;0.0;0.0;0.0;0.0;0.0;0.0;888.0
Fortaleza;MESSEJANA;-3.8338055555556;-38.478027777778;1992;7;0.0;0.0;0.0;0.0;0.0;0.0;0.0;0.0;0.0;0.0;0.0;0.0;0.0;0.0;0.0;0.0;0.0;0.0;0.0;0.0;0.0;0.0;0.0;0.0;0.0;0.0;0.0;0.0;0.0;0.0;0.0;0.0
Fortaleza;MESSEJANA;-3.8338055555556;-38.478027777778;1992;8;0.0;0.0;0.0;0.0;0.0;0.0;0.0;0.0;0.0;0.0;0.0;0.0;0.0;0.0;0.0;0.0;0.0;0.0;0.0;0.0;0.0;0.0;0.0;0.0;0.0;0.0;0.0;0.0;0.0;0.0;0.0;0.0
Fortaleza;MESSEJANA;-3.8338055555556;-38.478027777778;1992;9;0.0;0.0;0.0;0.0;0.0;0.0;0.0;0.0;0.0;0.0;0.0;0.0;0.0;0.0;0.0;0.0;0.0;0.0;0.0;0.0;0.0;0.0;0.0;0.0;0.0;0.0;0.0;0.0;0.0;0.0;0.0;888.0
Fortaleza;MESSEJANA;-3.8338055555556;-38.478027777778;1992;10;0.0;0.0;0.0;0.0;0.0;0.0;0.0;0.0;0.0;0.0;0.0;0.0;0.0;0.0;0.0;0.0;0.0;0.0;0.0;0.0;0.0;0.0;0.0;0.0;0.0;0.0;0.0;0.0;0.0;0.0;0.0;0.0
Fortaleza;MESSEJANA;-3.8338055555556;-38.478027777778;1992;11;0.0;0.0;0.0;0.0;0.0;0.0;0.0;0.0;0.0;0.0;0.0;0.0;0.0;0.0;0.0;0.0;0.0;0.0;0.0;0.0;0.0;0.0;0.0;0.0;0.0;0.0;0.0;0.0;0.0;0.0;0.0;888.0
Fortaleza;MESSEJANA;-3.8338055555556;-38.478027777778;1992;12;0.0;0.0;0.0;0.0;0.0;0.0;0.0;0.0;0.0;0.0;0.0;0.0;0.0;0.0;0.0;0.0;0.0;0.0;0.0;0.0;0.0;0.0;0.0;0.0;0.0;0.0;0.0;0.0;0.0;0.0;0.0;0.0
Fortaleza;MESSEJANA;-3.8338055555556;-38.478027777778;1996;4;189.2;999.0;999.0;999.0;999.0;999.0;999.0;999.0;999.0;999.0;999.0;999.0;999.0;999.0;999.0;999.0;999.0;999.0;0.0;6.6;0.0;0.0;0.0;83.0;2.0;52.0;19.6;12.8;2.6;4.2;6.4;888.0
Fortaleza;MESSEJANA;-3.8338055555556;-38.478027777778;1996;5;221.7;0.0;0.0;2.0;3.4;86.8;0.0;4.0;0.0;0.0;0.0;0.0;0.0;0.0;10.0;9.8;8.0;0.0;2.0;1.2;0.0;0.0;5.2;3.6;0.0;7.3;0.0;37.0;0.0;0.0;15.4;26.0
Fortaleza;MESSEJANA;-3.8338055555556;-38.478027777778;1996;6;12.8;1.4;1.7;3.0;0.0;0.0;0.0;0.0;0.0;0.0;0.0;0.0;0.0;0.0;0.0;0.0;0.0;0.0;0.0;1.2;0.0;0.0;0.0;0.0;1.7;0.0;0.0;3.8;0.0;0.0;0.0;888.0
Fortaleza;MESSEJANA;-3.8338055555556;-38.478027777778;1996;7;6.0;0.0;0.0;0.0;0.0;0.0;0.0;0.0;0.0;0.0;0.0;0.0;0.0;0.0;0.0;1.2;0.0;2.0;1.3;1.5;0.0;0.0;0.0;0.0;0.0;0.0;0.0;0.0;0.0;0.0;0.0;0.0
Fortaleza;MESSEJANA;-3.8338055555556;-38.478027777778;1996;8;37.2;0.0;0.0;4.7;12.0;0.0;0.0;0.0;0.0;0.0;0.0;0.0;0.0;0.0;0.0;0.0;0.0;13.0;4.0;3.5;0.0;0.0;0.0;0.0;0.0;0.0;0.0;0.0;0.0;0.0;0.0;0.0
Fortaleza;MESSEJANA;-3.8338055555556;-38.478027777778;1996;9;13.5;0.0;0.0;0.0;0.0;0.0;0.0;0.0;0.0;0.0;0.0;0.0;0.0;0.0;0.0;0.0;0.0;6.7;0.0;0.0;0.0;1.0;2.0;0.0;0.0;0.0;1.8;0.0;0.0;1.0;1.0;888.0
Fortaleza;MESSEJANA;-3.8338055555556;-38.478027777778;1996;10;9.6;0.0;0.0;0.1;0.0;0.0;0.0;0.0;0.0;0.1;0.0;0.0;4.0;0.0;0.0;0.2;0.0;0.2;5.0;0.0;0.0;0.0;0.0;0.0;0.0;0.0;0.0;0.0;0.0;0.0;0.0;0.0
Fortaleza;MESSEJANA;-3.8338055555556;-38.478027777778;1996;11;8.5;0.0;0.0;0.0;0.0;0.0;0.0;0.0;0.0;0.0;0.0;0.0;0.0;0.0;0.0;1.5;2.0;0.0;0.0;4.0;1.0;0.0;0.0;0.0;0.0;0.0;0.0;0.0;0.0;0.0;0.0;888.0
Fortaleza;MESSEJANA;-3.8338055555556;-38.478027777778;1996;12;17.2;0.0;1.2;2.7;0.0;0.0;0.0;1.5;1.0;0.0;0.0;0.0;0.0;0.0;1.0;0.0;0.0;0.0;0.0;0.0;0.0;0.0;0.0;0.0;0.0;0.0;3.2;4.2;2.4;0.0;0.0;0.0
Fortaleza;MESSEJANA;-3.8338055555556;-38.478027777778;1997;2;33.7;0.0;0.0;1.5;0.0;0.0;2.7;1.5;0.0;3.5;0.0;7.0;0.0;3.5;0.0;0.0;0.0;0.0;9.0;0.0;1.0;0.0;4.0;0.0;0.0;0.0;0.0;0.0;0.0;888.0;888.0;888.0
Fortaleza;MESSEJANA;-3.8338055555556;-38.478027777778;1997;3;154.3;0.0;0.0;28.0;27.0;0.0;0.0;0.0;1.0;0.0;0.0;0.0;0.0;0.0;0.0;0.0;0.0;0.0;0.0;0.0;0.0;0.0;0.0;38.0;0.0;22.0;3.0;0.3;35.0;0.0;0.0;0.0
Fortaleza;MESSEJANA;-3.8338055555556;-38.478027777778;1997;4;370.7;0.0;7.0;28.0;0.0;30.0;0.0;16.0;0.0;4.0;41.0;42.0;20.0;21.0;19.0;0.0;0.0;0.0;2.7;0.0;0.0;0.0;0.0;0.0;140.0;999.0;999.0;999.0;999.0;999.0;999.0;888.0
Fortaleza;MESSEJANA;-3.8338055555556;-38.478027777778;1997;5;192.0;0.0;7.0;25.0;0.0;10.0;10.0;15.0;7.0;8.0;0.0;7.0;5.0;0.0;19.0;2.0;0.0;0.0;30.0;7.0;0.0;0.0;0.0;6.0;28.0;4.0;0.0;0.0;2.0;0.0;0.0;0.0
Fortaleza;MESSEJANA;-3.8338055555556;-38.478027777778;1997;6;6.5;0.0;0.0;0.5;0.0;0.0;1.0;0.0;0.0;2.0;0.0;0.0;0.0;0.0;0.0;0.0;0.0;1.5;0.0;0.0;0.0;0.0;0.0;0.0;0.0;0.0;0.0;0.0;1.0;0.0;0.5;888.0
Fortaleza;MESSEJANA;-3.8338055555556;-38.478027777778;1997;7;27.5;0.0;0.0;0.0;6.0;0.0;0.0;0.0;0.0;0.0;0.0;0.0;0.5;0.0;0.0;0.0;0.0;0.0;0.0;0.0;0.0;0.0;0.0;0.0;0.0;0.0;0.0;0.0;0.0;0.0;0.0;21.0
Fortaleza;MESSEJANA;-3.8338055555556;-38.478027777778;1997;8;5.5;0.0;0.0;0.0;0.0;0.0;0.0;0.0;0.0;0.0;0.0;0.3;1.2;0.0;0.0;0.0;0.0;1.5;0.0;0.0;0.0;0.0;0.0;0.0;0.0;2.5;0.0;0.0;0.0;0.0;0.0;0.0
Fortaleza;MESSEJANA;-3.8338055555556;-38.478027777778;1997;11;0.0;0.0;0.0;0.0;0.0;0.0;0.0;0.0;0.0;0.0;0.0;0.0;0.0;0.0;0.0;0.0;0.0;0.0;0.0;0.0;0.0;0.0;0.0;0.0;0.0;0.0;0.0;0.0;0.0;0.0;0.0;888.0
Fortaleza;MESSEJANA;-3.8338055555556;-38.478027777778;1998;1;164.1;0.0;0.0;0.0;1.5;0.0;0.0;0.0;0.0;0.0;0.0;1.0;35.0;0.0;0.0;3.0;5.0;6.0;0.0;1.8;15.0;10.0;18.0;2.3;0.0;0.0;6.0;9.0;28.5;12.0;10.0;0.0
Fortaleza;MESSEJANA;-3.8338055555556;-38.478027777778;1998;2;51.0;6.0;27.0;0.0;0.0;12.0;0.0;0.0;0.0;0.0;0.0;0.0;0.0;0.0;0.0;0.0;0.0;0.0;6.0;0.0;0.0;0.0;0.0;0.0;0.0;0.0;0.0;0.0;0.0;888.0;888.0;888.0
Fortaleza;MESSEJANA;-3.8338055555556;-38.478027777778;1998;3;427.0;39.0;0.0;0.0;15.0;0.0;0.0;4.0;0.0;0.0;64.0;0.0;5.0;3.0;15.0;0.0;4.0;0.0;0.0;11.0;0.0;16.0;40.0;143.0;0.0;0.0;0.0;0.0;24.0;0.0;9.0;35.0
Fortaleza;MESSEJANA;-3.8338055555556;-38.478027777778;1998;4;162.5;21.0;9.0;32.0;0.0;0.0;0.0;0.0;0.0;0.0;6.0;6.0;0.0;15.0;9.0;0.0;0.0;0.0;10.0;9.0;0.0;0.0;0.0;0.0;0.0;0.0;0.0;0.0;33.0;12.5;0.0;888.0
Fortaleza;MESSEJANA;-3.8338055555556;-38.478027777778;1998;5;60.0;0.0;36.0;12.0;0.0;0.0;0.0;0.0;0.0;0.0;0.0;0.0;0.0;0.0;0.0;0.0;0.0;0.0;12.0;0.0;0.0;0.0;0.0;0.0;0.0;0.0;0.0;0.0;0.0;0.0;0.0;0.0
Fortaleza;MESSEJANA;-3.8338055555556;-38.478027777778;1998;6;30.5;0.0;0.0;0.0;0.0;0.0;0.0;0.0;0.0;0.0;0.0;0.0;0.0;0.0;3.0;0.0;5.0;0.0;0.0;0.0;0.0;14.5;0.0;0.0;2.0;0.0;6.0;0.0;0.0;0.0;0.0;888.0
Fortaleza;MESSEJANA;-3.8338055555556;-38.478027777778;1998;7;25.5;0.0;0.0;0.0;0.0;0.0;0.0;0.0;0.0;0.0;0.0;5.0;0.0;0.0;0.0;0.0;0.0;3.0;0.0;0.0;0.0;0.0;0.0;0.0;0.0;0.0;0.0;0.0;0.0;0.0;8.5;9.0
Fortaleza;MESSEJANA;-3.8338055555556;-38.478027777778;1998;8;0.0;0.0;0.0;0.0;0.0;0.0;0.0;0.0;0.0;0.0;0.0;0.0;0.0;0.0;0.0;0.0;0.0;0.0;0.0;0.0;0.0;0.0;0.0;0.0;0.0;0.0;0.0;0.0;0.0;0.0;0.0;0.0
Fortaleza;MESSEJANA;-3.8338055555556;-38.478027777778;1998;9;0.0;0.0;0.0;0.0;0.0;0.0;0.0;0.0;0.0;0.0;0.0;0.0;0.0;0.0;0.0;0.0;0.0;0.0;0.0;0.0;0.0;0.0;0.0;0.0;0.0;0.0;0.0;0.0;0.0;0.0;0.0;888.0
Fortaleza;MESSEJANA;-3.8338055555556;-38.478027777778;1998;10;2.1;0.0;0.0;0.0;0.0;0.0;0.0;0.0;0.0;0.8;0.0;0.0;0.0;0.0;0.0;0.0;1.3;0.0;0.0;0.0;0.0;0.0;0.0;0.0;0.0;0.0;0.0;0.0;0.0;0.0;0.0;0.0
Fortaleza;MESSEJANA;-3.8338055555556;-38.478027777778;1998;11;15.0;0.0;0.0;0.0;0.0;0.0;0.0;0.0;0.0;0.0;0.0;0.0;0.0;0.0;0.0;0.0;0.0;0.0;0.0;0.0;0.0;0.0;0.0;0.0;0.0;0.0;12.0;3.0;0.0;0.0;0.0;888.0
Fortaleza;MESSEJANA;-3.8338055555556;-38.478027777778;1998;12;23.5;0.0;0.0;0.0;0.0;0.0;0.0;0.0;0.0;0.0;0.0;0.0;0.0;0.0;0.0;0.0;5.0;5.0;0.0;0.0;0.0;0.0;0.0;0.0;0.0;3.7;3.8;0.0;0.0;3.0;3.0;0.0
Fortaleza;MESSEJANA;-3.8338055555556;-38.478027777778;1999;1;58.2;0.0;0.0;0.0;0.0;0.0;0.0;0.0;1.8;0.0;0.0;0.0;0.0;2.0;0.0;2.6;0.0;7.0;10.5;0.0;0.0;6.3;22.5;0.0;0.0;2.0;0.0;0.0;0.0;3.5;0.0;0.0
Fortaleza;MESSEJANA;-3.8338055555556;-38.478027777778;1999;2;113.0;0.0;0.0;0.0;1.0;0.0;0.0;0.0;0.0;0.0;0.0;0.0;0.0;0.0;0.0;0.0;0.0;0.0;6.0;0.0;0.0;0.0;18.0;13.0;37.0;22.0;6.0;4.0;6.0;888.0;888.0;888.0
Fortaleza;MESSEJANA;-3.8338055555556;-38.478027777778;1999;3;226.0;8.0;11.0;0.0;20.0;0.0;0.0;0.0;0.0;4.0;0.0;0.0;11.0;0.0;0.0;4.0;1.0;0.0;11.0;82.0;13.0;0.0;1.0;8.0;29.0;0.0;0.0;18.0;0.0;5.0;0.0;0.0
Fortaleza;MESSEJANA;-3.8338055555556;-38.478027777778;1999;4;410.0;0.0;0.0;0.0;16.0;23.0;33.0;0.0;0.0;0.0;3.0;10.0;5.0;8.0;30.0;7.0;18.0;0.0;0.0;0.0;0.0;0.0;6.0;8.0;42.0;9.0;19.0;74.0;56.0;33.0;10.0;888.0
Fortaleza;MESSEJANA;-3.8338055555556;-38.478027777778;1999;5;374.0;91.0;4.0;0.0;6.0;25.0;0.0;13.0;0.0;35.0;56.0;24.0;0.0;0.0;0.0;11.0;0.0;28.0;12.0;0.0;7.0;0.0;23.0;22.0;12.0;0.0;0.0;0.0;0.0;5.0;0.0;0.0
Fortaleza;MESSEJANA;-3.8338055555556;-38.478027777778;1999;6;45.0;6.0;0.0;0.0;0.0;0.0;0.0;0.0;0.0;0.0;0.0;0.0;19.0;0.0;0.0;0.0;0.0;0.0;0.0;0.0;0.0;0.0;0.0;0.0;0.0;9.0;11.0;0.0;0.0;0.0;0.0;888.0
Fortaleza;MESSEJANA;-3.8338055555556;-38.478027777778;1999;7;0.0;0.0;0.0;0.0;0.0;0.0;0.0;0.0;0.0;0.0;0.0;0.0;0.0;0.0;0.0;0.0;0.0;0.0;0.0;0.0;0.0;0.0;0.0;0.0;0.0;0.0;0.0;0.0;0.0;0.0;0.0;0.0
Fortaleza;MESSEJANA;-3.8338055555556;-38.478027777778;1999;8;6.0;0.0;0.0;0.0;0.0;0.0;0.0;0.0;0.0;0.0;0.0;0.0;0.0;0.0;0.0;0.0;0.0;0.0;0.0;0.0;0.0;0.0;0.0;0.0;0.0;0.0;0.0;0.0;0.0;0.0;6.0;0.0
Fortaleza;MESSEJANA;-3.8338055555556;-38.478027777778;1999;9;27.0;0.0;0.0;0.0;0.0;0.0;0.0;0.0;0.0;0.0;0.0;0.0;0.0;20.0;0.0;0.0;0.0;0.0;0.0;0.0;7.0;0.0;0.0;0.0;0.0;0.0;0.0;0.0;0.0;0.0;0.0;888.0
Fortaleza;MESSEJANA;-3.8338055555556;-38.478027777778;1999;10;1.0;0.0;0.0;0.0;0.0;0.0;0.0;0.0;0.0;0.0;0.0;0.0;0.0;1.0;0.0;0.0;0.0;0.0;0.0;0.0;0.0;0.0;0.0;0.0;0.0;0.0;0.0;0.0;0.0;0.0;0.0;0.0
Fortaleza;MESSEJANA;-3.8338055555556;-38.478027777778;1999;11;6.0;0.0;0.0;3.0;0.0;0.0;0.0;0.0;0.0;0.0;0.0;0.0;3.0;0.0;0.0;0.0;0.0;0.0;0.0;0.0;0.0;0.0;0.0;0.0;0.0;0.0;0.0;0.0;0.0;0.0;0.0;888.0
Fortaleza;MESSEJANA;-3.8338055555556;-38.478027777778;1999;12;51.0;0.0;0.0;0.0;0.0;0.0;0.0;0.0;0.0;2.0;0.0;0.0;0.0;0.0;0.0;0.0;0.0;0.0;0.0;0.0;0.0;0.0;18.0;10.0;4.0;0.0;0.0;0.0;6.0;7.0;4.0;0.0
Fortaleza;MESSEJANA;-3.8338055555556;-38.478027777778;2000;1;251.0;0.0;0.0;12.0;55.0;47.0;26.0;24.0;5.0;3.0;6.0;5.0;7.0;0.0;0.0;0.0;13.0;4.0;44.0;0.0;0.0;0.0;0.0;0.0;0.0;0.0;0.0;0.0;0.0;0.0;0.0;0.0
Fortaleza;MESSEJANA;-3.8338055555556;-38.478027777778;2000;2;102.0;0.0;0.0;0.0;0.0;0.0;0.0;0.0;0.0;0.0;0.0;0.0;0.0;0.0;0.0;0.0;0.0;0.0;35.0;15.0;0.0;7.0;0.0;13.0;2.0;10.0;0.0;12.0;1.0;7.0;888.0;888.0
Fortaleza;MESSEJANA;-3.8338055555556;-38.478027777778;2000;3;359.0;4.0;26.0;10.0;0.0;0.0;0.0;0.0;0.0;16.0;9.0;21.0;0.0;0.0;0.0;3.0;0.0;0.0;10.0;0.0;9.0;2.0;0.0;22.0;22.0;21.0;0.0;25.0;17.0;78.0;0.0;64.0
Fortaleza;MESSEJANA;-3.8338055555556;-38.478027777778;2000;4;555.0;12.0;14.0;14.0;0.0;18.0;15.0;27.0;16.0;28.0;58.0;5.0;16.0;2.0;30.0;13.0;0.0;2.0;0.0;49.0;17.0;25.0;6.0;0.0;38.0;10.0;0.0;11.0;15.0;43.0;71.0;888.0
Fortaleza;MESSEJANA;-3.8338055555556;-38.478027777778;2000;5;166.0;12.0;8.0;19.0;2.0;34.0;36.0;0.0;0.0;2.0;4.0;0.0;0.0;0.0;8.0;2.0;0.0;16.0;2.0;0.0;0.0;0.0;0.0;0.0;0.0;0.0;0.0;0.0;0.0;0.0;15.0;6.0
Fortaleza;MESSEJANA;-3.8338055555556;-38.478027777778;2000;6;65.0;5.0;0.0;0.0;0.0;0.0;0.0;0.0;4.0;0.0;10.0;1.0;1.0;0.0;6.0;8.0;7.0;0.0;0.0;0.0;7.0;0.0;0.0;0.0;0.0;0.0;0.0;7.0;9.0;0.0;0.0;888.0
Fortaleza;MESSEJANA;-3.8338055555556;-38.478027777778;2000;7;129.0;2.0;0.0;0.0;0.0;0.0;0.0;0.0;0.0;0.0;0.0;14.0;8.0;79.0;0.0;0.0;0.0;0.0;0.0;0.0;0.0;0.0;5.0;0.0;0.0;0.0;0.0;7.0;14.0;0.0;0.0;0.0
Fortaleza;MESSEJANA;-3.8338055555556;-38.478027777778;2000;8;151.0;9.0;77.0;13.0;0.0;0.0;13.0;13.0;3.0;0.0;0.0;0.0;0.0;0.0;0.0;0.0;0.0;0.0;0.0;0.0;0.0;0.0;0.0;0.0;4.0;19.0;0.0;0.0;0.0;0.0;0.0;0.0
Fortaleza;MESSEJANA;-3.8338055555556;-38.478027777778;2000;9;140.0;0.0;0.0;0.0;0.0;0.0;0.0;0.0;0.0;11.0;45.0;5.0;8.0;29.0;0.0;2.0;6.0;0.0;0.0;0.0;0.0;0.0;0.0;0.0;19.0;5.0;8.0;0.0;2.0;0.0;0.0;888.0
Fortaleza;MESSEJANA;-3.8338055555556;-38.478027777778;2000;10;0.0;0.0;0.0;0.0;0.0;0.0;0.0;0.0;0.0;0.0;0.0;0.0;0.0;0.0;0.0;0.0;0.0;0.0;0.0;0.0;0.0;0.0;0.0;0.0;0.0;0.0;0.0;0.0;0.0;0.0;0.0;0.0
Fortaleza;MESSEJANA;-3.8338055555556;-38.478027777778;2000;11;4.0;0.0;0.0;0.0;0.0;0.0;0.0;0.0;0.0;0.0;0.0;0.0;0.0;0.0;0.0;0.0;0.0;4.0;0.0;0.0;0.0;0.0;0.0;0.0;0.0;0.0;0.0;0.0;0.0;0.0;0.0;888.0
Fortaleza;MESSEJANA;-3.8338055555556;-38.478027777778;2000;12;0.0;0.0;0.0;0.0;0.0;0.0;0.0;0.0;0.0;0.0;0.0;0.0;0.0;0.0;0.0;0.0;0.0;0.0;0.0;0.0;0.0;0.0;0.0;0.0;0.0;0.0;0.0;0.0;0.0;0.0;0.0;0.0
Fortaleza;MESSEJANA;-3.8338055555556;-38.478027777778;2001;1;127.0;0.0;0.0;0.0;3.0;0.0;0.0;61.0;1.0;0.0;10.0;0.0;3.0;32.0;2.0;0.0;8.0;0.0;0.0;0.0;0.0;0.0;4.0;3.0;0.0;0.0;0.0;0.0;0.0;0.0;0.0;0.0
Fortaleza;MESSEJANA;-3.8338055555556;-38.478027777778;2001;2;72.0;0.0;6.0;0.0;0.0;6.0;0.0;0.0;0.0;0.0;5.0;16.0;0.0;0.0;0.0;0.0;0.0;0.0;6.0;0.0;7.0;0.0;0.0;0.0;0.0;18.0;4.0;4.0;0.0;888.0;888.0;888.0
Fortaleza;MESSEJANA;-3.8338055555556;-38.478027777778;2001;3;203.0;6.0;0.0;0.0;0.0;34.0;0.0;0.0;0.0;31.0;9.0;0.0;7.0;17.0;7.0;2.0;0.0;0.0;0.0;1.0;0.0;0.0;0.0;0.0;0.0;20.0;3.0;0.0;8.0;54.0;4.0;0.0
Fortaleza;MESSEJANA;-3.8338055555556;-38.478027777778;2001;4;914.8;30.0;8.0;32.0;38.0;7.0;8.0;46.0;30.0;16.0;40.0;97.0;0.3;15.0;100.0;33.5;18.0;0.0;0.0;134.0;46.0;29.0;54.0;0.0;0.0;0.0;0.0;2.0;82.0;18.0;31.0;888.0
Fortaleza;MESSEJANA;-3.8338055555556;-38.478027777778;2001;5;102.0;0.0;0.0;0.0;0.0;0.0;0.0;23.0;0.0;0.0;0.0;0.0;0.0;0.0;0.0;0.0;1.0;0.0;0.0;0.0;0.0;0.0;9.0;0.0;26.0;33.0;0.0;0.0;0.0;0.0;0.0;10.0
Fortaleza;MESSEJANA;-3.8338055555556;-38.478027777778;2001;6;171.0;10.0;10.0;0.0;20.0;59.0;5.0;0.0;18.0;1.0;0.0;0.0;2.0;0.0;6.0;6.0;0.0;0.0;0.0;0.0;0.0;0.0;0.0;30.0;0.0;0.0;0.0;0.0;4.0;0.0;0.0;888.0
Fortaleza;MESSEJANA;-3.8338055555556;-38.478027777778;2001;7;29.0;5.0;0.0;0.0;20.0;0.0;0.0;0.0;0.0;0.0;0.0;0.0;0.0;0.0;0.0;0.0;0.0;0.0;0.0;0.0;0.0;4.0;0.0;0.0;0.0;0.0;0.0;0.0;0.0;0.0;0.0;0.0
Fortaleza;MESSEJANA;-3.8338055555556;-38.478027777778;2001;8;0.0;0.0;0.0;0.0;0.0;0.0;0.0;0.0;0.0;0.0;0.0;0.0;0.0;0.0;0.0;0.0;0.0;0.0;0.0;0.0;0.0;0.0;0.0;0.0;0.0;0.0;0.0;0.0;0.0;0.0;0.0;0.0
Fortaleza;MESSEJANA;-3.8338055555556;-38.478027777778;2001;9;0.0;0.0;0.0;0.0;0.0;0.0;0.0;0.0;0.0;0.0;0.0;0.0;0.0;0.0;0.0;0.0;0.0;0.0;0.0;0.0;0.0;0.0;0.0;0.0;0.0;0.0;0.0;0.0;0.0;0.0;0.0;888.0
Fortaleza;MESSEJANA;-3.8338055555556;-38.478027777778;2001;10;0.0;0.0;0.0;0.0;0.0;0.0;0.0;0.0;0.0;0.0;0.0;0.0;0.0;0.0;0.0;0.0;0.0;0.0;0.0;0.0;0.0;0.0;0.0;0.0;0.0;0.0;0.0;0.0;0.0;0.0;0.0;0.0
Fortaleza;MESSEJANA;-3.8338055555556;-38.478027777778;2001;11;9.0;0.0;0.0;0.0;0.0;0.0;0.0;1.0;0.0;0.0;0.0;0.0;0.0;0.0;0.0;0.0;0.0;0.0;0.0;0.0;0.0;0.0;0.0;0.0;0.0;0.0;7.0;0.0;1.0;0.0;0.0;888.0
Fortaleza;MESSEJANA;-3.8338055555556;-38.478027777778;2001;12;21.0;0.0;0.0;0.0;0.0;0.0;0.0;0.0;3.0;11.0;0.0;0.0;0.0;0.0;1.0;1.0;5.0;0.0;0.0;0.0;0.0;0.0;0.0;0.0;0.0;0.0;0.0;0.0;0.0;0.0;0.0;0.0
Fortaleza;MESSEJANA;-3.8338055555556;-38.478027777778;2002;1;313.0;0.0;0.0;0.0;0.0;0.0;0.0;30.0;50.0;32.0;6.0;0.0;7.0;4.0;0.0;0.0;0.0;6.0;69.0;3.0;0.0;9.0;59.0;0.0;0.0;0.0;6.0;0.0;28.0;3.0;0.0;1.0
Fortaleza;MESSEJANA;-3.8338055555556;-38.478027777778;2002;2;53.5;0.0;9.0;0.0;0.0;0.0;0.0;11.0;0.0;0.0;3.5;0.0;0.0;0.0;7.0;23.0;0.0;0.0;0.0;0.0;0.0;0.0;0.0;0.0;0.0;0.0;0.0;0.0;0.0;888.0;888.0;888.0
Fortaleza;MESSEJANA;-3.8338055555556;-38.478027777778;2002;3;248.0;0.0;14.0;11.0;11.0;15.0;0.0;2.0;17.0;48.0;0.0;1.0;0.0;0.0;0.0;0.0;0.0;0.0;13.0;21.0;12.0;0.0;0.0;35.0;0.0;0.0;0.0;29.0;19.0;0.0;0.0;0.0
Fortaleza;MESSEJANA;-3.8338055555556;-38.478027777778;2002;4;608.0;0.0;0.0;38.0;49.0;38.0;8.0;0.0;72.0;5.0;60.0;103.0;8.0;0.0;0.0;14.0;0.0;0.0;0.0;0.0;0.0;0.0;0.0;35.0;0.0;6.0;26.0;21.0;0.0;116.0;9.0;888.0
Fortaleza;MESSEJANA;-3.8338055555556;-38.478027777778;2002;5;163.0;19.0;6.0;0.0;0.0;0.0;21.0;6.0;0.0;0.0;0.0;33.0;0.0;0.0;0.0;0.0;0.0;0.0;0.0;0.0;0.0;0.0;15.0;6.0;6.0;0.0;17.0;34.0;0.0;0.0;0.0;0.0
Fortaleza;MESSEJANA;-3.8338055555556;-38.478027777778;2002;6;145.0;0.0;0.0;0.0;0.0;0.0;0.0;20.0;0.0;0.0;0.0;0.0;5.0;40.0;4.0;0.0;38.0;0.0;0.0;7.0;23.0;0.0;0.0;0.0;0.0;0.0;0.0;8.0;0.0;0.0;0.0;888.0
Fortaleza;MESSEJANA;-3.8338055555556;-38.478027777778;2002;7;112.0;27.0;4.0;0.0;12.0;0.0;0.0;0.0;0.0;0.0;40.0;7.0;3.0;0.0;0.0;0.0;0.0;0.0;0.0;0.0;0.0;0.0;0.0;0.0;0.0;8.0;0.0;5.0;0.0;0.0;0.0;6.0
Fortaleza;MESSEJANA;-3.8338055555556;-38.478027777778;2002;8;0.0;0.0;0.0;0.0;0.0;0.0;0.0;0.0;0.0;0.0;0.0;0.0;0.0;0.0;0.0;0.0;0.0;0.0;0.0;0.0;0.0;0.0;0.0;0.0;0.0;0.0;0.0;0.0;0.0;0.0;0.0;0.0
Fortaleza;MESSEJANA;-3.8338055555556;-38.478027777778;2002;9;0.0;0.0;0.0;0.0;0.0;0.0;0.0;0.0;0.0;0.0;0.0;0.0;0.0;0.0;0.0;0.0;0.0;0.0;0.0;0.0;0.0;0.0;0.0;0.0;0.0;0.0;0.0;0.0;0.0;0.0;0.0;888.0
Fortaleza;MESSEJANA;-3.8338055555556;-38.478027777778;2002;10;0.0;0.0;0.0;0.0;0.0;0.0;0.0;0.0;0.0;0.0;0.0;0.0;0.0;0.0;0.0;0.0;0.0;0.0;0.0;0.0;0.0;0.0;0.0;0.0;0.0;0.0;0.0;0.0;0.0;0.0;0.0;0.0
Fortaleza;MESSEJANA;-3.8338055555556;-38.478027777778;2002;11;0.0;0.0;0.0;0.0;0.0;0.0;0.0;0.0;0.0;0.0;0.0;0.0;0.0;0.0;0.0;0.0;0.0;0.0;0.0;0.0;0.0;0.0;0.0;0.0;0.0;0.0;0.0;0.0;0.0;0.0;0.0;888.0
Fortaleza;MESSEJANA;-3.8338055555556;-38.478027777778;2002;12;0.0;0.0;0.0;0.0;0.0;0.0;0.0;0.0;0.0;0.0;0.0;0.0;0.0;0.0;0.0;0.0;0.0;0.0;0.0;0.0;0.0;0.0;0.0;0.0;0.0;0.0;0.0;0.0;0.0;0.0;0.0;0.0
Fortaleza;MESSEJANA;-3.8338055555556;-38.478027777778;2003;1;146.0;0.0;0.0;0.0;0.0;0.0;0.0;0.0;0.0;0.0;0.0;0.0;0.0;0.0;0.0;0.0;0.0;0.0;0.0;0.0;17.0;8.0;0.0;0.0;15.0;0.0;0.0;24.0;24.0;0.0;45.0;13.0
Fortaleza;MESSEJANA;-3.8338055555556;-38.478027777778;2003;2;254.0;0.0;0.0;24.0;14.0;1.0;6.0;0.0;0.0;0.0;0.0;20.0;0.0;6.0;0.0;0.0;0.0;13.0;14.0;0.0;0.0;36.0;0.0;0.0;36.0;4.0;15.0;50.0;15.0;888.0;888.0;888.0
Fortaleza;MESSEJANA;-3.8338055555556;-38.478027777778;2003;3;326.0;0.0;0.0;0.0;0.0;0.0;0.0;0.0;0.0;0.0;0.0;8.0;59.0;4.0;46.0;10.0;0.0;44.0;13.0;44.0;7.0;7.0;0.0;10.0;0.0;7.0;22.0;0.0;0.0;5.0;35.0;5.0
Fortaleza;MESSEJANA;-3.8338055555556;-38.478027777778;2003;4;417.0;43.0;15.0;0.0;0.0;0.0;0.0;14.0;0.0;4.0;20.0;70.0;0.0;0.0;0.0;0.0;0.0;0.0;0.0;10.0;43.0;5.0;20.0;0.0;0.0;0.0;113.0;9.0;0.0;19.0;32.0;888.0
Fortaleza;MESSEJANA;-3.8338055555556;-38.478027777778;2003;5;201.0;61.0;16.0;0.0;0.0;29.0;0.0;0.0;0.0;7.0;23.0;0.0;0.0;20.0;12.0;7.0;0.0;0.0;0.0;10.0;0.0;0.0;0.0;0.0;0.0;0.0;0.0;0.0;0.0;0.0;16.0;0.0
Fortaleza;MESSEJANA;-3.8338055555556;-38.478027777778;2003;6;111.0;0.0;19.0;0.0;27.0;39.0;5.0;0.0;0.0;0.0;3.0;0.0;0.0;0.0;0.0;0.0;15.0;0.0;0.0;0.0;3.0;0.0;0.0;0.0;0.0;0.0;0.0;0.0;0.0;0.0;0.0;888.0
Fortaleza;MESSEJANA;-3.8338055555556;-38.478027777778;2003;7;0.0;0.0;999.0;999.0;999.0;999.0;999.0;999.0;999.0;999.0;999.0;999.0;999.0;999.0;999.0;999.0;999.0;999.0;999.0;999.0;999.0;999.0;999.0;999.0;999.0;999.0;999.0;999.0;999.0;999.0;999.0;999.0
Fortaleza;MESSEJANA;-3.8338055555556;-38.478027777778;2003;8;0.0;0.0;999.0;999.0;999.0;999.0;999.0;999.0;999.0;999.0;999.0;999.0;999.0;999.0;999.0;999.0;999.0;999.0;999.0;999.0;999.0;999.0;999.0;999.0;999.0;999.0;999.0;999.0;999.0;999.0;999.0;999.0
Fortaleza;MESSEJANA;-3.8338055555556;-38.478027777778;2003;9;0.0;0.0;999.0;999.0;999.0;999.0;999.0;999.0;999.0;999.0;999.0;999.0;999.0;999.0;999.0;999.0;999.0;999.0;999.0;999.0;999.0;999.0;999.0;999.0;999.0;999.0;999.0;999.0;999.0;999.0;999.0;888.0
Fortaleza;MESSEJANA;-3.8338055555556;-38.478027777778;2003;10;0.0;0.0;999.0;999.0;999.0;999.0;999.0;999.0;999.0;999.0;999.0;999.0;999.0;999.0;999.0;999.0;999.0;999.0;999.0;999.0;999.0;999.0;999.0;999.0;999.0;999.0;999.0;999.0;999.0;999.0;999.0;999.0
Fortaleza;MESSEJANA;-3.8338055555556;-38.478027777778;2003;11;0.0;0.0;999.0;999.0;999.0;999.0;999.0;999.0;999.0;999.0;999.0;999.0;999.0;999.0;999.0;999.0;999.0;999.0;999.0;999.0;999.0;999.0;999.0;999.0;999.0;999.0;999.0;999.0;999.0;999.0;999.0;888.0
Fortaleza;MESSEJANA;-3.8338055555556;-38.478027777778;2003;12;0.0;0.0;999.0;999.0;999.0;999.0;999.0;999.0;999.0;999.0;999.0;999.0;999.0;999.0;999.0;999.0;999.0;999.0;999.0;999.0;999.0;999.0;999.0;999.0;999.0;999.0;999.0;999.0;999.0;999.0;999.0;999.0
Fortaleza;MESSEJANA;-3.8338055555556;-38.478027777778;2004;1;326.5;0.0;0.0;0.0;0.0;0.0;0.0;0.0;0.0;0.0;0.0;0.0;0.0;0.0;40.0;5.0;0.0;0.0;0.0;16.0;0.0;37.0;0.0;7.0;0.0;0.0;0.5;6.0;80.0;133.0;2.0;0.0
Fortaleza;MESSEJANA;-3.8338055555556;-38.478027777778;2004;2;329.0;0.0;8.0;7.0;31.0;6.0;5.0;0.0;5.0;45.0;8.0;0.0;19.0;0.0;39.0;0.0;27.0;34.0;0.0;0.0;11.0;18.0;0.0;0.0;0.0;0.0;5.0;34.0;0.0;27.0;888.0;888.0
Fortaleza;MESSEJANA;-3.8338055555556;-38.478027777778;2004;3;482.0;0.0;0.0;0.0;25.0;0.0;0.0;139.0;0.0;0.0;97.0;5.0;0.0;0.0;0.0;12.0;48.0;22.0;0.0;0.0;0.0;0.0;0.0;34.0;14.0;0.0;55.0;12.0;19.0;0.0;0.0;0.0
Fortaleza;MESSEJANA;-3.8338055555556;-38.478027777778;2004;4;73.0;7.0;0.0;0.0;4.0;2.0;3.0;0.0;0.0;0.0;0.0;0.0;0.0;0.0;0.0;0.0;0.0;0.0;5.0;9.0;0.0;0.0;0.0;5.0;11.0;20.0;0.0;0.0;7.0;0.0;0.0;888.0
Fortaleza;MESSEJANA;-3.8338055555556;-38.478027777778;2004;5;66.0;0.0;0.0;0.0;0.0;11.0;0.0;0.0;0.0;0.0;0.0;0.0;0.0;0.0;0.0;0.0;0.0;0.0;9.0;0.0;5.0;28.0;0.0;0.0;6.0;0.0;0.0;0.0;7.0;0.0;0.0;0.0
Fortaleza;MESSEJANA;-3.8338055555556;-38.478027777778;2004;6;251.5;0.0;0.0;0.0;0.0;1.0;11.0;0.0;1.0;0.0;0.0;2.0;0.0;0.0;0.0;5.0;0.0;0.0;18.0;39.0;5.5;7.0;82.0;0.0;0.0;0.0;0.0;6.0;71.0;3.0;0.0;888.0
Fortaleza;MESSEJANA;-3.8338055555556;-38.478027777778;2004;7;43.0;0.0;0.0;15.0;4.0;0.0;0.0;12.0;3.0;0.0;0.0;0.0;0.0;0.0;0.0;0.0;0.0;9.0;0.0;0.0;0.0;0.0;0.0;0.0;0.0;0.0;0.0;0.0;0.0;0.0;0.0;0.0
Fortaleza;MESSEJANA;-3.8338055555556;-38.478027777778;2004;8;0.0;0.0;0.0;0.0;0.0;0.0;0.0;0.0;0.0;0.0;0.0;0.0;0.0;0.0;0.0;0.0;0.0;0.0;0.0;0.0;0.0;0.0;0.0;0.0;0.0;0.0;0.0;0.0;0.0;0.0;0.0;0.0
Fortaleza;MESSEJANA;-3.8338055555556;-38.478027777778;2004;9;32.0;0.0;0.0;0.0;0.0;0.0;0.0;0.0;0.0;0.0;0.0;0.0;0.0;0.0;0.0;0.0;0.0;0.0;0.0;0.0;0.0;0.0;25.0;7.0;0.0;0.0;0.0;0.0;0.0;0.0;0.0;888.0
Fortaleza;MESSEJANA;-3.8338055555556;-38.478027777778;2004;10;0.0;0.0;0.0;0.0;0.0;0.0;0.0;0.0;0.0;0.0;0.0;0.0;0.0;0.0;0.0;0.0;0.0;0.0;0.0;0.0;0.0;0.0;0.0;0.0;0.0;0.0;0.0;0.0;0.0;0.0;0.0;0.0
Fortaleza;MESSEJANA;-3.8338055555556;-38.478027777778;2004;11;0.0;0.0;0.0;0.0;0.0;0.0;0.0;0.0;0.0;0.0;0.0;0.0;0.0;0.0;0.0;0.0;0.0;0.0;0.0;0.0;0.0;0.0;0.0;0.0;0.0;0.0;0.0;0.0;0.0;0.0;0.0;888.0
Fortaleza;MESSEJANA;-3.8338055555556;-38.478027777778;2004;12;0.0;0.0;0.0;0.0;0.0;0.0;0.0;0.0;0.0;0.0;0.0;0.0;0.0;0.0;0.0;0.0;0.0;0.0;0.0;0.0;0.0;0.0;0.0;0.0;0.0;0.0;0.0;0.0;0.0;0.0;0.0;0.0
Fortaleza;MESSEJANA;-3.8338055555556;-38.478027777778;2005;1;3.0;0.0;0.0;0.0;0.0;0.0;0.0;0.0;0.0;0.0;0.0;0.0;0.0;0.0;0.0;0.0;0.0;0.0;0.0;0.0;0.0;0.0;0.0;0.0;1.0;2.0;0.0;0.0;0.0;0.0;0.0;0.0
Fortaleza;MESSEJANA;-3.8338055555556;-38.478027777778;2005;2;72.0;2.0;0.0;0.0;0.0;0.0;0.0;0.0;5.0;0.0;0.0;0.0;0.0;0.0;0.0;5.0;36.0;10.0;0.0;0.0;3.0;0.0;0.0;7.0;0.0;4.0;0.0;0.0;0.0;888.0;888.0;888.0
Fortaleza;MESSEJANA;-3.8338055555556;-38.478027777778;2005;3;185.5;0.0;0.0;0.0;0.0;0.0;0.0;0.0;3.0;0.0;9.0;0.0;6.0;0.0;0.0;0.0;0.0;0.0;8.0;15.0;3.0;2.0;3.0;42.0;15.0;0.0;2.0;6.0;35.0;0.0;0.0;36.5
Fortaleza;MESSEJANA;-3.8338055555556;-38.478027777778;2005;4;187.5;16.0;0.0;0.0;0.0;26.0;0.0;0.0;0.0;0.0;0.0;34.0;10.0;25.0;21.5;21.0;20.0;0.0;0.0;0.0;0.0;0.0;0.0;0.0;0.0;0.0;0.0;0.0;0.0;14.0;0.0;888.0
Fortaleza;MESSEJANA;-3.8338055555556;-38.478027777778;2005;5;292.2;15.0;0.0;0.0;6.0;0.0;0.0;18.0;0.0;0.0;0.0;0.0;25.0;8.2;0.0;0.0;0.0;19.0;15.0;0.0;32.0;0.0;0.0;65.0;18.0;3.0;0.0;0.0;0.0;0.0;61.0;7.0
Fortaleza;MESSEJANA;-3.8338055555556;-38.478027777778;2005;6;97.0;10.0;0.0;0.0;0.0;0.0;27.0;0.0;0.0;0.0;0.0;0.0;0.0;7.0;1.0;5.0;0.0;0.0;33.0;0.0;0.0;0.0;0.0;0.0;8.0;0.0;0.0;6.0;0.0;0.0;0.0;888.0
Fortaleza;MESSEJANA;-3.8338055555556;-38.478027777778;2005;7;41.5;0.0;0.0;0.0;17.0;0.0;0.0;3.0;11.0;0.0;0.0;0.0;0.0;0.0;0.0;0.0;0.0;0.0;0.0;0.0;5.5;5.0;0.0;0.0;0.0;0.0;0.0;0.0;0.0;0.0;0.0;0.0
Fortaleza;MESSEJANA;-3.8338055555556;-38.478027777778;2005;8;0.0;0.0;0.0;0.0;0.0;0.0;0.0;0.0;0.0;0.0;0.0;0.0;0.0;0.0;0.0;0.0;0.0;0.0;0.0;0.0;0.0;0.0;0.0;0.0;0.0;0.0;0.0;0.0;0.0;0.0;0.0;0.0
Fortaleza;MESSEJANA;-3.8338055555556;-38.478027777778;2005;9;0.0;0.0;0.0;0.0;0.0;0.0;0.0;0.0;0.0;0.0;0.0;0.0;0.0;0.0;0.0;0.0;0.0;0.0;0.0;0.0;0.0;0.0;0.0;0.0;0.0;0.0;0.0;0.0;0.0;0.0;0.0;888.0
Fortaleza;MESSEJANA;-3.8338055555556;-38.478027777778;2005;10;0.0;0.0;0.0;0.0;0.0;0.0;0.0;0.0;0.0;0.0;0.0;0.0;0.0;0.0;0.0;0.0;0.0;0.0;0.0;0.0;0.0;0.0;0.0;0.0;0.0;0.0;0.0;0.0;0.0;0.0;0.0;0.0
Fortaleza;MESSEJANA;-3.8338055555556;-38.478027777778;2005;11;0.0;0.0;0.0;0.0;0.0;0.0;0.0;0.0;0.0;0.0;0.0;0.0;0.0;0.0;0.0;0.0;0.0;0.0;0.0;0.0;0.0;0.0;0.0;0.0;0.0;0.0;0.0;0.0;0.0;0.0;0.0;888.0
Fortaleza;MESSEJANA;-3.8338055555556;-38.478027777778;2005;12;0.0;0.0;0.0;999.0;999.0;999.0;999.0;999.0;999.0;999.0;999.0;999.0;999.0;999.0;999.0;999.0;999.0;999.0;999.0;999.0;999.0;999.0;999.0;999.0;999.0;999.0;999.0;999.0;999.0;999.0;999.0;999.0
Fortaleza;MESSEJANA;-3.8338055555556;-38.478027777778;2006;1;38.0;0.0;0.0;0.0;0.0;0.0;0.0;0.0;0.0;0.0;0.0;6.8;6.2;0.0;0.0;0.0;0.0;0.0;25.0;0.0;0.0;0.0;0.0;0.0;0.0;0.0;0.0;0.0;0.0;0.0;0.0;0.0
Fortaleza;MESSEJANA;-3.8338055555556;-38.478027777778;2006;2;19.8;0.0;0.0;0.0;0.0;0.0;0.0;0.0;0.0;0.0;0.0;0.0;0.0;0.0;0.0;0.0;0.0;0.0;0.0;0.0;0.0;0.0;0.0;5.8;0.0;11.2;0.0;2.8;0.0;888.0;888.0;888.0
Fortaleza;MESSEJANA;-3.8338055555556;-38.478027777778;2006;3;186.4;0.0;32.8;0.0;10.8;0.0;0.0;0.0;0.0;0.0;0.0;0.0;0.0;0.0;31.0;0.0;6.8;0.0;0.0;0.0;0.0;12.2;32.4;25.0;25.8;0.0;0.0;0.0;0.0;0.0;7.6;2.0
Fortaleza;MESSEJANA;-3.8338055555556;-38.478027777778;2006;4;383.8;0.0;0.0;0.0;0.0;52.0;12.0;15.0;70.0;10.0;2.0;0.0;20.0;0.0;0.0;9.0;22.0;72.0;12.6;10.6;28.4;10.0;10.0;0.0;0.0;0.0;0.0;0.0;16.0;0.0;12.2;888.0
Fortaleza;MESSEJANA;-3.8338055555556;-38.478027777778;2006;5;327.6;78.0;0.0;0.0;0.0;38.6;86.0;35.0;10.0;65.0;15.0;0.0;999.0;999.0;999.0;999.0;999.0;999.0;999.0;999.0;999.0;999.0;999.0;999.0;999.0;999.0;999.0;999.0;999.0;999.0;999.0;999.0
Fortaleza;MESSEJANA;-3.8338055555556;-38.478027777778;2006;6;0.0;0.0;999.0;999.0;999.0;999.0;999.0;999.0;999.0;999.0;999.0;999.0;999.0;999.0;999.0;999.0;999.0;999.0;999.0;999.0;999.0;999.0;999.0;999.0;999.0;999.0;999.0;999.0;999.0;999.0;999.0;888.0
Fortaleza;MESSEJANA;-3.8338055555556;-38.478027777778;2006;7;0.0;0.0;999.0;999.0;999.0;999.0;999.0;999.0;999.0;999.0;999.0;999.0;999.0;999.0;999.0;999.0;999.0;999.0;999.0;999.0;999.0;999.0;999.0;999.0;999.0;999.0;999.0;999.0;999.0;999.0;999.0;999.0
Fortaleza;MESSEJANA;-3.8338055555556;-38.478027777778;2006;8;0.0;0.0;999.0;999.0;999.0;999.0;999.0;999.0;999.0;999.0;999.0;999.0;999.0;999.0;999.0;999.0;999.0;999.0;999.0;999.0;999.0;999.0;999.0;999.0;999.0;999.0;999.0;999.0;999.0;999.0;999.0;999.0
Fortaleza;MESSEJANA;-3.8338055555556;-38.478027777778;2006;9;0.0;0.0;999.0;999.0;999.0;999.0;999.0;999.0;999.0;999.0;999.0;999.0;999.0;999.0;999.0;999.0;999.0;999.0;999.0;999.0;999.0;999.0;999.0;999.0;999.0;999.0;999.0;999.0;999.0;999.0;999.0;888.0
Fortaleza;MESSEJANA;-3.8338055555556;-38.478027777778;2006;10;0.0;0.0;999.0;999.0;999.0;999.0;999.0;999.0;999.0;999.0;999.0;999.0;999.0;999.0;999.0;999.0;999.0;999.0;999.0;999.0;999.0;999.0;999.0;999.0;999.0;999.0;999.0;999.0;999.0;999.0;999.0;999.0
Fortaleza;MESSEJANA;-3.8338055555556;-38.478027777778;2006;11;0.0;0.0;999.0;999.0;999.0;999.0;999.0;999.0;999.0;999.0;999.0;999.0;999.0;999.0;999.0;999.0;999.0;999.0;999.0;999.0;999.0;999.0;999.0;999.0;999.0;999.0;999.0;999.0;999.0;999.0;999.0;888.0
Fortaleza;MESSEJANA;-3.8338055555556;-38.478027777778;2006;12;0.0;0.0;999.0;999.0;999.0;999.0;999.0;999.0;999.0;999.0;999.0;999.0;999.0;999.0;999.0;999.0;999.0;999.0;999.0;999.0;999.0;999.0;999.0;999.0;999.0;999.0;999.0;999.0;999.0;999.0;999.0;999.0
Fortaleza;MESSEJANA;-3.8338055555556;-38.478027777778;2007;1;0.0;999.0;999.0;999.0;999.0;999.0;999.0;999.0;999.0;999.0;999.0;999.0;999.0;999.0;999.0;999.0;999.0;999.0;999.0;999.0;999.0;999.0;999.0;999.0;999.0;999.0;999.0;999.0;999.0;999.0;999.0;999.0
Fortaleza;MESSEJANA;-3.8338055555556;-38.478027777778;2007;2;0.0;0.0;999.0;999.0;999.0;999.0;999.0;999.0;999.0;999.0;999.0;999.0;999.0;999.0;999.0;999.0;999.0;999.0;999.0;999.0;999.0;999.0;999.0;999.0;999.0;999.0;999.0;999.0;999.0;888.0;888.0;888.0
Fortaleza;MESSEJANA;-3.8338055555556;-38.478027777778;2007;3;0.0;0.0;999.0;999.0;999.0;999.0;999.0;999.0;999.0;999.0;999.0;999.0;999.0;999.0;999.0;999.0;999.0;999.0;999.0;999.0;999.0;999.0;999.0;999.0;999.0;999.0;999.0;999.0;999.0;999.0;999.0;999.0
Fortaleza;MESSEJANA;-3.8338055555556;-38.478027777778;2007;4;0.0;0.0;999.0;999.0;999.0;999.0;999.0;999.0;999.0;999.0;999.0;999.0;999.0;999.0;999.0;999.0;999.0;999.0;999.0;999.0;999.0;999.0;999.0;999.0;999.0;999.0;999.0;999.0;999.0;999.0;999.0;888.0
Fortaleza;MESSEJANA;-3.8338055555556;-38.478027777778;2007;12;0.0;0.0;999.0;999.0;999.0;999.0;999.0;999.0;999.0;999.0;999.0;999.0;999.0;999.0;999.0;999.0;999.0;999.0;999.0;999.0;999.0;999.0;999.0;999.0;999.0;999.0;999.0;999.0;999.0;999.0;999.0;999.0
Fortaleza;MESSEJANA;-3.8338055555556;-38.478027777778;2008;1;276.7;0.0;0.0;0.0;0.0;0.0;0.0;0.0;0.0;0.0;0.0;0.0;6.0;2.0;18.3;44.8;1.0;5.8;35.5;10.0;3.9;0.0;0.0;2.1;121.9;5.8;0.0;0.0;0.0;9.6;0.0;10.0
Fortaleza;MESSEJANA;-3.8338055555556;-38.478027777778;2008;2;23.4;4.0;0.0;0.5;0.0;0.0;0.0;0.0;0.0;0.0;0.0;0.0;0.0;0.3;0.0;0.0;0.1;0.0;0.0;1.4;5.9;2.3;1.0;6.8;0.0;0.0;0.0;0.0;0.0;1.1;888.0;888.0
Fortaleza;MESSEJANA;-3.8338055555556;-38.478027777778;2008;3;262.9;0.4;4.7;0.7;3.7;9.2;3.2;0.0;17.5;17.7;3.0;2.7;0.5;4.5;0.0;8.5;0.0;0.0;0.2;2.8;5.5;58.0;0.0;5.5;26.3;4.8;5.9;0.2;18.0;1.2;58.2;0.0
Fortaleza;MESSEJANA;-3.8338055555556;-38.478027777778;2008;4;370.6;3.1;1.1;0.6;1.0;2.7;0.0;0.2;23.4;40.3;0.0;4.8;26.4;8.3;0.0;19.4;0.0;0.0;0.0;1.3;6.6;8.4;13.1;22.2;48.2;0.0;2.5;0.0;0.7;83.1;53.2;888.0
Fortaleza;MESSEJANA;-3.8338055555556;-38.478027777778;2008;5;267.0;0.0;0.0;52.1;17.7;13.2;7.7;0.0;0.0;12.1;64.0;0.0;10.6;15.1;0.0;20.6;4.3;4.6;0.0;0.0;0.0;1.0;0.2;0.0;0.0;14.4;0.0;0.0;20.0;0.4;9.0;0.0
Fortaleza;MESSEJANA;-3.8338055555556;-38.478027777778;2008;6;100.0;0.0;0.1;0.0;0.0;7.1;51.0;0.0;0.0;38.6;0.0;0.0;0.0;0.0;0.0;0.0;3.2;0.0;0.0;0.0;0.0;0.0;0.0;0.0;0.0;0.0;0.0;0.0;0.0;0.0;0.0;888.0
Fortaleza;MESSEJANA;-3.8338055555556;-38.478027777778;2008;7;9.0;3.4;1.0;0.0;0.0;0.0;0.0;0.0;0.0;0.0;0.0;0.0;0.0;0.0;0.0;0.0;0.0;0.0;0.0;3.0;0.0;0.0;0.0;0.0;0.0;0.0;1.6;0.0;0.0;0.0;0.0;0.0
Fortaleza;MESSEJANA;-3.8338055555556;-38.478027777778;2008;8;30.0;0.0;0.0;0.0;0.0;0.0;0.0;2.0;1.0;27.0;0.0;0.0;0.0;0.0;0.0;0.0;0.0;0.0;0.0;0.0;0.0;0.0;0.0;0.0;0.0;0.0;0.0;0.0;0.0;0.0;0.0;0.0
Fortaleza;MESSEJANA;-3.8338055555556;-38.478027777778;2008;9;0.0;0.0;0.0;0.0;0.0;0.0;0.0;0.0;0.0;0.0;0.0;0.0;0.0;0.0;0.0;0.0;0.0;0.0;0.0;0.0;0.0;0.0;0.0;0.0;0.0;0.0;0.0;0.0;0.0;0.0;0.0;888.0
Fortaleza;MESSEJANA;-3.8338055555556;-38.478027777778;2008;10;0.0;0.0;0.0;0.0;0.0;0.0;0.0;0.0;0.0;0.0;0.0;0.0;0.0;0.0;0.0;0.0;0.0;0.0;0.0;0.0;0.0;0.0;0.0;0.0;0.0;0.0;0.0;0.0;0.0;0.0;0.0;0.0
Fortaleza;MESSEJANA;-3.8338055555556;-38.478027777778;2008;11;0.0;0.0;0.0;0.0;0.0;0.0;0.0;0.0;0.0;0.0;0.0;0.0;0.0;0.0;0.0;0.0;0.0;0.0;0.0;0.0;0.0;0.0;0.0;0.0;0.0;0.0;0.0;0.0;0.0;0.0;0.0;888.0
Fortaleza;MESSEJANA;-3.8338055555556;-38.478027777778;2008;12;0.0;0.0;0.0;0.0;0.0;0.0;0.0;0.0;0.0;0.0;0.0;0.0;0.0;0.0;0.0;0.0;0.0;0.0;0.0;0.0;0.0;0.0;0.0;0.0;0.0;0.0;0.0;0.0;0.0;0.0;0.0;0.0
Fortaleza;MESSEJANA;-3.8338055555556;-38.478027777778;2009;1;146.5;0.0;0.0;0.0;0.0;0.0;0.0;0.0;0.0;0.0;3.5;0.0;0.0;0.0;1.2;8.1;0.0;8.8;2.8;0.5;2.6;9.5;65.5;0.0;0.0;30.5;0.0;0.0;0.0;0.2;12.7;0.6
Fortaleza;MESSEJANA;-3.8338055555556;-38.478027777778;2009;2;271.0;1.0;16.4;7.8;14.5;0.3;0.0;0.0;0.0;0.0;11.7;0.0;0.3;0.2;0.7;5.3;4.4;0.0;0.0;6.4;0.0;17.0;35.6;54.4;34.6;3.8;21.3;15.0;20.3;888.0;888.0;888.0
Fortaleza;MESSEJANA;-3.8338055555556;-38.478027777778;2009;3;428.8;8.4;7.8;36.0;10.0;36.4;17.4;0.0;21.2;1.4;0.0;4.8;60.8;9.8;2.8;0.0;14.0;11.6;21.6;0.0;0.0;0.2;12.0;21.4;7.0;8.8;8.2;16.0;1.0;41.6;2.0;46.6
Fortaleza;MESSEJANA;-3.8338055555556;-38.478027777778;2009;4;496.3;11.3;5.0;1.0;45.0;1.5;0.0;0.0;0.0;42.0;9.4;0.0;1.0;44.3;23.5;18.2;12.2;53.0;12.5;0.0;38.1;7.8;36.1;0.0;0.2;23.2;3.2;0.0;57.8;0.0;50.0;888.0
Fortaleza;MESSEJANA;-3.8338055555556;-38.478027777778;2009;5;316.6;6.2;0.0;32.4;3.0;15.6;0.2;0.0;4.4;6.6;0.0;25.8;5.2;0.0;4.3;4.6;0.0;1.4;9.4;18.2;0.0;44.8;4.5;11.4;19.7;38.4;26.8;19.5;0.2;10.0;0.0;4.0
Fortaleza;MESSEJANA;-3.8338055555556;-38.478027777778;2009;6;216.2;0.0;0.0;2.0;27.0;0.0;0.2;0.0;0.0;0.0;0.0;15.0;0.0;0.0;0.0;14.4;0.0;0.0;0.6;3.4;4.4;0.0;0.1;75.8;0.9;64.8;0.0;0.0;7.6;0.0;0.0;888.0
Fortaleza;MESSEJANA;-3.8338055555556;-38.478027777778;2009;7;196.3;0.0;0.0;0.0;0.0;0.6;65.0;12.4;14.4;0.0;0.0;4.2;7.4;0.0;0.0;0.0;0.0;8.5;16.4;2.2;0.0;0.5;25.5;25.2;14.0;0.0;0.0;0.0;0.0;0.0;0.0;0.0
Fortaleza;MESSEJANA;-3.8338055555556;-38.478027777778;2009;8;33.4;0.0;0.0;0.0;0.0;0.2;0.0;0.0;0.0;0.0;0.0;0.0;0.0;0.0;0.0;0.0;0.0;0.0;0.0;0.0;0.0;6.6;0.0;13.6;1.9;3.0;3.9;4.2;0.0;0.0;0.0;0.0
Fortaleza;MESSEJANA;-3.8338055555556;-38.478027777778;2009;9;1.0;0.0;0.0;0.0;0.0;0.0;0.0;0.0;0.0;0.0;0.0;0.0;0.0;0.0;1.0;0.0;0.0;0.0;0.0;0.0;0.0;0.0;0.0;0.0;0.0;0.0;0.0;0.0;0.0;0.0;0.0;888.0
Fortaleza;MESSEJANA;-3.8338055555556;-38.478027777778;2009;10;0.6;0.0;0.0;0.0;0.0;0.0;0.0;0.0;0.0;0.0;0.0;0.0;0.0;0.0;0.0;0.0;0.0;0.0;0.2;0.0;0.0;0.0;0.0;0.0;0.0;0.0;0.0;0.2;0.0;0.0;0.2;0.0
Fortaleza;MESSEJANA;-3.8338055555556;-38.478027777778;2009;11;0.0;0.0;0.0;0.0;0.0;0.0;0.0;0.0;0.0;0.0;0.0;0.0;0.0;0.0;0.0;0.0;0.0;0.0;0.0;0.0;0.0;0.0;0.0;0.0;0.0;0.0;0.0;0.0;0.0;0.0;0.0;888.0
Fortaleza;MESSEJANA;-3.8338055555556;-38.478027777778;2009;12;0.0;0.0;0.0;0.0;0.0;0.0;0.0;0.0;0.0;0.0;0.0;0.0;0.0;0.0;0.0;0.0;0.0;0.0;0.0;0.0;0.0;0.0;0.0;0.0;0.0;0.0;0.0;0.0;0.0;0.0;0.0;0.0
Fortaleza;MESSEJANA;-3.8338055555556;-38.478027777778;2010;1;71.2;0.0;0.0;0.0;28.0;0.0;0.0;0.0;0.0;0.0;3.2;3.8;0.0;0.0;0.0;0.0;0.0;0.0;0.0;0.0;4.2;0.0;0.0;0.0;0.0;0.0;0.0;0.0;22.4;9.6;0.0;0.0
Fortaleza;MESSEJANA;-3.8338055555556;-38.478027777778;2010;2;51.2;0.0;8.0;0.0;0.0;0.0;0.0;0.0;0.0;0.0;21.8;0.0;0.0;0.0;2.8;15.5;1.3;0.0;0.0;1.0;0.0;0.0;0.0;0.0;0.8;0.0;0.0;0.0;0.0;888.0;888.0;888.0
Fortaleza;MESSEJANA;-3.8338055555556;-38.478027777778;2010;3;195.5;0.0;0.0;0.0;0.0;0.0;0.4;0.0;0.0;0.0;0.0;0.0;0.6;0.6;0.0;3.6;0.0;0.0;0.4;6.6;10.5;34.2;9.6;4.0;9.6;34.6;56.6;0.0;21.2;3.0;0.0;0.0
Fortaleza;MESSEJANA;-3.8338055555556;-38.478027777778;2010;4;9.8;0.0;0.0;0.0;0.0;0.0;0.0;4.4;0.2;5.2;0.0;0.0;0.0;0.0;0.0;0.0;0.0;0.0;0.0;0.0;0.0;0.0;0.0;0.0;0.0;0.0;0.0;0.0;0.0;0.0;0.0;888.0
Fortaleza;MESSEJANA;-3.8338055555556;-38.478027777778;2010;5;88.1;21.8;2.2;23.3;15.0;10.4;7.4;3.0;0.0;0.0;0.0;0.0;0.0;0.0;0.0;0.0;0.0;0.0;0.0;0.0;0.0;0.0;0.0;0.0;0.0;0.0;0.0;0.0;0.0;0.0;0.0;5.0
Fortaleza;MESSEJANA;-3.8338055555556;-38.478027777778;2010;6;99.8;94.8;0.0;0.0;0.0;0.0;0.0;0.0;0.0;0.0;0.0;0.0;0.0;0.0;0.0;0.0;0.0;0.0;0.0;0.0;0.0;0.0;0.0;0.0;0.0;0.0;0.0;0.0;0.0;5.0;0.0;888.0
Fortaleza;MESSEJANA;-3.8338055555556;-38.478027777778;2010;7;1.8;0.0;0.0;0.0;0.0;0.0;0.0;0.0;0.0;0.0;0.0;0.0;0.0;1.8;0.0;0.0;0.0;0.0;0.0;0.0;0.0;0.0;0.0;0.0;0.0;0.0;0.0;0.0;0.0;0.0;0.0;0.0
Fortaleza;MESSEJANA;-3.8338055555556;-38.478027777778;2010;8;0.0;0.0;0.0;0.0;0.0;0.0;0.0;0.0;0.0;0.0;0.0;0.0;0.0;0.0;0.0;0.0;0.0;0.0;0.0;0.0;0.0;0.0;0.0;0.0;0.0;0.0;0.0;0.0;0.0;0.0;0.0;0.0
Fortaleza;MESSEJANA;-3.8338055555556;-38.478027777778;2010;9;0.0;0.0;0.0;0.0;0.0;0.0;0.0;0.0;0.0;0.0;0.0;0.0;0.0;0.0;0.0;0.0;0.0;0.0;0.0;0.0;0.0;0.0;0.0;0.0;0.0;0.0;0.0;0.0;0.0;0.0;0.0;888.0
Fortaleza;MESSEJANA;-3.8338055555556;-38.478027777778;2010;10;0.0;0.0;0.0;0.0;0.0;0.0;0.0;0.0;0.0;0.0;0.0;0.0;0.0;0.0;0.0;0.0;0.0;0.0;0.0;0.0;0.0;0.0;0.0;0.0;0.0;0.0;0.0;0.0;0.0;0.0;0.0;0.0
Fortaleza;MESSEJANA;-3.8338055555556;-38.478027777778;2010;11;0.0;0.0;0.0;0.0;0.0;0.0;0.0;0.0;0.0;0.0;0.0;0.0;0.0;0.0;0.0;0.0;0.0;0.0;0.0;0.0;0.0;0.0;0.0;0.0;0.0;0.0;0.0;0.0;0.0;0.0;0.0;888.0
Fortaleza;MESSEJANA;-3.8338055555556;-38.478027777778;2010;12;0.0;0.0;0.0;0.0;0.0;0.0;0.0;0.0;0.0;0.0;0.0;0.0;0.0;0.0;0.0;0.0;0.0;0.0;0.0;0.0;0.0;0.0;0.0;0.0;0.0;0.0;0.0;0.0;0.0;0.0;0.0;0.0
Fortaleza;MESSEJANA;-3.8338055555556;-38.478027777778;2011;1;529.2;0.0;0.0;0.0;0.0;99.0;0.6;0.0;5.6;3.1;56.6;28.2;4.2;0.2;0.0;18.6;0.0;5.0;6.4;20.2;94.0;9.4;32.0;0.0;3.2;88.0;0.0;3.6;25.0;13.4;3.7;9.2
Fortaleza;MESSEJANA;-3.8338055555556;-38.478027777778;2011;2;262.7;0.6;0.0;0.0;7.4;0.0;0.0;0.5;0.0;0.0;16.3;46.0;1.6;19.6;21.4;19.6;62.2;0.8;7.0;1.0;0.0;16.6;8.2;1.2;0.8;4.0;24.2;0.0;3.7;888.0;888.0;888.0
Fortaleza;MESSEJANA;-3.8338055555556;-38.478027777778;2011;3;300.4;0.0;0.0;0.2;0.4;0.0;0.0;0.0;0.0;67.2;0.4;34.6;111.2;0.0;0.0;0.0;0.0;4.6;3.2;0.0;0.0;0.0;8.2;0.0;0.0;24.4;0.0;9.0;20.0;12.2;2.4;2.4
Fortaleza;MESSEJANA;-3.8338055555556;-38.478027777778;2011;4;333.0;0.0;5.5;19.9;6.0;19.5;7.5;0.2;12.4;12.2;34.7;10.7;66.6;12.0;2.2;7.8;0.0;1.2;18.0;35.4;12.0;0.0;0.4;0.0;0.0;1.4;0.0;44.4;0.0;3.0;0.0;888.0
Fortaleza;MESSEJANA;-3.8338055555556;-38.478027777778;2011;5;137.0;0.0;19.4;12.4;6.2;20.6;6.0;0.4;0.0;0.4;3.6;45.8;1.4;0.0;0.0;0.0;3.6;1.0;0.0;0.0;0.0;0.0;0.0;0.0;0.0;12.6;0.0;0.0;3.4;0.0;0.2;0.0
Fortaleza;MESSEJANA;-3.8338055555556;-38.478027777778;2011;6;119.4;0.0;0.0;0.0;3.6;19.4;0.0;0.0;0.0;0.0;0.0;0.0;0.0;0.0;0.0;0.0;0.0;0.0;0.6;21.8;0.0;0.0;0.0;0.0;58.6;0.0;0.0;0.0;1.0;3.8;10.6;888.0
Fortaleza;MESSEJANA;-3.8338055555556;-38.478027777778;2011;7;147.9;0.0;0.0;0.0;0.0;15.6;2.6;0.0;0.4;28.0;7.2;0.0;9.6;6.7;0.0;0.0;77.8;0.0;0.0;0.0;0.0;0.0;0.0;0.0;0.0;0.0;0.0;0.0;0.0;0.0;0.0;0.0
Fortaleza;MESSEJANA;-3.8338055555556;-38.478027777778;2011;8;20.8;3.4;0.0;0.0;0.0;0.0;0.0;0.0;0.0;0.0;0.0;0.0;0.0;0.0;0.0;4.0;0.0;0.0;0.0;0.0;0.0;0.0;0.0;0.0;0.0;0.0;13.4;0.0;0.0;0.0;0.0;0.0
Fortaleza;MESSEJANA;-3.8338055555556;-38.478027777778;2011;9;0.0;0.0;0.0;0.0;0.0;0.0;0.0;0.0;0.0;0.0;0.0;0.0;0.0;0.0;0.0;0.0;0.0;0.0;0.0;0.0;0.0;0.0;0.0;0.0;0.0;0.0;0.0;0.0;0.0;0.0;0.0;888.0
Fortaleza;MESSEJANA;-3.8338055555556;-38.478027777778;2011;10;26.6;0.0;0.0;0.0;0.0;0.0;0.0;0.0;0.0;0.0;0.0;0.0;0.0;0.0;0.0;0.0;0.0;0.0;0.0;0.0;0.0;14.0;0.0;0.0;0.0;0.0;0.0;0.0;3.2;0.0;6.0;3.4
Fortaleza;MESSEJANA;-3.8338055555556;-38.478027777778;2011;11;10.1;0.0;0.0;0.0;0.0;1.6;0.5;0.0;4.4;0.0;0.0;0.0;0.0;0.0;0.0;1.0;0.0;0.0;0.0;0.0;0.0;0.0;0.0;0.0;0.0;0.0;0.0;0.0;0.0;2.6;0.0;888.0
Fortaleza;MESSEJANA;-3.8338055555556;-38.478027777778;2011;12;0.0;0.0;0.0;0.0;0.0;0.0;0.0;0.0;0.0;0.0;0.0;0.0;0.0;0.0;0.0;0.0;0.0;0.0;0.0;0.0;0.0;0.0;0.0;0.0;0.0;0.0;0.0;0.0;0.0;0.0;0.0;0.0
Fortaleza;MESSEJANA;-3.8338055555556;-38.478027777778;2012;1;40.4;0.0;0.0;0.0;0.0;0.0;0.0;0.0;0.0;2.6;0.0;0.0;0.0;0.0;0.0;0.0;0.0;0.0;0.0;32.6;0.2;1.6;0.0;0.0;0.0;0.0;3.0;0.2;0.2;0.0;0.0;0.0
Fortaleza;MESSEJANA;-3.8338055555556;-38.478027777778;2012;2;189.1;0.0;0.0;0.0;0.0;0.0;0.0;0.0;0.0;0.0;0.0;2.8;0.0;0.0;0.2;4.8;0.2;29.4;30.4;4.4;0.0;7.0;6.1;0.4;5.0;4.8;31.8;21.2;25.4;15.2;888.0;888.0
Fortaleza;MESSEJANA;-3.8338055555556;-38.478027777778;2012;3;228.3;0.0;0.0;0.0;1.8;0.0;1.0;0.0;2.2;1.6;21.6;23.8;4.6;12.8;13.6;7.4;16.6;0.0;5.0;0.0;20.2;0.2;17.2;0.0;9.4;7.2;4.6;7.2;49.5;0.8;0.0;0.0
Fortaleza;MESSEJANA;-3.8338055555556;-38.478027777778;2012;4;90.6;0.4;1.8;0.4;1.6;0.0;0.4;0.2;0.0;0.0;0.0;0.0;2.4;0.0;0.0;0.0;14.6;2.8;0.0;4.1;5.1;5.0;42.0;0.0;0.2;0.8;3.1;2.7;0.0;0.0;3.0;888.0
Fortaleza;MESSEJANA;-3.8338055555556;-38.478027777778;2012;5;101.8;0.0;0.0;0.0;0.0;0.0;0.0;0.0;0.0;0.0;0.0;0.0;0.0;7.8;0.0;8.0;0.0;0.0;0.0;0.0;0.0;0.0;0.0;86.0;999.0;999.0;999.0;999.0;999.0;999.0;999.0;999.0
Fortaleza;MESSEJANA;-3.8338055555556;-38.478027777778;2013;1;0.0;0.0;0.0;0.0;0.0;0.0;0.0;0.0;0.0;0.0;0.0;0.0;0.0;0.0;0.0;0.0;0.0;0.0;0.0;0.0;0.0;0.0;0.0;0.0;0.0;0.0;0.0;0.0;0.0;0.0;0.0;0.0
Fortaleza;MESSEJANA;-3.8338055555556;-38.478027777778;2013;2;80.8;0.0;0.0;0.0;0.0;0.0;0.0;0.2;0.4;0.0;0.0;0.0;0.0;0.0;0.4;6.8;16.2;13.8;2.0;5.8;35.2;0.0;0.0;0.0;0.0;0.0;0.0;0.0;0.0;888.0;888.0;888.0
Fortaleza;MESSEJANA;-3.8338055555556;-38.478027777778;2013;3;45.9;0.0;0.0;0.0;0.0;0.0;0.0;0.0;0.0;0.0;1.6;0.0;0.0;0.0;0.0;0.0;0.0;14.2;0.8;4.5;15.0;1.2;0.0;0.0;0.2;0.0;0.6;3.0;0.0;1.0;0.8;3.0
Fortaleza;MESSEJANA;-3.8338055555556;-38.478027777778;2013;4;143.3;0.0;0.0;0.0;0.0;27.8;1.4;0.0;0.0;5.4;0.0;0.0;0.0;0.0;0.0;0.0;0.0;0.0;0.0;0.0;60.8;0.2;14.8;9.5;8.4;8.0;3.0;0.0;2.0;0.0;2.0;888.0
Fortaleza;MESSEJANA;-3.8338055555556;-38.478027777778;2013;5;109.9;25.0;0.0;0.0;0.0;0.0;0.0;0.0;0.0;0.0;0.0;0.0;0.0;0.0;0.0;28.1;0.0;0.0;0.0;0.0;25.0;6.0;0.0;6.0;14.0;0.0;5.8;0.0;0.0;0.0;0.0;0.0
Fortaleza;MESSEJANA;-3.8338055555556;-38.478027777778;2013;6;103.3;0.0;0.0;0.0;0.0;10.2;0.0;21.4;0.0;0.0;2.8;0.0;0.0;8.2;6.6;0.0;0.0;6.0;0.0;0.0;0.0;0.0;19.6;0.0;19.5;0.0;0.0;0.0;9.0;0.0;0.0;888.0
Fortaleza;MESSEJANA;-3.8338055555556;-38.478027777778;2013;7;76.6;0.0;12.0;0.0;10.0;3.0;0.0;0.0;0.0;0.4;0.0;0.2;2.0;0.0;0.0;35.0;0.0;0.0;1.0;2.5;1.0;2.5;5.0;2.0;0.0;0.0;0.0;0.0;0.0;0.0;0.0;999.0
Fortaleza;MESSEJANA;-3.8338055555556;-38.478027777778;2013;8;0.0;0.0;0.0;0.0;0.0;0.0;0.0;0.0;0.0;0.0;0.0;0.0;0.0;0.0;0.0;0.0;0.0;0.0;0.0;0.0;0.0;0.0;0.0;0.0;0.0;0.0;0.0;0.0;0.0;0.0;0.0;0.0
Fortaleza;MESSEJANA;-3.8338055555556;-38.478027777778;2013;9;0.0;0.0;0.0;0.0;0.0;0.0;0.0;0.0;0.0;0.0;0.0;0.0;0.0;0.0;0.0;0.0;0.0;0.0;0.0;0.0;0.0;0.0;0.0;0.0;0.0;0.0;0.0;0.0;0.0;0.0;0.0;888.0
Fortaleza;MESSEJANA;-3.8338055555556;-38.478027777778;2013;10;0.0;0.0;0.0;0.0;0.0;0.0;0.0;0.0;0.0;0.0;0.0;0.0;0.0;0.0;0.0;0.0;0.0;0.0;0.0;0.0;0.0;0.0;0.0;0.0;0.0;0.0;0.0;0.0;0.0;0.0;0.0;0.0
Fortaleza;MESSEJANA;-3.8338055555556;-38.478027777778;2013;11;0.0;0.0;0.0;0.0;0.0;0.0;0.0;0.0;0.0;0.0;0.0;0.0;0.0;0.0;0.0;0.0;0.0;0.0;0.0;0.0;0.0;0.0;0.0;0.0;0.0;0.0;0.0;0.0;0.0;0.0;0.0;888.0
Fortaleza;MESSEJANA;-3.8338055555556;-38.478027777778;2013;12;0.0;0.0;0.0;0.0;0.0;0.0;0.0;0.0;0.0;0.0;0.0;0.0;0.0;0.0;0.0;0.0;0.0;0.0;0.0;0.0;0.0;0.0;0.0;0.0;0.0;0.0;0.0;0.0;0.0;0.0;0.0;0.0
Fortaleza;MESSEJANA;-3.8338055555556;-38.478027777778;2014;1;10.4;0.0;0.0;0.0;0.0;0.0;0.0;0.0;0.0;0.0;0.0;0.0;0.0;0.0;0.0;0.0;0.0;0.0;0.0;0.0;0.0;0.0;0.0;0.0;0.0;0.0;0.0;0.0;0.0;0.0;10.4;0.0
Fortaleza;MESSEJANA;-3.8338055555556;-38.478027777778;2014;2;15.8;999.0;999.0;999.0;999.0;999.0;999.0;999.0;999.0;999.0;999.0;999.0;999.0;999.0;999.0;999.0;999.0;999.0;999.0;15.8;999.0;999.0;999.0;999.0;999.0;999.0;999.0;999.0;999.0;888.0;888.0;888.0
Fortaleza;MESSEJANA;-3.8338055555556;-38.478027777778;2014;3;169.0;999.0;999.0;999.0;999.0;999.0;999.0;999.0;999.0;999.0;999.0;999.0;999.0;999.0;999.0;999.0;999.0;999.0;999.0;999.0;999.0;999.0;999.0;999.0;999.0;999.0;999.0;999.0;999.0;999.0;999.0;169.0
Fortaleza;MESSEJANA;-3.8338055555556;-38.478027777778;2014;4;230.7;3.2;12.4;4.0;6.0;0.0;3.2;4.0;31.2;6.0;21.0;10.0;3.0;0.0;0.0;3.0;1.2;16.5;6.8;18.6;0.0;0.0;0.0;0.0;0.0;9.6;33.4;0.0;29.0;8.6;0.0;888.0
Fortaleza;MESSEJANA;-3.8338055555556;-38.478027777778;2014;5;231.2;0.0;49.0;0.0;0.0;0.0;33.0;29.0;7.0;4.4;0.0;9.0;10.6;0.0;10.4;34.4;7.6;6.0;0.0;0.0;3.0;0.0;27.8;0.0;0.0;0.0;0.0;0.0;0.0;0.0;0.0;0.0
Fortaleza;MESSEJANA;-3.8338055555556;-38.478027777778;2014;6;17.3;0.0;0.0;0.0;0.0;0.0;0.0;17.3;0.0;0.0;0.0;999.0;999.0;999.0;999.0;999.0;999.0;999.0;999.0;999.0;999.0;999.0;999.0;999.0;999.0;999.0;999.0;999.0;999.0;999.0;999.0;888.0
Fortaleza;MESSEJANA;-3.8338055555556;-38.478027777778;2014;12;18.0;999.0;999.0;999.0;999.0;999.0;999.0;999.0;999.0;999.0;999.0;999.0;999.0;999.0;999.0;999.0;999.0;999.0;999.0;999.0;999.0;999.0;999.0;999.0;999.0;999.0;999.0;999.0;999.0;999.0;999.0;18.0
Fortaleza;MESSEJANA;-3.8338055555556;-38.478027777778;2015;1;6.6;0.0;0.0;0.0;0.0;0.0;0.0;0.0;0.0;6.6;0.0;0.0;0.0;0.0;0.0;0.0;0.0;0.0;0.0;0.0;0.0;0.0;0.0;0.0;0.0;0.0;0.0;0.0;0.0;0.0;0.0;0.0
Fortaleza;MESSEJANA;-3.8338055555556;-38.478027777778;2015;2;175.2;0.0;0.0;0.0;0.0;0.0;0.0;0.0;0.0;0.0;0.0;0.0;0.0;2.0;0.0;0.0;0.0;0.0;0.0;32.0;0.0;27.4;22.4;5.8;24.8;32.8;7.0;0.2;20.8;888.0;888.0;888.0
Fortaleza;MESSEJANA;-3.8338055555556;-38.478027777778;2015;3;298.8;12.4;0.0;8.8;3.6;0.0;8.8;22.6;20.6;57.2;26.0;9.2;2.6;0.0;0.0;0.0;0.0;0.0;0.0;2.8;3.2;0.5;15.6;46.2;22.8;0.0;0.0;2.6;0.0;0.0;0.0;33.3
Fortaleza;MESSEJANA;-3.8338055555556;-38.478027777778;2015;4;256.4;26.2;0.0;8.0;29.8;0.2;0.0;0.0;0.0;26.0;2.2;1.4;6.2;3.8;48.8;33.4;3.0;0.0;0.0;6.0;0.0;0.0;0.0;11.8;15.6;30.8;1.0;0.0;0.0;2.0;0.2;888.0
Fortaleza;MESSEJANA;-3.8338055555556;-38.478027777778;2015;5;80.4;0.0;0.0;0.0;0.0;0.0;0.0;0.0;1.0;0.2;1.4;0.0;0.0;0.0;0.0;0.0;0.0;0.0;0.0;0.0;0.0;0.0;0.4;7.8;5.0;0.0;7.0;35.0;8.0;0.0;1.2;13.4
Fortaleza;MESSEJANA;-3.8338055555556;-38.478027777778;2015;6;63.3;0.0;0.0;0.0;12.2;7.2;6.5;0.4;17.2;1.4;0.0;0.0;0.0;0.0;0.4;0.4;0.0;0.0;1.2;0.0;0.0;0.0;0.0;0.0;0.0;0.0;5.8;0.0;0.0;3.6;7.0;888.0
Fortaleza;MESSEJANA;-3.8338055555556;-38.478027777778;2015;7;161.8;0.8;0.0;1.4;20.0;42.0;45.0;0.0;0.0;0.0;4.8;0.0;0.0;0.0;0.0;0.0;0.0;40.6;4.0;0.0;0.0;0.0;3.2;0.0;0.0;0.0;0.0;0.0;0.0;0.0;0.0;0.0
Fortaleza;MESSEJANA;-3.8338055555556;-38.478027777778;2015;8;11.0;0.0;0.0;0.0;0.0;0.0;0.0;0.0;0.0;0.0;0.0;0.0;0.0;0.0;0.0;0.0;0.0;0.0;0.0;0.0;0.0;0.0;11.0;0.0;0.0;0.0;0.0;0.0;0.0;0.0;0.0;0.0
Fortaleza;MESSEJANA;-3.8338055555556;-38.478027777778;2015;9;0.0;0.0;0.0;0.0;0.0;0.0;0.0;0.0;0.0;0.0;0.0;0.0;0.0;0.0;0.0;0.0;0.0;0.0;0.0;0.0;0.0;0.0;0.0;0.0;0.0;0.0;0.0;0.0;0.0;0.0;0.0;888.0
Fortaleza;MESSEJANA;-3.8338055555556;-38.478027777778;2015;10;0.0;0.0;0.0;0.0;0.0;0.0;0.0;0.0;0.0;0.0;0.0;0.0;0.0;0.0;0.0;0.0;0.0;0.0;0.0;0.0;0.0;0.0;0.0;0.0;0.0;0.0;0.0;0.0;0.0;0.0;0.0;0.0
Fortaleza;MESSEJANA;-3.8338055555556;-38.478027777778;2015;11;0.0;0.0;0.0;0.0;0.0;0.0;0.0;0.0;0.0;0.0;0.0;0.0;0.0;0.0;0.0;0.0;0.0;0.0;0.0;0.0;0.0;0.0;0.0;0.0;0.0;0.0;0.0;0.0;0.0;0.0;0.0;888.0
Fortaleza;MESSEJANA;-3.8338055555556;-38.478027777778;2015;12;20.4;0.0;0.0;0.0;0.0;0.0;0.0;0.0;0.0;0.0;0.0;0.0;0.0;0.0;0.0;0.0;0.0;0.0;8.8;0.0;0.0;0.0;0.0;0.0;0.0;11.0;0.4;0.0;0.0;0.2;0.0;0.0
Fortaleza;MESSEJANA;-3.8338055555556;-38.478027777778;2016;1;286.5;0.0;0.0;1.9;0.0;0.0;0.0;0.0;0.0;20.0;12.2;0.2;0.0;0.0;0.0;8.8;0.0;0.0;3.6;28.0;5.2;39.6;63.8;14.2;3.4;72.6;12.2;0.0;0.2;0.2;0.4;0.0
Fortaleza;MESSEJANA;-3.8338055555556;-38.478027777778;2016;2;137.5;4.6;17.0;19.8;0.8;1.0;0.0;1.4;9.6;0.1;0.0;0.0;0.0;0.0;0.0;1.0;0.0;0.0;0.0;37.2;15.4;20.4;0.0;0.6;8.6;0.0;0.0;0.0;0.0;0.0;888.0;888.0
Fortaleza;MESSEJANA;-3.8338055555556;-38.478027777778;2016;3;236.1;0.0;0.0;0.0;1.2;0.0;0.0;0.0;0.0;4.0;4.8;0.0;0.0;0.0;47.0;0.0;30.5;1.4;13.0;0.0;0.0;6.2;0.0;0.0;2.8;0.0;22.0;6.2;3.6;0.4;17.0;76.0
Fortaleza;MESSEJANA;-3.8338055555556;-38.478027777778;2016;4;443.6;103.0;96.0;30.0;4.6;12.0;4.4;5.2;45.0;2.2;0.0;1.6;24.0;0.0;0.0;0.0;3.6;2.0;0.0;0.0;0.0;0.0;38.0;71.0;0.0;0.0;0.0;0.0;0.0;0.8;0.2;888.0
Fortaleza;MESSEJANA;-3.8338055555556;-38.478027777778;2016;5;90.0;0.2;0.0;0.0;0.0;3.0;0.0;0.0;0.0;0.0;0.0;9.8;56.0;7.0;3.0;3.6;0.0;0.0;0.2;0.2;0.0;0.0;0.0;2.6;0.0;0.0;0.2;0.0;0.0;0.0;2.6;1.6
Fortaleza;MESSEJANA;-3.8338055555556;-38.478027777778;2016;6;25.4;4.2;0.0;0.0;0.0;3.0;0.0;6.4;0.0;0.0;1.8;0.0;8.0;2.0;0.0;0.0;0.0;0.0;0.0;0.0;0.0;0.0;0.0;0.0;0.0;0.0;0.0;0.0;0.0;0.0;0.0;888.0
Fortaleza;MESSEJANA;-3.8338055555556;-38.478027777778;2016;7;0.0;0.0;0.0;0.0;0.0;0.0;0.0;0.0;0.0;0.0;0.0;0.0;0.0;0.0;0.0;0.0;0.0;0.0;0.0;0.0;0.0;0.0;0.0;0.0;0.0;0.0;0.0;0.0;0.0;0.0;0.0;0.0
Fortaleza;MESSEJANA;-3.8338055555556;-38.478027777778;2016;8;0.0;0.0;0.0;0.0;0.0;0.0;0.0;0.0;0.0;0.0;0.0;0.0;0.0;0.0;0.0;0.0;0.0;0.0;0.0;0.0;0.0;0.0;0.0;0.0;0.0;0.0;0.0;0.0;0.0;0.0;0.0;0.0
Fortaleza;MESSEJANA;-3.8338055555556;-38.478027777778;2016;9;0.0;0.0;0.0;0.0;0.0;0.0;0.0;0.0;0.0;0.0;0.0;0.0;0.0;0.0;0.0;0.0;0.0;0.0;0.0;0.0;0.0;0.0;0.0;0.0;0.0;0.0;0.0;0.0;0.0;0.0;0.0;888.0
Fortaleza;MESSEJANA;-3.8338055555556;-38.478027777778;2016;10;0.0;0.0;0.0;0.0;0.0;0.0;0.0;0.0;0.0;0.0;0.0;0.0;0.0;0.0;0.0;0.0;0.0;0.0;0.0;0.0;0.0;0.0;0.0;0.0;0.0;0.0;0.0;0.0;0.0;0.0;0.0;0.0
Fortaleza;MESSEJANA;-3.8338055555556;-38.478027777778;2016;11;0.0;0.0;0.0;0.0;0.0;0.0;0.0;0.0;0.0;0.0;0.0;0.0;0.0;0.0;0.0;0.0;0.0;0.0;0.0;0.0;0.0;0.0;0.0;0.0;0.0;0.0;0.0;0.0;0.0;0.0;0.0;888.0
Fortaleza;MESSEJANA;-3.8338055555556;-38.478027777778;2016;12;29.6;0.0;0.0;0.0;0.0;0.0;0.0;0.0;0.0;0.0;0.0;0.0;0.0;0.0;0.0;0.0;0.0;0.0;0.0;0.0;0.0;1.4;1.0;0.0;3.8;0.0;0.0;0.0;1.6;18.2;3.6;0.0
Fortaleza;MESSEJANA;-3.8338055555556;-38.478027777778;2017;1;111.1;0.0;0.0;0.0;10.4;0.0;0.4;0.0;24.0;5.8;0.2;7.2;0.0;0.0;0.0;0.0;0.0;0.0;2.6;8.8;7.8;18.5;0.0;0.6;0.2;0.0;0.0;6.2;0.8;17.6;0.0;0.0
Fortaleza;MESSEJANA;-3.8338055555556;-38.478027777778;2017;2;214.1;16.5;1.1;0.0;0.4;0.0;0.0;0.0;0.0;0.0;5.0;60.6;14.4;0.0;6.3;0.0;0.0;6.4;16.8;4.6;14.8;18.2;0.0;1.2;0.0;2.4;15.0;20.0;10.4;888.0;888.0;888.0
Fortaleza;MESSEJANA;-3.8338055555556;-38.478027777778;2017;3;449.4;1.8;28.2;16.6;32.4;5.2;5.6;0.5;6.3;60.0;23.0;8.0;4.2;9.4;2.4;0.0;2.2;29.2;12.2;0.4;8.2;9.8;17.6;42.4;20.8;31.2;1.8;7.2;33.0;0.0;0.0;29.8
Fortaleza;MESSEJANA;-3.8338055555556;-38.478027777778;2017;4;260.9;7.0;20.6;0.0;11.2;13.6;11.5;0.0;0.0;0.0;1.0;55.0;32.6;5.2;24.1;2.3;0.0;0.0;0.0;1.6;1.8;0.0;7.0;5.0;33.0;0.0;5.2;3.2;4.8;1.4;13.8;888.0
Fortaleza;MESSEJANA;-3.8338055555556;-38.478027777778;2017;5;138.2;6.2;7.2;0.0;5.4;0.0;0.0;0.0;17.0;0.0;0.0;2.0;1.8;0.0;0.0;0.0;0.0;0.2;5.2;0.0;5.6;0.0;0.0;0.0;0.0;0.0;2.4;0.0;42.2;24.8;16.8;1.4
Fortaleza;MESSEJANA;-3.8338055555556;-38.478027777778;2017;6;34.8;0.0;0.0;0.0;0.0;1.0;0.0;0.0;0.0;0.0;0.0;0.0;22.8;0.0;0.0;0.0;5.8;0.0;0.0;5.2;0.0;0.0;0.0;0.0;0.0;0.0;0.0;0.0;0.0;0.0;0.0;888.0
Fortaleza;MESSEJANA;-3.8338055555556;-38.478027777778;2017;7;37.8;0.0;0.0;0.0;0.0;0.0;0.0;0.0;0.0;0.0;0.0;0.0;0.0;0.0;0.0;0.0;0.0;0.0;0.0;0.0;3.6;34.2;0.0;0.0;0.0;0.0;0.0;0.0;0.0;0.0;0.0;0.0
Fortaleza;MESSEJANA;-3.8338055555556;-38.478027777778;2017;8;0.0;0.0;0.0;0.0;0.0;0.0;0.0;0.0;0.0;0.0;0.0;0.0;0.0;0.0;0.0;0.0;0.0;0.0;0.0;0.0;0.0;0.0;0.0;0.0;0.0;0.0;0.0;0.0;0.0;0.0;0.0;0.0
Fortaleza;MESSEJANA;-3.8338055555556;-38.478027777778;2017;9;0.0;0.0;0.0;0.0;0.0;0.0;0.0;0.0;0.0;0.0;0.0;0.0;0.0;0.0;0.0;0.0;0.0;0.0;0.0;0.0;0.0;0.0;0.0;0.0;0.0;0.0;0.0;0.0;0.0;0.0;0.0;888.0
Fortaleza;MESSEJANA;-3.8338055555556;-38.478027777778;2017;10;8.3;0.0;0.0;0.0;0.0;0.0;0.0;0.0;0.0;0.0;0.0;0.0;0.0;0.0;0.0;2.4;0.3;5.6;0.0;0.0;0.0;0.0;0.0;0.0;0.0;0.0;0.0;0.0;0.0;0.0;0.0;0.0
Fortaleza;MESSEJANA;-3.8338055555556;-38.478027777778;2017;11;0.0;0.0;0.0;0.0;0.0;0.0;0.0;0.0;0.0;0.0;0.0;0.0;0.0;0.0;0.0;0.0;0.0;0.0;0.0;0.0;0.0;0.0;0.0;0.0;0.0;0.0;0.0;0.0;0.0;0.0;0.0;888.0
Fortaleza;MESSEJANA;-3.8338055555556;-38.478027777778;2017;12;0.0;0.0;0.0;0.0;0.0;0.0;0.0;0.0;0.0;0.0;0.0;0.0;0.0;0.0;0.0;0.0;0.0;0.0;0.0;0.0;0.0;0.0;0.0;0.0;0.0;0.0;0.0;0.0;0.0;0.0;0.0;0.0
Fortaleza;MESSEJANA;-3.8338055555556;-38.478027777778;2018;1;147.4;0.0;0.0;0.0;0.0;0.0;6.2;0.0;0.0;0.0;6.2;18.6;0.0;0.0;8.2;0.0;0.0;0.0;20.6;11.2;14.8;3.6;0.0;0.0;28.2;6.6;0.0;7.8;15.4;0.0;0.0;0.0
Fortaleza;MESSEJANA;-3.8338055555556;-38.478027777778;2018;2;212.3;0.0;0.0;0.4;0.0;2.6;22.8;3.8;0.7;1.2;0.0;0.0;15.2;7.6;0.0;30.2;1.6;40.2;31.6;1.8;0.0;17.2;0.0;14.6;2.4;12.8;5.6;0.0;0.0;888.0;888.0;888.0
Fortaleza;MESSEJANA;-3.8338055555556;-38.478027777778;2018;3;197.8;17.0;12.6;0.0;0.0;0.0;0.0;0.0;3.4;0.0;31.2;51.8;4.6;0.0;0.0;0.0;0.0;0.0;0.0;3.4;0.0;0.0;0.0;10.2;0.8;3.0;4.6;20.6;6.0;16.2;10.4;2.0
Fortaleza;MESSEJANA;-3.8338055555556;-38.478027777778;2018;4;167.0;5.2;5.0;10.8;3.2;3.0;0.0;9.4;19.6;2.6;2.8;0.4;9.6;0.0;0.0;0.0;34.0;31.8;0.0;0.4;0.0;0.0;3.0;0.0;20.4;0.0;0.0;0.0;0.0;0.0;5.8;888.0
Fortaleza;MESSEJANA;-3.8338055555556;-38.478027777778;2018;5;254.8;3.0;0.8;0.0;1.2;0.0;34.2;9.4;0.8;55.0;86.2;8.6;2.6;0.0;1.2;0.0;0.0;2.0;17.4;0.0;0.0;0.0;13.2;2.0;8.0;0.0;7.0;1.0;0.0;1.0;0.2;0.0
Fortaleza;MESSEJANA;-3.8338055555556;-38.478027777778;2018;6;31.0;0.0;0.0;1.0;0.0;4.0;0.0;6.2;3.2;0.0;0.0;0.0;0.0;0.0;0.0;0.0;1.0;2.6;0.0;13.0;0.0;0.0;0.0;0.0;0.0;0.0;0.0;0.0;0.0;0.0;0.0;888.0
Fortaleza;MESSEJANA;-3.8338055555556;-38.478027777778;2018;7;175.6;0.0;0.0;0.4;0.0;0.0;0.0;97.6;22.8;0.0;12.8;42.0;0.0;0.0;0.0;0.0;0.0;0.0;0.0;0.0;0.0;0.0;0.0;0.0;0.0;0.0;0.0;0.0;0.0;0.0;0.0;0.0
Fortaleza;MESSEJANA;-3.8338055555556;-38.478027777778;2018;8;19.4;3.8;13.8;0.0;0.0;1.8;0.0;0.0;0.0;0.0;0.0;0.0;0.0;0.0;0.0;0.0;0.0;0.0;0.0;0.0;0.0;0.0;0.0;0.0;0.0;0.0;0.0;0.0;0.0;0.0;0.0;0.0
Fortaleza;MESSEJANA;-3.8338055555556;-38.478027777778;2018;9;1.6;0.0;0.0;0.0;0.0;0.0;0.0;0.0;0.0;0.0;0.0;0.0;0.0;0.0;0.0;0.0;0.0;1.6;0.0;0.0;0.0;0.0;0.0;0.0;0.0;0.0;0.0;0.0;0.0;0.0;0.0;888.0
Fortaleza;MESSEJANA;-3.8338055555556;-38.478027777778;2018;10;3.8;0.0;0.0;0.0;0.0;0.0;0.0;0.0;0.0;0.0;0.0;0.0;0.0;0.0;0.0;3.8;0.0;0.0;0.0;0.0;0.0;0.0;0.0;0.0;0.0;0.0;0.0;0.0;0.0;0.0;0.0;0.0
Fortaleza;MESSEJANA;-3.8338055555556;-38.478027777778;2018;11;2.4;0.0;0.0;0.0;0.0;0.0;2.4;0.0;0.0;0.0;0.0;0.0;0.0;0.0;0.0;0.0;0.0;0.0;0.0;0.0;0.0;0.0;0.0;0.0;0.0;0.0;0.0;0.0;0.0;0.0;0.0;888.0
Fortaleza;MESSEJANA;-3.8338055555556;-38.478027777778;2018;12;128.4;0.0;0.0;0.0;0.0;1.4;0.0;0.0;0.0;0.0;1.6;5.4;0.0;0.0;11.8;23.4;0.0;1.8;0.0;0.0;0.0;0.0;0.0;71.4;11.6;0.0;0.0;0.0;0.0;0.0;0.0;0.0
Fortaleza;MESSEJANA;-3.8338055555556;-38.478027777778;2019;1;258.8;0.0;0.0;0.0;0.0;2.8;0.0;0.4;2.4;30.0;10.6;0.0;0.0;4.2;28.6;29.0;3.8;0.0;32.5;60.8;32.5;9.8;0.0;0.0;0.0;3.6;0.0;7.8;0.0;0.0;0.0;0.0
Fortaleza;MESSEJANA;-3.8338055555556;-38.478027777778;2019;2;310.3;36.4;20.2;0.0;0.0;16.0;7.0;30.0;10.2;0.0;0.0;2.8;0.0;5.4;0.0;0.0;19.7;0.8;3.4;0.0;1.6;0.0;20.0;15.6;111.0;4.6;0.0;0.0;5.6;888.0;888.0;888.0
Fortaleza;MESSEJANA;-3.8338055555556;-38.478027777778;2019;3;448.7;12.6;1.8;35.8;0.0;13.6;2.0;10.0;13.0;39.6;29.9;2.4;14.8;22.8;48.8;0.8;50.6;15.0;0.0;18.4;0.0;0.0;0.0;35.8;14.8;9.8;1.0;13.2;8.8;16.2;11.8;5.4
Fortaleza;MESSEJANA;-3.8338055555556;-38.478027777778;2019;4;413.4;8.2;8.4;11.0;54.2;15.0;2.4;0.2;3.6;0.6;0.0;0.2;3.8;15.4;31.0;45.2;0.2;18.6;1.2;7.2;4.2;14.2;8.4;9.0;10.6;49.0;7.0;4.8;22.6;17.2;40.0;888.0
Fortaleza;MESSEJANA;-3.8338055555556;-38.478027777778;2019;5;290.6;15.6;18.4;0.4;0.0;0.0;0.0;0.0;7.2;1.5;0.0;0.0;1.4;0.0;3.6;4.0;4.0;1.4;0.8;0.0;20.4;28.8;87.5;0.4;1.4;11.4;14.4;4.8;0.0;2.0;26.8;34.4
Fortaleza;MESSEJANA;-3.8338055555556;-38.478027777778;2019;6;188.2;0.0;0.0;0.0;0.0;0.0;0.0;0.0;19.2;0.0;0.0;0.0;38.4;19.8;92.0;1.6;11.2;6.0;0.0;0.0;0.0;0.0;0.0;0.0;0.0;0.0;0.0;0.0;0.0;0.0;0.0;888.0
Fortaleza;MESSEJANA;-3.8338055555556;-38.478027777778;2019;7;65.8;0.0;0.0;0.0;0.0;0.0;13.2;0.0;4.2;5.0;0.0;1.8;0.0;19.0;0.0;2.8;0.0;0.0;0.2;0.0;2.0;0.4;0.0;17.2;0.0;0.0;0.0;0.0;0.0;0.0;0.0;0.0
Fortaleza;MESSEJANA;-3.8338055555556;-38.478027777778;2019;8;0.0;0.0;0.0;0.0;0.0;0.0;0.0;0.0;0.0;0.0;0.0;0.0;0.0;0.0;0.0;0.0;0.0;0.0;0.0;0.0;0.0;0.0;0.0;0.0;0.0;0.0;0.0;0.0;0.0;0.0;0.0;0.0
Fortaleza;MESSEJANA;-3.8338055555556;-38.478027777778;2019;9;0.0;0.0;0.0;0.0;0.0;0.0;0.0;0.0;0.0;0.0;0.0;0.0;0.0;0.0;0.0;0.0;0.0;0.0;0.0;0.0;0.0;0.0;0.0;0.0;0.0;0.0;0.0;0.0;0.0;0.0;0.0;888.0
Fortaleza;MESSEJANA;-3.8338055555556;-38.478027777778;2019;10;0.0;0.0;0.0;0.0;0.0;0.0;0.0;0.0;0.0;0.0;0.0;0.0;0.0;0.0;0.0;0.0;0.0;0.0;0.0;0.0;0.0;0.0;0.0;0.0;0.0;0.0;0.0;0.0;0.0;0.0;0.0;0.0
Fortaleza;MESSEJANA;-3.8338055555556;-38.478027777778;2019;11;0.0;0.0;0.0;0.0;0.0;0.0;0.0;0.0;0.0;0.0;0.0;0.0;0.0;0.0;0.0;0.0;0.0;0.0;0.0;0.0;0.0;0.0;0.0;0.0;0.0;0.0;0.0;0.0;0.0;0.0;0.0;888.0
Fortaleza;MESSEJANA;-3.8338055555556;-38.478027777778;2019;12;18.0;0.0;0.0;0.0;0.0;0.0;0.0;0.0;0.0;0.0;0.0;18.0;0.0;0.0;0.0;0.0;0.0;0.0;0.0;0.0;0.0;0.0;0.0;0.0;0.0;0.0;0.0;0.0;0.0;0.0;0.0;0.0
Fortaleza;MESSEJANA;-3.8338055555556;-38.478027777778;2020;1;96.6;0.0;0.0;3.0;0.0;0.0;1.6;0.0;2.6;19.4;5.4;9.0;0.0;0.0;0.0;14.2;5.2;1.4;0.0;0.0;0.0;0.4;0.0;0.8;0.0;0.0;0.0;11.8;19.0;0.0;2.4;0.4
Fortaleza;MESSEJANA;-3.8338055555556;-38.478027777778;2020;2;335.6;64.8;7.4;0.0;2.2;24.2;31.0;4.0;0.2;0.0;7.4;1.2;0.0;0.0;11.8;6.6;44.0;3.0;9.0;19.8;41.0;0.0;5.0;16.2;3.6;14.4;18.8;0.0;0.0;0.0;888.0;888.0
Fortaleza;MESSEJANA;-3.8338055555556;-38.478027777778;2020;3;370.1;4.4;50.0;1.5;0.0;3.8;2.4;5.8;28.4;8.0;8.6;0.0;20.6;68.0;6.8;90.4;32.6;2.6;1.8;1.6;0.0;0.6;0.0;0.0;0.2;7.8;1.0;0.0;0.0;0.0;4.4;18.8
Fortaleza;MESSEJANA;-3.8338055555556;-38.478027777778;2020;4;466.0;23.6;0.0;0.0;33.0;3.8;3.4;1.4;0.0;5.4;21.4;4.0;19.8;1.0;0.8;17.4;2.4;79.0;6.4;0.0;1.6;77.0;9.4;6.0;21.8;38.0;13.2;40.4;17.0;8.6;10.2;888.0
Fortaleza;MESSEJANA;-3.8338055555556;-38.478027777778;2020;5;264.2;10.2;0.6;0.6;0.0;0.6;0.0;0.0;2.8;0.0;1.2;5.2;0.0;0.0;7.2;15.0;34.8;17.0;0.0;3.0;1.4;49.0;10.2;42.6;0.0;0.0;0.0;0.0;0.0;26.0;12.8;24.0
Fortaleza;MESSEJANA;-3.8338055555556;-38.478027777778;2020;6;95.0;3.4;0.0;0.0;2.6;5.0;0.0;8.6;11.0;0.0;5.8;1.6;4.0;2.0;9.0;0.0;0.0;0.4;40.4;1.2;0.0;0.0;0.0;0.0;0.0;0.0;0.0;0.0;0.0;0.0;0.0;888.0
Fortaleza;MESSEJANA;-3.8338055555556;-38.478027777778;2020;7;53.6;0.0;0.0;1.0;0.0;0.0;19.6;22.0;0.0;0.0;0.0;999.0;0.0;0.0;0.0;0.0;0.0;0.0;0.0;0.0;0.0;11.0;0.0;0.0;0.0;0.0;0.0;0.0;0.0;0.0;0.0;0.0
Fortaleza;MESSEJANA;-3.8338055555556;-38.478027777778;2020;8;0.0;0.0;0.0;0.0;0.0;0.0;0.0;0.0;0.0;0.0;0.0;0.0;0.0;0.0;0.0;0.0;0.0;0.0;0.0;0.0;0.0;0.0;0.0;0.0;0.0;0.0;0.0;0.0;0.0;0.0;0.0;0.0
Fortaleza;MESSEJANA;-3.8338055555556;-38.478027777778;2020;9;6.8;0.0;0.0;0.0;0.0;0.0;0.0;0.0;1.4;0.0;0.0;1.2;0.0;0.0;0.0;0.0;0.0;0.0;0.0;2.0;0.2;0.0;0.0;0.0;0.0;0.0;2.0;999.0;999.0;999.0;999.0;888.0
Fortaleza;MESSEJANA;-3.8338055555556;-38.478027777778;2020;11;9.2;999.0;999.0;999.0;999.0;999.0;999.0;999.0;999.0;999.0;999.0;8.0;1.2;999.0;999.0;999.0;999.0;999.0;999.0;999.0;999.0;999.0;999.0;999.0;999.0;999.0;999.0;999.0;999.0;999.0;999.0;888.0
Fortaleza;MESSEJANA;-3.8338055555556;-38.478027777778;2021;1;60.6;0.0;0.0;0.0;2.0;0.0;0.0;0.0;0.0;0.0;0.0;0.0;0.0;0.0;0.0;0.0;0.0;0.0;0.0;2.0;30.0;0.0;6.6;0.0;0.0;7.8;8.2;0.0;2.4;0.0;0.0;1.6
Fortaleza;MESSEJANA;-3.8338055555556;-38.478027777778;2021;2;72.2;0.0;0.0;0.0;0.0;0.0;0.0;0.0;1.0;1.1;0.2;1.8;0.0;12.0;0.0;0.0;0.5;6.2;0.0;0.0;0.6;25.0;0.6;0.0;8.0;0.2;1.6;9.2;4.2;888.0;888.0;888.0
Fortaleza;MESSEJANA;-3.8338055555556;-38.478027777778;2021;3;491.6;14.0;13.4;0.2;2.8;6.0;1.0;6.0;24.4;22.4;0.0;0.4;0.0;2.4;0.0;8.8;8.8;29.4;13.0;5.8;3.4;51.8;12.2;31.0;21.2;37.0;121.2;31.4;5.8;0.0;6.6;11.2
Fortaleza;MESSEJANA;-3.8338055555556;-38.478027777778;2021;4;139.6;12.0;0.0;0.0;1.4;0.0;4.0;0.0;0.0;0.0;0.0;0.2;4.0;24.4;11.0;14.2;0.2;0.0;13.8;0.0;0.4;0.0;7.4;16.4;0.6;18.6;0.0;3.8;0.0;6.4;0.8;888.0
Fortaleza;MESSEJANA;-3.8338055555556;-38.478027777778;2021;5;276.7;24.6;0.6;32.8;17.8;25.8;21.6;55.6;2.4;3.0;0.4;1.8;0.0;39.2;23.5;15.8;7.2;0.0;3.6;1.0;0.0;0.0;0.0;0.0;0.0;0.0;0.0;0.0;0.0;0.0;0.0;0.0
Fortaleza;MESSEJANA;-3.8338055555556;-38.478027777778;2021;6;10.0;0.8;0.0;0.0;0.0;0.0;0.0;0.0;0.0;5.6;0.0;0.0;0.0;3.6;0.0;0.0;0.0;0.0;0.0;0.0;0.0;0.0;0.0;0.0;0.0;0.0;0.0;0.0;0.0;0.0;0.0;888.0
Fortaleza;MESSEJANA;-3.8338055555556;-38.478027777778;2021;7;0.0;0.0;0.0;0.0;0.0;0.0;0.0;0.0;0.0;0.0;0.0;0.0;0.0;0.0;0.0;0.0;0.0;0.0;0.0;0.0;0.0;0.0;0.0;0.0;0.0;0.0;0.0;0.0;0.0;0.0;0.0;0.0
Fortaleza;MESSEJANA;-3.8338055555556;-38.478027777778;2021;8;0.0;0.0;0.0;0.0;0.0;0.0;0.0;0.0;0.0;0.0;0.0;0.0;0.0;0.0;0.0;0.0;0.0;0.0;0.0;0.0;0.0;0.0;0.0;0.0;0.0;0.0;0.0;0.0;0.0;0.0;0.0;0.0
Fortaleza;MESSEJANA;-3.8338055555556;-38.478027777778;2021;9;0.0;0.0;0.0;0.0;0.0;0.0;0.0;0.0;0.0;0.0;0.0;0.0;0.0;0.0;0.0;0.0;0.0;0.0;0.0;0.0;0.0;0.0;0.0;0.0;0.0;0.0;0.0;0.0;0.0;0.0;0.0;888.0
Fortaleza;MESSEJANA;-3.8338055555556;-38.478027777778;2021;10;0.0;0.0;0.0;0.0;0.0;0.0;0.0;0.0;0.0;0.0;0.0;0.0;0.0;0.0;0.0;0.0;0.0;0.0;0.0;0.0;0.0;0.0;0.0;0.0;0.0;0.0;0.0;0.0;0.0;0.0;0.0;0.0
Fortaleza;MESSEJANA;-3.8338055555556;-38.478027777778;2021;11;0.0;0.0;0.0;0.0;0.0;0.0;0.0;0.0;0.0;0.0;0.0;0.0;0.0;0.0;0.0;0.0;0.0;0.0;0.0;0.0;0.0;0.0;0.0;0.0;0.0;0.0;0.0;0.0;0.0;0.0;0.0;888.0
Fortaleza;MESSEJANA;-3.8338055555556;-38.478027777778;2021;12;0.0;0.0;0.0;0.0;0.0;0.0;0.0;0.0;0.0;0.0;0.0;0.0;0.0;0.0;0.0;0.0;0.0;0.0;0.0;0.0;0.0;0.0;0.0;0.0;0.0;0.0;0.0;0.0;0.0;0.0;0.0;0.0
Fortaleza;MESSEJANA;-3.8338055555556;-38.478027777778;2022;1;218.2;1.2;11.6;18.0;0.0;1.6;0.0;0.0;0.0;0.0;0.0;65.8;4.8;0.0;0.0;14.6;10.6;11.6;10.2;1.4;0.0;0.0;0.8;3.2;0.0;0.0;7.8;32.0;5.8;14.8;0.6;1.8
Fortaleza;MESSEJANA;-3.8338055555556;-38.478027777778;2022;2;140.2;0.0;0.0;3.4;3.2;45.8;0.0;0.0;0.0;0.6;0.0;5.0;0.0;0.0;5.8;0.0;5.8;14.0;0.0;36.0;0.8;0.0;0.0;0.0;0.0;12.6;6.2;1.0;0.0;888.0;888.0;888.0
Fortaleza;MESSEJANA;-3.8338055555556;-38.478027777778;2022;3;496.6;1.4;0.0;0.2;0.0;0.0;41.2;27.2;1.2;0.0;1.2;54.2;41.8;11.2;0.0;13.0;3.6;30.0;3.2;0.0;0.0;0.0;31.6;33.8;2.4;1.2;60.0;3.4;36.6;57.4;33.0;7.8
Fortaleza;MESSEJANA;-3.8338055555556;-38.478027777778;2022;4;440.6;38.4;60.2;8.8;43.6;2.4;9.4;20.0;27.8;14.4;1.4;0.0;28.4;0.0;0.2;0.0;0.6;2.8;70.4;5.2;12.8;1.0;7.4;75.0;10.4;0.0;0.0;0.0;0.0;0.0;0.0;888.0
Fortaleza;MESSEJANA;-3.8338055555556;-38.478027777778;2022;5;308.0;55.2;2.0;0.8;0.0;13.8;0.0;3.6;999.0;12.4;33.4;1.2;19.2;18.4;6.8;5.0;0.8;2.0;1.6;999.0;999.0;6.0;17.0;13.2;47.2;11.0;7.2;4.2;0.0;13.4;0.0;12.6
Fortaleza;MESSEJANA;-3.8338055555556;-38.478027777778;2022;6;155.8;6.4;48.0;28.4;0.2;28.8;0.0;0.0;12.8;6.8;0.0;1.2;0.0;0.0;0.0;0.0;0.0;0.0;0.0;0.0;0.0;12.8;0.0;0.0;9.2;1.2;0.0;0.0;0.0;0.0;0.0;888.0
Fortaleza;MESSEJANA;-3.8338055555556;-38.478027777778;2023;1;200.2;999.0;999.0;999.0;999.0;999.0;999.0;999.0;999.0;999.0;999.0;999.0;999.0;999.0;999.0;6.6;21.5;6.5;0.0;12.6;13.4;7.4;8.8;0.0;0.0;63.0;7.4;1.8;0.0;0.0;11.2;40.0
Fortaleza;MESSEJANA;-3.8338055555556;-38.478027777778;2023;2;213.0;1.4;8.0;0.0;0.0;2.6;8.0;1.2;1.8;6.4;3.0;0.0;0.0;5.8;5.2;1.2;46.8;18.6;0.0;0.0;7.6;0.0;0.0;26.0;39.2;29.0;0.4;0.8;0.0;888.0;888.0;888.0
Fortaleza;MESSEJANA;-3.8338055555556;-38.478027777778;2023;3;292.9;0.0;0.0;22.2;28.0;0.0;0.0;0.6;6.4;0.0;0.4;1.0;3.4;1.3;22.0;26.6;0.0;6.0;3.6;9.0;7.8;6.8;0.0;22.4;8.2;14.2;11.4;37.2;6.2;31.4;6.6;10.2
Fortaleza;MESSEJANA;-3.8338055555556;-38.478027777778;2023;4;260.6;0.6;3.4;7.4;0.8;0.2;39.0;19.9;19.9;2.8;27.0;40.4;1.8;4.4;2.0;2.2;0.0;4.6;0.6;0.0;0.0;3.2;0.0;0.0;0.0;0.0;4.2;60.2;7.6;1.0;7.4;888.0
Fortaleza;MESSEJANA;-3.8338055555556;-38.478027777778;2023;5;111.8;0.0;0.0;0.0;1.0;5.0;0.0;0.0;0.0;0.0;2.8;0.0;0.0;1.0;0.0;0.0;1.8;12.0;0.0;4.8;5.4;10.0;1.4;10.0;0.0;0.0;0.0;0.0;9.0;0.0;47.6;0.0
Fortaleza;MESSEJANA;-3.8338055555556;-38.478027777778;2023;6;65.8;0.0;1.2;0.0;0.0;1.0;1.0;4.6;0.0;0.0;11.8;0.0;0.0;0.2;0.0;4.6;11.2;4.4;2.0;0.0;6.0;0.0;0.0;0.0;4.8;0.0;0.0;2.0;0.0;0.0;11.0;888.0
Fortaleza;MESSEJANA;-3.8338055555556;-38.478027777778;2023;7;16.6;0.0;0.0;0.0;0.0;0.0;0.0;8.0;1.0;3.0;4.6;999.0;999.0;999.0;999.0;999.0;999.0;999.0;999.0;999.0;999.0;999.0;999.0;999.0;999.0;999.0;999.0;999.0;999.0;999.0;999.0;999.0
Fortaleza;MESSEJANA;-3.8338055555556;-38.478027777778;2024;3;26.6;999.0;999.0;999.0;999.0;999.0;999.0;999.0;999.0;999.0;999.0;999.0;999.0;999.0;999.0;999.0;999.0;999.0;999.0;999.0;999.0;999.0;999.0;999.0;999.0;999.0;999.0;26.6;999.0;999.0;999.0;999.0
