Municipios;Postos;Latitude;Longitude;Anos;Meses;Total;Dia1;Dia2;Dia3;Dia4;Dia5;Dia6;Dia7;Dia8;Dia9;Dia10;Dia11;Dia12;Dia13;Dia14;Dia15;Dia16;Dia17;Dia18;Dia19;Dia20;Dia21;Dia22;Dia23;Dia24;Dia25;Dia26;Dia27;Dia28;Dia29;Dia30;Dia31
Sobral;AC. AYRES DE SOUZA;-3.7666666666667;-40.5;1988;1;79.5;999.0;999.0;999.0;999.0;999.0;999.0;999.0;999.0;999.0;999.0;999.0;19.2;999.0;999.0;999.0;1.4;999.0;999.0;26.9;999.0;999.0;999.0;999.0;999.0;4.6;25.6;1.8;999.0;999.0;999.0;999.0
Sobral;AC. AYRES DE SOUZA;-3.7666666666667;-40.5;1988;2;41.9;999.0;999.0;999.0;0.0;999.0;999.0;999.0;999.0;999.0;999.0;999.0;0.0;999.0;999.0;999.0;999.0;999.0;6.9;2.2;999.0;999.0;999.0;2.2;0.0;10.6;9.4;10.6;999.0;999.0;888.0;888.0
Sobral;AC. AYRES DE SOUZA;-3.7666666666667;-40.5;1988;3;28.4;999.0;999.0;999.0;0.0;999.0;999.0;999.0;0.0;0.0;15.6;999.0;999.0;999.0;4.4;0.0;999.0;0.0;0.0;999.0;999.0;3.2;999.0;999.0;999.0;999.0;999.0;999.0;999.0;999.0;5.2;999.0
Sobral;AC. AYRES DE SOUZA;-3.7666666666667;-40.5;1988;4;125.4;999.0;999.0;999.0;6.2;0.0;0.0;999.0;0.0;999.0;999.0;999.0;999.0;3.2;7.2;999.0;999.0;999.0;999.0;11.8;8.4;1.8;13.4;10.8;22.0;18.6;0.0;1.6;2.2;18.2;999.0;888.0
Sobral;AC. AYRES DE SOUZA;-3.7666666666667;-40.5;1988;5;64.0;2.4;999.0;999.0;3.4;9.6;999.0;999.0;999.0;0.0;999.0;999.0;10.4;0.0;0.0;999.0;999.0;6.8;0.0;0.0;0.0;999.0;999.0;19.4;7.8;4.2;0.0;0.0;0.0;999.0;999.0;0.0
Sobral;AC. AYRES DE SOUZA;-3.7666666666667;-40.5;1988;6;36.0;0.0;0.0;0.0;0.0;0.0;0.0;0.0;0.0;0.0;27.0;999.0;999.0;999.0;4.4;0.0;0.0;999.0;999.0;999.0;999.0;999.0;999.0;4.6;999.0;999.0;999.0;999.0;999.0;999.0;999.0;888.0
Sobral;AC. AYRES DE SOUZA;-3.7666666666667;-40.5;1988;10;0.0;999.0;999.0;999.0;999.0;999.0;999.0;999.0;999.0;999.0;999.0;999.0;999.0;999.0;999.0;999.0;999.0;999.0;999.0;999.0;999.0;999.0;999.0;999.0;999.0;999.0;999.0;999.0;999.0;999.0;999.0;0.0
Sobral;AC. AYRES DE SOUZA;-3.7666666666667;-40.5;1988;12;110.3;0.0;0.0;0.0;0.0;0.0;0.0;0.0;43.0;0.0;0.0;0.0;0.0;0.0;0.0;8.0;0.0;0.0;0.0;14.1;0.0;10.0;0.0;35.2;0.0;0.0;0.0;0.0;0.0;0.0;0.0;0.0
Sobral;AC. AYRES DE SOUZA;-3.7666666666667;-40.5;1989;1;154.4;18.2;0.0;6.0;0.0;0.0;0.0;0.0;0.0;0.0;0.0;0.0;14.0;0.0;0.0;0.0;14.2;0.0;0.0;0.0;0.0;0.0;0.0;5.2;16.0;3.0;15.0;21.0;36.6;5.2;0.0;0.0
Sobral;AC. AYRES DE SOUZA;-3.7666666666667;-40.5;1989;2;18.2;2.0;0.0;0.0;0.0;0.0;0.0;0.0;0.0;0.0;0.0;0.0;0.0;0.0;0.0;0.0;0.0;0.0;0.0;0.0;6.3;0.0;7.5;2.4;0.0;0.0;0.0;0.0;0.0;888.0;888.0;888.0
Sobral;AC. AYRES DE SOUZA;-3.7666666666667;-40.5;1989;3;32.3;999.0;7.5;4.6;999.0;999.0;5.2;999.0;999.0;999.0;15.0;999.0;999.0;999.0;999.0;999.0;999.0;999.0;999.0;999.0;999.0;999.0;999.0;999.0;999.0;999.0;999.0;999.0;999.0;999.0;999.0;999.0
Sobral;AC. AYRES DE SOUZA;-3.7666666666667;-40.5;1989;4;19.8;999.0;999.0;999.0;999.0;999.0;999.0;999.0;999.0;999.0;999.0;999.0;999.0;18.0;1.8;999.0;999.0;999.0;999.0;999.0;999.0;999.0;999.0;999.0;999.0;999.0;999.0;999.0;999.0;999.0;999.0;888.0
Sobral;AC. AYRES DE SOUZA;-3.7666666666667;-40.5;1989;5;4.0;999.0;999.0;4.0;999.0;999.0;999.0;999.0;999.0;999.0;999.0;999.0;999.0;999.0;999.0;999.0;999.0;999.0;999.0;999.0;999.0;999.0;999.0;999.0;999.0;999.0;999.0;999.0;999.0;999.0;999.0;999.0
Sobral;AC. AYRES DE SOUZA;-3.7666666666667;-40.5;1989;6;3.5;999.0;999.0;999.0;999.0;999.0;999.0;999.0;999.0;3.5;999.0;999.0;999.0;999.0;999.0;999.0;999.0;999.0;999.0;999.0;999.0;999.0;999.0;999.0;999.0;999.0;999.0;999.0;999.0;999.0;999.0;888.0
Sobral;AC. AYRES DE SOUZA;-3.7666666666667;-40.5;1989;7;3.8;0.0;0.0;0.0;999.0;999.0;999.0;3.8;999.0;999.0;999.0;999.0;999.0;999.0;999.0;999.0;999.0;999.0;999.0;999.0;999.0;999.0;999.0;999.0;999.0;999.0;999.0;999.0;999.0;999.0;999.0;999.0
Sobral;AC. AYRES DE SOUZA;-3.7666666666667;-40.5;1989;8;0.0;0.0;999.0;999.0;999.0;999.0;999.0;999.0;999.0;999.0;999.0;999.0;999.0;999.0;999.0;999.0;999.0;999.0;999.0;999.0;999.0;999.0;999.0;999.0;999.0;999.0;999.0;999.0;999.0;999.0;999.0;999.0
Sobral;AC. AYRES DE SOUZA;-3.7666666666667;-40.5;1990;1;0.0;999.0;999.0;999.0;999.0;0.0;999.0;999.0;999.0;999.0;999.0;999.0;999.0;999.0;999.0;999.0;999.0;999.0;999.0;999.0;999.0;999.0;999.0;999.0;999.0;999.0;999.0;999.0;999.0;999.0;999.0;999.0
Sobral;AC. AYRES DE SOUZA;-3.7666666666667;-40.5;1990;2;36.5;999.0;999.0;999.0;999.0;999.0;999.0;999.0;999.0;999.0;999.0;999.0;6.0;18.0;999.0;999.0;999.0;999.0;999.0;999.0;5.0;999.0;7.5;999.0;999.0;999.0;999.0;999.0;999.0;888.0;888.0;888.0
Sobral;AC. AYRES DE SOUZA;-3.7666666666667;-40.5;1990;3;37.3;0.0;7.5;999.0;999.0;999.0;999.0;999.0;999.0;999.0;999.0;999.0;999.0;999.0;999.0;999.0;999.0;999.0;0.0;999.0;999.0;12.8;999.0;999.0;999.0;999.0;14.0;999.0;999.0;999.0;3.0;999.0
Sobral;AC. AYRES DE SOUZA;-3.7666666666667;-40.5;1990;4;91.5;999.0;13.5;1.5;15.0;27.0;999.0;999.0;999.0;7.5;999.0;4.0;999.0;999.0;999.0;999.0;999.0;999.0;999.0;10.0;999.0;999.0;999.0;999.0;999.0;999.0;13.0;999.0;999.0;999.0;999.0;888.0
Sobral;AC. AYRES DE SOUZA;-3.7666666666667;-40.5;1990;5;37.0;999.0;999.0;11.0;18.5;999.0;999.0;999.0;999.0;999.0;999.0;999.0;999.0;999.0;999.0;999.0;999.0;999.0;999.0;999.0;999.0;999.0;999.0;999.0;999.0;999.0;999.0;999.0;999.0;2.5;999.0;5.0
Sobral;AC. AYRES DE SOUZA;-3.7666666666667;-40.5;1990;6;24.0;999.0;999.0;999.0;24.0;999.0;999.0;999.0;999.0;999.0;999.0;999.0;999.0;999.0;999.0;999.0;999.0;999.0;999.0;999.0;999.0;999.0;999.0;999.0;999.0;999.0;999.0;999.0;999.0;999.0;999.0;888.0
Sobral;AC. AYRES DE SOUZA;-3.7666666666667;-40.5;1991;1;6.2;999.0;999.0;999.0;999.0;999.0;999.0;999.0;0.0;999.0;999.0;999.0;999.0;999.0;999.0;999.0;999.0;999.0;999.0;999.0;999.0;999.0;999.0;999.0;999.0;6.2;999.0;999.0;999.0;999.0;999.0;999.0
Sobral;AC. AYRES DE SOUZA;-3.7666666666667;-40.5;1991;2;9.8;999.0;999.0;999.0;999.0;999.0;999.0;6.4;999.0;999.0;999.0;999.0;999.0;999.0;999.0;999.0;999.0;999.0;999.0;999.0;3.4;999.0;999.0;999.0;999.0;999.0;999.0;999.0;999.0;888.0;888.0;888.0
Sobral;AC. AYRES DE SOUZA;-3.7666666666667;-40.5;1991;3;12.9;999.0;999.0;999.0;999.0;999.0;1.2;999.0;999.0;999.0;999.0;999.0;999.0;999.0;6.3;999.0;999.0;999.0;999.0;999.0;999.0;999.0;999.0;999.0;999.0;999.0;999.0;5.4;999.0;999.0;999.0;999.0
Sobral;AC. AYRES DE SOUZA;-3.7666666666667;-40.5;1991;5;59.0;999.0;37.0;999.0;999.0;999.0;999.0;999.0;999.0;999.0;999.0;999.0;999.0;999.0;999.0;22.0;999.0;999.0;999.0;999.0;999.0;999.0;999.0;999.0;999.0;999.0;999.0;999.0;999.0;999.0;999.0;999.0
Sobral;AC. AYRES DE SOUZA;-3.7666666666667;-40.5;1992;6;60.0;60.0;0.0;0.0;0.0;0.0;0.0;0.0;0.0;0.0;0.0;0.0;0.0;0.0;0.0;0.0;0.0;0.0;0.0;0.0;0.0;0.0;0.0;0.0;0.0;0.0;0.0;0.0;0.0;0.0;0.0;888.0
Sobral;AC. AYRES DE SOUZA;-3.7666666666667;-40.5;1992;8;0.0;0.0;0.0;0.0;0.0;0.0;0.0;0.0;0.0;0.0;0.0;0.0;0.0;0.0;0.0;0.0;0.0;0.0;0.0;0.0;0.0;0.0;0.0;0.0;0.0;0.0;0.0;0.0;0.0;0.0;0.0;0.0
Sobral;AC. AYRES DE SOUZA;-3.7666666666667;-40.5;2006;1;0.0;999.0;999.0;999.0;999.0;999.0;999.0;999.0;999.0;999.0;999.0;999.0;999.0;999.0;999.0;999.0;999.0;999.0;999.0;999.0;999.0;999.0;999.0;999.0;999.0;999.0;999.0;999.0;999.0;999.0;999.0;999.0
Sobral;AC. AYRES DE SOUZA;-3.7666666666667;-40.5;2007;1;0.0;999.0;999.0;999.0;999.0;999.0;999.0;999.0;999.0;999.0;999.0;999.0;999.0;999.0;999.0;999.0;999.0;999.0;999.0;999.0;999.0;999.0;999.0;999.0;999.0;999.0;999.0;999.0;999.0;999.0;999.0;999.0
Sobral;AC. AYRES DE SOUZA;-3.7666666666667;-40.5;2007;12;0.0;0.0;999.0;999.0;999.0;999.0;999.0;999.0;999.0;999.0;999.0;999.0;999.0;999.0;999.0;999.0;999.0;999.0;999.0;999.0;999.0;999.0;999.0;999.0;999.0;999.0;999.0;999.0;999.0;999.0;999.0;999.0
Sobral;AC. AYRES DE SOUZA;-3.7666666666667;-40.5;2008;8;0.0;0.0;999.0;999.0;999.0;999.0;999.0;999.0;999.0;999.0;999.0;999.0;999.0;999.0;999.0;999.0;999.0;999.0;999.0;999.0;999.0;999.0;999.0;999.0;999.0;999.0;999.0;999.0;999.0;999.0;999.0;999.0
Sobral;AC. AYRES DE SOUZA;-3.7666666666667;-40.5;2008;12;0.0;0.0;999.0;999.0;999.0;999.0;999.0;999.0;999.0;999.0;999.0;999.0;999.0;999.0;999.0;999.0;999.0;999.0;999.0;999.0;999.0;999.0;999.0;999.0;999.0;999.0;999.0;999.0;999.0;999.0;999.0;999.0
Sobral;AC. AYRES DE SOUZA;-3.7666666666667;-40.5;2012;1;54.8;0.0;0.0;0.0;0.0;0.0;0.0;0.0;0.0;0.0;0.0;0.0;0.0;0.0;0.0;0.0;0.0;0.0;0.0;23.0;0.0;18.0;2.0;0.0;11.8;0.0;0.0;0.0;0.0;0.0;0.0;0.0
Sobral;AC. AYRES DE SOUZA;-3.7666666666667;-40.5;2012;2;47.5;0.0;0.0;0.0;0.0;0.0;0.0;0.0;0.0;0.0;0.0;0.0;0.0;0.0;0.0;0.0;0.0;0.0;0.0;34.0;9.0;0.0;0.0;0.0;0.0;0.0;0.0;0.0;2.5;2.0;888.0;888.0
Sobral;AC. AYRES DE SOUZA;-3.7666666666667;-40.5;2012;3;76.4;0.0;0.0;0.0;0.0;0.0;0.0;0.0;0.0;0.0;0.0;14.0;2.0;0.0;0.0;0.0;0.0;0.0;0.0;11.2;0.0;3.0;13.2;4.0;13.0;0.0;2.0;0.0;14.0;0.0;0.0;0.0
Sobral;AC. AYRES DE SOUZA;-3.7666666666667;-40.5;2015;1;13.1;0.0;0.0;4.0;3.0;0.0;0.0;0.0;0.0;0.0;0.0;0.0;0.0;0.0;0.0;0.0;0.0;0.0;0.0;0.0;0.0;6.1;0.0;0.0;0.0;0.0;0.0;0.0;0.0;0.0;0.0;0.0
Sobral;AC. AYRES DE SOUZA;-3.7666666666667;-40.5;2015;2;166.3;0.0;5.1;0.0;13.8;0.0;0.0;0.0;0.0;0.0;0.0;0.0;0.0;0.0;0.0;0.0;0.0;2.0;6.8;0.0;25.0;7.6;0.0;16.0;20.0;0.0;0.0;0.0;70.0;888.0;888.0;888.0
Sobral;AC. AYRES DE SOUZA;-3.7666666666667;-40.5;2015;3;114.8;0.0;13.0;0.0;0.0;1.4;13.0;0.0;20.3;10.0;3.8;0.0;0.0;0.0;0.0;0.0;0.0;0.0;0.0;0.0;0.0;22.6;0.0;3.8;0.0;5.2;2.4;3.8;0.0;2.2;0.0;13.3
Sobral;AC. AYRES DE SOUZA;-3.7666666666667;-40.5;2015;4;82.3;2.0;6.2;11.8;2.6;0.0;0.0;0.0;2.3;0.0;0.0;11.2;0.0;0.0;0.0;0.0;0.0;30.0;0.0;0.0;0.0;0.0;0.0;8.0;8.2;0.0;0.0;0.0;0.0;0.0;0.0;888.0
Sobral;AC. AYRES DE SOUZA;-3.7666666666667;-40.5;2015;5;56.2;0.0;0.0;0.0;0.0;0.0;10.0;5.2;0.0;34.0;0.0;0.0;0.0;0.0;0.0;0.0;0.0;0.0;0.0;0.0;7.0;0.0;0.0;0.0;0.0;0.0;0.0;0.0;0.0;0.0;0.0;0.0
Sobral;AC. AYRES DE SOUZA;-3.7666666666667;-40.5;2015;6;19.9;0.0;0.0;10.6;5.0;0.0;0.0;0.0;0.0;0.0;0.0;0.0;0.0;0.0;0.0;0.0;0.0;0.0;0.0;0.0;0.0;0.0;0.0;0.0;0.0;0.0;4.3;0.0;0.0;0.0;0.0;888.0
Sobral;AC. AYRES DE SOUZA;-3.7666666666667;-40.5;2015;7;37.6;0.0;0.0;5.8;17.0;10.0;0.0;0.0;0.0;0.0;0.0;0.0;0.0;0.0;0.0;0.0;0.0;4.8;0.0;0.0;0.0;0.0;0.0;0.0;0.0;0.0;0.0;0.0;0.0;0.0;0.0;0.0
Sobral;AC. AYRES DE SOUZA;-3.7666666666667;-40.5;2015;8;0.0;0.0;0.0;0.0;0.0;0.0;0.0;0.0;0.0;0.0;0.0;0.0;0.0;0.0;0.0;0.0;0.0;0.0;0.0;0.0;0.0;0.0;0.0;0.0;0.0;0.0;0.0;0.0;0.0;0.0;0.0;0.0
Sobral;AC. AYRES DE SOUZA;-3.7666666666667;-40.5;2015;9;0.0;0.0;0.0;0.0;0.0;0.0;0.0;0.0;0.0;0.0;0.0;0.0;0.0;0.0;0.0;0.0;0.0;0.0;0.0;0.0;0.0;0.0;0.0;0.0;0.0;0.0;0.0;0.0;0.0;0.0;0.0;888.0
Sobral;AC. AYRES DE SOUZA;-3.7666666666667;-40.5;2015;10;0.0;0.0;0.0;0.0;0.0;0.0;0.0;0.0;0.0;0.0;0.0;0.0;0.0;0.0;0.0;0.0;0.0;0.0;0.0;0.0;0.0;0.0;0.0;0.0;0.0;0.0;0.0;0.0;0.0;0.0;0.0;0.0
Sobral;AC. AYRES DE SOUZA;-3.7666666666667;-40.5;2015;11;0.0;0.0;0.0;0.0;0.0;0.0;0.0;0.0;0.0;0.0;0.0;0.0;0.0;0.0;0.0;0.0;0.0;0.0;0.0;0.0;0.0;0.0;0.0;0.0;0.0;0.0;0.0;0.0;0.0;0.0;0.0;888.0
Sobral;AC. AYRES DE SOUZA;-3.7666666666667;-40.5;2015;12;0.0;0.0;0.0;0.0;0.0;0.0;0.0;0.0;0.0;0.0;0.0;0.0;0.0;0.0;0.0;0.0;0.0;0.0;0.0;0.0;0.0;0.0;0.0;0.0;0.0;0.0;0.0;0.0;0.0;0.0;0.0;0.0
Sobral;AC. AYRES DE SOUZA;-3.7666666666667;-40.5;2016;1;150.1;0.0;0.0;0.0;0.0;0.0;0.0;0.0;45.0;0.0;15.0;0.0;0.0;0.0;5.2;0.0;0.0;2.2;15.0;8.7;0.0;48.0;0.0;0.0;0.0;7.0;0.0;0.0;0.0;0.0;0.0;4.0
Sobral;AC. AYRES DE SOUZA;-3.7666666666667;-40.5;2016;2;32.8;7.0;13.0;1.8;0.0;0.0;0.0;0.0;0.0;0.0;0.0;0.0;0.0;0.0;0.0;0.0;0.0;0.0;4.0;0.0;0.0;0.0;0.0;0.0;0.0;3.0;0.0;0.0;4.0;0.0;888.0;888.0
Sobral;AC. AYRES DE SOUZA;-3.7666666666667;-40.5;2016;3;179.4;0.0;0.0;3.4;0.0;3.0;0.0;0.0;10.0;0.0;11.8;0.0;0.0;0.0;6.0;0.0;0.0;72.0;0.0;3.2;0.0;0.0;35.8;0.0;0.0;0.0;0.0;25.0;0.0;6.2;3.0;0.0
Sobral;AC. AYRES DE SOUZA;-3.7666666666667;-40.5;2016;4;138.0;12.2;6.0;3.2;8.4;13.0;11.0;8.4;0.0;12.0;0.0;23.4;0.0;0.0;0.0;0.0;26.4;0.0;6.0;0.0;3.0;0.0;5.0;0.0;0.0;0.0;0.0;0.0;0.0;0.0;0.0;888.0
Sobral;AC. AYRES DE SOUZA;-3.7666666666667;-40.5;2016;5;89.9;0.0;3.0;1.2;0.0;0.0;0.0;0.0;0.0;13.0;0.0;22.0;4.0;0.0;2.0;25.0;0.0;0.0;1.4;0.0;0.0;0.0;0.0;0.0;0.0;0.0;0.0;0.0;0.0;0.0;18.3;0.0
Sobral;AC. AYRES DE SOUZA;-3.7666666666667;-40.5;2016;6;13.0;0.0;0.0;0.0;0.0;0.0;0.0;0.0;0.0;12.0;0.0;0.0;1.0;0.0;0.0;0.0;0.0;0.0;0.0;0.0;0.0;0.0;0.0;0.0;0.0;0.0;0.0;0.0;0.0;0.0;0.0;888.0
Sobral;AC. AYRES DE SOUZA;-3.7666666666667;-40.5;2016;7;2.8;0.0;0.0;0.0;0.0;0.0;0.0;0.0;0.0;2.8;0.0;0.0;0.0;0.0;0.0;0.0;0.0;0.0;0.0;0.0;0.0;0.0;0.0;0.0;0.0;0.0;0.0;0.0;0.0;0.0;0.0;0.0
Sobral;AC. AYRES DE SOUZA;-3.7666666666667;-40.5;2016;8;0.0;0.0;0.0;0.0;0.0;0.0;0.0;0.0;0.0;0.0;0.0;0.0;0.0;0.0;0.0;0.0;0.0;0.0;0.0;0.0;0.0;0.0;0.0;0.0;0.0;0.0;0.0;0.0;0.0;0.0;0.0;0.0
Sobral;AC. AYRES DE SOUZA;-3.7666666666667;-40.5;2016;9;0.0;0.0;0.0;0.0;0.0;0.0;0.0;0.0;0.0;0.0;0.0;0.0;0.0;0.0;0.0;0.0;0.0;0.0;999.0;0.0;0.0;0.0;0.0;0.0;0.0;0.0;0.0;0.0;0.0;0.0;0.0;888.0
Sobral;AC. AYRES DE SOUZA;-3.7666666666667;-40.5;2016;10;0.0;0.0;0.0;0.0;0.0;0.0;0.0;0.0;0.0;0.0;0.0;0.0;0.0;0.0;0.0;0.0;0.0;0.0;0.0;0.0;0.0;0.0;0.0;0.0;0.0;0.0;0.0;0.0;0.0;0.0;0.0;0.0
Sobral;AC. AYRES DE SOUZA;-3.7666666666667;-40.5;2016;11;0.0;0.0;0.0;0.0;0.0;0.0;0.0;0.0;0.0;0.0;0.0;0.0;0.0;0.0;0.0;0.0;0.0;0.0;0.0;0.0;0.0;0.0;0.0;0.0;0.0;0.0;0.0;0.0;0.0;0.0;0.0;888.0
Sobral;AC. AYRES DE SOUZA;-3.7666666666667;-40.5;2016;12;0.0;0.0;0.0;0.0;0.0;0.0;0.0;0.0;0.0;0.0;0.0;0.0;0.0;0.0;0.0;0.0;0.0;0.0;0.0;0.0;0.0;0.0;0.0;0.0;0.0;0.0;0.0;0.0;0.0;0.0;0.0;0.0
Sobral;AC. AYRES DE SOUZA;-3.7666666666667;-40.5;2017;1;64.8;0.0;0.0;0.0;0.0;12.0;0.0;0.0;3.4;0.0;0.0;0.0;0.0;0.0;0.0;0.0;0.0;0.0;19.4;13.0;0.0;0.0;4.3;2.3;0.0;0.0;0.0;10.4;0.0;0.0;0.0;0.0
Sobral;AC. AYRES DE SOUZA;-3.7666666666667;-40.5;2017;2;327.6;27.2;0.0;0.0;0.0;0.0;1.4;0.0;24.0;0.0;4.0;63.0;87.0;0.0;0.0;0.0;0.0;0.0;9.0;34.4;13.0;20.2;0.0;0.0;0.0;10.0;19.0;4.4;11.0;888.0;888.0;888.0
Sobral;AC. AYRES DE SOUZA;-3.7666666666667;-40.5;2017;3;275.9;14.0;26.0;1.2;0.0;0.0;0.0;0.0;0.0;0.0;24.0;0.0;5.2;13.0;10.0;16.3;38.2;0.0;0.0;0.0;2.0;0.0;16.0;12.8;11.0;0.0;0.0;27.0;0.0;26.0;10.2;23.0
Sobral;AC. AYRES DE SOUZA;-3.7666666666667;-40.5;2017;4;227.7;14.0;5.2;0.0;0.0;24.5;0.0;0.0;0.0;0.0;9.8;0.0;0.0;14.0;23.4;0.0;0.0;0.0;0.0;5.6;35.2;0.0;50.0;29.0;0.0;0.0;0.0;0.0;0.0;0.0;17.0;888.0
Sobral;AC. AYRES DE SOUZA;-3.7666666666667;-40.5;2017;5;102.6;25.6;0.0;0.0;0.0;0.0;0.0;0.0;14.0;0.0;0.0;0.0;0.0;0.0;0.0;0.0;0.0;0.0;0.0;0.0;0.0;0.0;0.0;0.0;0.0;4.0;0.0;0.0;59.0;0.0;0.0;0.0
Sobral;AC. AYRES DE SOUZA;-3.7666666666667;-40.5;2017;6;20.2;0.0;0.0;0.0;0.0;0.0;0.0;0.0;0.0;0.0;0.0;19.0;0.0;0.0;1.2;0.0;0.0;0.0;0.0;0.0;0.0;0.0;0.0;0.0;0.0;0.0;0.0;0.0;0.0;0.0;0.0;888.0
Sobral;AC. AYRES DE SOUZA;-3.7666666666667;-40.5;2017;7;0.0;0.0;0.0;0.0;0.0;0.0;0.0;0.0;0.0;0.0;0.0;0.0;0.0;0.0;0.0;0.0;0.0;0.0;0.0;0.0;0.0;0.0;0.0;0.0;0.0;0.0;0.0;0.0;0.0;0.0;0.0;0.0
Sobral;AC. AYRES DE SOUZA;-3.7666666666667;-40.5;2017;8;0.0;0.0;0.0;0.0;0.0;0.0;0.0;0.0;0.0;0.0;0.0;0.0;0.0;0.0;0.0;0.0;0.0;0.0;0.0;0.0;0.0;0.0;0.0;0.0;0.0;0.0;0.0;0.0;0.0;0.0;0.0;0.0
Sobral;AC. AYRES DE SOUZA;-3.7666666666667;-40.5;2017;9;0.0;0.0;0.0;0.0;0.0;0.0;0.0;0.0;0.0;0.0;0.0;0.0;0.0;0.0;0.0;0.0;0.0;0.0;0.0;0.0;0.0;0.0;0.0;0.0;0.0;0.0;0.0;0.0;0.0;0.0;0.0;888.0
Sobral;AC. AYRES DE SOUZA;-3.7666666666667;-40.5;2017;10;0.0;0.0;0.0;0.0;0.0;0.0;0.0;0.0;0.0;0.0;0.0;0.0;0.0;0.0;0.0;0.0;0.0;0.0;0.0;0.0;0.0;0.0;0.0;0.0;0.0;0.0;0.0;0.0;0.0;0.0;0.0;0.0
Sobral;AC. AYRES DE SOUZA;-3.7666666666667;-40.5;2017;11;0.0;0.0;0.0;0.0;0.0;0.0;0.0;0.0;0.0;0.0;0.0;0.0;0.0;0.0;0.0;0.0;0.0;0.0;0.0;0.0;0.0;0.0;0.0;0.0;0.0;0.0;0.0;0.0;0.0;0.0;0.0;888.0
Sobral;AC. AYRES DE SOUZA;-3.7666666666667;-40.5;2017;12;0.0;0.0;0.0;0.0;0.0;0.0;0.0;0.0;0.0;0.0;0.0;0.0;0.0;0.0;0.0;0.0;0.0;0.0;0.0;0.0;0.0;0.0;0.0;0.0;0.0;0.0;0.0;0.0;0.0;0.0;0.0;0.0
Sobral;AC. AYRES DE SOUZA;-3.7666666666667;-40.5;2018;1;91.6;0.0;0.0;0.0;0.0;0.0;0.0;0.0;0.0;6.0;0.0;0.0;0.0;0.0;14.2;0.0;0.0;0.0;15.0;13.2;12.0;0.0;0.0;0.0;9.2;0.0;0.0;15.6;0.0;0.0;6.4;0.0
Sobral;AC. AYRES DE SOUZA;-3.7666666666667;-40.5;2018;2;197.7;0.0;4.4;7.0;0.0;0.0;8.3;29.6;3.6;0.0;0.0;0.0;21.2;19.4;19.0;0.0;0.0;0.0;0.0;0.0;19.5;0.0;0.0;23.5;30.0;0.0;0.0;0.0;12.2;888.0;888.0;888.0
Sobral;AC. AYRES DE SOUZA;-3.7666666666667;-40.5;2018;3;117.6;8.1;0.0;0.0;8.1;6.3;0.0;0.0;0.0;0.0;0.0;7.0;6.5;0.0;18.6;0.0;0.0;0.0;0.0;0.0;0.0;0.0;0.0;0.0;0.0;0.0;2.0;5.6;14.0;0.0;41.4;0.0
Sobral;AC. AYRES DE SOUZA;-3.7666666666667;-40.5;2018;4;184.2;0.0;14.9;0.0;3.1;0.0;0.0;0.0;0.0;40.0;28.8;19.0;0.0;0.0;0.0;12.0;41.2;0.0;0.0;0.0;0.0;0.0;15.2;0.0;0.0;0.0;0.0;0.0;0.0;0.0;10.0;888.0
Sobral;AC. AYRES DE SOUZA;-3.7666666666667;-40.5;2018;5;71.2;4.0;0.0;0.0;0.0;0.0;7.2;0.0;0.0;16.0;0.0;0.0;5.0;0.0;0.0;0.0;0.0;30.0;0.0;0.0;0.0;9.0;0.0;0.0;0.0;0.0;0.0;0.0;0.0;0.0;0.0;0.0
Sobral;AC. AYRES DE SOUZA;-3.7666666666667;-40.5;2018;6;0.0;0.0;0.0;0.0;0.0;0.0;0.0;0.0;0.0;0.0;0.0;0.0;0.0;0.0;0.0;0.0;0.0;0.0;0.0;0.0;0.0;0.0;0.0;0.0;0.0;0.0;0.0;0.0;0.0;0.0;0.0;888.0
Sobral;AC. AYRES DE SOUZA;-3.7666666666667;-40.5;2018;7;24.0;0.0;0.0;0.0;0.0;0.0;0.0;0.0;10.0;0.0;14.0;0.0;0.0;0.0;0.0;0.0;0.0;0.0;0.0;0.0;0.0;0.0;0.0;0.0;0.0;0.0;0.0;0.0;0.0;0.0;0.0;0.0
Sobral;AC. AYRES DE SOUZA;-3.7666666666667;-40.5;2018;8;0.0;0.0;0.0;0.0;0.0;0.0;0.0;0.0;0.0;0.0;0.0;0.0;0.0;0.0;0.0;0.0;0.0;0.0;0.0;0.0;0.0;0.0;0.0;0.0;0.0;0.0;0.0;0.0;0.0;0.0;0.0;0.0
Sobral;AC. AYRES DE SOUZA;-3.7666666666667;-40.5;2018;9;0.0;0.0;0.0;0.0;0.0;0.0;0.0;0.0;0.0;0.0;0.0;0.0;0.0;0.0;0.0;0.0;0.0;0.0;0.0;0.0;0.0;0.0;0.0;0.0;0.0;0.0;0.0;0.0;0.0;0.0;0.0;888.0
Sobral;AC. AYRES DE SOUZA;-3.7666666666667;-40.5;2018;10;0.0;0.0;0.0;0.0;0.0;0.0;0.0;0.0;0.0;0.0;0.0;0.0;0.0;0.0;0.0;0.0;0.0;0.0;0.0;0.0;0.0;0.0;0.0;0.0;0.0;0.0;0.0;0.0;0.0;0.0;0.0;0.0
Sobral;AC. AYRES DE SOUZA;-3.7666666666667;-40.5;2018;11;0.0;0.0;0.0;0.0;0.0;0.0;0.0;0.0;0.0;0.0;0.0;0.0;0.0;0.0;0.0;0.0;0.0;0.0;0.0;0.0;0.0;0.0;0.0;0.0;0.0;0.0;0.0;0.0;0.0;0.0;0.0;888.0
Sobral;AC. AYRES DE SOUZA;-3.7666666666667;-40.5;2018;12;141.8;0.0;0.0;0.0;12.4;18.0;0.0;5.8;0.0;0.0;13.2;0.0;0.0;0.0;41.2;0.0;0.0;0.0;6.2;0.0;0.0;0.0;45.0;0.0;0.0;0.0;0.0;0.0;0.0;0.0;0.0;0.0
Sobral;AC. AYRES DE SOUZA;-3.7666666666667;-40.5;2019;1;85.0;0.0;0.0;0.0;0.0;0.0;0.0;12.0;0.0;0.0;0.0;0.0;0.0;0.0;5.0;8.0;0.0;2.4;30.0;9.8;0.0;0.0;0.0;0.0;4.0;0.0;0.0;0.0;0.0;3.8;8.0;2.0
Sobral;AC. AYRES DE SOUZA;-3.7666666666667;-40.5;2019;2;138.4;22.2;0.0;4.0;0.0;0.0;7.0;12.0;0.0;0.0;0.0;0.0;8.0;0.0;0.0;0.0;65.8;0.0;0.0;0.0;2.2;0.0;0.0;0.0;7.4;0.0;5.8;0.0;4.0;888.0;888.0;888.0
Sobral;AC. AYRES DE SOUZA;-3.7666666666667;-40.5;2019;3;239.6;0.0;13.6;0.0;0.0;0.0;17.6;7.6;2.0;0.0;0.0;0.0;32.4;12.0;10.0;0.0;12.5;0.0;16.6;0.0;0.0;22.4;0.0;11.3;0.0;0.0;0.0;7.6;10.0;0.0;11.0;53.0
Sobral;AC. AYRES DE SOUZA;-3.7666666666667;-40.5;2019;4;165.0;4.2;0.0;0.0;13.4;0.0;16.0;0.0;0.0;0.0;0.0;4.4;0.0;9.4;13.6;47.4;0.0;2.2;0.0;1.8;0.0;0.0;0.0;10.0;0.0;0.0;1.0;0.0;32.0;0.0;9.6;888.0
Sobral;AC. AYRES DE SOUZA;-3.7666666666667;-40.5;2019;5;141.8;21.2;4.0;0.0;0.0;0.0;0.0;0.0;12.0;1.8;0.0;0.0;0.0;56.2;0.0;0.0;0.0;0.0;3.8;0.0;0.0;0.0;33.6;4.6;0.0;0.0;0.0;4.6;0.0;0.0;0.0;0.0
Sobral;AC. AYRES DE SOUZA;-3.7666666666667;-40.5;2019;6;51.9;0.0;0.0;0.0;0.0;0.0;0.0;0.0;0.0;23.0;0.0;0.0;0.0;22.2;2.2;0.0;4.5;0.0;0.0;0.0;0.0;0.0;0.0;0.0;0.0;0.0;0.0;0.0;0.0;0.0;0.0;888.0
Sobral;AC. AYRES DE SOUZA;-3.7666666666667;-40.5;2019;7;6.0;0.0;0.0;2.4;0.0;0.0;0.0;0.0;3.6;0.0;0.0;0.0;0.0;0.0;0.0;0.0;0.0;0.0;0.0;0.0;0.0;0.0;0.0;0.0;0.0;0.0;0.0;0.0;0.0;0.0;0.0;0.0
Sobral;AC. AYRES DE SOUZA;-3.7666666666667;-40.5;2019;8;0.0;0.0;0.0;0.0;0.0;0.0;0.0;0.0;0.0;0.0;0.0;0.0;0.0;0.0;0.0;0.0;0.0;0.0;0.0;0.0;0.0;0.0;0.0;0.0;0.0;0.0;0.0;0.0;0.0;0.0;0.0;0.0
Sobral;AC. AYRES DE SOUZA;-3.7666666666667;-40.5;2019;9;0.0;0.0;0.0;0.0;0.0;0.0;0.0;0.0;0.0;0.0;0.0;0.0;0.0;0.0;0.0;0.0;0.0;0.0;0.0;0.0;0.0;0.0;0.0;0.0;0.0;0.0;0.0;0.0;0.0;0.0;0.0;888.0
Sobral;AC. AYRES DE SOUZA;-3.7666666666667;-40.5;2019;10;0.0;0.0;0.0;0.0;0.0;0.0;0.0;0.0;0.0;0.0;0.0;0.0;0.0;0.0;0.0;0.0;0.0;0.0;0.0;0.0;0.0;0.0;0.0;0.0;0.0;0.0;0.0;0.0;0.0;0.0;0.0;0.0
Sobral;AC. AYRES DE SOUZA;-3.7666666666667;-40.5;2019;11;0.0;0.0;0.0;0.0;0.0;0.0;0.0;0.0;0.0;0.0;0.0;0.0;0.0;0.0;0.0;0.0;0.0;0.0;0.0;0.0;0.0;0.0;0.0;0.0;0.0;0.0;0.0;0.0;0.0;0.0;0.0;888.0
Sobral;AC. AYRES DE SOUZA;-3.7666666666667;-40.5;2019;12;0.0;0.0;0.0;0.0;0.0;0.0;0.0;0.0;0.0;0.0;0.0;0.0;0.0;0.0;0.0;0.0;0.0;0.0;0.0;0.0;0.0;0.0;0.0;0.0;0.0;0.0;0.0;0.0;0.0;0.0;0.0;0.0
Sobral;AC. AYRES DE SOUZA;-3.7666666666667;-40.5;2020;1;130.6;0.0;1.4;0.0;1.0;0.0;0.0;10.6;0.0;22.6;2.8;0.0;0.0;1.6;2.4;0.0;0.0;17.6;0.0;0.0;0.0;3.2;0.0;9.2;0.0;0.0;17.4;0.0;6.8;10.2;14.2;9.6
Sobral;AC. AYRES DE SOUZA;-3.7666666666667;-40.5;2020;2;139.0;1.8;0.0;0.0;39.0;0.0;0.0;0.0;1.8;8.2;0.0;0.0;0.0;41.2;0.0;15.6;0.0;0.0;0.0;0.0;0.0;0.0;0.0;0.0;31.4;0.0;0.0;0.0;0.0;0.0;888.0;888.0
Sobral;AC. AYRES DE SOUZA;-3.7666666666667;-40.5;2020;3;237.8;11.2;0.0;0.0;0.0;11.6;0.0;26.2;0.0;13.0;0.0;0.0;37.4;30.2;12.8;0.0;24.0;0.0;0.0;0.0;6.8;0.0;0.0;0.0;0.0;32.8;0.0;15.0;0.0;0.0;3.6;13.2
Sobral;AC. AYRES DE SOUZA;-3.7666666666667;-40.5;2020;4;135.4;0.0;0.0;0.0;0.0;1.0;15.4;0.0;0.0;0.0;4.6;0.0;6.8;1.6;0.0;0.0;0.0;0.0;5.6;0.0;4.8;18.6;41.0;0.0;0.0;4.0;32.0;0.0;0.0;0.0;0.0;888.0
Sobral;AC. AYRES DE SOUZA;-3.7666666666667;-40.5;2020;5;31.6;0.0;2.8;0.0;0.0;8.6;0.0;0.0;0.0;0.0;1.0;0.0;0.0;0.0;0.0;0.0;0.0;0.0;0.0;0.0;1.6;0.0;11.6;0.0;0.0;0.0;0.0;0.0;1.6;0.0;2.2;2.2
Sobral;AC. AYRES DE SOUZA;-3.7666666666667;-40.5;2020;6;24.7;2.8;0.0;0.0;0.0;0.0;0.0;6.2;0.0;0.0;4.1;0.0;0.0;0.0;0.0;0.0;0.0;1.0;3.0;0.0;0.0;0.0;0.0;0.0;0.0;0.0;0.0;0.0;0.0;0.0;7.6;888.0
Sobral;AC. AYRES DE SOUZA;-3.7666666666667;-40.5;2020;7;25.0;0.0;0.0;0.0;0.0;0.0;25.0;0.0;0.0;0.0;0.0;0.0;0.0;0.0;0.0;0.0;0.0;0.0;0.0;0.0;0.0;0.0;0.0;0.0;0.0;0.0;0.0;0.0;0.0;0.0;0.0;0.0
Sobral;AC. AYRES DE SOUZA;-3.7666666666667;-40.5;2020;8;0.0;0.0;0.0;0.0;0.0;0.0;0.0;0.0;0.0;0.0;0.0;0.0;0.0;0.0;0.0;0.0;0.0;0.0;0.0;0.0;0.0;0.0;0.0;0.0;0.0;0.0;0.0;0.0;0.0;0.0;0.0;0.0
Sobral;AC. AYRES DE SOUZA;-3.7666666666667;-40.5;2020;9;0.0;0.0;0.0;0.0;0.0;0.0;0.0;0.0;0.0;0.0;0.0;0.0;0.0;0.0;0.0;0.0;0.0;0.0;0.0;0.0;0.0;0.0;0.0;0.0;0.0;0.0;0.0;0.0;0.0;0.0;0.0;888.0
Sobral;AC. AYRES DE SOUZA;-3.7666666666667;-40.5;2020;10;0.0;0.0;0.0;0.0;0.0;0.0;0.0;0.0;0.0;0.0;0.0;0.0;0.0;0.0;0.0;0.0;0.0;0.0;0.0;0.0;0.0;0.0;0.0;0.0;0.0;0.0;0.0;0.0;0.0;0.0;0.0;0.0
Sobral;AC. AYRES DE SOUZA;-3.7666666666667;-40.5;2020;11;0.0;0.0;0.0;0.0;0.0;0.0;0.0;0.0;0.0;0.0;0.0;0.0;0.0;0.0;0.0;0.0;0.0;0.0;0.0;0.0;0.0;0.0;0.0;0.0;0.0;0.0;0.0;0.0;0.0;0.0;0.0;888.0
Sobral;AC. AYRES DE SOUZA;-3.7666666666667;-40.5;2020;12;0.0;0.0;0.0;0.0;0.0;0.0;0.0;0.0;0.0;0.0;0.0;0.0;0.0;0.0;0.0;0.0;0.0;0.0;0.0;0.0;0.0;0.0;0.0;0.0;0.0;0.0;0.0;0.0;0.0;0.0;0.0;0.0
Sobral;AC. AYRES DE SOUZA;-3.7666666666667;-40.5;2021;1;82.5;0.0;0.0;0.0;0.0;0.0;0.0;0.0;0.0;0.0;0.0;0.0;0.0;0.0;0.0;0.0;0.0;0.0;0.0;14.0;0.0;2.0;30.0;0.0;0.0;28.0;8.5;0.0;0.0;0.0;0.0;0.0
Sobral;AC. AYRES DE SOUZA;-3.7666666666667;-40.5;2021;2;140.0;0.0;0.0;3.0;0.0;0.0;0.0;0.0;0.0;0.0;0.0;0.0;0.0;0.0;0.0;0.0;32.0;0.0;0.0;0.0;29.0;0.0;0.0;0.0;0.0;0.0;3.0;46.0;27.0;888.0;888.0;888.0
Sobral;AC. AYRES DE SOUZA;-3.7666666666667;-40.5;2021;3;168.7;19.0;7.0;18.0;5.0;13.0;6.0;0.0;15.0;0.0;12.0;2.0;0.0;0.0;0.0;0.0;0.0;14.6;2.0;0.0;4.0;0.0;3.0;0.0;2.5;20.6;19.0;0.0;5.0;0.0;0.0;1.0
Sobral;AC. AYRES DE SOUZA;-3.7666666666667;-40.5;2021;4;168.2;3.0;1.5;4.0;0.0;0.0;0.0;12.0;0.0;0.0;13.6;0.0;35.6;0.0;0.0;7.5;0.0;0.0;12.0;0.0;0.0;47.0;7.0;6.0;14.0;5.0;0.0;0.0;0.0;0.0;0.0;888.0
Sobral;AC. AYRES DE SOUZA;-3.7666666666667;-40.5;2021;5;180.4;51.0;0.0;0.0;0.0;10.5;68.0;5.5;2.0;0.0;0.0;0.0;0.0;28.8;14.6;0.0;0.0;0.0;0.0;0.0;0.0;0.0;0.0;0.0;0.0;0.0;0.0;0.0;0.0;0.0;0.0;0.0
Sobral;AC. AYRES DE SOUZA;-3.7666666666667;-40.5;2021;6;0.0;0.0;0.0;0.0;0.0;0.0;0.0;0.0;0.0;0.0;0.0;0.0;0.0;0.0;0.0;0.0;0.0;0.0;0.0;0.0;0.0;0.0;0.0;0.0;0.0;0.0;0.0;0.0;0.0;0.0;0.0;888.0
Sobral;AC. AYRES DE SOUZA;-3.7666666666667;-40.5;2021;7;0.0;0.0;0.0;0.0;0.0;0.0;0.0;0.0;0.0;0.0;0.0;0.0;0.0;0.0;0.0;0.0;0.0;0.0;0.0;0.0;0.0;0.0;0.0;0.0;0.0;0.0;0.0;0.0;0.0;0.0;0.0;0.0
Sobral;AC. AYRES DE SOUZA;-3.7666666666667;-40.5;2021;8;0.0;0.0;0.0;0.0;0.0;0.0;0.0;0.0;0.0;0.0;0.0;0.0;0.0;0.0;0.0;0.0;0.0;0.0;0.0;0.0;0.0;0.0;0.0;0.0;0.0;0.0;0.0;0.0;0.0;0.0;0.0;0.0
Sobral;AC. AYRES DE SOUZA;-3.7666666666667;-40.5;2021;9;0.0;0.0;0.0;0.0;0.0;0.0;0.0;0.0;0.0;0.0;0.0;0.0;0.0;0.0;0.0;0.0;0.0;0.0;0.0;0.0;0.0;0.0;0.0;0.0;0.0;0.0;0.0;0.0;0.0;0.0;0.0;888.0
Sobral;AC. AYRES DE SOUZA;-3.7666666666667;-40.5;2021;10;0.0;0.0;0.0;0.0;0.0;0.0;0.0;0.0;0.0;0.0;0.0;0.0;0.0;0.0;0.0;0.0;0.0;0.0;0.0;0.0;0.0;0.0;0.0;0.0;0.0;0.0;0.0;0.0;0.0;0.0;0.0;0.0
Sobral;AC. AYRES DE SOUZA;-3.7666666666667;-40.5;2021;11;0.0;0.0;0.0;0.0;0.0;0.0;0.0;0.0;0.0;0.0;0.0;0.0;0.0;0.0;0.0;0.0;0.0;0.0;0.0;0.0;0.0;0.0;0.0;0.0;0.0;0.0;0.0;0.0;0.0;0.0;0.0;888.0
Sobral;AC. AYRES DE SOUZA;-3.7666666666667;-40.5;2021;12;0.0;0.0;0.0;0.0;0.0;0.0;0.0;0.0;0.0;0.0;0.0;0.0;0.0;0.0;0.0;0.0;0.0;0.0;0.0;0.0;0.0;0.0;0.0;0.0;0.0;0.0;0.0;0.0;0.0;0.0;0.0;0.0
Sobral;AC. AYRES DE SOUZA;-3.7666666666667;-40.5;2022;1;85.3;0.0;9.8;0.0;0.0;5.0;0.0;0.0;0.0;0.0;0.0;3.0;1.5;17.0;3.5;11.0;5.5;2.0;2.0;0.0;0.0;4.0;0.0;0.0;0.0;0.0;0.0;21.0;0.0;0.0;0.0;0.0
Sobral;AC. AYRES DE SOUZA;-3.7666666666667;-40.5;2022;2;17.5;0.0;0.0;0.0;0.0;0.0;0.0;0.0;0.0;0.0;0.0;0.0;0.0;0.0;0.0;0.0;0.0;0.0;0.0;15.5;0.0;0.0;2.0;0.0;0.0;0.0;0.0;0.0;0.0;888.0;888.0;888.0
Sobral;AC. AYRES DE SOUZA;-3.7666666666667;-40.5;2022;3;188.2;1.1;14.0;0.0;0.0;0.0;32.0;0.0;0.0;0.0;1.5;7.5;0.0;4.0;0.0;11.5;34.0;0.0;0.0;16.0;5.0;5.0;5.8;0.0;0.0;0.0;3.0;4.8;12.0;0.0;3.0;28.0
Sobral;AC. AYRES DE SOUZA;-3.7666666666667;-40.5;2022;4;198.5;0.0;0.0;56.0;11.5;23.0;0.0;2.0;0.0;4.0;2.0;25.0;0.0;0.0;0.0;0.0;0.0;9.0;0.0;18.0;0.0;0.0;27.0;20.0;1.0;0.0;0.0;0.0;0.0;0.0;0.0;888.0
Sobral;AC. AYRES DE SOUZA;-3.7666666666667;-40.5;2022;5;96.5;0.0;0.0;0.0;5.0;0.0;0.0;0.0;0.0;0.0;0.0;0.0;0.0;9.0;0.0;3.0;0.0;0.0;0.0;9.0;0.0;6.0;30.0;0.0;22.0;0.0;0.0;0.0;4.0;0.0;8.5;0.0
Sobral;AC. AYRES DE SOUZA;-3.7666666666667;-40.5;2022;6;41.5;2.0;2.0;28.0;0.0;0.0;0.0;0.0;0.0;0.0;0.0;9.5;0.0;0.0;0.0;0.0;0.0;0.0;0.0;0.0;0.0;0.0;0.0;0.0;0.0;0.0;0.0;0.0;0.0;0.0;0.0;888.0
Sobral;AC. AYRES DE SOUZA;-3.7666666666667;-40.5;2022;7;8.0;1.5;3.5;0.0;0.0;1.0;0.0;1.0;0.0;0.0;0.0;0.0;0.0;0.0;0.0;1.0;0.0;0.0;0.0;0.0;0.0;0.0;0.0;0.0;0.0;0.0;0.0;0.0;0.0;0.0;0.0;0.0
Sobral;AC. AYRES DE SOUZA;-3.7666666666667;-40.5;2022;8;15.0;0.0;0.0;14.0;0.0;0.0;0.0;0.0;0.0;0.0;0.0;0.0;0.0;1.0;0.0;0.0;0.0;0.0;0.0;0.0;0.0;0.0;0.0;0.0;0.0;0.0;0.0;0.0;0.0;0.0;0.0;0.0
Sobral;AC. AYRES DE SOUZA;-3.7666666666667;-40.5;2022;9;0.0;0.0;0.0;0.0;0.0;0.0;0.0;0.0;0.0;0.0;0.0;0.0;0.0;0.0;0.0;0.0;0.0;0.0;0.0;0.0;0.0;0.0;0.0;0.0;0.0;0.0;0.0;0.0;0.0;0.0;0.0;888.0
Sobral;AC. AYRES DE SOUZA;-3.7666666666667;-40.5;2022;10;0.0;0.0;0.0;0.0;0.0;0.0;0.0;0.0;0.0;0.0;0.0;0.0;0.0;0.0;0.0;0.0;0.0;0.0;0.0;0.0;0.0;0.0;0.0;0.0;0.0;0.0;0.0;0.0;0.0;0.0;0.0;0.0
Sobral;AC. AYRES DE SOUZA;-3.7666666666667;-40.5;2022;11;14.0;0.0;0.0;0.0;0.0;0.0;7.0;7.0;0.0;0.0;0.0;0.0;0.0;0.0;0.0;0.0;0.0;0.0;0.0;0.0;0.0;0.0;0.0;0.0;0.0;0.0;0.0;0.0;0.0;0.0;0.0;888.0
Sobral;AC. AYRES DE SOUZA;-3.7666666666667;-40.5;2022;12;0.0;0.0;0.0;0.0;0.0;0.0;0.0;0.0;0.0;0.0;0.0;0.0;0.0;0.0;0.0;0.0;0.0;0.0;0.0;0.0;0.0;0.0;0.0;0.0;0.0;0.0;0.0;0.0;0.0;0.0;0.0;0.0
Sobral;AC. AYRES DE SOUZA;-3.7666666666667;-40.5;2023;1;47.5;0.0;0.0;7.5;0.0;0.0;0.0;0.0;0.0;0.0;3.0;0.0;0.0;0.0;0.0;7.0;30.0;0.0;0.0;0.0;0.0;0.0;0.0;0.0;0.0;0.0;0.0;0.0;0.0;0.0;0.0;0.0
Sobral;AC. AYRES DE SOUZA;-3.7666666666667;-40.5;2023;2;72.0;18.0;0.0;0.0;0.0;0.0;0.0;0.0;0.0;0.0;0.0;0.0;0.0;0.0;0.0;9.0;1.0;0.0;0.0;0.0;0.0;0.0;1.0;0.0;35.0;8.0;0.0;0.0;0.0;888.0;888.0;888.0
Sobral;AC. AYRES DE SOUZA;-3.7666666666667;-40.5;2023;3;300.5;0.0;1.0;24.0;17.0;0.0;1.5;0.0;0.0;0.0;0.0;9.0;0.0;16.0;2.0;43.0;30.0;19.0;2.0;5.0;55.0;0.0;69.0;0.0;0.0;0.0;0.0;6.0;0.0;0.0;0.0;1.0
Sobral;AC. AYRES DE SOUZA;-3.7666666666667;-40.5;2023;4;291.0;39.0;74.0;0.0;3.0;3.0;2.0;3.5;12.0;0.0;0.0;0.0;0.0;0.0;0.0;9.5;0.0;4.0;0.0;0.0;16.0;0.0;0.0;0.0;16.0;0.0;89.0;20.0;0.0;0.0;0.0;888.0
Sobral;AC. AYRES DE SOUZA;-3.7666666666667;-40.5;2023;5;11.0;6.0;0.0;0.0;3.0;0.0;0.0;0.0;0.0;0.0;0.0;0.0;0.0;0.0;0.0;0.0;0.0;0.0;0.0;2.0;0.0;0.0;0.0;0.0;0.0;0.0;0.0;0.0;0.0;0.0;0.0;0.0
Sobral;AC. AYRES DE SOUZA;-3.7666666666667;-40.5;2023;6;25.5;0.0;0.0;0.0;0.0;0.0;0.0;0.0;0.0;0.0;0.0;0.0;0.0;0.0;0.0;6.0;1.5;0.0;0.0;12.0;1.0;5.0;0.0;0.0;0.0;0.0;0.0;0.0;0.0;0.0;0.0;888.0
Sobral;AC. AYRES DE SOUZA;-3.7666666666667;-40.5;2023;7;0.0;0.0;0.0;0.0;0.0;0.0;0.0;0.0;0.0;0.0;0.0;0.0;0.0;0.0;0.0;0.0;0.0;0.0;0.0;0.0;0.0;0.0;0.0;0.0;0.0;0.0;0.0;0.0;0.0;0.0;0.0;0.0
Sobral;AC. AYRES DE SOUZA;-3.7666666666667;-40.5;2023;8;0.0;0.0;0.0;0.0;0.0;0.0;0.0;0.0;0.0;0.0;0.0;0.0;0.0;0.0;0.0;0.0;0.0;0.0;0.0;0.0;0.0;0.0;0.0;0.0;0.0;0.0;0.0;0.0;0.0;0.0;0.0;0.0
Sobral;AC. AYRES DE SOUZA;-3.7666666666667;-40.5;2023;9;0.0;0.0;0.0;0.0;0.0;0.0;0.0;0.0;0.0;0.0;0.0;0.0;0.0;0.0;0.0;0.0;0.0;0.0;0.0;0.0;0.0;0.0;0.0;0.0;0.0;0.0;0.0;0.0;0.0;0.0;0.0;888.0
Sobral;AC. AYRES DE SOUZA;-3.7666666666667;-40.5;2023;10;0.0;0.0;0.0;0.0;0.0;0.0;0.0;0.0;0.0;0.0;0.0;0.0;0.0;0.0;0.0;0.0;0.0;0.0;0.0;0.0;0.0;0.0;0.0;0.0;0.0;0.0;0.0;0.0;0.0;0.0;0.0;0.0
Sobral;AC. AYRES DE SOUZA;-3.7666666666667;-40.5;2023;11;0.0;0.0;0.0;0.0;0.0;0.0;0.0;0.0;0.0;0.0;0.0;0.0;0.0;0.0;0.0;0.0;0.0;0.0;0.0;0.0;0.0;0.0;0.0;0.0;0.0;0.0;0.0;0.0;0.0;0.0;0.0;888.0
Sobral;AC. AYRES DE SOUZA;-3.7666666666667;-40.5;2023;12;65.5;0.0;0.0;0.0;0.0;0.0;0.0;0.0;0.0;0.0;0.0;0.0;0.0;0.0;0.0;0.0;0.0;3.5;53.0;6.0;0.0;0.0;0.0;0.0;0.0;0.0;3.0;0.0;0.0;0.0;0.0;0.0
Sobral;AC. AYRES DE SOUZA;-3.7666666666667;-40.5;2024;1;8.0;4.0;0.0;0.0;0.0;0.0;0.0;0.0;0.0;0.0;0.0;0.0;4.0;0.0;0.0;0.0;0.0;0.0;0.0;0.0;0.0;0.0;0.0;0.0;0.0;0.0;0.0;0.0;0.0;0.0;0.0;0.0
Sobral;AC. AYRES DE SOUZA;-3.7666666666667;-40.5;2024;2;163.5;0.0;0.0;0.0;0.0;0.0;0.0;0.0;0.0;0.0;16.0;0.0;2.0;2.5;6.0;2.0;2.0;0.0;13.0;4.0;3.0;15.0;0.0;1.0;0.0;1.0;0.0;93.0;3.0;0.0;888.0;888.0
Sobral;AC. AYRES DE SOUZA;-3.7666666666667;-40.5;2024;3;32.0;0.0;0.0;2.0;0.0;0.0;0.0;28.0;0.0;2.0;0.0;0.0;0.0;0.0;999.0;999.0;999.0;999.0;999.0;999.0;999.0;999.0;999.0;999.0;999.0;999.0;999.0;999.0;999.0;999.0;999.0;999.0
