Municipios;Postos;Latitude;Longitude;Anos;Meses;Total;Dia1;Dia2;Dia3;Dia4;Dia5;Dia6;Dia7;Dia8;Dia9;Dia10;Dia11;Dia12;Dia13;Dia14;Dia15;Dia16;Dia17;Dia18;Dia19;Dia20;Dia21;Dia22;Dia23;Dia24;Dia25;Dia26;Dia27;Dia28;Dia29;Dia30;Dia31
Quixadá;AC. CEDRO;-4.9798888888889;-39.08;1988;1;44.0;999.0;999.0;999.0;999.0;999.0;999.0;999.0;999.0;999.0;999.0;7.0;999.0;999.0;999.0;999.0;999.0;5.0;999.0;999.0;999.0;999.0;4.0;999.0;7.0;4.0;4.0;8.0;999.0;5.0;999.0;999.0
Quixadá;AC. CEDRO;-4.9798888888889;-39.08;1988;2;64.0;999.0;999.0;999.0;0.0;999.0;999.0;999.0;999.0;999.0;999.0;999.0;0.0;999.0;999.0;999.0;999.0;999.0;12.0;19.0;999.0;999.0;999.0;5.0;0.0;18.0;9.0;999.0;999.0;1.0;888.0;888.0
Quixadá;AC. CEDRO;-4.9798888888889;-39.08;1988;3;73.2;2.0;5.0;0.0;999.0;999.0;999.0;999.0;3.0;999.0;0.0;6.0;999.0;999.0;3.0;2.2;6.0;999.0;0.0;999.0;999.0;15.0;17.0;999.0;999.0;8.0;999.0;999.0;999.0;6.0;999.0;999.0
Quixadá;AC. CEDRO;-4.9798888888889;-39.08;1988;4;262.0;999.0;999.0;999.0;0.0;0.0;999.0;999.0;5.0;999.0;999.0;999.0;999.0;35.0;25.0;32.0;999.0;999.0;999.0;8.0;3.0;6.0;14.0;999.0;999.0;65.0;999.0;6.0;999.0;63.0;999.0;888.0
Quixadá;AC. CEDRO;-4.9798888888889;-39.08;1988;5;180.0;999.0;24.0;9.0;17.0;62.0;6.0;999.0;999.0;999.0;999.0;999.0;999.0;999.0;999.0;999.0;17.0;3.0;999.0;999.0;8.0;999.0;999.0;31.0;3.0;999.0;999.0;999.0;999.0;999.0;999.0;999.0
Quixadá;AC. CEDRO;-4.9798888888889;-39.08;1988;6;6.8;999.0;999.0;0.0;0.0;0.0;0.0;0.0;0.0;0.0;6.8;999.0;999.0;999.0;999.0;999.0;999.0;999.0;999.0;999.0;999.0;999.0;999.0;999.0;999.0;999.0;999.0;999.0;999.0;999.0;999.0;888.0
Quixadá;AC. CEDRO;-4.9798888888889;-39.08;1988;10;0.0;999.0;999.0;999.0;999.0;999.0;999.0;999.0;999.0;999.0;999.0;999.0;999.0;999.0;999.0;999.0;999.0;999.0;999.0;999.0;999.0;999.0;999.0;999.0;999.0;999.0;999.0;999.0;999.0;999.0;999.0;0.0
Quixadá;AC. CEDRO;-4.9798888888889;-39.08;1988;12;11.0;0.0;0.0;0.0;0.0;0.0;0.0;0.0;0.0;0.0;0.0;0.0;0.0;0.0;0.0;0.0;0.0;0.0;0.0;0.0;0.0;0.0;0.0;11.0;0.0;0.0;0.0;0.0;0.0;0.0;0.0;0.0
Quixadá;AC. CEDRO;-4.9798888888889;-39.08;1990;2;40.0;999.0;999.0;999.0;999.0;999.0;999.0;999.0;999.0;999.0;999.0;999.0;999.0;999.0;999.0;999.0;999.0;999.0;999.0;40.0;999.0;999.0;999.0;999.0;999.0;999.0;999.0;999.0;999.0;888.0;888.0;888.0
Quixadá;AC. CEDRO;-4.9798888888889;-39.08;1990;3;9.0;999.0;999.0;999.0;999.0;999.0;999.0;999.0;999.0;999.0;999.0;999.0;999.0;999.0;999.0;999.0;999.0;999.0;999.0;999.0;999.0;999.0;999.0;999.0;999.0;999.0;999.0;999.0;999.0;9.0;999.0;999.0
Quixadá;AC. CEDRO;-4.9798888888889;-39.08;1990;4;19.0;999.0;999.0;999.0;999.0;999.0;999.0;999.0;999.0;999.0;999.0;999.0;999.0;999.0;999.0;999.0;999.0;999.0;999.0;999.0;999.0;999.0;999.0;999.0;999.0;999.0;3.0;16.0;999.0;999.0;999.0;888.0
Quixadá;AC. CEDRO;-4.9798888888889;-39.08;1990;5;132.8;999.0;42.0;6.0;4.0;999.0;999.0;999.0;999.0;999.0;999.0;999.0;999.0;999.0;37.8;16.0;999.0;999.0;999.0;999.0;999.0;16.0;999.0;999.0;999.0;999.0;999.0;999.0;999.0;999.0;999.0;11.0
Quixadá;AC. CEDRO;-4.9798888888889;-39.08;1990;6;8.0;999.0;999.0;999.0;999.0;999.0;999.0;8.0;999.0;999.0;999.0;999.0;999.0;999.0;999.0;999.0;999.0;999.0;999.0;999.0;999.0;999.0;999.0;999.0;999.0;999.0;999.0;999.0;999.0;999.0;999.0;888.0
Quixadá;AC. CEDRO;-4.9798888888889;-39.08;1991;1;39.0;999.0;999.0;999.0;999.0;999.0;999.0;999.0;999.0;999.0;999.0;999.0;999.0;999.0;999.0;999.0;999.0;999.0;21.0;999.0;999.0;999.0;999.0;999.0;999.0;18.0;999.0;999.0;999.0;999.0;999.0;999.0
Quixadá;AC. CEDRO;-4.9798888888889;-39.08;1991;2;60.0;27.0;0.0;0.0;2.0;0.0;0.0;0.0;0.0;0.0;0.0;0.0;0.0;0.0;0.0;0.0;10.0;4.0;0.0;9.0;0.0;0.0;0.0;0.0;0.0;0.0;5.0;3.0;0.0;888.0;888.0;888.0
Quixadá;AC. CEDRO;-4.9798888888889;-39.08;1991;3;134.0;0.0;0.0;0.0;0.0;0.0;0.0;0.0;0.0;0.0;0.0;0.0;0.0;0.0;0.0;15.0;8.0;0.0;0.0;0.0;0.0;0.0;0.0;8.0;5.0;26.0;0.0;0.0;0.0;9.0;56.0;7.0
Quixadá;AC. CEDRO;-4.9798888888889;-39.08;1991;4;21.0;0.0;0.0;0.0;0.0;7.0;12.0;0.0;0.0;0.0;0.0;0.0;0.0;0.0;0.0;0.0;0.0;0.0;0.0;2.0;999.0;999.0;999.0;999.0;999.0;999.0;999.0;999.0;999.0;999.0;999.0;888.0
Quixadá;AC. CEDRO;-4.9798888888889;-39.08;1991;5;125.0;4.0;12.0;0.0;18.0;3.0;16.0;0.0;0.0;0.0;0.0;0.0;0.0;0.0;0.0;59.0;0.0;0.0;0.0;0.0;0.0;0.0;0.0;0.0;0.0;13.0;0.0;0.0;0.0;0.0;0.0;0.0
Quixadá;AC. CEDRO;-4.9798888888889;-39.08;1991;6;9.0;0.0;0.0;0.0;0.0;0.0;0.0;7.0;0.0;2.0;0.0;0.0;0.0;0.0;0.0;0.0;0.0;0.0;0.0;0.0;0.0;0.0;0.0;0.0;0.0;0.0;0.0;0.0;0.0;0.0;0.0;888.0
Quixadá;AC. CEDRO;-4.9798888888889;-39.08;1991;7;0.0;0.0;0.0;0.0;0.0;0.0;0.0;0.0;0.0;0.0;0.0;0.0;0.0;0.0;0.0;0.0;0.0;0.0;0.0;0.0;0.0;0.0;0.0;0.0;0.0;0.0;0.0;0.0;0.0;0.0;0.0;0.0
Quixadá;AC. CEDRO;-4.9798888888889;-39.08;1991;8;0.0;0.0;0.0;0.0;0.0;0.0;0.0;0.0;0.0;0.0;0.0;0.0;0.0;0.0;0.0;0.0;0.0;0.0;0.0;0.0;0.0;0.0;0.0;0.0;0.0;0.0;0.0;0.0;0.0;0.0;0.0;0.0
Quixadá;AC. CEDRO;-4.9798888888889;-39.08;1991;9;0.0;0.0;0.0;0.0;0.0;0.0;0.0;0.0;0.0;0.0;0.0;0.0;0.0;0.0;0.0;0.0;0.0;0.0;0.0;0.0;0.0;0.0;0.0;0.0;0.0;0.0;0.0;0.0;0.0;0.0;0.0;888.0
Quixadá;AC. CEDRO;-4.9798888888889;-39.08;1991;10;0.0;0.0;0.0;0.0;0.0;0.0;0.0;0.0;0.0;0.0;0.0;0.0;0.0;0.0;0.0;0.0;0.0;0.0;0.0;0.0;0.0;0.0;0.0;0.0;0.0;0.0;0.0;0.0;0.0;0.0;0.0;0.0
Quixadá;AC. CEDRO;-4.9798888888889;-39.08;1991;11;0.0;0.0;0.0;0.0;0.0;0.0;0.0;0.0;0.0;0.0;0.0;0.0;0.0;0.0;0.0;0.0;0.0;0.0;0.0;0.0;0.0;0.0;0.0;0.0;0.0;0.0;0.0;0.0;0.0;0.0;0.0;888.0
Quixadá;AC. CEDRO;-4.9798888888889;-39.08;1991;12;0.0;0.0;0.0;0.0;0.0;0.0;0.0;0.0;0.0;0.0;0.0;0.0;0.0;0.0;0.0;0.0;0.0;0.0;0.0;0.0;0.0;0.0;0.0;0.0;0.0;0.0;0.0;0.0;0.0;0.0;0.0;0.0
Quixadá;AC. CEDRO;-4.9798888888889;-39.08;1992;1;112.0;0.0;0.0;0.0;0.0;0.0;0.0;0.0;0.0;0.0;0.0;0.0;0.0;0.0;0.0;0.0;0.0;0.0;0.0;0.0;0.0;0.0;0.0;0.0;0.0;7.0;0.0;2.0;5.0;17.0;26.0;55.0
Quixadá;AC. CEDRO;-4.9798888888889;-39.08;1992;3;36.4;0.0;0.0;0.0;0.0;0.0;0.0;0.0;0.0;0.0;0.0;2.0;18.0;2.0;999.0;999.0;999.0;999.0;999.0;999.0;999.0;999.0;999.0;999.0;999.0;14.4;999.0;999.0;999.0;999.0;999.0;999.0
Quixadá;AC. CEDRO;-4.9798888888889;-39.08;1992;5;0.0;0.0;0.0;0.0;0.0;0.0;0.0;0.0;0.0;0.0;0.0;0.0;0.0;0.0;0.0;0.0;0.0;0.0;0.0;0.0;0.0;0.0;0.0;0.0;0.0;0.0;0.0;0.0;0.0;0.0;0.0;0.0
Quixadá;AC. CEDRO;-4.9798888888889;-39.08;1992;6;0.0;0.0;0.0;0.0;0.0;0.0;0.0;0.0;0.0;0.0;0.0;0.0;0.0;0.0;0.0;0.0;0.0;0.0;0.0;0.0;0.0;0.0;0.0;0.0;0.0;0.0;0.0;0.0;0.0;0.0;0.0;888.0
Quixadá;AC. CEDRO;-4.9798888888889;-39.08;1992;8;0.0;0.0;0.0;0.0;0.0;0.0;0.0;0.0;0.0;0.0;0.0;0.0;0.0;0.0;0.0;0.0;0.0;0.0;0.0;0.0;0.0;0.0;0.0;0.0;0.0;0.0;0.0;0.0;0.0;0.0;0.0;0.0
Quixadá;AC. CEDRO;-4.9798888888889;-39.08;1993;5;7.0;999.0;999.0;999.0;999.0;999.0;999.0;999.0;999.0;999.0;999.0;999.0;999.0;7.0;999.0;999.0;999.0;999.0;999.0;999.0;999.0;999.0;999.0;999.0;999.0;999.0;999.0;999.0;999.0;999.0;999.0;999.0
Quixadá;AC. CEDRO;-4.9798888888889;-39.08;1997;9;0.0;0.0;0.0;0.0;0.0;0.0;0.0;0.0;0.0;0.0;0.0;0.0;0.0;0.0;0.0;0.0;0.0;0.0;0.0;0.0;0.0;0.0;0.0;0.0;0.0;0.0;0.0;0.0;0.0;0.0;0.0;888.0
Quixadá;AC. CEDRO;-4.9798888888889;-39.08;1997;10;0.0;0.0;0.0;0.0;0.0;0.0;0.0;0.0;0.0;0.0;0.0;0.0;0.0;0.0;0.0;0.0;0.0;0.0;0.0;0.0;0.0;0.0;0.0;0.0;0.0;0.0;0.0;0.0;0.0;0.0;0.0;0.0
Quixadá;AC. CEDRO;-4.9798888888889;-39.08;1997;11;0.0;0.0;0.0;0.0;0.0;0.0;0.0;0.0;0.0;0.0;0.0;0.0;0.0;0.0;0.0;0.0;0.0;0.0;0.0;0.0;0.0;0.0;0.0;0.0;0.0;0.0;0.0;0.0;0.0;0.0;0.0;888.0
Quixadá;AC. CEDRO;-4.9798888888889;-39.08;2003;1;82.0;0.0;0.0;0.0;0.0;0.0;0.0;0.0;0.0;0.0;0.0;0.0;0.0;0.0;0.0;0.0;0.0;0.0;0.0;0.0;0.0;20.0;0.0;43.0;0.0;0.0;0.0;0.0;0.0;0.0;0.0;19.0
Quixadá;AC. CEDRO;-4.9798888888889;-39.08;2003;2;68.9;0.0;0.0;10.0;0.0;6.8;0.0;8.9;0.0;0.0;0.0;0.0;0.0;17.5;0.0;0.0;0.0;0.0;0.0;0.0;3.3;0.0;0.0;0.0;14.2;0.0;8.2;0.0;0.0;888.0;888.0;888.0
Quixadá;AC. CEDRO;-4.9798888888889;-39.08;2003;3;197.2;14.0;0.0;0.0;27.0;29.0;2.0;0.0;0.0;0.0;0.0;4.0;0.0;4.0;0.0;0.0;0.0;29.4;0.0;0.0;0.0;56.0;0.0;0.0;13.0;0.0;4.0;0.0;0.0;0.0;14.8;0.0
Quixadá;AC. CEDRO;-4.9798888888889;-39.08;2003;4;234.2;23.4;2.0;17.4;0.0;0.0;0.0;0.0;0.0;20.2;9.4;0.0;0.0;0.0;0.0;0.0;0.0;0.0;0.0;50.4;8.6;0.0;0.0;7.0;0.0;0.0;0.0;0.0;55.0;4.8;36.0;888.0
Quixadá;AC. CEDRO;-4.9798888888889;-39.08;2003;5;52.6;0.0;0.0;0.0;0.0;30.0;0.0;0.0;0.0;0.0;0.0;0.0;0.0;0.0;0.0;0.0;0.0;0.0;0.0;0.0;0.0;0.0;0.0;0.0;0.0;0.0;0.0;0.0;0.0;0.0;22.6;0.0
Quixadá;AC. CEDRO;-4.9798888888889;-39.08;2003;6;67.7;0.0;0.0;0.0;0.0;24.2;10.3;0.0;3.2;0.0;0.0;0.0;0.0;0.0;0.0;0.0;30.0;999.0;999.0;999.0;999.0;999.0;999.0;999.0;999.0;999.0;999.0;999.0;999.0;999.0;999.0;888.0
Quixadá;AC. CEDRO;-4.9798888888889;-39.08;2007;1;17.0;17.0;0.0;0.0;0.0;0.0;0.0;0.0;0.0;0.0;0.0;0.0;0.0;0.0;0.0;0.0;0.0;0.0;0.0;0.0;0.0;0.0;0.0;0.0;0.0;0.0;0.0;0.0;0.0;0.0;0.0;0.0
Quixadá;AC. CEDRO;-4.9798888888889;-39.08;2007;2;157.3;4.8;0.0;0.0;0.0;0.0;2.0;0.0;3.4;0.0;0.0;0.0;0.0;0.0;0.0;0.0;27.0;29.0;54.0;4.6;0.0;0.0;10.5;7.0;0.0;0.0;15.0;0.0;0.0;888.0;888.0;888.0
Quixadá;AC. CEDRO;-4.9798888888889;-39.08;2007;3;144.2;32.8;1.4;10.3;0.0;2.5;2.9;0.0;0.0;0.0;9.6;0.0;16.2;0.0;0.0;16.0;0.0;0.0;17.0;0.0;23.0;0.0;0.0;0.0;0.0;0.0;0.0;12.5;0.0;0.0;0.0;0.0
Quixadá;AC. CEDRO;-4.9798888888889;-39.08;2007;4;139.1;4.8;6.4;0.0;0.0;0.0;0.0;0.0;0.0;0.0;0.0;0.0;0.0;0.0;0.0;6.5;0.0;0.0;26.4;7.0;6.2;9.4;7.0;0.0;4.0;19.0;3.0;24.0;0.0;12.4;3.0;888.0
Quixadá;AC. CEDRO;-4.9798888888889;-39.08;2007;5;47.0;12.0;8.0;16.4;0.0;0.0;4.6;0.0;3.0;0.0;0.0;3.0;0.0;0.0;0.0;0.0;0.0;0.0;0.0;0.0;0.0;0.0;0.0;0.0;0.0;0.0;0.0;0.0;0.0;0.0;0.0;0.0
Quixadá;AC. CEDRO;-4.9798888888889;-39.08;2007;6;79.0;26.0;0.0;0.0;5.2;3.6;12.2;0.0;0.0;0.0;0.0;0.0;0.0;0.0;0.0;0.0;0.0;0.0;0.0;0.0;0.0;0.0;0.0;0.0;0.0;0.0;0.0;0.0;17.0;15.0;0.0;888.0
Quixadá;AC. CEDRO;-4.9798888888889;-39.08;2007;7;5.0;0.0;0.0;0.0;0.0;0.0;0.0;0.0;0.0;0.0;0.0;0.0;0.0;0.0;0.0;0.0;0.0;0.0;0.0;0.0;0.0;0.0;0.0;5.0;0.0;0.0;0.0;0.0;0.0;0.0;0.0;0.0
Quixadá;AC. CEDRO;-4.9798888888889;-39.08;2007;8;0.0;0.0;0.0;0.0;0.0;0.0;0.0;0.0;0.0;0.0;0.0;0.0;0.0;0.0;0.0;0.0;0.0;0.0;0.0;0.0;0.0;0.0;0.0;0.0;0.0;0.0;0.0;0.0;0.0;0.0;0.0;0.0
Quixadá;AC. CEDRO;-4.9798888888889;-39.08;2007;9;0.0;0.0;0.0;0.0;0.0;0.0;0.0;0.0;0.0;0.0;0.0;0.0;0.0;0.0;0.0;0.0;0.0;0.0;0.0;0.0;0.0;0.0;0.0;0.0;0.0;0.0;0.0;0.0;0.0;0.0;0.0;888.0
Quixadá;AC. CEDRO;-4.9798888888889;-39.08;2007;10;0.0;0.0;0.0;0.0;0.0;0.0;0.0;0.0;0.0;0.0;0.0;0.0;0.0;0.0;0.0;0.0;0.0;0.0;0.0;0.0;0.0;0.0;0.0;0.0;0.0;0.0;0.0;0.0;0.0;0.0;0.0;0.0
Quixadá;AC. CEDRO;-4.9798888888889;-39.08;2007;11;0.0;0.0;0.0;0.0;0.0;0.0;0.0;0.0;0.0;0.0;0.0;0.0;0.0;0.0;0.0;0.0;0.0;0.0;0.0;0.0;0.0;0.0;0.0;0.0;0.0;0.0;0.0;0.0;0.0;0.0;0.0;888.0
Quixadá;AC. CEDRO;-4.9798888888889;-39.08;2007;12;22.0;0.0;0.0;0.0;0.0;0.0;0.0;0.0;0.0;0.0;0.0;0.0;0.0;0.0;0.0;0.0;22.0;0.0;0.0;0.0;0.0;0.0;0.0;0.0;0.0;0.0;0.0;0.0;0.0;0.0;0.0;0.0
Quixadá;AC. CEDRO;-4.9798888888889;-39.08;2008;7;0.0;0.0;999.0;999.0;999.0;999.0;999.0;999.0;999.0;999.0;999.0;999.0;999.0;999.0;999.0;999.0;999.0;999.0;999.0;999.0;999.0;999.0;999.0;999.0;999.0;999.0;999.0;999.0;999.0;999.0;999.0;999.0
Quixadá;AC. CEDRO;-4.9798888888889;-39.08;2008;8;0.0;0.0;999.0;999.0;999.0;999.0;999.0;999.0;999.0;999.0;999.0;999.0;999.0;999.0;999.0;999.0;999.0;999.0;999.0;999.0;999.0;999.0;999.0;999.0;999.0;999.0;999.0;999.0;999.0;999.0;999.0;999.0
Quixadá;AC. CEDRO;-4.9798888888889;-39.08;2008;12;0.0;0.0;999.0;999.0;999.0;999.0;999.0;999.0;999.0;999.0;999.0;999.0;999.0;999.0;999.0;999.0;999.0;999.0;999.0;999.0;999.0;999.0;999.0;999.0;999.0;999.0;999.0;999.0;999.0;999.0;999.0;999.0
Quixadá;AC. CEDRO;-4.9798888888889;-39.08;2009;1;123.4;0.0;0.0;0.0;0.0;0.0;0.0;0.0;0.0;0.0;0.0;0.0;0.0;0.0;0.0;0.0;0.0;7.8;0.0;0.0;0.0;0.0;16.6;0.0;0.0;25.0;32.0;0.0;0.0;0.0;0.0;42.0
Quixadá;AC. CEDRO;-4.9798888888889;-39.08;2009;2;54.0;0.0;5.0;3.0;8.0;0.0;0.0;0.0;0.0;0.0;0.0;0.0;0.0;21.0;0.0;4.2;0.0;0.0;0.0;0.0;0.0;7.0;0.0;4.8;0.0;0.0;1.0;0.0;0.0;888.0;888.0;888.0
Quixadá;AC. CEDRO;-4.9798888888889;-39.08;2009;3;93.9;3.6;10.4;10.2;13.6;2.2;2.4;0.0;0.0;0.0;0.0;0.0;9.8;13.9;0.0;0.0;10.4;4.4;4.0;0.0;0.0;0.0;0.0;0.0;3.6;5.4;0.0;0.0;0.0;0.0;0.0;0.0
Quixadá;AC. CEDRO;-4.9798888888889;-39.08;2009;4;263.0;0.0;0.0;0.0;0.0;0.0;0.0;0.0;4.4;6.4;0.0;0.0;0.0;26.8;0.0;0.0;0.0;0.0;9.0;0.0;42.0;0.0;58.0;23.6;0.0;46.0;6.0;0.0;9.4;0.0;31.4;888.0
Quixadá;AC. CEDRO;-4.9798888888889;-39.08;2009;5;293.8;0.0;27.4;10.0;4.0;4.6;39.0;0.0;6.4;21.4;0.0;32.2;17.2;0.0;0.0;0.0;0.0;0.0;0.0;12.8;0.0;0.0;6.6;9.0;0.0;13.6;20.4;25.0;29.6;14.6;0.0;0.0
Quixadá;AC. CEDRO;-4.9798888888889;-39.08;2009;6;58.4;2.0;0.0;8.4;0.4;19.2;0.0;0.0;0.0;0.0;0.0;0.0;0.0;0.0;0.0;7.4;0.0;0.0;0.0;0.0;18.0;0.0;0.0;0.0;0.0;3.0;0.0;0.0;0.0;0.0;0.0;888.0
Quixadá;AC. CEDRO;-4.9798888888889;-39.08;2009;7;57.9;0.0;0.0;0.0;0.0;0.0;0.0;0.0;8.4;0.0;0.0;0.0;0.0;10.4;0.0;0.0;0.0;0.0;0.0;0.0;0.0;0.0;8.5;20.0;10.6;0.0;0.0;0.0;0.0;0.0;0.0;0.0
Quixadá;AC. CEDRO;-4.9798888888889;-39.08;2009;8;28.8;0.0;0.0;0.0;0.0;0.0;0.0;0.0;9.8;0.0;0.0;0.0;0.0;0.0;0.0;0.0;0.0;0.0;0.0;0.0;0.0;0.0;0.0;0.0;0.0;0.0;0.0;19.0;0.0;0.0;0.0;0.0
Quixadá;AC. CEDRO;-4.9798888888889;-39.08;2009;9;0.0;0.0;0.0;0.0;0.0;0.0;0.0;0.0;0.0;0.0;0.0;0.0;0.0;0.0;0.0;0.0;0.0;0.0;0.0;0.0;0.0;0.0;0.0;0.0;0.0;0.0;0.0;0.0;0.0;0.0;0.0;888.0
Quixadá;AC. CEDRO;-4.9798888888889;-39.08;2009;10;0.0;0.0;0.0;0.0;0.0;0.0;0.0;0.0;0.0;0.0;0.0;0.0;0.0;0.0;0.0;0.0;0.0;0.0;0.0;0.0;0.0;0.0;0.0;0.0;0.0;0.0;0.0;0.0;0.0;0.0;0.0;0.0
Quixadá;AC. CEDRO;-4.9798888888889;-39.08;2009;11;5.0;0.0;0.0;0.0;0.0;0.0;0.0;0.0;0.0;0.0;0.0;0.0;0.0;0.0;0.0;0.0;0.0;1.0;0.0;4.0;0.0;0.0;0.0;0.0;0.0;0.0;0.0;0.0;0.0;0.0;0.0;888.0
Quixadá;AC. CEDRO;-4.9798888888889;-39.08;2009;12;0.0;0.0;0.0;0.0;0.0;0.0;0.0;0.0;0.0;0.0;0.0;0.0;0.0;0.0;0.0;0.0;0.0;0.0;0.0;0.0;0.0;0.0;0.0;0.0;0.0;0.0;0.0;0.0;0.0;0.0;0.0;0.0
Quixadá;AC. CEDRO;-4.9798888888889;-39.08;2010;1;57.3;0.0;0.0;11.2;12.4;0.0;0.0;0.0;0.0;0.0;0.0;10.3;0.0;0.0;0.0;0.0;0.0;0.0;5.4;4.4;0.0;0.0;0.0;0.0;0.0;0.0;0.0;13.6;0.0;0.0;0.0;0.0
Quixadá;AC. CEDRO;-4.9798888888889;-39.08;2010;2;0.0;0.0;0.0;0.0;0.0;0.0;0.0;0.0;0.0;0.0;0.0;0.0;0.0;0.0;0.0;0.0;0.0;0.0;0.0;0.0;0.0;0.0;0.0;0.0;0.0;0.0;0.0;0.0;0.0;888.0;888.0;888.0
Quixadá;AC. CEDRO;-4.9798888888889;-39.08;2010;3;82.0;0.0;0.0;0.0;0.0;0.0;0.0;0.0;0.0;0.0;0.0;0.0;0.0;0.0;0.0;0.0;0.0;0.0;0.0;0.0;0.0;38.0;0.0;0.0;0.0;0.0;0.0;0.0;8.0;34.0;0.0;2.0
Quixadá;AC. CEDRO;-4.9798888888889;-39.08;2010;4;294.1;0.0;30.4;0.0;0.0;0.0;0.0;0.0;15.4;9.6;40.0;3.0;50.0;35.6;0.0;0.0;0.0;20.3;35.4;35.8;16.6;0.0;0.0;2.0;0.0;0.0;0.0;0.0;0.0;0.0;0.0;888.0
Quixadá;AC. CEDRO;-4.9798888888889;-39.08;2010;5;10.5;0.0;0.0;0.0;0.0;0.0;0.0;0.0;0.0;0.0;0.0;0.0;0.0;0.0;10.5;0.0;0.0;0.0;0.0;0.0;0.0;0.0;0.0;0.0;0.0;0.0;0.0;0.0;0.0;0.0;0.0;0.0
Quixadá;AC. CEDRO;-4.9798888888889;-39.08;2010;6;43.0;7.0;0.0;0.0;19.0;17.0;0.0;0.0;0.0;0.0;0.0;0.0;0.0;0.0;0.0;0.0;0.0;0.0;0.0;0.0;0.0;0.0;0.0;0.0;0.0;0.0;0.0;0.0;0.0;0.0;0.0;888.0
Quixadá;AC. CEDRO;-4.9798888888889;-39.08;2010;7;0.0;0.0;0.0;0.0;0.0;0.0;0.0;0.0;0.0;0.0;0.0;0.0;0.0;0.0;0.0;0.0;0.0;0.0;0.0;0.0;0.0;0.0;0.0;0.0;0.0;0.0;0.0;0.0;0.0;0.0;0.0;0.0
Quixadá;AC. CEDRO;-4.9798888888889;-39.08;2010;8;0.0;0.0;0.0;0.0;0.0;0.0;0.0;0.0;0.0;0.0;0.0;0.0;0.0;0.0;0.0;0.0;0.0;0.0;0.0;0.0;0.0;0.0;0.0;0.0;0.0;0.0;0.0;0.0;0.0;0.0;0.0;0.0
Quixadá;AC. CEDRO;-4.9798888888889;-39.08;2010;9;0.0;0.0;0.0;0.0;0.0;0.0;0.0;0.0;0.0;0.0;0.0;0.0;0.0;0.0;0.0;0.0;0.0;0.0;0.0;0.0;0.0;0.0;0.0;0.0;0.0;0.0;0.0;0.0;0.0;0.0;0.0;888.0
Quixadá;AC. CEDRO;-4.9798888888889;-39.08;2010;10;0.0;0.0;0.0;0.0;0.0;0.0;0.0;0.0;0.0;0.0;0.0;0.0;0.0;0.0;0.0;0.0;0.0;0.0;0.0;0.0;0.0;0.0;0.0;0.0;0.0;0.0;0.0;0.0;0.0;0.0;0.0;0.0
Quixadá;AC. CEDRO;-4.9798888888889;-39.08;2010;11;0.0;0.0;0.0;0.0;0.0;0.0;0.0;0.0;0.0;0.0;0.0;0.0;0.0;0.0;0.0;0.0;0.0;0.0;0.0;0.0;0.0;0.0;0.0;0.0;0.0;0.0;0.0;0.0;0.0;0.0;0.0;888.0
Quixadá;AC. CEDRO;-4.9798888888889;-39.08;2010;12;147.9;0.0;0.0;0.0;0.0;0.0;0.0;0.0;0.0;0.0;11.1;9.0;0.0;0.0;0.0;3.2;0.0;8.4;111.0;0.0;0.0;5.2;0.0;0.0;0.0;0.0;0.0;0.0;0.0;0.0;0.0;0.0
Quixadá;AC. CEDRO;-4.9798888888889;-39.08;2011;1;135.7;0.0;0.0;4.9;12.2;0.0;0.0;0.0;0.0;0.0;12.1;27.6;0.0;0.0;0.0;0.0;0.0;0.0;0.0;0.0;0.0;11.2;7.4;0.0;0.0;38.0;8.4;0.0;0.0;0.0;3.9;10.0
Quixadá;AC. CEDRO;-4.9798888888889;-39.08;2011;2;119.2;0.0;6.0;0.0;0.0;4.6;0.0;0.0;0.0;0.0;0.0;0.0;0.0;0.0;0.0;0.0;10.0;0.0;8.8;10.8;16.0;30.4;14.8;14.8;0.0;0.0;0.0;0.0;3.0;888.0;888.0;888.0
Quixadá;AC. CEDRO;-4.9798888888889;-39.08;2011;3;142.0;0.0;9.2;0.0;5.6;0.0;15.2;10.4;32.0;0.0;0.0;5.4;24.0;0.0;0.0;0.0;0.0;0.0;0.0;0.0;0.0;0.0;4.2;0.0;0.0;16.4;0.0;0.0;5.6;14.0;0.0;0.0
Quixadá;AC. CEDRO;-4.9798888888889;-39.08;2011;4;157.3;0.0;0.0;24.6;4.6;0.0;0.0;0.0;0.0;0.0;0.0;27.2;6.2;0.0;29.6;0.0;0.0;0.0;0.0;27.4;0.0;0.0;0.0;0.0;8.2;9.4;0.0;2.7;12.2;5.2;0.0;888.0
Quixadá;AC. CEDRO;-4.9798888888889;-39.08;2011;5;145.2;0.0;0.0;0.0;56.0;7.0;8.0;0.0;0.0;0.0;2.5;24.6;0.0;0.0;0.0;0.0;0.0;0.0;0.0;0.0;7.4;0.0;0.0;0.0;4.2;23.8;7.2;0.0;0.0;0.0;4.5;0.0
Quixadá;AC. CEDRO;-4.9798888888889;-39.08;2011;6;40.0;0.0;0.0;0.0;0.0;0.0;0.0;0.0;0.0;0.0;0.0;0.0;0.0;0.0;0.0;0.0;0.0;0.0;10.6;0.0;0.0;0.0;5.4;6.0;18.0;0.0;0.0;0.0;0.0;0.0;0.0;888.0
Quixadá;AC. CEDRO;-4.9798888888889;-39.08;2011;7;67.1;0.0;0.0;0.0;0.0;0.0;4.8;1.7;0.0;17.4;4.2;0.0;3.2;19.4;0.0;0.0;0.0;16.4;0.0;0.0;0.0;0.0;0.0;0.0;0.0;0.0;0.0;0.0;0.0;0.0;0.0;0.0
Quixadá;AC. CEDRO;-4.9798888888889;-39.08;2011;8;20.4;20.4;0.0;0.0;0.0;0.0;0.0;0.0;0.0;0.0;0.0;0.0;0.0;0.0;0.0;0.0;0.0;0.0;0.0;0.0;0.0;0.0;0.0;0.0;0.0;0.0;0.0;0.0;0.0;0.0;0.0;0.0
Quixadá;AC. CEDRO;-4.9798888888889;-39.08;2011;9;5.0;0.0;0.0;0.0;0.0;0.0;0.0;0.0;0.0;0.0;0.0;0.0;0.0;0.0;0.0;0.0;0.0;0.0;0.0;5.0;0.0;0.0;0.0;0.0;0.0;0.0;0.0;0.0;0.0;0.0;0.0;888.0
Quixadá;AC. CEDRO;-4.9798888888889;-39.08;2011;10;13.6;0.0;0.0;0.0;0.0;0.0;0.0;0.0;0.0;0.0;0.0;0.0;0.0;0.0;0.0;0.0;0.0;0.0;0.0;0.0;0.0;13.6;0.0;0.0;0.0;0.0;0.0;0.0;0.0;0.0;0.0;0.0
Quixadá;AC. CEDRO;-4.9798888888889;-39.08;2011;11;3.2;0.0;0.0;3.2;0.0;0.0;0.0;0.0;0.0;0.0;0.0;0.0;0.0;0.0;0.0;0.0;0.0;0.0;0.0;0.0;0.0;0.0;0.0;0.0;0.0;0.0;0.0;0.0;0.0;0.0;0.0;888.0
Quixadá;AC. CEDRO;-4.9798888888889;-39.08;2011;12;21.4;0.0;0.0;0.0;0.0;0.0;0.0;0.0;0.0;0.0;0.0;0.0;0.0;0.0;0.0;0.0;0.0;0.0;0.0;0.0;0.0;0.0;9.0;12.4;0.0;0.0;0.0;0.0;0.0;0.0;0.0;0.0
Quixadá;AC. CEDRO;-4.9798888888889;-39.08;2012;1;35.0;0.0;0.0;0.0;0.0;0.0;0.0;0.0;0.0;0.0;0.0;0.0;0.0;0.0;0.0;0.0;0.0;0.0;0.0;35.0;0.0;0.0;0.0;0.0;0.0;0.0;0.0;0.0;0.0;0.0;0.0;0.0
Quixadá;AC. CEDRO;-4.9798888888889;-39.08;2012;2;112.6;0.0;0.0;0.0;0.0;0.0;0.0;0.0;0.0;0.0;0.0;0.0;0.0;0.0;0.0;0.0;0.0;5.0;0.0;26.0;13.4;33.4;0.0;0.0;11.8;8.0;0.0;0.0;8.0;7.0;888.0;888.0
Quixadá;AC. CEDRO;-4.9798888888889;-39.08;2012;3;64.0;6.6;0.0;0.0;0.0;0.0;0.0;0.0;0.0;2.0;0.0;22.4;0.0;0.0;0.0;3.4;0.0;0.0;0.0;0.0;7.8;0.0;0.0;0.0;0.0;0.0;0.0;0.0;6.0;0.0;15.8;0.0
Quixadá;AC. CEDRO;-4.9798888888889;-39.08;2012;4;0.0;0.0;0.0;0.0;0.0;0.0;0.0;0.0;0.0;0.0;0.0;0.0;0.0;0.0;0.0;0.0;0.0;0.0;0.0;0.0;0.0;0.0;0.0;0.0;0.0;0.0;0.0;0.0;0.0;0.0;0.0;888.0
Quixadá;AC. CEDRO;-4.9798888888889;-39.08;2012;5;8.0;0.0;0.0;0.0;0.0;0.0;0.0;0.0;0.0;0.0;0.0;0.0;0.0;0.0;8.0;0.0;0.0;0.0;0.0;0.0;0.0;0.0;0.0;0.0;0.0;0.0;0.0;0.0;0.0;0.0;0.0;0.0
Quixadá;AC. CEDRO;-4.9798888888889;-39.08;2012;6;77.0;0.0;0.0;0.0;0.0;0.0;0.0;0.0;0.0;0.0;0.0;0.0;0.0;0.0;0.0;0.0;0.0;0.0;0.0;0.0;0.0;0.0;0.0;12.0;0.0;0.0;65.0;0.0;0.0;0.0;0.0;888.0
Quixadá;AC. CEDRO;-4.9798888888889;-39.08;2012;7;0.0;0.0;0.0;0.0;0.0;0.0;0.0;0.0;0.0;0.0;0.0;0.0;0.0;0.0;0.0;0.0;0.0;0.0;0.0;0.0;0.0;0.0;0.0;0.0;0.0;0.0;0.0;0.0;0.0;0.0;0.0;0.0
Quixadá;AC. CEDRO;-4.9798888888889;-39.08;2012;8;0.0;0.0;0.0;0.0;0.0;0.0;0.0;0.0;0.0;0.0;0.0;0.0;0.0;0.0;0.0;0.0;0.0;0.0;0.0;0.0;0.0;0.0;0.0;0.0;0.0;0.0;0.0;0.0;0.0;0.0;0.0;0.0
Quixadá;AC. CEDRO;-4.9798888888889;-39.08;2012;9;0.0;0.0;0.0;0.0;0.0;0.0;0.0;0.0;0.0;0.0;0.0;0.0;0.0;0.0;0.0;0.0;0.0;0.0;0.0;0.0;0.0;0.0;999.0;0.0;0.0;999.0;0.0;0.0;0.0;0.0;0.0;888.0
Quixadá;AC. CEDRO;-4.9798888888889;-39.08;2012;10;0.0;0.0;0.0;0.0;0.0;0.0;0.0;0.0;0.0;0.0;0.0;0.0;0.0;0.0;0.0;0.0;0.0;0.0;0.0;0.0;0.0;0.0;0.0;0.0;0.0;0.0;0.0;0.0;0.0;0.0;0.0;0.0
Quixadá;AC. CEDRO;-4.9798888888889;-39.08;2012;11;0.0;0.0;0.0;0.0;0.0;0.0;0.0;0.0;0.0;0.0;0.0;0.0;0.0;0.0;0.0;0.0;0.0;0.0;0.0;0.0;0.0;0.0;0.0;0.0;0.0;0.0;0.0;0.0;0.0;0.0;0.0;888.0
Quixadá;AC. CEDRO;-4.9798888888889;-39.08;2012;12;0.0;0.0;0.0;0.0;0.0;0.0;0.0;0.0;0.0;0.0;0.0;0.0;0.0;0.0;0.0;0.0;0.0;0.0;0.0;0.0;0.0;0.0;0.0;0.0;0.0;0.0;0.0;0.0;0.0;0.0;0.0;0.0
Quixadá;AC. CEDRO;-4.9798888888889;-39.08;2013;1;18.2;0.0;0.0;0.0;0.0;0.0;0.0;0.0;0.0;0.0;0.0;0.0;0.0;0.0;0.0;0.0;2.0;0.0;0.0;0.0;0.0;16.2;0.0;0.0;0.0;0.0;0.0;0.0;0.0;0.0;0.0;0.0
Quixadá;AC. CEDRO;-4.9798888888889;-39.08;2013;2;53.8;0.0;0.0;0.0;0.0;0.0;0.0;0.0;0.0;0.0;6.8;0.0;0.0;0.0;0.0;25.0;0.0;1.0;7.0;2.0;12.0;0.0;0.0;0.0;0.0;0.0;0.0;0.0;0.0;888.0;888.0;888.0
Quixadá;AC. CEDRO;-4.9798888888889;-39.08;2013;3;61.8;0.0;0.0;0.0;0.0;0.0;0.0;0.0;0.0;0.0;0.0;0.0;0.0;0.0;0.0;0.0;0.0;7.8;0.0;0.0;49.0;0.0;0.0;1.0;3.0;0.0;1.0;0.0;0.0;0.0;0.0;0.0
Quixadá;AC. CEDRO;-4.9798888888889;-39.08;2013;4;176.2;0.0;0.0;0.0;9.0;0.0;0.0;0.0;0.0;14.0;6.6;0.0;0.0;0.0;0.0;0.0;0.0;0.0;0.0;22.8;66.0;0.0;0.0;6.0;21.8;6.4;12.2;0.0;0.0;0.0;11.4;888.0
Quixadá;AC. CEDRO;-4.9798888888889;-39.08;2013;5;77.9;0.0;2.3;0.0;0.0;0.0;0.0;0.0;0.0;13.0;0.0;0.0;0.0;0.0;0.0;20.6;0.0;0.0;0.0;0.0;0.0;0.0;0.0;0.0;0.0;42.0;0.0;0.0;0.0;0.0;0.0;0.0
Quixadá;AC. CEDRO;-4.9798888888889;-39.08;2013;6;116.8;0.0;0.0;0.0;0.0;0.0;3.4;14.0;0.0;0.0;3.0;0.0;0.0;0.0;8.0;15.4;0.0;0.0;0.0;0.0;0.0;0.0;73.0;0.0;0.0;0.0;0.0;0.0;0.0;0.0;0.0;888.0
Quixadá;AC. CEDRO;-4.9798888888889;-39.08;2013;7;56.5;0.0;0.0;0.0;4.2;0.0;0.0;0.0;0.0;0.0;0.0;0.0;0.0;0.0;0.0;52.3;0.0;0.0;0.0;0.0;0.0;0.0;0.0;0.0;0.0;0.0;0.0;0.0;0.0;0.0;0.0;0.0
Quixadá;AC. CEDRO;-4.9798888888889;-39.08;2013;8;0.0;0.0;0.0;0.0;0.0;0.0;0.0;0.0;0.0;0.0;0.0;0.0;0.0;0.0;0.0;0.0;0.0;0.0;0.0;0.0;0.0;0.0;0.0;0.0;0.0;0.0;0.0;0.0;0.0;0.0;0.0;0.0
Quixadá;AC. CEDRO;-4.9798888888889;-39.08;2013;9;0.0;0.0;0.0;0.0;0.0;0.0;0.0;0.0;0.0;0.0;0.0;0.0;0.0;0.0;0.0;0.0;0.0;0.0;0.0;0.0;0.0;0.0;0.0;0.0;0.0;0.0;0.0;0.0;0.0;0.0;0.0;888.0
Quixadá;AC. CEDRO;-4.9798888888889;-39.08;2013;10;0.0;0.0;0.0;0.0;0.0;0.0;0.0;0.0;0.0;0.0;0.0;0.0;0.0;0.0;0.0;0.0;0.0;0.0;0.0;0.0;0.0;0.0;0.0;0.0;0.0;0.0;0.0;0.0;0.0;0.0;0.0;0.0
Quixadá;AC. CEDRO;-4.9798888888889;-39.08;2013;11;46.0;0.0;0.0;0.0;40.8;0.0;0.0;0.0;0.0;0.0;0.0;0.0;0.0;0.0;0.0;0.0;0.0;0.0;0.0;0.0;0.0;0.0;0.0;0.0;0.0;0.0;0.0;0.0;5.2;0.0;0.0;888.0
Quixadá;AC. CEDRO;-4.9798888888889;-39.08;2013;12;51.0;0.0;0.0;0.0;0.0;0.0;0.0;0.0;0.0;0.0;0.0;0.0;0.0;0.0;0.0;0.0;0.0;0.0;0.0;0.0;51.0;0.0;0.0;0.0;0.0;0.0;0.0;0.0;0.0;0.0;0.0;0.0
Quixadá;AC. CEDRO;-4.9798888888889;-39.08;2014;1;0.0;0.0;0.0;0.0;0.0;0.0;0.0;0.0;0.0;0.0;0.0;0.0;0.0;0.0;0.0;0.0;0.0;0.0;0.0;0.0;0.0;0.0;0.0;0.0;0.0;0.0;0.0;0.0;0.0;0.0;0.0;0.0
Quixadá;AC. CEDRO;-4.9798888888889;-39.08;2014;2;44.0;0.0;0.0;0.0;0.0;0.0;0.0;0.0;0.0;0.0;5.0;0.0;3.2;0.0;4.0;0.0;0.0;0.0;0.0;19.0;4.4;8.4;0.0;0.0;0.0;0.0;0.0;0.0;0.0;888.0;888.0;888.0
Quixadá;AC. CEDRO;-4.9798888888889;-39.08;2014;3;119.5;0.0;0.0;0.0;3.0;0.0;0.0;0.0;0.0;0.0;9.5;3.2;11.0;0.0;0.0;19.4;44.0;14.6;0.0;0.0;6.2;4.6;0.0;0.0;0.0;0.0;0.0;0.0;4.0;999.0;999.0;999.0
Quixadá;AC. CEDRO;-4.9798888888889;-39.08;2015;1;18.0;0.0;0.0;0.0;18.0;0.0;0.0;0.0;0.0;0.0;0.0;0.0;0.0;0.0;0.0;0.0;0.0;0.0;0.0;0.0;0.0;0.0;0.0;0.0;0.0;0.0;0.0;0.0;0.0;0.0;0.0;0.0
Quixadá;AC. CEDRO;-4.9798888888889;-39.08;2015;2;43.4;0.0;0.0;0.0;3.4;0.0;0.0;0.0;0.0;0.0;0.0;0.0;0.0;0.0;0.0;0.0;0.0;2.0;0.0;0.0;12.8;0.0;9.0;12.6;3.6;0.0;0.0;0.0;0.0;888.0;888.0;888.0
Quixadá;AC. CEDRO;-4.9798888888889;-39.08;2016;1;141.9;0.0;0.0;0.0;0.0;0.0;0.0;0.0;12.0;0.0;0.0;0.0;0.0;0.0;0.0;0.0;0.0;0.0;4.2;2.5;0.0;12.0;12.3;55.0;33.0;10.9;0.0;0.0;0.0;0.0;0.0;0.0
Quixadá;AC. CEDRO;-4.9798888888889;-39.08;2016;2;64.4;17.2;12.3;0.0;0.0;0.0;0.0;0.0;0.0;0.0;0.0;0.0;0.0;0.0;0.0;28.4;0.0;0.0;0.0;0.0;0.0;0.0;6.5;0.0;0.0;0.0;0.0;0.0;0.0;0.0;888.0;888.0
Quixadá;AC. CEDRO;-4.9798888888889;-39.08;2016;3;128.6;0.0;0.0;0.0;0.0;0.0;0.0;0.0;0.0;23.0;0.0;0.0;0.0;0.0;0.0;0.0;0.0;0.0;17.0;0.0;0.0;24.4;0.0;0.0;0.0;0.0;0.0;0.0;35.0;0.0;17.0;12.2
Quixadá;AC. CEDRO;-4.9798888888889;-39.08;2016;4;89.4;0.0;26.0;0.0;0.0;0.0;8.2;0.0;0.0;0.0;0.0;15.8;9.4;0.0;0.0;14.0;0.0;0.0;7.4;5.0;0.0;0.0;3.6;0.0;0.0;0.0;0.0;0.0;0.0;0.0;0.0;888.0
Quixadá;AC. CEDRO;-4.9798888888889;-39.08;2017;1;27.2;0.0;0.0;0.0;0.0;2.0;0.0;0.0;0.0;0.0;0.0;7.0;0.0;0.0;0.0;0.0;0.0;0.0;18.2;0.0;0.0;0.0;0.0;0.0;0.0;0.0;0.0;0.0;0.0;0.0;0.0;0.0
Quixadá;AC. CEDRO;-4.9798888888889;-39.08;2017;2;131.8;0.0;0.0;0.0;0.0;0.0;0.0;0.0;0.0;0.0;11.6;12.4;0.0;0.0;0.0;7.4;0.0;0.0;44.4;0.0;26.0;30.0;0.0;0.0;0.0;0.0;0.0;0.0;0.0;888.0;888.0;888.0
Quixadá;AC. CEDRO;-4.9798888888889;-39.08;2017;3;311.6;2.4;5.8;27.2;0.0;0.0;72.6;0.0;19.0;0.0;2.4;35.2;11.8;0.0;18.0;7.6;14.8;0.0;0.0;0.0;0.0;0.0;0.0;58.0;29.8;0.0;0.0;0.0;0.0;0.0;0.0;7.0
Quixadá;AC. CEDRO;-4.9798888888889;-39.08;2017;4;75.2;31.4;0.0;0.0;0.0;0.0;5.2;0.0;0.0;0.0;13.2;0.0;0.0;2.8;0.0;19.4;0.0;0.0;0.0;0.0;3.2;0.0;0.0;0.0;0.0;0.0;0.0;0.0;0.0;0.0;0.0;888.0
Quixadá;AC. CEDRO;-4.9798888888889;-39.08;2017;5;111.6;9.2;4.8;0.0;29.2;0.0;0.0;0.0;0.0;18.4;0.0;0.0;0.0;0.0;0.0;0.0;0.0;0.0;3.0;0.0;0.0;0.0;0.0;0.0;0.0;0.0;4.6;0.0;0.0;42.4;0.0;0.0
Quixadá;AC. CEDRO;-4.9798888888889;-39.08;2017;6;0.0;0.0;0.0;0.0;0.0;0.0;0.0;0.0;0.0;0.0;0.0;0.0;0.0;0.0;0.0;0.0;0.0;0.0;0.0;0.0;0.0;0.0;0.0;0.0;0.0;0.0;0.0;0.0;0.0;0.0;0.0;888.0
Quixadá;AC. CEDRO;-4.9798888888889;-39.08;2017;7;0.0;0.0;0.0;0.0;0.0;0.0;0.0;0.0;0.0;0.0;0.0;0.0;0.0;0.0;0.0;0.0;0.0;0.0;0.0;0.0;0.0;0.0;0.0;0.0;0.0;0.0;0.0;0.0;0.0;0.0;0.0;0.0
Quixadá;AC. CEDRO;-4.9798888888889;-39.08;2017;8;0.0;0.0;0.0;0.0;0.0;0.0;0.0;0.0;0.0;0.0;0.0;0.0;0.0;0.0;0.0;0.0;0.0;0.0;0.0;0.0;0.0;0.0;0.0;0.0;0.0;0.0;0.0;0.0;0.0;0.0;0.0;0.0
Quixadá;AC. CEDRO;-4.9798888888889;-39.08;2017;9;0.0;0.0;0.0;0.0;0.0;0.0;0.0;0.0;0.0;0.0;0.0;0.0;0.0;0.0;0.0;0.0;0.0;0.0;0.0;0.0;0.0;0.0;0.0;0.0;0.0;0.0;0.0;0.0;0.0;0.0;0.0;888.0
Quixadá;AC. CEDRO;-4.9798888888889;-39.08;2017;10;0.0;0.0;0.0;0.0;0.0;0.0;0.0;0.0;0.0;0.0;0.0;0.0;0.0;0.0;0.0;0.0;0.0;0.0;0.0;0.0;0.0;0.0;0.0;0.0;0.0;0.0;0.0;0.0;0.0;0.0;0.0;0.0
Quixadá;AC. CEDRO;-4.9798888888889;-39.08;2017;11;0.0;0.0;0.0;0.0;0.0;0.0;0.0;0.0;0.0;0.0;0.0;0.0;0.0;0.0;0.0;0.0;0.0;0.0;0.0;0.0;0.0;0.0;0.0;0.0;0.0;0.0;0.0;0.0;0.0;0.0;0.0;888.0
Quixadá;AC. CEDRO;-4.9798888888889;-39.08;2017;12;0.0;0.0;0.0;0.0;0.0;0.0;0.0;0.0;0.0;0.0;0.0;0.0;0.0;0.0;0.0;0.0;0.0;0.0;0.0;0.0;0.0;0.0;0.0;0.0;0.0;0.0;0.0;0.0;0.0;0.0;0.0;0.0
Quixadá;AC. CEDRO;-4.9798888888889;-39.08;2018;1;138.0;0.0;0.0;0.0;0.0;0.0;0.0;0.0;0.0;1.4;0.0;0.0;2.2;9.0;0.0;4.2;0.0;0.0;0.0;6.3;10.9;11.8;0.0;0.0;12.6;1.4;1.3;58.0;17.0;1.9;0.0;0.0
Quixadá;AC. CEDRO;-4.9798888888889;-39.08;2018;2;79.2;0.0;0.0;0.0;0.0;6.2;0.0;18.4;15.1;0.0;0.0;2.6;0.0;0.0;2.3;7.2;2.4;0.0;0.0;0.0;0.0;0.0;0.0;4.4;0.0;18.6;0.0;2.0;0.0;888.0;888.0;888.0
Quixadá;AC. CEDRO;-4.9798888888889;-39.08;2018;3;152.0;0.0;46.0;0.0;0.0;7.4;0.0;0.0;0.0;0.0;0.0;0.0;0.0;0.0;0.0;0.0;0.0;0.0;0.0;0.0;0.0;0.0;8.5;12.3;0.0;0.0;2.0;0.0;0.0;18.2;56.0;1.6
Quixadá;AC. CEDRO;-4.9798888888889;-39.08;2018;4;230.2;0.0;4.6;7.0;0.0;0.0;0.0;0.0;0.0;12.0;12.6;0.0;15.4;25.2;5.4;0.0;12.2;64.4;11.0;0.0;0.0;25.6;0.0;24.2;0.0;0.0;0.0;3.8;0.0;0.0;6.8;888.0
Quixadá;AC. CEDRO;-4.9798888888889;-39.08;2018;5;113.2;16.0;11.0;0.0;0.0;0.0;0.0;0.0;0.0;0.0;9.4;0.0;0.0;4.0;0.0;0.0;13.2;0.0;34.8;16.0;0.0;0.0;0.0;0.0;0.0;1.8;0.0;0.0;0.0;7.0;0.0;0.0
Quixadá;AC. CEDRO;-4.9798888888889;-39.08;2018;6;9.2;0.0;0.0;0.0;0.0;2.0;0.0;0.0;0.0;7.2;0.0;0.0;0.0;0.0;0.0;0.0;0.0;0.0;0.0;0.0;0.0;0.0;0.0;0.0;0.0;0.0;0.0;0.0;0.0;0.0;0.0;888.0
Quixadá;AC. CEDRO;-4.9798888888889;-39.08;2018;7;3.0;0.0;0.0;0.0;0.0;0.0;0.0;1.0;2.0;0.0;0.0;0.0;0.0;0.0;0.0;0.0;0.0;0.0;0.0;0.0;0.0;0.0;0.0;0.0;0.0;0.0;0.0;0.0;0.0;0.0;0.0;0.0
Quixadá;AC. CEDRO;-4.9798888888889;-39.08;2018;8;0.0;0.0;0.0;0.0;0.0;0.0;0.0;0.0;0.0;0.0;0.0;0.0;0.0;0.0;0.0;0.0;0.0;0.0;0.0;0.0;0.0;0.0;0.0;0.0;0.0;0.0;0.0;0.0;0.0;0.0;0.0;0.0
Quixadá;AC. CEDRO;-4.9798888888889;-39.08;2018;9;0.0;0.0;0.0;0.0;0.0;0.0;0.0;0.0;0.0;0.0;0.0;0.0;0.0;0.0;0.0;0.0;0.0;0.0;0.0;0.0;0.0;0.0;0.0;0.0;0.0;0.0;0.0;0.0;0.0;0.0;0.0;888.0
Quixadá;AC. CEDRO;-4.9798888888889;-39.08;2018;10;0.0;0.0;0.0;0.0;0.0;0.0;0.0;0.0;0.0;0.0;0.0;0.0;0.0;0.0;0.0;0.0;0.0;0.0;0.0;0.0;0.0;0.0;0.0;0.0;0.0;0.0;0.0;0.0;0.0;0.0;0.0;0.0
Quixadá;AC. CEDRO;-4.9798888888889;-39.08;2018;11;0.0;0.0;0.0;0.0;0.0;0.0;0.0;0.0;0.0;0.0;0.0;0.0;0.0;0.0;0.0;0.0;0.0;0.0;0.0;0.0;0.0;0.0;0.0;0.0;0.0;0.0;0.0;0.0;0.0;0.0;0.0;888.0
Quixadá;AC. CEDRO;-4.9798888888889;-39.08;2018;12;31.8;0.0;0.0;0.0;0.0;0.0;12.0;0.6;0.0;0.0;8.0;0.0;0.0;0.0;0.0;0.0;0.0;0.0;1.8;0.0;0.0;0.0;0.0;0.0;9.4;0.0;0.0;0.0;0.0;0.0;0.0;0.0
Quixadá;AC. CEDRO;-4.9798888888889;-39.08;2019;1;123.0;0.0;0.0;0.0;0.0;0.0;0.0;0.0;0.0;4.2;5.4;0.0;0.0;0.0;7.2;29.2;0.0;0.0;20.2;33.0;0.0;0.0;0.0;0.0;0.0;0.0;14.6;9.2;0.0;0.0;0.0;0.0
Quixadá;AC. CEDRO;-4.9798888888889;-39.08;2019;2;189.2;4.0;0.0;0.0;0.6;5.4;14.0;5.0;0.0;0.0;0.0;9.0;0.0;0.0;39.8;0.0;0.0;0.0;10.2;3.2;0.0;0.0;51.0;0.0;21.0;0.0;12.6;0.0;13.4;888.0;888.0;888.0
Quixadá;AC. CEDRO;-4.9798888888889;-39.08;2019;3;133.0;0.0;0.0;15.2;15.4;5.8;0.0;1.2;0.0;0.0;7.0;0.0;0.0;3.0;0.0;49.2;0.0;0.0;0.0;14.0;0.0;0.0;0.0;2.8;4.4;0.0;0.0;0.0;12.0;0.0;0.0;3.0
Quixadá;AC. CEDRO;-4.9798888888889;-39.08;2019;4;173.2;60.6;0.0;0.8;3.6;6.4;10.4;0.0;12.8;0.0;0.0;0.0;0.0;6.8;4.4;0.0;0.0;9.0;0.6;0.0;24.2;8.8;0.0;0.0;0.0;0.8;1.2;0.0;0.0;14.6;8.2;888.0
Quixadá;AC. CEDRO;-4.9798888888889;-39.08;2019;5;38.6;0.0;9.0;0.0;0.0;0.0;0.0;0.0;0.0;1.2;0.0;0.0;0.0;0.0;0.0;0.0;0.0;0.0;6.0;0.0;1.4;2.6;16.0;0.0;0.0;0.0;0.0;0.0;0.0;0.0;0.0;2.4
Quixadá;AC. CEDRO;-4.9798888888889;-39.08;2019;6;8.8;0.0;0.0;0.0;0.0;0.0;0.0;0.0;0.0;0.0;0.0;0.0;0.0;0.0;6.4;0.0;0.0;0.0;2.4;0.0;0.0;0.0;0.0;0.0;0.0;0.0;0.0;0.0;0.0;0.0;0.0;888.0
Quixadá;AC. CEDRO;-4.9798888888889;-39.08;2019;7;28.4;0.0;0.0;1.8;0.0;0.0;0.0;0.0;0.0;0.0;0.0;0.0;2.0;0.0;0.0;0.0;0.0;0.0;2.0;0.0;0.0;5.8;0.0;16.8;0.0;0.0;0.0;0.0;0.0;0.0;0.0;0.0
Quixadá;AC. CEDRO;-4.9798888888889;-39.08;2019;8;0.0;0.0;0.0;0.0;0.0;0.0;0.0;0.0;0.0;0.0;0.0;999.0;0.0;0.0;0.0;0.0;0.0;0.0;0.0;0.0;0.0;0.0;0.0;0.0;0.0;0.0;0.0;0.0;0.0;0.0;0.0;0.0
Quixadá;AC. CEDRO;-4.9798888888889;-39.08;2019;9;0.0;0.0;0.0;0.0;0.0;0.0;0.0;0.0;0.0;0.0;0.0;0.0;0.0;0.0;0.0;0.0;0.0;0.0;0.0;0.0;0.0;0.0;0.0;0.0;0.0;0.0;0.0;0.0;0.0;0.0;0.0;888.0
Quixadá;AC. CEDRO;-4.9798888888889;-39.08;2019;10;0.0;0.0;0.0;0.0;0.0;0.0;0.0;0.0;0.0;0.0;0.0;0.0;0.0;0.0;0.0;0.0;0.0;0.0;0.0;0.0;0.0;0.0;0.0;0.0;0.0;0.0;0.0;0.0;0.0;0.0;0.0;0.0
Quixadá;AC. CEDRO;-4.9798888888889;-39.08;2019;11;0.0;0.0;0.0;0.0;0.0;0.0;0.0;0.0;0.0;0.0;0.0;0.0;0.0;0.0;0.0;0.0;0.0;0.0;0.0;0.0;0.0;0.0;0.0;0.0;0.0;0.0;0.0;0.0;0.0;0.0;0.0;888.0
Quixadá;AC. CEDRO;-4.9798888888889;-39.08;2019;12;0.0;0.0;0.0;0.0;0.0;0.0;0.0;999.0;0.0;0.0;0.0;999.0;0.0;0.0;0.0;0.0;0.0;0.0;0.0;0.0;0.0;0.0;0.0;0.0;0.0;0.0;0.0;0.0;0.0;0.0;0.0;0.0
Quixadá;AC. CEDRO;-4.9798888888889;-39.08;2020;1;57.4;14.2;0.0;0.0;0.0;0.0;0.0;0.0;0.0;0.0;0.0;0.0;0.0;0.0;0.0;9.4;0.0;0.0;0.0;0.0;0.0;0.0;0.0;0.0;0.0;0.0;3.4;30.4;0.0;0.0;0.0;0.0
Quixadá;AC. CEDRO;-4.9798888888889;-39.08;2020;2;195.2;0.0;0.0;0.0;34.8;0.0;2.0;2.4;0.0;0.0;0.0;0.0;0.0;9.0;0.0;0.0;20.4;0.0;19.2;8.6;62.4;0.0;0.0;0.0;0.0;8.8;0.0;7.0;0.0;20.6;888.0;888.0
Quixadá;AC. CEDRO;-4.9798888888889;-39.08;2020;3;183.4;0.0;0.0;0.0;8.0;30.6;0.0;1.8;10.8;0.0;0.0;0.0;0.0;0.0;39.0;57.0;4.2;1.4;0.0;0.0;4.0;0.0;0.0;0.0;0.0;0.0;3.8;11.6;7.6;0.0;3.6;0.0
Quixadá;AC. CEDRO;-4.9798888888889;-39.08;2020;4;160.0;20.2;3.4;0.0;0.0;0.0;0.0;0.0;0.0;0.0;0.0;0.0;6.4;0.0;0.0;0.0;7.2;0.0;4.8;0.0;0.0;60.4;20.0;3.0;17.6;12.4;0.0;4.6;0.0;0.0;0.0;888.0
Quixadá;AC. CEDRO;-4.9798888888889;-39.08;2020;5;59.6;0.0;0.0;0.0;4.8;0.0;0.0;0.0;0.0;0.0;0.0;0.0;0.0;0.0;7.4;4.0;0.0;0.0;0.0;4.6;0.0;16.0;2.2;0.0;0.0;0.0;0.0;10.2;0.0;6.8;0.0;3.6
Quixadá;AC. CEDRO;-4.9798888888889;-39.08;2020;6;44.8;0.0;0.0;0.0;0.0;0.0;0.0;0.0;26.8;0.0;0.0;18.0;0.0;0.0;0.0;0.0;0.0;0.0;0.0;0.0;0.0;0.0;0.0;0.0;0.0;0.0;0.0;0.0;0.0;0.0;0.0;888.0
Quixadá;AC. CEDRO;-4.9798888888889;-39.08;2020;7;33.0;0.0;0.0;0.0;0.0;0.0;4.4;21.0;0.0;0.0;0.0;7.6;0.0;0.0;0.0;0.0;0.0;0.0;0.0;0.0;0.0;0.0;0.0;0.0;0.0;0.0;0.0;0.0;0.0;0.0;0.0;0.0
Quixadá;AC. CEDRO;-4.9798888888889;-39.08;2020;8;0.0;0.0;0.0;0.0;0.0;0.0;0.0;0.0;0.0;0.0;0.0;0.0;0.0;0.0;0.0;0.0;0.0;0.0;0.0;0.0;0.0;0.0;0.0;0.0;0.0;0.0;0.0;0.0;0.0;0.0;0.0;0.0
Quixadá;AC. CEDRO;-4.9798888888889;-39.08;2020;9;0.0;0.0;0.0;0.0;0.0;0.0;0.0;0.0;0.0;0.0;0.0;0.0;0.0;0.0;0.0;0.0;0.0;0.0;0.0;0.0;0.0;0.0;0.0;0.0;0.0;0.0;0.0;0.0;0.0;0.0;0.0;888.0
Quixadá;AC. CEDRO;-4.9798888888889;-39.08;2020;10;0.0;0.0;0.0;0.0;0.0;0.0;0.0;0.0;0.0;0.0;0.0;0.0;0.0;0.0;0.0;0.0;0.0;0.0;0.0;0.0;0.0;0.0;0.0;0.0;0.0;0.0;0.0;0.0;0.0;0.0;0.0;0.0
Quixadá;AC. CEDRO;-4.9798888888889;-39.08;2020;11;0.0;0.0;0.0;0.0;0.0;0.0;0.0;0.0;0.0;0.0;0.0;0.0;0.0;0.0;0.0;0.0;0.0;0.0;0.0;0.0;0.0;0.0;0.0;0.0;0.0;0.0;0.0;0.0;0.0;0.0;0.0;888.0
Quixadá;AC. CEDRO;-4.9798888888889;-39.08;2020;12;0.0;0.0;0.0;0.0;0.0;0.0;0.0;0.0;0.0;0.0;0.0;0.0;0.0;0.0;0.0;0.0;0.0;0.0;0.0;0.0;0.0;0.0;0.0;0.0;0.0;0.0;0.0;0.0;0.0;0.0;0.0;0.0
Quixadá;AC. CEDRO;-4.9798888888889;-39.08;2021;1;11.2;0.0;0.0;0.0;6.2;0.0;0.0;0.0;0.0;0.0;0.0;0.0;0.0;0.0;0.0;0.0;0.0;0.0;0.0;0.0;0.0;0.0;0.0;0.0;0.0;0.0;0.0;0.0;5.0;0.0;0.0;0.0
Quixadá;AC. CEDRO;-4.9798888888889;-39.08;2021;2;69.0;0.0;0.0;0.0;0.0;0.0;0.0;0.0;2.4;0.0;4.6;0.0;0.0;0.0;0.0;0.0;10.0;5.4;0.0;0.0;0.0;17.6;0.0;0.0;8.2;0.0;18.8;2.0;0.0;888.0;888.0;888.0
Quixadá;AC. CEDRO;-4.9798888888889;-39.08;2021;3;128.4;1.2;23.6;0.0;5.4;9.4;4.2;0.0;0.0;0.0;0.0;0.0;0.0;0.0;0.4;1.6;3.2;7.0;0.8;1.4;12.2;0.0;0.0;0.0;7.8;20.0;24.8;1.6;0.0;0.0;0.0;3.8
Quixadá;AC. CEDRO;-4.9798888888889;-39.08;2021;4;119.2;0.0;0.0;0.0;5.2;4.6;0.0;0.0;0.0;7.6;0.0;23.4;14.8;0.0;0.0;0.0;27.0;0.0;0.0;4.6;1.8;0.0;0.0;0.0;0.0;0.0;0.0;0.0;0.0;24.8;5.4;888.0
Quixadá;AC. CEDRO;-4.9798888888889;-39.08;2021;5;78.1;0.0;0.0;5.4;0.0;9.0;0.0;1.2;0.0;11.0;0.0;0.0;0.0;0.0;21.4;28.8;0.0;0.0;0.0;0.0;0.0;0.0;0.5;0.8;0.0;0.0;0.0;0.0;0.0;0.0;0.0;0.0
Quixadá;AC. CEDRO;-4.9798888888889;-39.08;2021;6;4.8;0.0;0.0;0.0;0.0;0.0;0.0;0.0;4.8;0.0;0.0;0.0;0.0;0.0;0.0;0.0;0.0;0.0;0.0;0.0;0.0;0.0;0.0;0.0;0.0;0.0;0.0;0.0;0.0;0.0;0.0;888.0
Quixadá;AC. CEDRO;-4.9798888888889;-39.08;2021;7;6.0;0.0;6.0;0.0;0.0;0.0;0.0;0.0;0.0;0.0;0.0;0.0;0.0;0.0;0.0;0.0;0.0;0.0;0.0;0.0;0.0;0.0;0.0;0.0;0.0;0.0;0.0;0.0;0.0;0.0;0.0;0.0
Quixadá;AC. CEDRO;-4.9798888888889;-39.08;2021;8;0.0;0.0;0.0;0.0;0.0;0.0;0.0;0.0;0.0;0.0;0.0;0.0;0.0;0.0;0.0;0.0;0.0;0.0;0.0;0.0;0.0;0.0;0.0;0.0;0.0;0.0;0.0;0.0;0.0;0.0;0.0;0.0
Quixadá;AC. CEDRO;-4.9798888888889;-39.08;2021;9;0.0;0.0;0.0;0.0;0.0;0.0;0.0;0.0;0.0;0.0;0.0;0.0;0.0;0.0;0.0;0.0;0.0;0.0;0.0;0.0;0.0;0.0;0.0;0.0;0.0;0.0;0.0;0.0;0.0;0.0;0.0;888.0
Quixadá;AC. CEDRO;-4.9798888888889;-39.08;2021;10;0.0;0.0;0.0;0.0;0.0;0.0;0.0;0.0;0.0;0.0;0.0;0.0;0.0;0.0;0.0;0.0;0.0;0.0;0.0;0.0;0.0;0.0;0.0;0.0;0.0;0.0;0.0;0.0;0.0;0.0;0.0;0.0
Quixadá;AC. CEDRO;-4.9798888888889;-39.08;2021;11;0.0;0.0;0.0;0.0;0.0;0.0;0.0;0.0;0.0;0.0;0.0;0.0;0.0;0.0;0.0;0.0;0.0;0.0;0.0;0.0;0.0;0.0;0.0;0.0;0.0;0.0;0.0;0.0;0.0;0.0;0.0;888.0
Quixadá;AC. CEDRO;-4.9798888888889;-39.08;2021;12;28.0;0.0;0.0;0.0;0.0;0.0;0.0;0.0;0.0;0.0;0.0;0.0;0.0;0.0;0.0;0.0;0.0;0.0;0.0;0.0;0.0;0.0;0.0;0.0;0.0;0.0;0.0;28.0;0.0;0.0;0.0;0.0
Quixadá;AC. CEDRO;-4.9798888888889;-39.08;2022;1;121.6;4.8;0.0;0.0;0.0;0.0;0.0;10.2;0.0;0.0;0.0;0.0;0.0;22.6;17.8;19.2;24.4;0.0;0.0;0.0;2.2;0.0;0.0;0.0;0.0;0.0;0.0;4.6;10.6;5.2;0.0;0.0
Quixadá;AC. CEDRO;-4.9798888888889;-39.08;2022;2;49.4;0.0;0.0;0.0;0.0;0.0;0.0;0.0;11.0;0.0;8.6;0.0;0.0;0.0;24.8;0.0;0.0;0.0;0.0;5.0;0.0;0.0;0.0;0.0;0.0;0.0;0.0;0.0;0.0;888.0;888.0;888.0
Quixadá;AC. CEDRO;-4.9798888888889;-39.08;2022;3;169.8;0.0;0.0;0.0;0.0;0.0;0.0;33.0;2.2;3.2;5.0;9.0;3.0;0.0;7.0;45.8;11.8;4.0;0.0;0.0;0.0;13.0;12.0;4.0;0.0;0.0;0.0;0.0;0.0;9.8;7.0;999.0
Quixadá;AC. CEDRO;-4.9798888888889;-39.08;2022;4;230.2;0.0;8.6;0.0;2.0;52.6;0.0;0.0;0.0;23.2;0.0;0.0;46.8;0.0;0.0;0.0;0.0;0.0;13.0;4.4;0.0;0.0;0.0;0.0;11.8;14.8;2.2;15.4;0.0;35.4;0.0;888.0
Quixadá;AC. CEDRO;-4.9798888888889;-39.08;2022;5;113.6;0.0;0.0;0.8;3.2;7.2;0.0;3.7;10.6;11.0;0.0;0.0;3.2;1.3;0.0;7.8;2.6;0.0;0.0;0.0;3.0;0.0;28.0;4.8;0.0;3.8;0.0;13.4;5.8;3.4;0.0;0.0
Quixadá;AC. CEDRO;-4.9798888888889;-39.08;2022;6;60.3;22.8;5.6;6.6;13.4;3.4;3.4;0.0;0.0;0.0;0.0;0.0;1.1;0.0;0.0;0.0;0.0;0.0;0.0;0.0;0.0;4.0;0.0;0.0;0.0;0.0;0.0;0.0;0.0;0.0;0.0;888.0
Quixadá;AC. CEDRO;-4.9798888888889;-39.08;2022;7;60.6;0.0;29.0;10.0;0.0;10.0;0.0;0.0;7.6;0.0;0.0;0.0;0.0;0.0;0.0;0.0;0.0;0.0;0.0;0.0;0.0;0.0;4.0;0.0;0.0;0.0;0.0;0.0;0.0;0.0;0.0;0.0
Quixadá;AC. CEDRO;-4.9798888888889;-39.08;2022;8;29.6;0.0;0.0;10.0;1.6;18.0;0.0;0.0;0.0;0.0;0.0;0.0;0.0;0.0;0.0;0.0;0.0;0.0;0.0;0.0;0.0;0.0;0.0;0.0;0.0;0.0;0.0;0.0;0.0;0.0;0.0;0.0
Quixadá;AC. CEDRO;-4.9798888888889;-39.08;2022;9;4.6;0.0;0.0;0.0;0.0;0.0;0.0;4.6;0.0;0.0;0.0;0.0;0.0;0.0;0.0;0.0;0.0;0.0;0.0;0.0;0.0;0.0;0.0;0.0;0.0;0.0;0.0;0.0;0.0;0.0;0.0;888.0
Quixadá;AC. CEDRO;-4.9798888888889;-39.08;2022;10;0.0;0.0;0.0;0.0;0.0;0.0;0.0;0.0;0.0;0.0;0.0;0.0;0.0;0.0;0.0;0.0;0.0;0.0;0.0;0.0;0.0;0.0;0.0;0.0;0.0;0.0;0.0;0.0;0.0;0.0;0.0;0.0
Quixadá;AC. CEDRO;-4.9798888888889;-39.08;2022;11;65.3;0.0;0.0;0.0;0.0;0.0;0.0;60.1;0.0;0.0;0.0;0.0;0.0;0.0;0.0;0.0;0.0;0.0;0.0;0.0;0.0;0.0;0.0;0.0;0.0;0.0;0.0;0.0;0.0;0.0;5.2;888.0
Quixadá;AC. CEDRO;-4.9798888888889;-39.08;2022;12;23.8;0.0;8.4;0.0;0.0;0.0;0.0;0.0;0.0;0.0;0.0;0.0;0.0;0.0;0.0;0.0;0.0;0.0;0.0;0.0;0.0;0.0;0.0;0.0;15.4;0.0;0.0;0.0;0.0;0.0;0.0;0.0
Quixadá;AC. CEDRO;-4.9798888888889;-39.08;2023;1;46.7;0.0;0.0;0.0;0.0;0.0;0.0;0.0;0.0;0.0;0.0;5.2;0.0;0.0;0.0;0.0;0.0;0.0;0.0;18.0;1.2;2.8;0.0;0.0;13.3;1.4;0.0;0.0;4.8;0.0;0.0;0.0
Quixadá;AC. CEDRO;-4.9798888888889;-39.08;2023;2;71.4;0.0;0.0;5.2;0.0;0.0;0.0;0.0;0.0;0.0;0.0;18.4;0.0;0.0;0.0;0.0;0.0;0.0;0.0;2.4;0.0;0.0;0.0;32.7;6.2;6.5;0.0;0.0;0.0;888.0;888.0;888.0
Quixadá;AC. CEDRO;-4.9798888888889;-39.08;2023;3;190.0;0.0;0.0;6.6;12.4;0.0;0.0;0.0;0.0;3.2;14.2;0.0;4.4;27.0;14.2;10.2;0.0;45.3;0.0;8.9;0.0;9.0;3.1;0.0;2.8;0.0;0.0;0.0;0.0;4.1;11.0;13.6
Quixadá;AC. CEDRO;-4.9798888888889;-39.08;2023;4;108.7;0.0;7.0;0.0;25.6;0.0;0.0;2.8;0.0;9.0;4.2;1.8;0.0;0.0;0.0;0.0;39.8;4.6;0.0;5.6;0.0;0.0;0.0;0.0;0.0;0.0;2.2;6.1;0.0;0.0;0.0;888.0
Quixadá;AC. CEDRO;-4.9798888888889;-39.08;2023;5;27.3;12.6;0.0;0.0;0.0;3.6;0.0;0.0;0.0;0.0;0.0;0.0;0.0;0.0;0.0;0.0;2.2;0.0;8.9;0.0;0.0;0.0;0.0;0.0;0.0;0.0;0.0;0.0;0.0;0.0;0.0;0.0
Quixadá;AC. CEDRO;-4.9798888888889;-39.08;2023;6;43.0;0.0;0.0;0.0;0.0;6.8;0.0;0.0;0.0;12.8;0.0;0.0;0.0;0.0;0.0;21.6;1.8;0.0;0.0;0.0;0.0;0.0;0.0;0.0;0.0;0.0;0.0;0.0;0.0;0.0;0.0;888.0
Quixadá;AC. CEDRO;-4.9798888888889;-39.08;2023;7;0.0;0.0;0.0;0.0;0.0;0.0;0.0;0.0;0.0;0.0;0.0;0.0;0.0;0.0;0.0;0.0;0.0;0.0;0.0;0.0;0.0;0.0;0.0;0.0;0.0;0.0;0.0;0.0;0.0;0.0;0.0;0.0
Quixadá;AC. CEDRO;-4.9798888888889;-39.08;2023;8;0.0;0.0;0.0;0.0;0.0;0.0;0.0;0.0;0.0;0.0;0.0;0.0;0.0;0.0;0.0;0.0;0.0;0.0;0.0;0.0;0.0;0.0;0.0;0.0;0.0;0.0;0.0;0.0;0.0;0.0;0.0;0.0
Quixadá;AC. CEDRO;-4.9798888888889;-39.08;2023;9;0.0;0.0;0.0;0.0;0.0;0.0;0.0;0.0;0.0;0.0;0.0;0.0;0.0;0.0;0.0;0.0;0.0;0.0;0.0;0.0;0.0;0.0;0.0;0.0;0.0;0.0;0.0;0.0;0.0;0.0;0.0;888.0
Quixadá;AC. CEDRO;-4.9798888888889;-39.08;2023;10;0.0;0.0;0.0;0.0;0.0;0.0;0.0;0.0;0.0;0.0;0.0;0.0;0.0;0.0;0.0;0.0;0.0;0.0;0.0;0.0;0.0;0.0;0.0;0.0;0.0;0.0;0.0;0.0;0.0;0.0;0.0;0.0
Quixadá;AC. CEDRO;-4.9798888888889;-39.08;2023;11;22.4;0.0;0.0;0.0;0.0;0.0;0.0;0.0;0.0;0.0;0.0;0.0;0.0;0.0;0.0;0.0;0.0;0.0;0.0;0.0;1.4;0.0;0.0;0.0;0.0;0.0;0.0;0.0;21.0;0.0;0.0;888.0
Quixadá;AC. CEDRO;-4.9798888888889;-39.08;2023;12;16.4;0.0;0.0;0.0;0.0;0.0;0.0;0.0;0.0;0.0;0.0;0.0;0.0;0.0;0.0;0.0;0.0;0.0;0.0;0.0;14.6;0.0;1.8;0.0;0.0;0.0;0.0;0.0;0.0;0.0;0.0;0.0
Quixadá;AC. CEDRO;-4.9798888888889;-39.08;2024;1;85.0;23.8;0.0;0.0;5.8;0.0;0.0;0.0;0.0;0.0;0.0;0.0;5.0;11.2;22.4;0.0;0.0;0.0;0.0;0.0;0.0;0.0;0.0;10.8;6.0;0.0;0.0;0.0;0.0;0.0;0.0;0.0
Quixadá;AC. CEDRO;-4.9798888888889;-39.08;2024;2;151.4;0.0;0.0;0.0;0.0;0.0;0.0;0.0;0.0;0.0;10.4;2.4;0.0;0.0;4.0;10.0;7.8;0.0;0.0;8.0;10.6;7.0;3.4;2.0;4.8;0.0;27.4;4.0;49.6;0.0;888.0;888.0
Quixadá;AC. CEDRO;-4.9798888888889;-39.08;2024;3;252.8;2.2;0.0;0.0;0.0;8.4;3.0;0.0;0.0;0.0;0.0;35.8;0.0;0.0;17.0;32.8;13.0;3.0;10.6;10.0;0.0;0.0;0.0;3.6;8.6;0.0;0.4;9.0;7.2;3.8;58.0;26.4
Quixadá;AC. CEDRO;-4.9798888888889;-39.08;2024;4;200.6;13.2;0.0;0.0;0.0;7.4;1.4;5.0;0.0;0.0;8.0;0.0;13.0;30.0;0.0;0.0;0.0;0.0;0.0;0.0;0.0;16.0;11.0;26.0;7.6;0.0;0.0;53.0;0.0;0.0;9.0;888.0
Quixadá;AC. CEDRO;-4.9798888888889;-39.08;2024;5;69.4;0.0;21.8;0.0;4.6;0.0;1.1;0.0;0.0;22.4;0.0;0.0;0.0;0.0;0.0;0.0;0.0;0.0;0.0;0.0;0.0;0.0;0.0;0.0;1.1;0.0;0.0;0.0;0.0;0.0;0.0;18.4
Quixadá;AC. CEDRO;-4.9798888888889;-39.08;2024;6;80.0;0.0;5.0;0.0;0.0;0.0;0.0;0.0;0.0;0.0;9.0;0.0;0.0;0.0;0.0;0.0;41.0;2.0;0.0;0.0;0.0;0.0;0.0;0.0;23.0;0.0;0.0;0.0;0.0;0.0;0.0;888.0
Quixadá;AC. CEDRO;-4.9798888888889;-39.08;2024;7;7.0;0.0;0.0;0.0;0.0;0.0;0.0;0.0;0.0;0.0;0.0;0.0;0.0;7.0;0.0;0.0;0.0;0.0;0.0;0.0;0.0;0.0;0.0;0.0;0.0;0.0;0.0;0.0;0.0;0.0;0.0;0.0
Quixadá;AC. CEDRO;-4.9798888888889;-39.08;2024;8;0.0;0.0;0.0;0.0;0.0;0.0;0.0;0.0;0.0;0.0;0.0;0.0;0.0;0.0;0.0;0.0;0.0;0.0;0.0;0.0;0.0;0.0;0.0;0.0;0.0;0.0;0.0;0.0;0.0;0.0;0.0;0.0
Quixadá;AC. CEDRO;-4.9798888888889;-39.08;2024;9;0.0;0.0;0.0;0.0;0.0;0.0;0.0;0.0;0.0;0.0;0.0;0.0;0.0;0.0;0.0;0.0;0.0;0.0;0.0;0.0;0.0;0.0;0.0;0.0;0.0;0.0;0.0;0.0;0.0;0.0;0.0;888.0
Quixadá;AC. CEDRO;-4.9798888888889;-39.08;2024;10;0.0;0.0;0.0;0.0;0.0;0.0;0.0;0.0;0.0;0.0;0.0;0.0;0.0;0.0;0.0;0.0;0.0;999.0;999.0;999.0;999.0;999.0;999.0;999.0;999.0;999.0;999.0;999.0;999.0;999.0;999.0;999.0
