Municipios;Postos;Latitude;Longitude;Anos;Meses;Total;Dia1;Dia2;Dia3;Dia4;Dia5;Dia6;Dia7;Dia8;Dia9;Dia10;Dia11;Dia12;Dia13;Dia14;Dia15;Dia16;Dia17;Dia18;Dia19;Dia20;Dia21;Dia22;Dia23;Dia24;Dia25;Dia26;Dia27;Dia28;Dia29;Dia30;Dia31
Maranguape;AC. AMANARY;-4.0133611111111;-38.8855;1983;1;2.0;2.0;0.0;0.0;0.0;0.0;0.0;0.0;0.0;0.0;0.0;0.0;0.0;0.0;0.0;0.0;0.0;0.0;0.0;0.0;0.0;0.0;0.0;0.0;0.0;0.0;0.0;0.0;0.0;0.0;0.0;0.0
Maranguape;AC. AMANARY;-4.0133611111111;-38.8855;1983;2;26.2;0.0;0.0;0.0;0.0;12.6;8.0;3.0;0.0;2.6;0.0;0.0;0.0;0.0;0.0;0.0;0.0;0.0;0.0;0.0;0.0;0.0;0.0;0.0;0.0;0.0;0.0;0.0;0.0;888.0;888.0;888.0
Maranguape;AC. AMANARY;-4.0133611111111;-38.8855;1988;1;80.2;999.0;999.0;999.0;999.0;999.0;999.0;999.0;999.0;3.3;999.0;999.0;11.0;999.0;999.0;999.0;999.0;999.0;3.2;999.0;999.0;19.0;0.0;999.0;4.0;999.0;11.2;24.3;4.2;0.0;999.0;999.0
Maranguape;AC. AMANARY;-4.0133611111111;-38.8855;1988;2;0.0;999.0;999.0;999.0;0.0;999.0;999.0;999.0;999.0;999.0;999.0;999.0;0.0;999.0;999.0;999.0;999.0;999.0;999.0;999.0;999.0;999.0;999.0;999.0;0.0;0.0;0.0;999.0;999.0;999.0;888.0;888.0
Maranguape;AC. AMANARY;-4.0133611111111;-38.8855;1988;3;75.8;999.0;999.0;999.0;999.0;999.0;999.0;999.0;0.0;999.0;0.0;999.0;999.0;999.0;999.0;9.6;9.4;999.0;0.0;999.0;999.0;999.0;999.0;49.0;4.8;3.0;999.0;999.0;999.0;999.0;999.0;999.0
Maranguape;AC. AMANARY;-4.0133611111111;-38.8855;1988;4;177.8;999.0;999.0;999.0;999.0;0.0;8.6;4.0;18.4;999.0;999.0;999.0;999.0;27.4;7.6;57.4;999.0;999.0;999.0;999.0;36.8;4.6;999.0;999.0;999.0;999.0;999.0;13.0;999.0;999.0;999.0;888.0
Maranguape;AC. AMANARY;-4.0133611111111;-38.8855;1988;5;105.4;999.0;999.0;999.0;6.4;31.4;1.4;999.0;999.0;999.0;5.2;41.6;10.0;999.0;999.0;999.0;999.0;2.6;0.0;0.0;999.0;999.0;999.0;999.0;6.8;999.0;0.0;999.0;999.0;999.0;999.0;999.0
Maranguape;AC. AMANARY;-4.0133611111111;-38.8855;1988;6;70.3;999.0;999.0;0.0;0.0;0.0;0.0;0.0;0.0;0.0;23.4;999.0;999.0;999.0;999.0;999.0;36.4;9.2;999.0;999.0;999.0;999.0;999.0;1.3;999.0;999.0;999.0;999.0;999.0;999.0;999.0;888.0
Maranguape;AC. AMANARY;-4.0133611111111;-38.8855;1988;7;10.6;0.0;0.0;0.0;0.0;0.0;0.0;0.0;0.0;0.0;0.0;0.0;10.6;0.0;0.0;0.0;0.0;0.0;0.0;0.0;0.0;0.0;0.0;0.0;0.0;0.0;0.0;0.0;0.0;0.0;0.0;0.0
Maranguape;AC. AMANARY;-4.0133611111111;-38.8855;1988;10;0.0;999.0;999.0;999.0;999.0;999.0;999.0;999.0;999.0;999.0;999.0;999.0;999.0;999.0;999.0;999.0;999.0;999.0;999.0;999.0;999.0;999.0;999.0;999.0;999.0;999.0;999.0;999.0;999.0;999.0;999.0;0.0
Maranguape;AC. AMANARY;-4.0133611111111;-38.8855;1988;12;78.1;0.0;0.0;0.0;0.0;0.0;0.0;0.0;0.0;0.0;0.0;0.0;0.0;0.0;0.0;0.0;10.2;0.0;0.0;49.2;12.3;6.4;0.0;0.0;0.0;0.0;0.0;0.0;0.0;0.0;0.0;0.0
Maranguape;AC. AMANARY;-4.0133611111111;-38.8855;1990;2;115.0;999.0;999.0;999.0;999.0;999.0;999.0;999.0;999.0;999.0;999.0;999.0;999.0;999.0;999.0;999.0;999.0;999.0;999.0;999.0;999.0;999.0;999.0;115.0;999.0;999.0;999.0;999.0;999.0;888.0;888.0;888.0
Maranguape;AC. AMANARY;-4.0133611111111;-38.8855;1990;3;40.3;999.0;999.0;999.0;999.0;999.0;999.0;999.0;999.0;999.0;999.0;999.0;999.0;999.0;999.0;999.0;999.0;999.0;999.0;999.0;999.0;999.0;999.0;999.0;999.0;999.0;999.0;999.0;999.0;40.3;999.0;999.0
Maranguape;AC. AMANARY;-4.0133611111111;-38.8855;1990;4;8.6;999.0;999.0;999.0;999.0;999.0;999.0;999.0;999.0;999.0;999.0;999.0;999.0;999.0;999.0;999.0;999.0;999.0;999.0;999.0;999.0;999.0;999.0;999.0;999.0;999.0;8.6;999.0;999.0;999.0;999.0;888.0
Maranguape;AC. AMANARY;-4.0133611111111;-38.8855;1990;5;52.8;999.0;27.6;18.0;999.0;999.0;999.0;999.0;999.0;999.0;999.0;999.0;999.0;999.0;999.0;7.2;999.0;999.0;999.0;999.0;999.0;999.0;999.0;999.0;999.0;999.0;999.0;999.0;999.0;999.0;999.0;999.0
Maranguape;AC. AMANARY;-4.0133611111111;-38.8855;1991;2;43.0;999.0;999.0;999.0;999.0;999.0;999.0;999.0;999.0;999.0;999.0;999.0;999.0;999.0;999.0;999.0;999.0;999.0;999.0;999.0;999.0;999.0;999.0;999.0;999.0;999.0;43.0;999.0;999.0;888.0;888.0;888.0
Maranguape;AC. AMANARY;-4.0133611111111;-38.8855;1991;3;37.0;999.0;999.0;999.0;999.0;999.0;999.0;999.0;999.0;999.0;999.0;999.0;999.0;999.0;999.0;999.0;999.0;999.0;999.0;999.0;999.0;999.0;999.0;999.0;999.0;22.0;999.0;5.0;10.0;999.0;999.0;999.0
Maranguape;AC. AMANARY;-4.0133611111111;-38.8855;1991;4;44.4;999.0;999.0;6.6;999.0;999.0;999.0;999.0;999.0;999.0;999.0;999.0;999.0;999.0;999.0;999.0;999.0;999.0;999.0;999.0;999.0;999.0;10.9;999.0;999.0;999.0;999.0;999.0;999.0;999.0;26.9;888.0
Maranguape;AC. AMANARY;-4.0133611111111;-38.8855;1992;6;29.2;7.2;13.6;0.0;5.0;0.0;0.0;0.0;0.0;0.0;3.4;0.0;0.0;0.0;0.0;0.0;0.0;0.0;0.0;0.0;0.0;0.0;0.0;0.0;0.0;0.0;0.0;0.0;0.0;0.0;0.0;888.0
Maranguape;AC. AMANARY;-4.0133611111111;-38.8855;1992;8;0.0;0.0;0.0;0.0;0.0;0.0;0.0;0.0;0.0;0.0;0.0;0.0;0.0;0.0;0.0;0.0;0.0;0.0;0.0;0.0;0.0;0.0;0.0;0.0;0.0;0.0;0.0;0.0;0.0;0.0;0.0;0.0
Maranguape;AC. AMANARY;-4.0133611111111;-38.8855;2007;12;0.0;0.0;999.0;999.0;999.0;999.0;999.0;999.0;999.0;999.0;999.0;999.0;999.0;999.0;999.0;999.0;999.0;999.0;999.0;999.0;999.0;999.0;999.0;999.0;999.0;999.0;999.0;999.0;999.0;999.0;999.0;999.0
Maranguape;AC. AMANARY;-4.0133611111111;-38.8855;2008;1;0.0;999.0;999.0;999.0;999.0;999.0;999.0;999.0;999.0;999.0;999.0;999.0;999.0;999.0;999.0;999.0;999.0;999.0;999.0;999.0;999.0;999.0;999.0;999.0;999.0;999.0;999.0;999.0;999.0;999.0;999.0;999.0
Maranguape;AC. AMANARY;-4.0133611111111;-38.8855;2009;1;93.5;0.0;0.0;0.0;0.0;0.0;0.0;0.0;0.0;0.0;0.0;0.0;0.0;0.0;0.0;0.0;0.0;0.0;6.0;0.0;0.0;0.0;49.5;0.0;23.0;15.0;0.0;0.0;0.0;0.0;0.0;0.0
Maranguape;AC. AMANARY;-4.0133611111111;-38.8855;2009;2;183.0;0.0;23.0;0.0;4.0;0.0;0.0;0.0;0.0;0.0;0.0;0.0;8.0;12.5;30.0;0.0;0.0;6.0;0.0;7.5;0.0;0.0;47.0;0.0;0.0;15.0;14.0;0.0;16.0;888.0;888.0;888.0
Maranguape;AC. AMANARY;-4.0133611111111;-38.8855;2009;3;340.2;0.0;0.0;9.5;15.0;0.0;22.0;9.5;0.0;24.5;0.0;0.0;29.5;0.0;0.0;0.0;0.0;18.0;0.0;0.0;0.0;42.0;14.0;20.0;16.2;0.0;27.0;47.0;0.0;39.0;7.0;0.0
Maranguape;AC. AMANARY;-4.0133611111111;-38.8855;2009;4;311.7;43.5;0.0;0.0;0.0;0.0;0.0;25.7;0.0;13.5;50.0;0.0;32.0;9.0;0.0;25.0;0.0;6.2;0.0;32.5;0.0;0.0;4.0;0.0;0.0;70.3;0.0;0.0;0.0;0.0;0.0;888.0
Maranguape;AC. AMANARY;-4.0133611111111;-38.8855;2009;5;238.6;0.0;40.0;36.6;0.0;111.0;0.0;0.0;0.0;0.0;51.0;0.0;0.0;0.0;0.0;0.0;0.0;0.0;0.0;0.0;0.0;0.0;0.0;0.0;0.0;0.0;0.0;0.0;0.0;0.0;0.0;0.0
Maranguape;AC. AMANARY;-4.0133611111111;-38.8855;2009;6;0.0;0.0;0.0;0.0;0.0;0.0;0.0;0.0;0.0;0.0;0.0;0.0;0.0;0.0;0.0;0.0;0.0;0.0;0.0;0.0;0.0;0.0;0.0;0.0;0.0;0.0;0.0;0.0;0.0;0.0;0.0;888.0
Maranguape;AC. AMANARY;-4.0133611111111;-38.8855;2009;7;130.0;0.0;0.0;0.0;0.0;0.0;0.0;0.0;0.0;0.0;0.0;0.0;0.0;0.0;0.0;0.0;0.0;0.0;0.0;0.0;0.0;60.0;0.0;70.0;0.0;0.0;0.0;0.0;0.0;0.0;0.0;0.0
Maranguape;AC. AMANARY;-4.0133611111111;-38.8855;2009;8;0.0;0.0;0.0;0.0;0.0;0.0;0.0;0.0;0.0;0.0;0.0;0.0;0.0;0.0;0.0;0.0;0.0;0.0;0.0;0.0;0.0;0.0;0.0;0.0;0.0;0.0;0.0;0.0;0.0;0.0;0.0;0.0
Maranguape;AC. AMANARY;-4.0133611111111;-38.8855;2009;9;0.0;0.0;0.0;0.0;0.0;0.0;0.0;0.0;0.0;0.0;0.0;0.0;0.0;0.0;0.0;0.0;0.0;0.0;0.0;0.0;0.0;0.0;0.0;0.0;0.0;0.0;0.0;0.0;0.0;0.0;0.0;888.0
Maranguape;AC. AMANARY;-4.0133611111111;-38.8855;2009;10;0.0;0.0;0.0;0.0;0.0;0.0;0.0;0.0;0.0;0.0;0.0;0.0;0.0;0.0;0.0;0.0;0.0;0.0;0.0;0.0;0.0;0.0;0.0;0.0;0.0;0.0;0.0;0.0;0.0;0.0;0.0;0.0
Maranguape;AC. AMANARY;-4.0133611111111;-38.8855;2009;11;0.0;0.0;0.0;0.0;0.0;0.0;0.0;0.0;0.0;0.0;0.0;0.0;0.0;0.0;0.0;0.0;0.0;0.0;0.0;0.0;0.0;0.0;0.0;0.0;0.0;0.0;0.0;0.0;0.0;0.0;0.0;888.0
Maranguape;AC. AMANARY;-4.0133611111111;-38.8855;2009;12;0.0;0.0;0.0;0.0;0.0;0.0;0.0;0.0;0.0;0.0;0.0;0.0;0.0;0.0;0.0;0.0;0.0;0.0;0.0;0.0;0.0;0.0;0.0;999.0;999.0;999.0;999.0;999.0;999.0;999.0;999.0;999.0
Maranguape;AC. AMANARY;-4.0133611111111;-38.8855;2010;1;0.0;0.0;0.0;0.0;0.0;0.0;0.0;0.0;0.0;0.0;0.0;0.0;0.0;0.0;0.0;0.0;0.0;0.0;0.0;0.0;0.0;0.0;0.0;0.0;0.0;0.0;0.0;0.0;0.0;0.0;0.0;0.0
Maranguape;AC. AMANARY;-4.0133611111111;-38.8855;2010;2;0.0;0.0;0.0;0.0;0.0;0.0;0.0;0.0;0.0;0.0;0.0;0.0;0.0;0.0;0.0;0.0;0.0;0.0;0.0;0.0;0.0;0.0;0.0;0.0;0.0;0.0;0.0;0.0;0.0;888.0;888.0;888.0
Maranguape;AC. AMANARY;-4.0133611111111;-38.8855;2010;3;69.5;0.0;0.0;0.0;0.0;0.0;0.0;0.0;0.0;0.0;0.0;0.0;0.0;0.0;0.0;0.0;0.0;0.0;0.0;0.0;0.0;0.0;20.0;32.0;0.0;0.0;17.5;0.0;0.0;0.0;0.0;0.0
Maranguape;AC. AMANARY;-4.0133611111111;-38.8855;2010;4;110.0;0.0;0.0;0.0;0.0;0.0;0.0;0.0;0.0;0.0;25.0;30.0;0.0;0.0;0.0;0.0;0.0;0.0;0.0;0.0;41.5;0.0;13.5;0.0;0.0;0.0;0.0;0.0;0.0;0.0;0.0;888.0
Maranguape;AC. AMANARY;-4.0133611111111;-38.8855;2010;5;62.5;0.0;0.0;0.0;0.0;17.5;0.0;0.0;0.0;0.0;0.0;0.0;0.0;0.0;0.0;0.0;0.0;0.0;0.0;0.0;0.0;0.0;0.0;0.0;0.0;0.0;0.0;45.0;0.0;0.0;0.0;0.0
Maranguape;AC. AMANARY;-4.0133611111111;-38.8855;2010;6;15.5;0.0;0.0;0.0;0.0;0.0;0.0;0.0;0.0;0.0;0.0;0.0;0.0;0.0;0.0;0.0;0.0;0.0;0.0;15.5;0.0;0.0;0.0;0.0;0.0;0.0;0.0;0.0;0.0;0.0;0.0;888.0
Maranguape;AC. AMANARY;-4.0133611111111;-38.8855;2010;7;15.5;0.0;0.0;0.0;0.0;0.0;0.0;0.0;0.0;0.0;0.0;0.0;0.0;0.0;0.0;0.0;0.0;0.0;0.0;15.5;0.0;0.0;0.0;0.0;0.0;0.0;0.0;0.0;0.0;0.0;0.0;0.0
Maranguape;AC. AMANARY;-4.0133611111111;-38.8855;2010;8;0.0;0.0;0.0;0.0;0.0;0.0;0.0;0.0;0.0;0.0;0.0;0.0;0.0;0.0;0.0;0.0;0.0;0.0;0.0;0.0;0.0;0.0;0.0;0.0;0.0;0.0;0.0;0.0;0.0;0.0;0.0;0.0
Maranguape;AC. AMANARY;-4.0133611111111;-38.8855;2010;9;0.0;0.0;0.0;0.0;0.0;0.0;0.0;0.0;0.0;0.0;0.0;0.0;0.0;0.0;0.0;0.0;0.0;0.0;0.0;0.0;0.0;0.0;0.0;0.0;0.0;0.0;0.0;0.0;0.0;0.0;0.0;888.0
Maranguape;AC. AMANARY;-4.0133611111111;-38.8855;2010;10;0.0;0.0;0.0;0.0;0.0;0.0;0.0;0.0;0.0;0.0;0.0;0.0;0.0;0.0;0.0;0.0;0.0;0.0;0.0;0.0;0.0;0.0;0.0;0.0;0.0;0.0;0.0;0.0;0.0;0.0;0.0;0.0
Maranguape;AC. AMANARY;-4.0133611111111;-38.8855;2010;11;0.0;0.0;0.0;0.0;0.0;0.0;0.0;0.0;0.0;0.0;0.0;0.0;0.0;0.0;0.0;0.0;0.0;0.0;0.0;0.0;0.0;0.0;0.0;0.0;0.0;0.0;0.0;0.0;0.0;0.0;0.0;888.0
Maranguape;AC. AMANARY;-4.0133611111111;-38.8855;2010;12;0.0;0.0;0.0;0.0;0.0;0.0;0.0;0.0;0.0;0.0;0.0;0.0;0.0;0.0;0.0;0.0;0.0;0.0;0.0;0.0;0.0;0.0;0.0;0.0;0.0;0.0;0.0;0.0;0.0;0.0;0.0;0.0
Maranguape;AC. AMANARY;-4.0133611111111;-38.8855;2011;1;220.5;0.0;0.0;18.0;0.0;4.0;0.0;0.0;0.0;0.0;47.0;0.0;0.0;0.0;0.0;0.0;0.0;28.5;0.0;9.0;8.0;0.0;10.0;0.0;9.0;29.0;15.0;0.0;31.0;0.0;0.0;12.0
Maranguape;AC. AMANARY;-4.0133611111111;-38.8855;2011;3;172.0;0.0;0.0;0.0;0.0;0.0;0.0;0.0;0.0;42.0;33.0;14.0;11.0;0.0;0.0;0.0;0.0;0.0;24.5;7.0;0.0;0.0;0.0;0.0;0.0;0.0;0.0;20.5;0.0;20.0;0.0;0.0
Maranguape;AC. AMANARY;-4.0133611111111;-38.8855;2011;4;138.5;0.0;17.0;0.0;0.0;0.0;28.0;0.0;0.0;0.0;20.0;0.0;17.0;0.0;0.0;0.0;0.0;0.0;18.0;0.0;0.0;0.0;0.0;0.0;28.0;0.0;0.0;0.0;10.5;0.0;0.0;888.0
Maranguape;AC. AMANARY;-4.0133611111111;-38.8855;2011;5;0.0;0.0;0.0;0.0;0.0;0.0;999.0;0.0;0.0;0.0;0.0;0.0;0.0;0.0;0.0;0.0;0.0;0.0;0.0;0.0;0.0;0.0;0.0;0.0;0.0;0.0;0.0;0.0;0.0;0.0;0.0;0.0
Maranguape;AC. AMANARY;-4.0133611111111;-38.8855;2011;6;0.0;0.0;0.0;0.0;0.0;0.0;0.0;0.0;0.0;0.0;0.0;0.0;0.0;0.0;0.0;0.0;0.0;0.0;0.0;0.0;0.0;0.0;0.0;0.0;0.0;0.0;0.0;0.0;0.0;0.0;0.0;888.0
Maranguape;AC. AMANARY;-4.0133611111111;-38.8855;2011;7;0.0;0.0;0.0;0.0;0.0;0.0;0.0;0.0;0.0;0.0;0.0;0.0;0.0;0.0;0.0;0.0;0.0;0.0;0.0;0.0;0.0;0.0;0.0;0.0;0.0;0.0;0.0;0.0;0.0;0.0;0.0;0.0
Maranguape;AC. AMANARY;-4.0133611111111;-38.8855;2011;8;1.0;0.0;0.0;0.0;0.0;0.0;0.0;0.0;0.0;0.0;0.0;0.0;0.0;0.0;0.0;1.0;0.0;0.0;0.0;0.0;0.0;0.0;0.0;0.0;0.0;0.0;0.0;0.0;0.0;0.0;0.0;0.0
Maranguape;AC. AMANARY;-4.0133611111111;-38.8855;2011;9;0.0;0.0;0.0;0.0;0.0;0.0;0.0;0.0;0.0;0.0;0.0;0.0;0.0;0.0;0.0;0.0;0.0;0.0;0.0;0.0;0.0;0.0;0.0;0.0;0.0;0.0;0.0;0.0;0.0;0.0;0.0;888.0
Maranguape;AC. AMANARY;-4.0133611111111;-38.8855;2011;10;32.0;0.0;0.0;0.0;0.0;0.0;0.0;0.0;0.0;0.0;0.0;0.0;0.0;0.0;0.0;0.0;0.0;0.0;0.0;0.0;22.0;10.0;0.0;0.0;0.0;999.0;999.0;999.0;999.0;999.0;999.0;999.0
Maranguape;AC. AMANARY;-4.0133611111111;-38.8855;2012;1;0.0;0.0;0.0;0.0;0.0;0.0;0.0;0.0;0.0;0.0;0.0;0.0;0.0;0.0;0.0;0.0;0.0;0.0;0.0;0.0;0.0;0.0;0.0;0.0;0.0;0.0;0.0;0.0;0.0;0.0;0.0;0.0
Maranguape;AC. AMANARY;-4.0133611111111;-38.8855;2012;2;213.0;0.0;0.0;0.0;0.0;0.0;0.0;0.0;0.0;0.0;0.0;0.0;0.0;0.0;0.0;0.0;0.0;25.0;0.0;25.0;0.0;26.0;22.0;0.0;50.0;53.0;0.0;12.0;0.0;0.0;888.0;888.0
Maranguape;AC. AMANARY;-4.0133611111111;-38.8855;2012;3;126.5;0.0;0.0;0.0;0.0;0.0;0.0;0.0;0.0;35.0;0.0;0.0;0.0;18.0;9.5;0.0;0.0;0.0;12.0;0.0;0.0;0.0;9.0;0.0;0.0;22.5;0.0;5.5;0.0;0.0;15.0;0.0
Maranguape;AC. AMANARY;-4.0133611111111;-38.8855;2012;4;111.0;0.0;0.0;0.0;0.0;0.0;0.0;0.0;42.0;0.0;0.0;0.0;0.0;0.0;0.0;0.0;47.0;0.0;0.0;0.0;0.0;0.0;0.0;22.0;0.0;0.0;0.0;0.0;0.0;0.0;0.0;888.0
Maranguape;AC. AMANARY;-4.0133611111111;-38.8855;2012;5;0.0;0.0;0.0;0.0;0.0;0.0;0.0;0.0;0.0;0.0;0.0;0.0;0.0;0.0;0.0;0.0;0.0;0.0;0.0;0.0;0.0;0.0;0.0;0.0;0.0;0.0;0.0;0.0;0.0;0.0;0.0;0.0
Maranguape;AC. AMANARY;-4.0133611111111;-38.8855;2012;6;0.0;0.0;0.0;0.0;0.0;0.0;0.0;0.0;0.0;0.0;0.0;0.0;0.0;0.0;0.0;0.0;0.0;0.0;0.0;0.0;0.0;0.0;0.0;0.0;0.0;0.0;0.0;0.0;0.0;0.0;0.0;888.0
Maranguape;AC. AMANARY;-4.0133611111111;-38.8855;2012;7;0.0;0.0;0.0;0.0;0.0;0.0;0.0;0.0;0.0;0.0;0.0;0.0;0.0;0.0;0.0;0.0;0.0;0.0;0.0;0.0;0.0;0.0;0.0;0.0;0.0;0.0;0.0;0.0;0.0;0.0;0.0;0.0
Maranguape;AC. AMANARY;-4.0133611111111;-38.8855;2012;8;0.0;0.0;0.0;0.0;0.0;0.0;0.0;0.0;0.0;0.0;0.0;0.0;0.0;0.0;0.0;0.0;0.0;0.0;0.0;0.0;0.0;0.0;0.0;0.0;0.0;0.0;0.0;0.0;0.0;0.0;0.0;0.0
Maranguape;AC. AMANARY;-4.0133611111111;-38.8855;2012;9;0.0;0.0;0.0;0.0;0.0;0.0;0.0;0.0;0.0;0.0;0.0;0.0;0.0;0.0;0.0;0.0;0.0;0.0;0.0;0.0;0.0;0.0;0.0;0.0;0.0;0.0;0.0;0.0;0.0;0.0;0.0;888.0
Maranguape;AC. AMANARY;-4.0133611111111;-38.8855;2012;10;0.0;0.0;0.0;0.0;0.0;0.0;0.0;0.0;0.0;0.0;0.0;0.0;0.0;0.0;0.0;0.0;0.0;0.0;0.0;0.0;0.0;0.0;0.0;0.0;0.0;0.0;0.0;0.0;0.0;0.0;0.0;0.0
Maranguape;AC. AMANARY;-4.0133611111111;-38.8855;2012;11;0.0;0.0;0.0;0.0;0.0;0.0;0.0;0.0;0.0;0.0;0.0;0.0;0.0;0.0;0.0;0.0;0.0;0.0;0.0;0.0;0.0;0.0;0.0;0.0;0.0;0.0;0.0;0.0;0.0;0.0;0.0;888.0
Maranguape;AC. AMANARY;-4.0133611111111;-38.8855;2012;12;0.0;0.0;0.0;0.0;0.0;0.0;0.0;0.0;0.0;0.0;0.0;0.0;0.0;0.0;0.0;0.0;0.0;0.0;0.0;0.0;0.0;0.0;0.0;0.0;0.0;0.0;0.0;0.0;0.0;0.0;0.0;0.0
Maranguape;AC. AMANARY;-4.0133611111111;-38.8855;2013;1;9.5;0.0;0.0;9.5;0.0;0.0;0.0;0.0;0.0;0.0;0.0;0.0;0.0;0.0;0.0;0.0;0.0;0.0;0.0;0.0;0.0;0.0;0.0;0.0;0.0;0.0;0.0;0.0;0.0;0.0;0.0;0.0
Maranguape;AC. AMANARY;-4.0133611111111;-38.8855;2013;2;87.0;0.0;0.0;0.0;0.0;0.0;0.0;0.0;0.0;0.0;0.0;0.0;0.0;0.0;0.0;35.0;21.0;24.0;0.0;0.0;7.0;0.0;0.0;0.0;0.0;0.0;0.0;0.0;0.0;888.0;888.0;888.0
Maranguape;AC. AMANARY;-4.0133611111111;-38.8855;2013;3;108.0;0.0;0.0;0.0;0.0;0.0;0.0;0.0;0.0;0.0;0.0;0.0;0.0;0.0;0.0;0.0;0.0;9.0;0.0;37.0;0.0;0.0;0.0;0.0;0.0;0.0;24.0;0.0;24.0;0.0;14.0;0.0
Maranguape;AC. AMANARY;-4.0133611111111;-38.8855;2013;4;149.0;0.0;0.0;0.0;0.0;14.0;0.0;0.0;0.0;0.0;0.0;0.0;0.0;0.0;0.0;0.0;0.0;0.0;0.0;0.0;55.0;0.0;0.0;40.0;20.0;0.0;0.0;0.0;13.0;0.0;7.0;888.0
Maranguape;AC. AMANARY;-4.0133611111111;-38.8855;2013;5;124.0;0.0;0.0;0.0;0.0;0.0;0.0;0.0;0.0;22.0;0.0;0.0;0.0;0.0;0.0;36.0;0.0;0.0;0.0;0.0;0.0;0.0;0.0;0.0;9.0;0.0;57.0;0.0;0.0;0.0;0.0;0.0
Maranguape;AC. AMANARY;-4.0133611111111;-38.8855;2013;6;105.0;0.0;0.0;0.0;0.0;33.0;0.0;0.0;0.0;0.0;0.0;0.0;0.0;0.0;0.0;0.0;0.0;0.0;24.0;0.0;0.0;19.0;18.0;0.0;0.0;0.0;0.0;0.0;0.0;0.0;11.0;888.0
Maranguape;AC. AMANARY;-4.0133611111111;-38.8855;2013;7;18.0;0.0;0.0;0.0;5.0;0.0;0.0;0.0;0.0;0.0;0.0;0.0;0.0;0.0;0.0;13.0;0.0;0.0;0.0;0.0;0.0;0.0;0.0;0.0;0.0;0.0;0.0;0.0;0.0;0.0;0.0;0.0
Maranguape;AC. AMANARY;-4.0133611111111;-38.8855;2013;8;0.0;0.0;0.0;0.0;0.0;0.0;0.0;0.0;0.0;0.0;0.0;0.0;0.0;0.0;0.0;0.0;0.0;0.0;0.0;0.0;0.0;0.0;0.0;0.0;0.0;0.0;0.0;0.0;0.0;0.0;0.0;0.0
Maranguape;AC. AMANARY;-4.0133611111111;-38.8855;2013;9;0.0;0.0;0.0;0.0;0.0;0.0;0.0;0.0;0.0;0.0;0.0;0.0;0.0;0.0;0.0;0.0;0.0;0.0;0.0;0.0;0.0;0.0;0.0;0.0;0.0;0.0;0.0;0.0;0.0;0.0;0.0;888.0
Maranguape;AC. AMANARY;-4.0133611111111;-38.8855;2013;10;0.0;0.0;0.0;0.0;0.0;0.0;0.0;0.0;0.0;0.0;0.0;0.0;0.0;0.0;0.0;0.0;0.0;0.0;0.0;0.0;0.0;0.0;0.0;0.0;0.0;0.0;0.0;0.0;0.0;0.0;0.0;0.0
Maranguape;AC. AMANARY;-4.0133611111111;-38.8855;2013;11;0.0;0.0;0.0;0.0;0.0;0.0;0.0;0.0;0.0;0.0;0.0;0.0;0.0;0.0;0.0;0.0;0.0;0.0;0.0;0.0;0.0;0.0;0.0;0.0;0.0;0.0;0.0;0.0;0.0;0.0;0.0;888.0
Maranguape;AC. AMANARY;-4.0133611111111;-38.8855;2013;12;0.0;0.0;0.0;0.0;0.0;0.0;0.0;0.0;0.0;0.0;0.0;0.0;0.0;0.0;0.0;0.0;0.0;0.0;0.0;0.0;0.0;0.0;0.0;0.0;0.0;0.0;0.0;0.0;0.0;0.0;0.0;0.0
Maranguape;AC. AMANARY;-4.0133611111111;-38.8855;2014;1;65.0;0.0;0.0;0.0;18.0;0.0;0.0;0.0;0.0;0.0;10.0;0.0;0.0;0.0;0.0;0.0;0.0;0.0;0.0;0.0;0.0;0.0;0.0;0.0;0.0;0.0;0.0;0.0;0.0;0.0;26.0;11.0
Maranguape;AC. AMANARY;-4.0133611111111;-38.8855;2015;1;45.5;0.0;0.0;14.0;0.0;0.0;0.0;0.0;15.0;0.0;0.0;0.0;0.0;0.0;0.0;0.0;0.0;0.0;16.5;0.0;0.0;0.0;0.0;0.0;0.0;0.0;0.0;0.0;0.0;0.0;0.0;0.0
Maranguape;AC. AMANARY;-4.0133611111111;-38.8855;2015;2;161.5;0.0;0.0;0.0;0.0;0.0;0.0;0.0;0.0;0.0;0.0;0.0;0.0;0.0;0.0;0.0;0.0;0.0;16.0;0.0;4.0;19.0;0.0;0.0;11.5;111.0;0.0;0.0;0.0;888.0;888.0;888.0
Maranguape;AC. AMANARY;-4.0133611111111;-38.8855;2015;3;356.0;0.0;0.0;0.0;0.0;20.0;10.0;23.5;0.0;0.0;29.0;0.0;0.0;0.0;0.0;0.0;0.0;0.0;0.0;0.0;0.0;40.5;34.0;29.5;10.0;17.0;0.0;44.5;43.5;32.5;22.0;0.0
Maranguape;AC. AMANARY;-4.0133611111111;-38.8855;2015;4;21.5;8.0;0.0;2.0;11.5;0.0;0.0;0.0;0.0;0.0;0.0;0.0;0.0;0.0;0.0;0.0;0.0;0.0;0.0;0.0;0.0;0.0;0.0;0.0;0.0;0.0;0.0;0.0;0.0;0.0;0.0;888.0
Maranguape;AC. AMANARY;-4.0133611111111;-38.8855;2015;5;0.0;0.0;0.0;0.0;0.0;0.0;0.0;0.0;0.0;0.0;0.0;0.0;0.0;0.0;0.0;0.0;0.0;0.0;0.0;0.0;0.0;0.0;0.0;0.0;0.0;0.0;0.0;0.0;0.0;0.0;0.0;0.0
Maranguape;AC. AMANARY;-4.0133611111111;-38.8855;2015;6;0.0;0.0;0.0;0.0;0.0;0.0;0.0;0.0;0.0;0.0;0.0;0.0;0.0;0.0;0.0;0.0;0.0;0.0;0.0;0.0;0.0;0.0;0.0;0.0;0.0;0.0;0.0;0.0;0.0;0.0;0.0;888.0
Maranguape;AC. AMANARY;-4.0133611111111;-38.8855;2015;7;113.0;0.0;0.0;53.0;41.0;19.0;0.0;0.0;0.0;0.0;0.0;0.0;0.0;0.0;0.0;0.0;0.0;0.0;0.0;0.0;0.0;0.0;0.0;0.0;0.0;0.0;0.0;0.0;0.0;0.0;0.0;0.0
Maranguape;AC. AMANARY;-4.0133611111111;-38.8855;2015;8;0.0;0.0;0.0;0.0;0.0;0.0;0.0;0.0;0.0;0.0;0.0;0.0;0.0;0.0;0.0;0.0;0.0;0.0;0.0;0.0;0.0;0.0;0.0;0.0;0.0;0.0;0.0;0.0;0.0;0.0;0.0;0.0
Maranguape;AC. AMANARY;-4.0133611111111;-38.8855;2015;9;0.0;0.0;0.0;0.0;0.0;0.0;0.0;0.0;0.0;0.0;0.0;0.0;0.0;0.0;0.0;0.0;0.0;0.0;0.0;0.0;0.0;0.0;0.0;0.0;0.0;0.0;0.0;0.0;0.0;0.0;0.0;888.0
Maranguape;AC. AMANARY;-4.0133611111111;-38.8855;2015;10;0.0;0.0;0.0;0.0;0.0;0.0;0.0;0.0;0.0;0.0;0.0;0.0;0.0;0.0;0.0;0.0;0.0;0.0;0.0;0.0;0.0;0.0;0.0;0.0;0.0;0.0;0.0;0.0;0.0;0.0;0.0;0.0
Maranguape;AC. AMANARY;-4.0133611111111;-38.8855;2015;11;0.0;0.0;0.0;0.0;0.0;0.0;0.0;0.0;0.0;0.0;0.0;0.0;0.0;0.0;999.0;999.0;999.0;999.0;999.0;999.0;999.0;999.0;999.0;999.0;999.0;999.0;999.0;999.0;999.0;999.0;999.0;888.0
Maranguape;AC. AMANARY;-4.0133611111111;-38.8855;2016;12;28.5;0.0;0.0;0.0;0.0;0.0;0.0;0.0;0.0;0.0;0.0;0.0;0.0;0.0;0.0;0.0;0.0;0.0;28.5;0.0;0.0;0.0;0.0;0.0;0.0;0.0;0.0;0.0;0.0;0.0;0.0;0.0
Maranguape;AC. AMANARY;-4.0133611111111;-38.8855;2017;1;92.0;0.0;0.0;0.0;11.0;0.0;0.0;0.0;0.0;0.0;0.0;25.0;0.0;0.0;0.0;0.0;0.0;0.0;0.0;0.0;0.0;0.0;18.0;0.0;0.0;0.0;20.0;0.0;0.0;0.0;0.0;18.0
Maranguape;AC. AMANARY;-4.0133611111111;-38.8855;2017;2;94.5;0.0;0.0;0.0;0.0;0.0;0.0;0.0;0.0;0.0;0.0;11.0;25.0;0.0;0.0;0.0;0.0;0.0;11.0;0.0;0.0;0.0;16.0;0.0;8.5;0.0;0.0;11.0;12.0;888.0;888.0;888.0
Maranguape;AC. AMANARY;-4.0133611111111;-38.8855;2017;3;384.9;10.0;25.0;49.0;14.0;0.0;6.0;0.0;38.0;10.0;9.0;88.9;20.0;20.0;8.0;0.0;24.0;13.0;0.0;0.0;0.0;0.0;11.0;13.0;0.0;0.0;10.0;16.0;0.0;0.0;0.0;0.0
Maranguape;AC. AMANARY;-4.0133611111111;-38.8855;2017;4;120.0;0.0;0.0;0.0;0.0;29.0;17.0;0.0;0.0;0.0;0.0;50.0;0.0;7.5;0.0;0.0;0.0;0.0;0.0;0.0;0.0;0.0;0.0;0.0;16.5;0.0;0.0;0.0;0.0;0.0;0.0;888.0
Maranguape;AC. AMANARY;-4.0133611111111;-38.8855;2017;5;29.0;0.0;29.0;999.0;999.0;999.0;999.0;999.0;999.0;999.0;999.0;999.0;999.0;999.0;999.0;999.0;999.0;999.0;999.0;999.0;999.0;999.0;999.0;999.0;999.0;999.0;999.0;999.0;999.0;999.0;999.0;999.0
Maranguape;AC. AMANARY;-4.0133611111111;-38.8855;2017;12;23.5;0.0;0.0;0.0;0.0;0.0;0.0;0.0;0.0;0.0;0.0;0.0;0.0;0.0;0.0;0.0;0.0;0.0;0.0;0.0;0.0;13.0;0.0;0.0;10.5;0.0;0.0;0.0;0.0;0.0;0.0;0.0
Maranguape;AC. AMANARY;-4.0133611111111;-38.8855;2018;1;129.0;0.0;0.0;0.0;0.0;0.0;0.0;0.0;8.0;8.0;0.0;0.0;0.0;0.0;0.0;6.0;0.0;0.0;0.0;7.0;0.0;0.0;0.0;0.0;0.0;45.0;0.0;53.0;2.0;0.0;0.0;0.0
Maranguape;AC. AMANARY;-4.0133611111111;-38.8855;2018;2;199.0;0.0;0.0;11.0;0.0;7.0;0.0;6.0;5.5;0.0;0.0;12.0;43.0;0.0;24.5;32.0;0.0;10.0;16.0;0.0;14.0;6.0;0.0;0.0;0.0;12.0;0.0;0.0;0.0;888.0;888.0;888.0
Maranguape;AC. AMANARY;-4.0133611111111;-38.8855;2018;3;123.5;6.0;14.0;0.0;0.0;0.0;0.0;0.0;0.0;0.0;0.0;0.0;0.0;0.0;0.0;0.0;0.0;0.0;22.0;0.0;0.0;0.0;28.0;5.0;0.0;0.0;0.0;43.0;0.0;0.0;5.5;0.0
Maranguape;AC. AMANARY;-4.0133611111111;-38.8855;2018;4;286.0;8.5;0.0;0.0;0.0;0.0;0.0;19.0;7.5;15.5;39.0;26.0;8.0;7.5;0.0;0.0;62.0;72.0;0.0;0.0;0.0;0.0;0.0;0.0;0.0;0.0;0.0;0.0;0.0;21.0;0.0;888.0
Maranguape;AC. AMANARY;-4.0133611111111;-38.8855;2018;5;23.5;8.0;0.0;0.0;0.0;0.0;0.0;0.0;0.0;0.0;15.5;0.0;0.0;0.0;0.0;0.0;0.0;0.0;0.0;0.0;0.0;0.0;0.0;0.0;0.0;0.0;0.0;0.0;0.0;0.0;0.0;0.0
Maranguape;AC. AMANARY;-4.0133611111111;-38.8855;2018;6;0.0;0.0;0.0;0.0;0.0;0.0;0.0;0.0;0.0;0.0;0.0;0.0;0.0;0.0;0.0;0.0;0.0;0.0;0.0;0.0;0.0;0.0;0.0;0.0;0.0;0.0;0.0;0.0;0.0;0.0;0.0;888.0
Maranguape;AC. AMANARY;-4.0133611111111;-38.8855;2018;7;14.0;0.0;0.0;0.0;0.0;0.0;0.0;0.0;14.0;0.0;0.0;0.0;0.0;0.0;0.0;0.0;0.0;0.0;0.0;0.0;0.0;0.0;0.0;0.0;0.0;0.0;0.0;0.0;0.0;0.0;0.0;0.0
Maranguape;AC. AMANARY;-4.0133611111111;-38.8855;2018;8;0.0;0.0;0.0;0.0;0.0;0.0;0.0;0.0;0.0;0.0;0.0;0.0;0.0;0.0;0.0;0.0;0.0;0.0;0.0;0.0;0.0;0.0;0.0;0.0;0.0;0.0;0.0;0.0;0.0;0.0;0.0;0.0
Maranguape;AC. AMANARY;-4.0133611111111;-38.8855;2018;9;0.0;0.0;0.0;0.0;0.0;0.0;0.0;0.0;0.0;0.0;0.0;0.0;0.0;0.0;0.0;0.0;0.0;0.0;0.0;0.0;0.0;0.0;0.0;0.0;0.0;0.0;0.0;0.0;0.0;0.0;0.0;888.0
Maranguape;AC. AMANARY;-4.0133611111111;-38.8855;2018;10;0.0;0.0;0.0;0.0;0.0;0.0;0.0;0.0;0.0;0.0;0.0;0.0;0.0;0.0;0.0;0.0;0.0;0.0;0.0;0.0;0.0;0.0;0.0;0.0;0.0;0.0;0.0;0.0;0.0;0.0;0.0;0.0
Maranguape;AC. AMANARY;-4.0133611111111;-38.8855;2018;11;0.0;0.0;0.0;0.0;0.0;0.0;0.0;0.0;0.0;0.0;0.0;0.0;0.0;0.0;0.0;0.0;0.0;0.0;0.0;0.0;0.0;0.0;0.0;0.0;0.0;0.0;0.0;0.0;0.0;0.0;0.0;888.0
Maranguape;AC. AMANARY;-4.0133611111111;-38.8855;2018;12;69.5;0.0;0.0;0.0;0.0;0.0;0.0;0.0;0.0;0.0;0.0;0.0;0.0;0.0;0.0;10.5;0.0;19.0;10.0;0.0;0.0;0.0;0.0;30.0;0.0;0.0;0.0;0.0;0.0;0.0;0.0;0.0
Maranguape;AC. AMANARY;-4.0133611111111;-38.8855;2019;1;98.0;0.0;0.0;0.0;0.0;0.0;0.0;0.0;0.0;6.0;0.0;0.0;0.0;0.0;0.0;18.0;4.0;0.0;12.0;10.0;16.0;0.0;9.0;0.0;0.0;0.0;0.0;7.0;16.0;0.0;0.0;0.0
Maranguape;AC. AMANARY;-4.0133611111111;-38.8855;2019;2;112.0;0.0;13.0;0.0;0.0;0.0;0.0;2.0;5.0;0.0;0.0;0.0;0.0;0.0;0.0;0.0;0.0;0.0;3.0;0.0;0.0;12.0;25.0;12.5;37.0;2.5;0.0;0.0;0.0;888.0;888.0;888.0
Maranguape;AC. AMANARY;-4.0133611111111;-38.8855;2019;3;272.5;0.0;0.0;0.0;0.0;5.0;7.0;4.0;5.0;1.0;0.0;21.0;0.0;22.0;28.0;24.0;90.0;0.0;0.0;0.0;0.0;0.0;0.0;30.0;0.0;3.0;0.0;2.5;3.0;19.0;0.0;8.0
Maranguape;AC. AMANARY;-4.0133611111111;-38.8855;2019;4;93.0;6.0;13.0;0.0;5.0;0.0;11.0;0.0;0.0;0.0;0.0;0.0;10.0;9.0;0.0;0.0;0.0;3.0;8.0;8.0;0.0;10.0;0.0;0.0;0.0;10.0;0.0;0.0;0.0;0.0;0.0;888.0
Maranguape;AC. AMANARY;-4.0133611111111;-38.8855;2019;5;119.0;15.0;21.0;0.0;0.0;0.0;0.0;0.0;1.0;4.0;0.0;0.0;0.0;0.0;0.0;0.0;0.0;0.0;0.0;0.0;24.0;0.0;52.0;0.0;0.0;0.0;0.0;0.0;0.0;0.0;2.0;0.0
Maranguape;AC. AMANARY;-4.0133611111111;-38.8855;2019;6;25.0;0.0;0.0;0.0;0.0;0.0;0.0;0.0;0.0;0.0;0.0;0.0;22.0;3.0;0.0;0.0;0.0;0.0;0.0;0.0;0.0;0.0;0.0;0.0;0.0;0.0;0.0;0.0;0.0;0.0;0.0;888.0
Maranguape;AC. AMANARY;-4.0133611111111;-38.8855;2019;7;0.0;0.0;0.0;0.0;0.0;0.0;0.0;0.0;0.0;0.0;0.0;0.0;0.0;0.0;0.0;0.0;0.0;0.0;0.0;0.0;0.0;0.0;0.0;0.0;0.0;0.0;0.0;0.0;0.0;0.0;0.0;0.0
Maranguape;AC. AMANARY;-4.0133611111111;-38.8855;2019;8;0.0;0.0;0.0;0.0;0.0;0.0;0.0;0.0;0.0;0.0;0.0;0.0;0.0;0.0;0.0;0.0;0.0;0.0;0.0;0.0;0.0;0.0;0.0;0.0;0.0;0.0;0.0;0.0;0.0;0.0;0.0;0.0
Maranguape;AC. AMANARY;-4.0133611111111;-38.8855;2019;9;0.0;0.0;0.0;0.0;0.0;0.0;0.0;0.0;0.0;0.0;0.0;0.0;0.0;0.0;0.0;0.0;0.0;0.0;0.0;0.0;0.0;0.0;0.0;0.0;0.0;0.0;0.0;0.0;0.0;0.0;0.0;888.0
Maranguape;AC. AMANARY;-4.0133611111111;-38.8855;2019;10;0.0;0.0;0.0;0.0;0.0;0.0;0.0;0.0;0.0;0.0;0.0;0.0;0.0;0.0;0.0;0.0;0.0;0.0;0.0;0.0;0.0;0.0;0.0;0.0;0.0;0.0;0.0;0.0;0.0;0.0;0.0;0.0
Maranguape;AC. AMANARY;-4.0133611111111;-38.8855;2019;11;0.0;0.0;0.0;0.0;0.0;0.0;0.0;0.0;0.0;0.0;0.0;0.0;0.0;0.0;0.0;0.0;0.0;0.0;0.0;0.0;0.0;0.0;0.0;0.0;0.0;0.0;0.0;0.0;0.0;0.0;0.0;888.0
Maranguape;AC. AMANARY;-4.0133611111111;-38.8855;2019;12;0.0;0.0;0.0;0.0;0.0;0.0;0.0;0.0;0.0;0.0;0.0;0.0;0.0;0.0;0.0;0.0;0.0;0.0;0.0;0.0;0.0;0.0;0.0;0.0;0.0;0.0;0.0;0.0;0.0;0.0;0.0;0.0
Maranguape;AC. AMANARY;-4.0133611111111;-38.8855;2020;1;117.5;0.0;0.0;0.0;0.0;0.0;0.0;0.0;0.0;0.0;0.0;16.0;0.0;0.0;0.0;2.0;0.0;0.0;0.0;0.0;0.0;0.0;0.0;0.0;4.5;0.0;0.0;0.0;0.0;0.0;0.0;95.0
Maranguape;AC. AMANARY;-4.0133611111111;-38.8855;2020;2;228.5;0.0;0.0;0.0;0.0;39.0;0.0;0.0;0.0;0.0;6.0;0.0;0.0;0.0;0.0;0.0;30.0;33.0;8.0;9.0;27.5;0.0;20.0;7.0;0.0;16.0;6.0;0.0;27.0;0.0;888.0;888.0
Maranguape;AC. AMANARY;-4.0133611111111;-38.8855;2020;3;153.5;12.0;0.0;51.0;0.0;10.0;0.0;0.0;3.0;4.0;0.0;0.0;0.0;12.5;19.0;0.0;16.0;10.0;0.0;0.0;0.0;0.0;6.0;0.0;0.0;0.0;0.0;0.0;10.0;0.0;0.0;0.0
Maranguape;AC. AMANARY;-4.0133611111111;-38.8855;2020;4;259.0;17.0;0.0;0.0;25.0;0.0;16.0;0.0;0.0;8.0;7.0;16.0;19.0;2.0;0.0;15.0;0.0;0.0;0.0;0.0;0.0;2.0;7.0;20.0;0.0;22.0;0.0;55.0;17.0;5.0;6.0;888.0
Maranguape;AC. AMANARY;-4.0133611111111;-38.8855;2020;5;58.0;4.0;0.0;0.0;0.0;6.0;5.0;0.0;0.0;0.0;17.0;0.0;0.0;0.0;0.0;4.0;12.0;0.0;0.0;0.0;0.0;4.0;0.0;6.0;0.0;0.0;0.0;0.0;0.0;0.0;0.0;0.0
Maranguape;AC. AMANARY;-4.0133611111111;-38.8855;2020;6;39.0;0.0;0.0;0.0;0.0;3.0;0.0;12.0;13.0;0.0;0.0;0.0;0.0;0.0;0.0;0.0;0.0;0.0;0.0;0.0;0.0;0.0;0.0;0.0;0.0;0.0;0.0;0.0;0.0;0.0;11.0;888.0
Maranguape;AC. AMANARY;-4.0133611111111;-38.8855;2020;7;22.0;0.0;0.0;0.0;0.0;0.0;7.0;10.0;0.0;0.0;0.0;0.0;1.0;0.0;0.0;0.0;0.0;0.0;0.0;0.0;0.0;3.0;0.0;0.0;0.0;1.0;0.0;0.0;0.0;0.0;0.0;0.0
Maranguape;AC. AMANARY;-4.0133611111111;-38.8855;2020;8;0.0;0.0;0.0;0.0;0.0;0.0;0.0;0.0;0.0;0.0;0.0;0.0;0.0;0.0;0.0;0.0;0.0;0.0;0.0;0.0;0.0;0.0;0.0;0.0;0.0;0.0;0.0;0.0;0.0;0.0;0.0;0.0
Maranguape;AC. AMANARY;-4.0133611111111;-38.8855;2020;9;0.0;0.0;0.0;0.0;0.0;0.0;0.0;0.0;0.0;0.0;0.0;0.0;0.0;0.0;0.0;0.0;0.0;0.0;0.0;0.0;0.0;0.0;0.0;0.0;0.0;0.0;0.0;0.0;0.0;0.0;0.0;888.0
Maranguape;AC. AMANARY;-4.0133611111111;-38.8855;2020;10;0.0;0.0;0.0;0.0;0.0;0.0;0.0;0.0;0.0;0.0;0.0;0.0;0.0;0.0;0.0;0.0;0.0;0.0;0.0;0.0;0.0;0.0;0.0;0.0;0.0;0.0;0.0;0.0;0.0;0.0;0.0;0.0
Maranguape;AC. AMANARY;-4.0133611111111;-38.8855;2020;11;0.0;0.0;0.0;0.0;0.0;0.0;0.0;0.0;0.0;0.0;0.0;0.0;0.0;0.0;0.0;0.0;0.0;0.0;0.0;0.0;0.0;0.0;0.0;0.0;0.0;0.0;0.0;0.0;0.0;0.0;0.0;888.0
Maranguape;AC. AMANARY;-4.0133611111111;-38.8855;2020;12;0.0;0.0;0.0;0.0;0.0;0.0;0.0;0.0;0.0;0.0;0.0;0.0;0.0;0.0;0.0;0.0;0.0;0.0;0.0;0.0;0.0;0.0;0.0;0.0;0.0;0.0;0.0;0.0;0.0;0.0;0.0;0.0
Maranguape;AC. AMANARY;-4.0133611111111;-38.8855;2021;1;63.5;6.0;0.0;0.0;3.5;0.0;0.0;0.0;0.0;0.0;0.0;0.0;0.0;0.0;0.0;0.0;0.0;0.0;0.0;0.0;28.0;0.0;0.0;0.0;0.0;0.0;26.0;0.0;0.0;0.0;0.0;0.0
Maranguape;AC. AMANARY;-4.0133611111111;-38.8855;2021;2;72.0;0.0;0.0;0.0;0.0;0.0;0.0;0.0;0.0;0.0;0.0;0.0;0.0;0.0;0.0;0.0;37.0;4.0;0.0;0.0;0.0;0.0;2.0;0.0;0.0;0.0;12.0;0.0;17.0;888.0;888.0;888.0
Maranguape;AC. AMANARY;-4.0133611111111;-38.8855;2021;3;243.0;39.0;7.5;10.0;0.0;9.5;0.0;0.0;3.0;12.0;0.0;0.0;0.0;0.0;4.0;0.0;0.0;13.0;6.0;9.0;0.0;4.0;2.0;0.0;20.0;20.0;50.0;12.0;0.0;0.0;9.0;13.0
Maranguape;AC. AMANARY;-4.0133611111111;-38.8855;2021;4;97.0;5.0;6.0;0.0;7.0;0.0;0.0;0.0;0.0;0.0;0.0;0.0;2.0;0.0;0.0;6.0;14.0;0.0;4.0;14.0;2.0;0.0;6.0;0.0;8.0;5.0;0.0;2.0;0.0;16.0;0.0;888.0
Maranguape;AC. AMANARY;-4.0133611111111;-38.8855;2021;5;102.0;0.0;0.0;0.0;0.0;16.0;1.0;17.0;1.0;2.0;13.0;0.0;4.0;23.0;11.0;4.0;10.0;0.0;0.0;0.0;0.0;0.0;0.0;0.0;0.0;0.0;0.0;0.0;0.0;0.0;0.0;0.0
Maranguape;AC. AMANARY;-4.0133611111111;-38.8855;2021;6;17.0;0.0;0.0;0.0;0.0;0.0;0.0;0.0;0.0;0.0;0.0;0.0;0.0;0.0;0.0;0.0;7.0;0.0;10.0;0.0;0.0;0.0;0.0;0.0;0.0;0.0;0.0;0.0;0.0;0.0;0.0;888.0
Maranguape;AC. AMANARY;-4.0133611111111;-38.8855;2021;7;34.0;0.0;34.0;0.0;0.0;0.0;0.0;0.0;0.0;0.0;0.0;0.0;0.0;0.0;0.0;0.0;0.0;0.0;0.0;0.0;0.0;0.0;0.0;0.0;0.0;0.0;0.0;0.0;0.0;0.0;0.0;0.0
Maranguape;AC. AMANARY;-4.0133611111111;-38.8855;2021;8;0.0;0.0;0.0;0.0;0.0;0.0;0.0;0.0;0.0;0.0;0.0;0.0;0.0;0.0;0.0;0.0;0.0;0.0;0.0;0.0;0.0;0.0;0.0;0.0;0.0;0.0;0.0;0.0;0.0;0.0;0.0;0.0
Maranguape;AC. AMANARY;-4.0133611111111;-38.8855;2021;9;0.0;0.0;0.0;0.0;0.0;0.0;0.0;0.0;0.0;0.0;0.0;0.0;0.0;0.0;0.0;0.0;0.0;0.0;0.0;0.0;0.0;0.0;0.0;0.0;0.0;0.0;0.0;0.0;0.0;0.0;0.0;888.0
Maranguape;AC. AMANARY;-4.0133611111111;-38.8855;2021;10;0.0;0.0;0.0;0.0;0.0;0.0;0.0;0.0;0.0;0.0;0.0;0.0;0.0;0.0;0.0;0.0;0.0;0.0;0.0;0.0;0.0;0.0;0.0;0.0;0.0;0.0;0.0;0.0;0.0;0.0;0.0;0.0
Maranguape;AC. AMANARY;-4.0133611111111;-38.8855;2021;11;0.0;0.0;0.0;0.0;0.0;0.0;0.0;0.0;0.0;0.0;0.0;0.0;0.0;0.0;0.0;0.0;0.0;0.0;0.0;0.0;0.0;0.0;0.0;0.0;0.0;0.0;0.0;0.0;0.0;0.0;0.0;888.0
Maranguape;AC. AMANARY;-4.0133611111111;-38.8855;2021;12;0.0;0.0;0.0;0.0;0.0;0.0;0.0;0.0;0.0;0.0;0.0;0.0;0.0;0.0;0.0;0.0;0.0;0.0;0.0;0.0;0.0;0.0;0.0;0.0;0.0;0.0;0.0;0.0;0.0;0.0;0.0;0.0
Maranguape;AC. AMANARY;-4.0133611111111;-38.8855;2022;1;21.0;0.0;0.0;0.0;0.0;0.0;0.0;0.0;0.0;0.0;0.0;0.0;0.0;0.0;0.0;18.0;0.0;0.0;0.0;0.0;0.0;0.0;0.0;0.0;0.0;3.0;0.0;0.0;0.0;0.0;0.0;0.0
Maranguape;AC. AMANARY;-4.0133611111111;-38.8855;2022;2;104.0;0.0;12.0;0.0;0.0;0.0;0.0;10.0;21.0;0.0;0.0;0.0;0.0;0.0;3.0;0.0;3.0;0.0;0.0;0.0;0.0;0.0;0.0;12.0;11.0;32.0;0.0;0.0;0.0;888.0;888.0;888.0
Maranguape;AC. AMANARY;-4.0133611111111;-38.8855;2022;3;382.0;0.0;5.0;0.0;0.0;0.0;6.0;40.0;0.0;0.0;9.0;13.0;4.0;106.0;0.0;3.0;6.0;21.0;0.0;13.0;0.0;3.0;28.0;14.0;11.0;2.0;38.0;0.0;20.0;10.0;4.0;26.0
Maranguape;AC. AMANARY;-4.0133611111111;-38.8855;2022;4;341.0;8.0;2.0;17.0;0.0;5.0;25.0;25.0;11.0;0.0;9.0;0.0;0.0;0.0;0.0;14.0;0.0;15.0;47.0;0.0;0.0;11.0;0.0;33.0;0.0;0.0;21.0;0.0;12.0;51.0;35.0;888.0
Maranguape;AC. AMANARY;-4.0133611111111;-38.8855;2022;5;191.0;0.0;0.0;12.0;5.0;8.0;0.0;0.0;22.0;0.0;0.0;0.0;24.0;18.0;0.0;0.0;0.0;0.0;0.0;0.0;0.0;0.0;38.0;24.0;0.0;40.0;0.0;0.0;0.0;0.0;0.0;0.0
Maranguape;AC. AMANARY;-4.0133611111111;-38.8855;2022;6;88.0;39.0;0.0;0.0;17.0;0.0;0.0;0.0;0.0;0.0;15.0;0.0;0.0;0.0;0.0;0.0;0.0;0.0;0.0;0.0;0.0;0.0;17.0;0.0;0.0;0.0;0.0;0.0;0.0;0.0;0.0;888.0
Maranguape;AC. AMANARY;-4.0133611111111;-38.8855;2022;7;40.0;0.0;11.0;0.0;8.0;0.0;0.0;9.0;0.0;0.0;0.0;0.0;0.0;0.0;0.0;0.0;0.0;0.0;0.0;0.0;0.0;0.0;0.0;0.0;0.0;0.0;0.0;0.0;0.0;0.0;12.0;0.0
Maranguape;AC. AMANARY;-4.0133611111111;-38.8855;2022;8;6.0;0.0;0.0;6.0;0.0;0.0;0.0;0.0;0.0;0.0;0.0;0.0;0.0;0.0;0.0;0.0;0.0;0.0;0.0;0.0;0.0;0.0;0.0;0.0;0.0;0.0;0.0;0.0;0.0;0.0;0.0;0.0
Maranguape;AC. AMANARY;-4.0133611111111;-38.8855;2022;9;0.0;0.0;0.0;0.0;0.0;0.0;0.0;0.0;0.0;0.0;0.0;0.0;0.0;0.0;0.0;0.0;0.0;0.0;0.0;0.0;0.0;0.0;0.0;0.0;0.0;0.0;0.0;0.0;0.0;0.0;0.0;888.0
Maranguape;AC. AMANARY;-4.0133611111111;-38.8855;2022;10;0.0;0.0;0.0;0.0;0.0;0.0;0.0;0.0;0.0;0.0;0.0;0.0;0.0;0.0;0.0;0.0;0.0;0.0;0.0;0.0;0.0;0.0;0.0;0.0;0.0;0.0;0.0;0.0;0.0;0.0;0.0;0.0
Maranguape;AC. AMANARY;-4.0133611111111;-38.8855;2022;11;0.0;0.0;0.0;0.0;0.0;0.0;0.0;0.0;0.0;0.0;0.0;0.0;0.0;0.0;0.0;0.0;0.0;0.0;0.0;0.0;0.0;0.0;0.0;0.0;0.0;0.0;0.0;0.0;0.0;0.0;0.0;888.0
Maranguape;AC. AMANARY;-4.0133611111111;-38.8855;2022;12;59.0;0.0;0.0;0.0;0.0;0.0;0.0;0.0;0.0;0.0;0.0;0.0;0.0;0.0;0.0;19.0;0.0;0.0;0.0;0.0;0.0;32.0;0.0;0.0;0.0;3.0;0.0;0.0;0.0;5.0;0.0;0.0
Maranguape;AC. AMANARY;-4.0133611111111;-38.8855;2023;1;80.0;0.0;0.0;0.0;0.0;0.0;0.0;0.0;0.0;6.0;1.0;0.0;0.0;0.0;0.0;0.0;20.0;0.0;0.0;10.0;0.0;0.0;0.0;0.0;0.0;13.0;12.0;0.0;0.0;6.0;6.0;6.0
Maranguape;AC. AMANARY;-4.0133611111111;-38.8855;2023;2;104.0;0.0;12.0;0.0;0.0;0.0;0.0;10.0;21.0;0.0;0.0;0.0;0.0;0.0;3.0;0.0;3.0;0.0;0.0;0.0;0.0;0.0;0.0;12.0;11.0;32.0;0.0;0.0;0.0;888.0;888.0;888.0
Maranguape;AC. AMANARY;-4.0133611111111;-38.8855;2023;3;280.0;0.0;0.0;42.0;4.0;1.0;3.0;0.0;0.0;0.0;8.0;0.0;0.0;0.0;30.0;0.0;0.0;65.0;5.0;4.0;28.0;11.0;22.0;8.0;8.0;0.0;0.0;14.0;4.0;22.0;1.0;0.0
Maranguape;AC. AMANARY;-4.0133611111111;-38.8855;2023;4;297.0;0.0;31.0;0.0;68.0;0.0;0.0;0.0;12.0;18.0;11.0;38.0;0.0;0.0;3.0;0.0;8.0;11.0;7.0;3.0;0.0;12.0;0.0;0.0;0.0;0.0;0.0;42.0;5.0;0.0;28.0;888.0
Maranguape;AC. AMANARY;-4.0133611111111;-38.8855;2023;5;135.0;18.0;0.0;0.0;0.0;0.0;0.0;0.0;0.0;0.0;0.0;0.0;0.0;29.0;2.0;0.0;17.0;0.0;17.0;0.0;0.0;26.0;0.0;23.0;3.0;0.0;0.0;0.0;0.0;0.0;0.0;0.0
Maranguape;AC. AMANARY;-4.0133611111111;-38.8855;2023;6;50.0;0.0;0.0;0.0;0.0;4.0;0.0;0.0;0.0;0.0;0.0;0.0;0.0;0.0;0.0;16.0;0.0;22.0;0.0;0.0;0.0;6.0;0.0;0.0;0.0;0.0;0.0;2.0;0.0;0.0;0.0;888.0
Maranguape;AC. AMANARY;-4.0133611111111;-38.8855;2023;7;0.0;0.0;0.0;0.0;0.0;0.0;0.0;0.0;0.0;0.0;0.0;0.0;0.0;0.0;0.0;0.0;0.0;0.0;0.0;0.0;0.0;0.0;0.0;0.0;0.0;0.0;0.0;0.0;0.0;0.0;0.0;0.0
Maranguape;AC. AMANARY;-4.0133611111111;-38.8855;2023;8;0.0;0.0;0.0;0.0;0.0;0.0;0.0;0.0;0.0;0.0;0.0;0.0;0.0;0.0;0.0;0.0;0.0;0.0;0.0;0.0;0.0;0.0;0.0;0.0;0.0;0.0;0.0;0.0;0.0;0.0;0.0;0.0
Maranguape;AC. AMANARY;-4.0133611111111;-38.8855;2023;9;0.0;0.0;0.0;0.0;0.0;0.0;0.0;0.0;0.0;0.0;0.0;0.0;0.0;0.0;0.0;0.0;0.0;0.0;0.0;0.0;0.0;0.0;0.0;0.0;0.0;0.0;0.0;0.0;0.0;0.0;0.0;888.0
Maranguape;AC. AMANARY;-4.0133611111111;-38.8855;2023;10;0.0;0.0;0.0;0.0;0.0;0.0;0.0;0.0;0.0;0.0;0.0;0.0;0.0;0.0;0.0;0.0;0.0;0.0;0.0;0.0;0.0;0.0;0.0;0.0;0.0;0.0;0.0;0.0;0.0;0.0;0.0;0.0
Maranguape;AC. AMANARY;-4.0133611111111;-38.8855;2023;11;0.0;0.0;0.0;0.0;0.0;0.0;0.0;0.0;0.0;0.0;0.0;0.0;0.0;0.0;0.0;0.0;0.0;0.0;0.0;0.0;0.0;0.0;0.0;0.0;0.0;0.0;0.0;0.0;0.0;0.0;0.0;888.0
Maranguape;AC. AMANARY;-4.0133611111111;-38.8855;2023;12;0.0;0.0;0.0;0.0;0.0;0.0;0.0;0.0;0.0;0.0;0.0;0.0;0.0;0.0;0.0;0.0;0.0;0.0;0.0;0.0;0.0;0.0;0.0;0.0;0.0;0.0;0.0;0.0;0.0;0.0;0.0;0.0
Maranguape;AC. AMANARY;-4.0133611111111;-38.8855;2024;1;6.0;0.0;5.0;1.0;0.0;0.0;0.0;0.0;0.0;0.0;0.0;0.0;0.0;0.0;0.0;0.0;0.0;0.0;0.0;0.0;0.0;0.0;0.0;0.0;0.0;0.0;0.0;0.0;0.0;0.0;0.0;0.0
Maranguape;AC. AMANARY;-4.0133611111111;-38.8855;2024;2;207.0;0.0;0.0;0.0;0.0;0.0;0.0;0.0;0.0;0.0;0.0;63.0;0.0;0.0;0.0;0.0;10.0;0.0;0.0;17.0;0.0;13.0;11.0;11.0;10.0;0.0;33.0;0.0;39.0;0.0;888.0;888.0
Maranguape;AC. AMANARY;-4.0133611111111;-38.8855;2024;3;300.0;0.0;0.0;0.0;0.0;0.0;5.0;28.0;37.0;0.0;0.0;0.0;0.0;23.0;9.0;21.0;10.0;22.0;11.0;0.0;0.0;4.0;0.0;0.0;55.0;2.0;18.0;14.0;18.0;0.0;6.0;17.0
Maranguape;AC. AMANARY;-4.0133611111111;-38.8855;2024;4;220.0;0.0;0.0;3.0;0.0;0.0;5.0;0.0;15.0;4.0;9.0;2.0;5.0;3.0;12.0;31.0;2.0;5.0;3.0;11.0;27.0;18.0;0.0;21.0;0.0;12.0;0.0;19.0;6.0;0.0;7.0;888.0
Maranguape;AC. AMANARY;-4.0133611111111;-38.8855;2024;5;167.0;5.0;0.0;0.0;4.0;0.0;0.0;0.0;0.0;0.0;0.0;12.0;0.0;28.0;0.0;19.0;0.0;27.0;0.0;0.0;0.0;3.0;0.0;0.0;5.0;0.0;21.0;0.0;0.0;19.0;0.0;24.0
Maranguape;AC. AMANARY;-4.0133611111111;-38.8855;2024;6;0.0;0.0;0.0;0.0;0.0;0.0;0.0;0.0;0.0;0.0;0.0;0.0;0.0;0.0;0.0;0.0;0.0;0.0;0.0;0.0;0.0;0.0;0.0;0.0;0.0;0.0;0.0;0.0;0.0;0.0;0.0;888.0
Maranguape;AC. AMANARY;-4.0133611111111;-38.8855;2024;7;0.0;0.0;0.0;0.0;0.0;0.0;0.0;0.0;0.0;0.0;0.0;0.0;0.0;0.0;0.0;0.0;0.0;0.0;0.0;0.0;0.0;0.0;0.0;0.0;0.0;0.0;0.0;0.0;0.0;0.0;0.0;0.0
Maranguape;AC. AMANARY;-4.0133611111111;-38.8855;2024;8;0.0;0.0;0.0;0.0;0.0;0.0;0.0;0.0;0.0;0.0;0.0;0.0;0.0;0.0;0.0;0.0;0.0;0.0;0.0;0.0;0.0;0.0;999.0;999.0;999.0;999.0;999.0;999.0;999.0;999.0;999.0;999.0
