Municipios;Postos;Latitude;Longitude;Anos;Meses;Total;Dia1;Dia2;Dia3;Dia4;Dia5;Dia6;Dia7;Dia8;Dia9;Dia10;Dia11;Dia12;Dia13;Dia14;Dia15;Dia16;Dia17;Dia18;Dia19;Dia20;Dia21;Dia22;Dia23;Dia24;Dia25;Dia26;Dia27;Dia28;Dia29;Dia30;Dia31
Itapipoca;FAZENDA PAU D'ARCO;-3.1313333333333;-39.552055555556;1988;2;44.9;999.0;999.0;999.0;999.0;999.0;5.4;6.9;0.0;0.0;0.0;0.0;4.4;999.0;999.0;999.0;999.0;999.0;999.0;999.0;0.0;0.0;0.0;0.0;4.8;23.4;0.0;999.0;999.0;999.0;888.0;888.0
Itapipoca;FAZENDA PAU D'ARCO;-3.1313333333333;-39.552055555556;1988;3;0.0;999.0;999.0;999.0;999.0;999.0;999.0;999.0;999.0;999.0;999.0;999.0;999.0;999.0;999.0;0.0;999.0;999.0;999.0;999.0;999.0;999.0;999.0;999.0;999.0;999.0;999.0;999.0;999.0;999.0;999.0;999.0
Itapipoca;FAZENDA PAU D'ARCO;-3.1313333333333;-39.552055555556;1988;4;0.0;999.0;999.0;999.0;999.0;999.0;999.0;999.0;999.0;999.0;0.0;999.0;999.0;999.0;999.0;999.0;999.0;999.0;999.0;999.0;999.0;999.0;999.0;999.0;999.0;999.0;0.0;0.0;999.0;999.0;999.0;888.0
Itapipoca;FAZENDA PAU D'ARCO;-3.1313333333333;-39.552055555556;1988;5;0.0;999.0;999.0;999.0;999.0;999.0;999.0;999.0;999.0;999.0;999.0;999.0;999.0;0.0;999.0;999.0;999.0;999.0;0.0;0.0;0.0;999.0;0.0;999.0;999.0;999.0;0.0;0.0;999.0;999.0;999.0;0.0
Itapipoca;FAZENDA PAU D'ARCO;-3.1313333333333;-39.552055555556;1988;6;16.9;0.0;0.0;0.0;0.0;0.0;0.0;0.0;0.0;0.0;999.0;999.0;999.0;999.0;999.0;999.0;999.0;999.0;0.0;0.0;0.0;2.9;9.4;4.6;0.0;999.0;999.0;999.0;999.0;999.0;999.0;888.0
Itapipoca;FAZENDA PAU D'ARCO;-3.1313333333333;-39.552055555556;1988;10;0.0;999.0;999.0;999.0;999.0;999.0;999.0;999.0;999.0;999.0;999.0;999.0;999.0;999.0;999.0;999.0;999.0;999.0;999.0;999.0;999.0;999.0;999.0;999.0;999.0;999.0;999.0;999.0;999.0;999.0;999.0;0.0
Itapipoca;FAZENDA PAU D'ARCO;-3.1313333333333;-39.552055555556;1996;1;102.6;0.0;0.0;0.0;1.8;0.0;0.0;0.0;0.0;0.0;0.0;3.0;2.0;15.0;0.0;0.0;53.0;14.0;0.0;0.0;0.0;0.0;0.0;9.2;0.0;0.0;0.0;0.0;3.0;1.6;0.0;0.0
Itapipoca;FAZENDA PAU D'ARCO;-3.1313333333333;-39.552055555556;2007;12;0.0;0.0;999.0;999.0;999.0;999.0;999.0;999.0;999.0;999.0;999.0;999.0;999.0;999.0;999.0;999.0;999.0;999.0;999.0;999.0;999.0;999.0;999.0;999.0;999.0;999.0;999.0;999.0;999.0;999.0;999.0;999.0
Itapipoca;FAZENDA PAU D'ARCO;-3.1313333333333;-39.552055555556;2008;1;175.0;2.9;0.0;31.2;15.2;0.0;0.0;6.8;0.0;0.0;0.0;0.0;0.0;27.8;23.5;0.0;3.0;24.5;0.0;2.8;1.0;0.0;14.8;5.2;0.0;0.0;8.8;0.0;6.6;0.0;0.0;0.9
Itapipoca;FAZENDA PAU D'ARCO;-3.1313333333333;-39.552055555556;2008;2;81.1;3.4;0.0;0.0;0.0;0.0;0.0;0.0;0.0;0.0;0.0;9.3;5.1;0.0;0.0;0.0;4.0;0.0;0.0;3.4;0.0;19.0;12.6;0.0;0.0;0.0;0.0;0.0;2.5;21.8;888.0;888.0
Itapipoca;FAZENDA PAU D'ARCO;-3.1313333333333;-39.552055555556;2008;3;390.3;23.8;0.0;2.1;4.1;1.1;3.1;14.0;14.6;0.0;2.8;0.0;56.0;1.9;4.7;4.1;4.2;0.6;3.3;16.7;2.6;0.0;0.0;64.0;6.9;16.3;74.3;10.4;31.9;4.8;0.0;22.0
Itapipoca;FAZENDA PAU D'ARCO;-3.1313333333333;-39.552055555556;2008;4;321.4;7.0;2.3;0.0;0.7;64.6;0.0;23.2;12.9;0.0;6.2;43.2;1.6;1.2;13.5;0.0;6.0;9.2;5.6;0.0;41.6;5.2;6.2;6.6;5.8;20.8;0.0;10.2;11.2;1.4;15.2;888.0
Itapipoca;FAZENDA PAU D'ARCO;-3.1313333333333;-39.552055555556;2008;5;247.7;0.0;13.0;11.4;12.5;3.8;0.0;21.1;6.5;9.8;0.0;13.3;1.4;0.0;14.5;1.4;67.6;53.8;0.0;0.0;0.0;0.0;7.8;0.0;0.0;0.0;0.0;7.9;0.0;1.9;0.0;0.0
Itapipoca;FAZENDA PAU D'ARCO;-3.1313333333333;-39.552055555556;2008;6;24.5;999.0;999.0;999.0;999.0;999.0;1.6;999.0;22.9;999.0;999.0;999.0;999.0;999.0;999.0;999.0;999.0;999.0;999.0;999.0;999.0;999.0;999.0;999.0;999.0;999.0;999.0;999.0;999.0;999.0;999.0;888.0
Itapipoca;FAZENDA PAU D'ARCO;-3.1313333333333;-39.552055555556;2008;7;0.0;0.0;0.0;0.0;0.0;0.0;0.0;0.0;0.0;0.0;0.0;0.0;0.0;0.0;0.0;0.0;0.0;0.0;0.0;0.0;0.0;0.0;0.0;0.0;0.0;0.0;0.0;0.0;0.0;0.0;0.0;0.0
Itapipoca;FAZENDA PAU D'ARCO;-3.1313333333333;-39.552055555556;2008;8;42.8;0.0;0.0;0.0;0.0;0.0;0.0;0.0;28.6;12.4;0.0;0.0;0.0;0.0;0.0;0.0;0.0;0.0;0.0;0.0;0.0;0.0;0.0;0.0;0.0;0.0;1.8;0.0;0.0;0.0;0.0;0.0
Itapipoca;FAZENDA PAU D'ARCO;-3.1313333333333;-39.552055555556;2008;9;0.0;0.0;0.0;0.0;0.0;0.0;0.0;0.0;0.0;0.0;0.0;0.0;0.0;0.0;0.0;0.0;0.0;0.0;0.0;0.0;0.0;0.0;0.0;0.0;0.0;0.0;0.0;0.0;0.0;0.0;0.0;888.0
Itapipoca;FAZENDA PAU D'ARCO;-3.1313333333333;-39.552055555556;2008;10;0.0;0.0;0.0;0.0;0.0;0.0;0.0;0.0;0.0;0.0;0.0;0.0;0.0;0.0;0.0;0.0;0.0;0.0;0.0;0.0;0.0;0.0;0.0;0.0;0.0;0.0;0.0;0.0;0.0;0.0;0.0;0.0
Itapipoca;FAZENDA PAU D'ARCO;-3.1313333333333;-39.552055555556;2008;11;0.0;0.0;0.0;0.0;0.0;0.0;0.0;0.0;0.0;0.0;0.0;0.0;0.0;0.0;0.0;0.0;0.0;0.0;0.0;0.0;0.0;0.0;0.0;0.0;0.0;0.0;0.0;0.0;0.0;0.0;0.0;888.0
Itapipoca;FAZENDA PAU D'ARCO;-3.1313333333333;-39.552055555556;2008;12;0.0;0.0;0.0;0.0;0.0;0.0;0.0;0.0;0.0;0.0;0.0;0.0;0.0;0.0;0.0;0.0;0.0;0.0;0.0;0.0;0.0;0.0;0.0;0.0;0.0;0.0;0.0;0.0;0.0;0.0;0.0;0.0
Itapipoca;FAZENDA PAU D'ARCO;-3.1313333333333;-39.552055555556;2009;1;222.2;0.0;0.0;0.0;0.0;0.0;0.0;0.0;0.0;1.6;0.0;0.0;0.0;0.0;0.0;8.9;2.6;23.4;1.6;9.8;22.9;132.4;2.3;0.0;5.4;3.8;0.0;0.0;0.0;0.0;7.5;0.0
Itapipoca;FAZENDA PAU D'ARCO;-3.1313333333333;-39.552055555556;2009;2;402.0;9.2;8.0;25.2;5.4;0.0;0.0;0.0;0.0;0.0;11.2;11.0;1.4;0.0;5.6;0.8;0.0;29.2;11.6;0.0;1.4;47.4;113.4;55.6;2.6;9.6;32.2;17.8;3.4;888.0;888.0;888.0
Itapipoca;FAZENDA PAU D'ARCO;-3.1313333333333;-39.552055555556;2009;3;455.3;2.4;37.5;0.0;64.4;20.8;0.0;0.0;3.1;0.5;0.0;19.6;2.6;4.2;2.2;28.6;24.0;3.8;1.0;0.2;9.4;18.2;0.0;26.0;9.9;4.7;0.0;16.0;115.8;0.0;9.2;31.2
Itapipoca;FAZENDA PAU D'ARCO;-3.1313333333333;-39.552055555556;2009;4;551.5;11.4;2.4;14.4;2.3;6.6;25.6;1.2;11.8;32.8;11.2;33.0;18.2;2.6;18.6;5.6;70.6;24.8;3.6;28.4;20.8;69.2;0.0;69.5;25.6;0.0;0.0;33.0;0.0;8.3;0.0;888.0
Itapipoca;FAZENDA PAU D'ARCO;-3.1313333333333;-39.552055555556;2009;5;380.6;0.0;66.4;3.6;10.6;6.4;0.0;0.0;0.0;0.0;0.0;5.4;10.4;2.0;13.6;0.0;0.0;3.2;23.4;0.0;91.7;0.0;18.2;12.0;20.6;0.2;11.3;0.0;0.0;0.0;68.8;12.8
Itapipoca;FAZENDA PAU D'ARCO;-3.1313333333333;-39.552055555556;2009;6;136.5;0.0;21.0;9.8;0.0;0.0;0.0;0.0;0.0;13.2;0.0;0.0;0.0;0.0;0.0;0.0;0.0;0.0;0.0;0.0;0.0;0.0;19.6;0.0;72.9;0.0;0.0;0.0;0.0;0.0;0.0;888.0
Itapipoca;FAZENDA PAU D'ARCO;-3.1313333333333;-39.552055555556;2009;7;110.3;0.0;0.0;0.0;0.0;0.0;0.0;0.0;0.0;0.0;15.2;0.0;0.0;0.0;0.0;0.0;13.6;2.4;0.0;0.0;0.0;22.4;42.7;12.0;2.0;0.0;0.0;0.0;0.0;0.0;0.0;0.0
Itapipoca;FAZENDA PAU D'ARCO;-3.1313333333333;-39.552055555556;2009;8;20.1;0.0;0.0;0.0;0.0;0.0;0.0;0.0;0.0;0.0;0.0;0.0;0.0;0.0;0.0;0.0;0.0;0.0;0.0;0.0;0.0;0.0;8.2;8.9;3.0;0.0;0.0;0.0;0.0;0.0;0.0;0.0
Itapipoca;FAZENDA PAU D'ARCO;-3.1313333333333;-39.552055555556;2009;9;0.0;0.0;0.0;0.0;0.0;0.0;0.0;0.0;0.0;0.0;0.0;0.0;0.0;0.0;0.0;0.0;0.0;0.0;0.0;0.0;0.0;0.0;0.0;0.0;0.0;0.0;0.0;0.0;0.0;0.0;0.0;888.0
Itapipoca;FAZENDA PAU D'ARCO;-3.1313333333333;-39.552055555556;2009;10;0.0;0.0;0.0;0.0;0.0;0.0;0.0;0.0;0.0;0.0;0.0;0.0;0.0;0.0;0.0;0.0;0.0;0.0;0.0;0.0;0.0;0.0;0.0;0.0;0.0;0.0;0.0;0.0;0.0;0.0;0.0;0.0
Itapipoca;FAZENDA PAU D'ARCO;-3.1313333333333;-39.552055555556;2009;11;0.0;0.0;0.0;0.0;0.0;0.0;0.0;0.0;0.0;0.0;0.0;0.0;0.0;0.0;0.0;0.0;0.0;0.0;0.0;0.0;0.0;0.0;0.0;0.0;0.0;0.0;0.0;0.0;0.0;0.0;0.0;888.0
Itapipoca;FAZENDA PAU D'ARCO;-3.1313333333333;-39.552055555556;2009;12;62.4;0.0;0.0;0.0;1.8;32.2;0.0;0.0;0.0;0.0;0.0;0.0;0.0;0.0;0.0;0.0;0.0;0.0;0.0;0.0;0.0;0.0;0.0;0.0;0.0;0.0;28.4;0.0;0.0;0.0;0.0;0.0
Itapipoca;FAZENDA PAU D'ARCO;-3.1313333333333;-39.552055555556;2010;1;104.5;0.0;0.0;91.0;0.0;0.0;0.0;0.0;0.0;0.0;0.0;0.0;0.0;0.0;0.0;0.0;0.0;0.0;0.0;7.3;0.0;0.0;0.0;0.0;2.6;0.0;0.0;3.6;0.0;0.0;0.0;0.0
Itapipoca;FAZENDA PAU D'ARCO;-3.1313333333333;-39.552055555556;2010;2;29.8;0.0;0.0;0.0;0.0;0.0;0.0;0.0;0.0;2.5;14.8;0.0;0.0;6.7;0.0;5.8;0.0;0.0;0.0;0.0;0.0;0.0;0.0;0.0;0.0;0.0;0.0;0.0;0.0;888.0;888.0;888.0
Itapipoca;FAZENDA PAU D'ARCO;-3.1313333333333;-39.552055555556;2010;3;231.2;0.0;0.0;0.0;0.0;0.0;0.0;0.0;0.0;0.0;0.0;2.2;9.0;0.0;2.4;0.0;0.0;0.0;0.0;25.2;31.0;43.0;3.2;0.0;0.0;59.6;0.0;46.2;4.0;1.2;0.0;4.2
Itapipoca;FAZENDA PAU D'ARCO;-3.1313333333333;-39.552055555556;2010;4;156.3;6.0;10.4;32.0;2.2;0.0;0.0;2.0;5.0;6.8;30.4;10.4;0.0;0.5;0.0;0.0;6.0;25.0;7.6;3.4;0.0;4.2;4.4;0.0;0.0;0.0;0.0;0.0;0.0;0.0;0.0;888.0
Itapipoca;FAZENDA PAU D'ARCO;-3.1313333333333;-39.552055555556;2012;1;8.0;0.0;0.0;0.0;0.0;0.0;0.0;0.0;0.0;0.0;0.0;0.0;0.0;0.0;0.0;0.0;0.0;0.0;0.0;8.0;0.0;0.0;0.0;0.0;0.0;0.0;0.0;0.0;0.0;0.0;0.0;0.0
Itapipoca;FAZENDA PAU D'ARCO;-3.1313333333333;-39.552055555556;2012;2;43.1;0.0;0.0;0.0;0.0;0.0;0.0;0.0;0.0;0.0;24.3;0.0;0.0;0.0;0.0;18.8;999.0;999.0;999.0;999.0;999.0;999.0;999.0;999.0;999.0;999.0;999.0;999.0;999.0;999.0;888.0;888.0
Itapipoca;FAZENDA PAU D'ARCO;-3.1313333333333;-39.552055555556;2012;3;0.0;0.0;999.0;999.0;999.0;999.0;999.0;999.0;999.0;999.0;999.0;999.0;999.0;999.0;999.0;999.0;999.0;999.0;999.0;999.0;999.0;999.0;999.0;999.0;999.0;999.0;999.0;999.0;999.0;999.0;999.0;999.0
Itapipoca;FAZENDA PAU D'ARCO;-3.1313333333333;-39.552055555556;2013;1;43.6;0.0;2.8;9.6;0.0;0.0;0.0;0.0;0.0;0.0;0.0;0.0;0.0;0.0;0.0;0.0;0.0;0.0;0.0;15.2;0.0;16.0;0.0;0.0;0.0;0.0;0.0;0.0;0.0;0.0;0.0;0.0
Itapipoca;FAZENDA PAU D'ARCO;-3.1313333333333;-39.552055555556;2013;2;107.7;0.0;0.0;0.0;0.0;0.0;0.0;0.0;0.0;0.0;3.0;0.0;0.0;12.1;1.2;4.2;15.4;0.0;17.4;0.0;0.0;0.0;27.0;0.0;0.0;6.6;12.8;8.0;0.0;888.0;888.0;888.0
Itapipoca;FAZENDA PAU D'ARCO;-3.1313333333333;-39.552055555556;2013;3;133.1;0.0;0.0;0.0;0.0;0.0;0.0;0.0;0.0;12.5;0.0;0.0;0.0;0.0;0.0;0.0;0.0;0.0;0.0;14.2;3.6;0.0;0.0;0.0;0.0;27.6;0.0;3.2;0.0;9.0;0.0;63.0
Itapipoca;FAZENDA PAU D'ARCO;-3.1313333333333;-39.552055555556;2013;4;74.8;0.0;0.0;0.0;0.0;0.0;0.0;0.0;0.0;0.0;0.0;0.0;0.0;0.0;0.0;0.0;22.4;0.0;0.0;18.2;0.0;0.0;0.0;0.0;20.4;0.0;0.0;13.8;0.0;0.0;0.0;888.0
Itapipoca;FAZENDA PAU D'ARCO;-3.1313333333333;-39.552055555556;2013;5;289.8;0.0;0.0;0.0;18.0;0.0;0.0;0.0;0.0;0.0;0.0;0.0;0.0;0.0;0.0;0.0;0.0;6.4;229.8;0.0;0.0;0.0;0.0;19.2;0.0;16.4;0.0;0.0;0.0;0.0;0.0;0.0
Itapipoca;FAZENDA PAU D'ARCO;-3.1313333333333;-39.552055555556;2013;6;4.0;0.0;0.0;4.0;0.0;0.0;0.0;0.0;0.0;0.0;0.0;0.0;0.0;0.0;0.0;0.0;0.0;0.0;0.0;0.0;0.0;0.0;0.0;0.0;0.0;0.0;0.0;0.0;0.0;0.0;0.0;888.0
Itapipoca;FAZENDA PAU D'ARCO;-3.1313333333333;-39.552055555556;2013;7;28.9;0.0;0.0;14.6;0.0;0.0;0.0;0.0;0.0;0.0;0.0;7.8;0.0;0.0;0.0;0.0;0.0;0.0;0.0;0.0;0.0;0.0;0.0;0.0;0.0;0.0;0.0;6.5;0.0;0.0;0.0;0.0
Itapipoca;FAZENDA PAU D'ARCO;-3.1313333333333;-39.552055555556;2013;8;0.0;0.0;0.0;0.0;0.0;0.0;0.0;0.0;0.0;0.0;0.0;0.0;0.0;0.0;0.0;0.0;0.0;0.0;0.0;0.0;0.0;0.0;0.0;0.0;0.0;0.0;0.0;0.0;0.0;0.0;0.0;0.0
Itapipoca;FAZENDA PAU D'ARCO;-3.1313333333333;-39.552055555556;2018;1;100.8;0.0;0.0;0.0;0.0;0.0;0.0;0.0;0.0;0.0;0.0;0.0;0.0;6.6;5.0;0.0;0.0;0.0;0.0;7.8;0.0;9.0;0.0;0.0;35.6;20.6;0.0;2.2;14.0;0.0;0.0;0.0
Itapipoca;FAZENDA PAU D'ARCO;-3.1313333333333;-39.552055555556;2018;2;294.0;0.0;25.0;10.2;0.0;3.2;0.0;10.0;0.0;0.0;21.0;0.0;8.4;127.0;48.2;11.0;0.0;0.0;3.4;0.0;0.0;0.0;0.0;0.0;0.0;9.4;0.0;9.2;8.0;888.0;888.0;888.0
Itapipoca;FAZENDA PAU D'ARCO;-3.1313333333333;-39.552055555556;2018;3;198.2;5.9;2.0;0.0;0.0;6.0;0.0;0.0;0.0;8.0;49.0;0.0;23.0;0.0;0.0;0.0;0.0;0.0;0.0;25.0;0.0;0.0;0.0;0.0;0.0;0.0;17.0;17.9;28.0;7.8;2.0;6.6
Itapipoca;FAZENDA PAU D'ARCO;-3.1313333333333;-39.552055555556;2018;4;349.5;39.5;6.9;17.0;5.3;0.0;0.0;0.0;0.0;0.0;2.0;83.3;0.0;0.0;0.0;0.0;95.0;15.5;0.0;0.0;0.0;28.0;14.0;7.0;0.0;36.0;0.0;0.0;0.0;0.0;0.0;888.0
Itapipoca;FAZENDA PAU D'ARCO;-3.1313333333333;-39.552055555556;2018;5;102.7;11.0;13.0;0.0;0.0;0.0;0.0;0.0;17.5;21.2;0.0;15.6;5.0;0.0;0.0;0.0;0.0;0.0;0.0;19.4;0.0;0.0;0.0;0.0;0.0;0.0;0.0;0.0;0.0;0.0;0.0;0.0
Itapipoca;FAZENDA PAU D'ARCO;-3.1313333333333;-39.552055555556;2018;6;82.5;13.6;0.0;0.0;0.0;0.0;0.0;8.2;0.0;0.0;0.0;0.0;0.0;0.0;0.0;0.0;0.0;18.5;31.2;11.0;0.0;0.0;0.0;0.0;0.0;0.0;0.0;0.0;0.0;0.0;0.0;888.0
Itapipoca;FAZENDA PAU D'ARCO;-3.1313333333333;-39.552055555556;2018;7;105.8;0.0;0.0;0.0;0.0;0.0;44.0;38.0;0.0;0.0;23.8;0.0;0.0;0.0;0.0;0.0;0.0;0.0;0.0;0.0;0.0;0.0;0.0;0.0;0.0;0.0;0.0;0.0;0.0;0.0;0.0;0.0
Itapipoca;FAZENDA PAU D'ARCO;-3.1313333333333;-39.552055555556;2018;8;0.0;0.0;0.0;0.0;0.0;0.0;0.0;0.0;0.0;0.0;0.0;0.0;0.0;0.0;0.0;0.0;0.0;0.0;0.0;0.0;0.0;0.0;0.0;0.0;0.0;0.0;0.0;0.0;0.0;0.0;0.0;0.0
Itapipoca;FAZENDA PAU D'ARCO;-3.1313333333333;-39.552055555556;2018;9;0.0;0.0;0.0;0.0;0.0;0.0;0.0;0.0;0.0;0.0;0.0;0.0;0.0;0.0;0.0;0.0;0.0;0.0;0.0;0.0;0.0;0.0;0.0;0.0;0.0;0.0;0.0;0.0;0.0;0.0;0.0;888.0
Itapipoca;FAZENDA PAU D'ARCO;-3.1313333333333;-39.552055555556;2018;10;0.0;0.0;0.0;0.0;0.0;0.0;0.0;0.0;0.0;0.0;0.0;0.0;0.0;0.0;0.0;0.0;0.0;0.0;0.0;0.0;0.0;0.0;0.0;0.0;0.0;0.0;0.0;0.0;0.0;0.0;0.0;0.0
Itapipoca;FAZENDA PAU D'ARCO;-3.1313333333333;-39.552055555556;2018;11;0.0;0.0;0.0;0.0;0.0;0.0;0.0;0.0;0.0;0.0;0.0;0.0;0.0;0.0;0.0;0.0;0.0;0.0;0.0;0.0;0.0;0.0;0.0;0.0;0.0;0.0;0.0;0.0;0.0;0.0;0.0;888.0
Itapipoca;FAZENDA PAU D'ARCO;-3.1313333333333;-39.552055555556;2018;12;60.4;38.0;0.0;0.0;0.0;0.0;0.0;0.0;0.0;16.4;6.0;0.0;0.0;0.0;0.0;0.0;0.0;0.0;0.0;0.0;0.0;0.0;0.0;0.0;0.0;0.0;0.0;0.0;0.0;0.0;0.0;0.0
Itapipoca;FAZENDA PAU D'ARCO;-3.1313333333333;-39.552055555556;2019;3;494.9;0.0;0.0;76.4;28.5;7.2;19.4;13.6;19.2;11.8;0.0;18.4;10.0;36.6;0.0;8.4;0.0;2.4;0.0;0.0;0.0;29.6;132.8;0.0;0.0;25.0;0.0;0.0;7.2;0.0;0.0;48.4
Itapipoca;FAZENDA PAU D'ARCO;-3.1313333333333;-39.552055555556;2019;4;350.3;4.0;12.2;62.2;50.4;5.0;2.4;0.0;26.0;9.2;28.0;8.8;15.0;0.0;0.0;0.0;8.0;0.0;8.2;0.0;0.0;0.0;32.6;0.0;12.4;0.0;16.2;0.0;15.2;6.3;28.2;888.0
Itapipoca;FAZENDA PAU D'ARCO;-3.1313333333333;-39.552055555556;2019;5;161.4;14.0;0.0;0.0;0.0;0.0;0.0;0.0;2.0;0.0;27.8;0.0;0.0;0.0;0.0;0.0;999.0;10.2;0.0;45.4;0.0;50.2;4.2;0.0;0.0;7.6;0.0;0.0;0.0;0.0;0.0;0.0
Itapipoca;FAZENDA PAU D'ARCO;-3.1313333333333;-39.552055555556;2019;6;70.0;0.0;0.0;3.0;0.0;0.0;0.0;0.0;0.0;0.0;29.6;14.6;7.2;15.6;0.0;0.0;0.0;0.0;0.0;0.0;0.0;0.0;0.0;0.0;0.0;0.0;0.0;0.0;0.0;0.0;0.0;888.0
Itapipoca;FAZENDA PAU D'ARCO;-3.1313333333333;-39.552055555556;2019;7;33.0;0.0;0.0;16.0;0.0;0.0;0.0;0.0;0.0;0.0;0.0;0.0;0.0;0.0;0.0;0.0;0.0;0.0;0.0;0.0;0.0;0.0;17.0;0.0;0.0;0.0;0.0;0.0;0.0;0.0;0.0;0.0
Itapipoca;FAZENDA PAU D'ARCO;-3.1313333333333;-39.552055555556;2019;8;0.0;0.0;0.0;0.0;0.0;0.0;0.0;0.0;0.0;0.0;0.0;0.0;0.0;0.0;0.0;0.0;0.0;0.0;0.0;0.0;0.0;0.0;0.0;0.0;0.0;0.0;0.0;0.0;0.0;0.0;0.0;0.0
Itapipoca;FAZENDA PAU D'ARCO;-3.1313333333333;-39.552055555556;2019;9;0.0;0.0;0.0;0.0;0.0;0.0;0.0;0.0;0.0;0.0;0.0;0.0;0.0;0.0;0.0;0.0;0.0;0.0;0.0;0.0;0.0;0.0;0.0;0.0;0.0;0.0;0.0;0.0;0.0;0.0;0.0;888.0
Itapipoca;FAZENDA PAU D'ARCO;-3.1313333333333;-39.552055555556;2019;10;0.0;0.0;0.0;0.0;0.0;0.0;0.0;0.0;0.0;0.0;0.0;0.0;0.0;0.0;0.0;0.0;0.0;0.0;0.0;0.0;0.0;0.0;0.0;0.0;0.0;0.0;0.0;0.0;0.0;0.0;0.0;0.0
Itapipoca;FAZENDA PAU D'ARCO;-3.1313333333333;-39.552055555556;2019;11;0.0;0.0;0.0;0.0;0.0;0.0;0.0;0.0;0.0;0.0;0.0;0.0;0.0;0.0;0.0;0.0;0.0;0.0;0.0;0.0;0.0;0.0;0.0;0.0;0.0;0.0;0.0;0.0;0.0;0.0;0.0;888.0
Itapipoca;FAZENDA PAU D'ARCO;-3.1313333333333;-39.552055555556;2019;12;0.0;0.0;0.0;0.0;0.0;0.0;0.0;0.0;0.0;0.0;0.0;0.0;0.0;0.0;0.0;0.0;0.0;0.0;0.0;0.0;0.0;0.0;0.0;0.0;0.0;0.0;0.0;0.0;0.0;0.0;0.0;0.0
Itapipoca;FAZENDA PAU D'ARCO;-3.1313333333333;-39.552055555556;2020;1;312.6;4.0;0.0;0.0;0.0;0.0;0.0;5.2;0.0;0.0;35.3;4.3;0.0;0.0;11.5;14.9;9.1;17.2;26.5;0.0;5.3;0.0;0.0;0.0;2.3;0.0;0.0;0.0;64.2;0.0;0.0;112.8
Itapipoca;FAZENDA PAU D'ARCO;-3.1313333333333;-39.552055555556;2020;2;292.3;8.2;0.0;0.0;0.0;72.7;41.0;0.0;0.0;1.1;39.0;7.1;0.0;0.0;0.0;15.6;0.0;7.9;7.0;10.5;25.0;2.6;0.0;12.4;5.2;12.2;21.0;3.8;0.0;0.0;888.0;888.0
Itapipoca;FAZENDA PAU D'ARCO;-3.1313333333333;-39.552055555556;2020;3;285.3;0.0;29.2;0.8;0.0;4.6;0.0;23.4;0.0;7.0;0.0;0.0;0.0;47.6;13.9;49.8;6.0;4.6;0.0;17.0;38.0;0.0;0.0;2.6;0.0;25.2;0.0;0.0;5.6;0.0;0.0;10.0
Itapipoca;FAZENDA PAU D'ARCO;-3.1313333333333;-39.552055555556;2020;4;324.7;16.8;0.0;11.4;15.0;2.8;0.0;16.0;0.0;0.0;0.0;29.2;0.0;0.0;0.0;0.0;0.0;13.8;0.0;0.0;0.0;44.1;0.0;114.8;14.2;5.8;0.0;0.0;23.2;0.0;17.6;888.0
Itapipoca;FAZENDA PAU D'ARCO;-3.1313333333333;-39.552055555556;2020;5;67.1;45.0;0.0;0.0;0.0;0.0;0.0;0.0;0.0;0.0;0.0;0.0;0.0;0.0;0.0;0.0;0.0;8.7;0.0;0.0;0.0;0.0;0.0;0.0;6.4;0.0;0.0;0.0;0.0;0.0;0.0;7.0
Itapipoca;FAZENDA PAU D'ARCO;-3.1313333333333;-39.552055555556;2020;6;42.8;0.0;0.0;0.0;0.0;0.0;0.0;0.0;30.4;0.0;0.0;0.0;9.0;0.0;0.0;0.0;0.0;0.0;0.0;0.0;0.0;0.0;0.0;0.0;0.0;0.0;0.0;0.0;0.0;0.0;3.4;888.0
Itapipoca;FAZENDA PAU D'ARCO;-3.1313333333333;-39.552055555556;2020;7;12.0;0.0;0.0;0.0;0.0;0.0;12.0;0.0;0.0;0.0;0.0;0.0;0.0;0.0;0.0;0.0;0.0;0.0;0.0;0.0;0.0;0.0;0.0;0.0;0.0;0.0;0.0;0.0;0.0;0.0;0.0;0.0
Itapipoca;FAZENDA PAU D'ARCO;-3.1313333333333;-39.552055555556;2020;8;0.0;0.0;0.0;0.0;0.0;0.0;0.0;0.0;0.0;0.0;0.0;0.0;0.0;0.0;0.0;0.0;0.0;0.0;0.0;0.0;0.0;0.0;0.0;0.0;0.0;0.0;0.0;0.0;0.0;0.0;0.0;0.0
Itapipoca;FAZENDA PAU D'ARCO;-3.1313333333333;-39.552055555556;2020;9;0.0;0.0;0.0;0.0;0.0;0.0;0.0;0.0;0.0;0.0;0.0;0.0;0.0;0.0;0.0;0.0;0.0;0.0;0.0;0.0;0.0;0.0;0.0;0.0;0.0;0.0;0.0;0.0;0.0;0.0;0.0;888.0
Itapipoca;FAZENDA PAU D'ARCO;-3.1313333333333;-39.552055555556;2020;10;0.0;0.0;0.0;0.0;0.0;0.0;0.0;0.0;0.0;0.0;0.0;0.0;0.0;0.0;0.0;0.0;0.0;0.0;0.0;0.0;0.0;0.0;0.0;0.0;0.0;0.0;0.0;0.0;0.0;0.0;0.0;0.0
Itapipoca;FAZENDA PAU D'ARCO;-3.1313333333333;-39.552055555556;2020;11;0.0;0.0;0.0;0.0;0.0;0.0;0.0;0.0;0.0;0.0;0.0;0.0;0.0;0.0;0.0;0.0;0.0;0.0;0.0;0.0;0.0;0.0;0.0;0.0;0.0;0.0;0.0;0.0;0.0;0.0;0.0;888.0
Itapipoca;FAZENDA PAU D'ARCO;-3.1313333333333;-39.552055555556;2020;12;0.0;0.0;0.0;0.0;0.0;0.0;0.0;0.0;0.0;0.0;0.0;0.0;0.0;0.0;0.0;0.0;0.0;0.0;0.0;0.0;0.0;0.0;0.0;0.0;0.0;0.0;0.0;0.0;0.0;0.0;0.0;0.0
Itapipoca;FAZENDA PAU D'ARCO;-3.1313333333333;-39.552055555556;2021;1;67.5;0.0;0.0;0.0;3.7;0.0;0.0;0.0;0.0;0.0;7.4;0.0;0.0;3.2;3.0;0.0;0.0;0.9;0.0;2.9;17.0;0.0;0.0;1.3;0.0;17.5;5.8;0.0;0.0;3.8;1.0;0.0
Itapipoca;FAZENDA PAU D'ARCO;-3.1313333333333;-39.552055555556;2021;2;85.9;0.0;0.0;0.0;0.0;0.0;0.0;0.0;0.0;0.0;0.0;8.2;0.0;12.2;0.0;0.0;35.6;0.0;13.0;0.0;0.0;0.0;6.1;0.0;0.0;0.0;10.8;0.0;0.0;888.0;888.0;888.0
Itapipoca;FAZENDA PAU D'ARCO;-3.1313333333333;-39.552055555556;2021;3;248.0;17.1;0.0;1.5;50.0;0.0;0.0;6.5;4.2;5.0;0.0;0.0;0.0;7.6;0.0;5.2;0.0;20.4;0.0;2.7;0.0;13.4;0.0;1.4;31.0;26.4;19.0;17.1;0.0;17.1;0.0;2.4
Itapipoca;FAZENDA PAU D'ARCO;-3.1313333333333;-39.552055555556;2021;4;128.5;0.8;2.8;2.0;3.2;0.0;0.0;0.0;0.0;0.0;0.0;22.2;5.1;15.6;8.4;5.8;2.0;14.0;0.0;7.0;1.8;0.0;0.0;15.0;4.0;13.8;0.0;0.0;0.0;5.0;0.0;888.0
Itapipoca;FAZENDA PAU D'ARCO;-3.1313333333333;-39.552055555556;2021;5;106.0;18.0;11.6;29.0;2.4;0.0;0.0;5.2;0.0;0.0;1.7;0.0;0.0;2.8;7.7;27.6;0.0;0.0;0.0;0.0;0.0;0.0;0.0;0.0;0.0;0.0;0.0;0.0;0.0;0.0;0.0;0.0
Itapipoca;FAZENDA PAU D'ARCO;-3.1313333333333;-39.552055555556;2021;6;54.0;0.0;0.0;0.0;0.0;0.0;0.0;0.0;2.0;0.0;0.0;0.0;0.0;0.0;0.0;0.0;0.0;0.0;52.0;0.0;0.0;0.0;0.0;0.0;0.0;0.0;0.0;0.0;0.0;0.0;0.0;888.0
Itapipoca;FAZENDA PAU D'ARCO;-3.1313333333333;-39.552055555556;2021;7;26.7;0.0;12.3;2.4;12.0;0.0;0.0;0.0;0.0;0.0;0.0;0.0;0.0;0.0;0.0;0.0;0.0;0.0;0.0;0.0;0.0;0.0;0.0;0.0;0.0;0.0;0.0;0.0;0.0;0.0;0.0;0.0
Itapipoca;FAZENDA PAU D'ARCO;-3.1313333333333;-39.552055555556;2021;8;0.0;0.0;0.0;0.0;0.0;0.0;0.0;0.0;0.0;0.0;0.0;0.0;0.0;0.0;0.0;0.0;0.0;0.0;0.0;0.0;0.0;0.0;0.0;0.0;0.0;0.0;0.0;0.0;0.0;0.0;0.0;0.0
Itapipoca;FAZENDA PAU D'ARCO;-3.1313333333333;-39.552055555556;2021;9;0.0;0.0;0.0;0.0;0.0;0.0;0.0;0.0;0.0;0.0;0.0;0.0;0.0;0.0;0.0;0.0;0.0;0.0;0.0;0.0;0.0;0.0;0.0;0.0;0.0;0.0;0.0;0.0;0.0;0.0;0.0;888.0
Itapipoca;FAZENDA PAU D'ARCO;-3.1313333333333;-39.552055555556;2021;10;0.0;0.0;0.0;0.0;0.0;0.0;0.0;0.0;0.0;0.0;0.0;0.0;0.0;0.0;0.0;0.0;0.0;0.0;0.0;0.0;0.0;0.0;0.0;0.0;0.0;0.0;0.0;0.0;0.0;0.0;0.0;0.0
Itapipoca;FAZENDA PAU D'ARCO;-3.1313333333333;-39.552055555556;2021;11;0.0;0.0;0.0;0.0;0.0;0.0;0.0;0.0;0.0;0.0;0.0;0.0;0.0;0.0;0.0;0.0;0.0;0.0;0.0;0.0;0.0;0.0;0.0;0.0;0.0;0.0;0.0;0.0;0.0;0.0;0.0;888.0
Itapipoca;FAZENDA PAU D'ARCO;-3.1313333333333;-39.552055555556;2021;12;0.0;0.0;0.0;0.0;0.0;0.0;0.0;0.0;0.0;0.0;0.0;0.0;0.0;0.0;0.0;0.0;0.0;0.0;0.0;0.0;0.0;0.0;0.0;0.0;0.0;0.0;0.0;0.0;0.0;0.0;0.0;0.0
Itapipoca;FAZENDA PAU D'ARCO;-3.1313333333333;-39.552055555556;2022;1;232.8;52.6;8.2;0.0;47.4;0.0;5.2;0.0;0.0;0.0;0.0;0.0;17.4;0.0;0.0;0.0;15.2;6.4;10.0;0.0;7.2;0.0;0.0;0.0;0.0;0.0;0.0;15.6;0.0;47.6;0.0;0.0
Itapipoca;FAZENDA PAU D'ARCO;-3.1313333333333;-39.552055555556;2022;2;16.8;0.0;0.0;12.2;0.0;0.0;4.6;0.0;0.0;0.0;0.0;0.0;0.0;0.0;0.0;0.0;0.0;0.0;0.0;0.0;0.0;0.0;0.0;0.0;0.0;0.0;0.0;0.0;0.0;888.0;888.0;888.0
Itapipoca;FAZENDA PAU D'ARCO;-3.1313333333333;-39.552055555556;2022;3;464.7;0.0;10.7;0.0;7.8;0.0;19.3;14.2;0.0;0.0;10.4;32.8;9.4;0.0;3.3;0.0;79.8;10.2;0.0;33.0;2.8;0.0;37.0;11.2;34.6;0.0;2.9;8.2;37.7;50.2;0.0;49.2
Itapipoca;FAZENDA PAU D'ARCO;-3.1313333333333;-39.552055555556;2022;4;324.9;1.2;20.2;0.0;30.4;13.0;39.4;11.2;13.8;19.0;12.4;0.0;7.0;0.0;0.0;0.0;0.0;35.2;7.4;10.0;13.4;0.0;0.0;40.6;8.0;2.8;0.0;29.9;10.0;0.0;0.0;888.0
Itapipoca;FAZENDA PAU D'ARCO;-3.1313333333333;-39.552055555556;2022;5;169.0;0.0;0.0;4.7;0.0;8.0;7.0;8.7;5.2;12.8;7.4;0.0;0.0;7.0;16.4;0.0;0.0;0.0;16.4;0.0;0.0;0.0;33.4;0.0;13.4;8.6;0.0;7.6;0.0;12.4;0.0;0.0
Itapipoca;FAZENDA PAU D'ARCO;-3.1313333333333;-39.552055555556;2022;6;59.4;0.0;7.7;0.0;19.9;0.0;7.2;0.0;3.9;0.0;0.0;0.0;0.0;0.0;0.0;0.0;0.0;0.0;0.0;0.0;1.2;10.0;9.5;0.0;0.0;999.0;999.0;999.0;999.0;999.0;999.0;888.0
Itapipoca;FAZENDA PAU D'ARCO;-3.1313333333333;-39.552055555556;2023;1;199.3;0.0;0.0;0.0;0.0;0.0;0.0;0.0;0.0;0.0;0.0;0.0;0.0;0.0;0.0;78.3;2.0;22.0;0.0;1.4;0.0;7.0;0.0;0.0;0.0;30.2;33.8;0.0;0.0;0.0;4.4;20.2
Itapipoca;FAZENDA PAU D'ARCO;-3.1313333333333;-39.552055555556;2023;2;96.0;4.4;13.0;5.8;3.6;2.0;0.0;0.0;30.6;0.0;0.0;25.0;0.0;7.6;4.0;0.0;0.0;0.0;0.0;0.0;0.0;0.0;0.0;0.0;0.0;0.0;0.0;0.0;0.0;888.0;888.0;888.0
Itapipoca;FAZENDA PAU D'ARCO;-3.1313333333333;-39.552055555556;2023;4;222.7;11.6;0.0;0.0;0.0;14.0;0.0;0.0;11.2;2.2;0.0;22.6;0.0;0.0;0.0;0.0;21.5;15.2;3.8;0.0;0.0;0.0;0.0;0.0;0.0;0.0;0.0;75.0;41.6;4.0;0.0;888.0
Itapipoca;FAZENDA PAU D'ARCO;-3.1313333333333;-39.552055555556;2023;5;34.1;13.0;21.1;0.0;0.0;0.0;0.0;0.0;0.0;0.0;0.0;0.0;0.0;0.0;0.0;0.0;0.0;0.0;0.0;0.0;0.0;0.0;0.0;0.0;0.0;0.0;0.0;0.0;0.0;0.0;0.0;0.0
Itapipoca;FAZENDA PAU D'ARCO;-3.1313333333333;-39.552055555556;2023;6;0.0;0.0;0.0;0.0;0.0;0.0;0.0;0.0;0.0;0.0;0.0;0.0;0.0;0.0;0.0;0.0;0.0;0.0;0.0;0.0;0.0;0.0;0.0;0.0;0.0;0.0;0.0;0.0;0.0;0.0;0.0;888.0
Itapipoca;FAZENDA PAU D'ARCO;-3.1313333333333;-39.552055555556;2023;7;0.0;0.0;0.0;0.0;0.0;0.0;0.0;0.0;0.0;0.0;0.0;0.0;0.0;0.0;0.0;0.0;0.0;0.0;0.0;0.0;0.0;0.0;0.0;0.0;0.0;0.0;0.0;0.0;0.0;0.0;0.0;0.0
Itapipoca;FAZENDA PAU D'ARCO;-3.1313333333333;-39.552055555556;2023;8;0.0;0.0;0.0;0.0;0.0;0.0;0.0;0.0;0.0;0.0;0.0;0.0;0.0;0.0;0.0;0.0;0.0;0.0;0.0;0.0;0.0;0.0;0.0;0.0;0.0;0.0;0.0;0.0;0.0;0.0;0.0;0.0
Itapipoca;FAZENDA PAU D'ARCO;-3.1313333333333;-39.552055555556;2023;9;0.0;0.0;0.0;0.0;0.0;0.0;0.0;0.0;0.0;0.0;0.0;0.0;0.0;0.0;0.0;0.0;0.0;0.0;0.0;0.0;0.0;0.0;0.0;0.0;0.0;0.0;0.0;0.0;0.0;0.0;0.0;888.0
Itapipoca;FAZENDA PAU D'ARCO;-3.1313333333333;-39.552055555556;2023;10;0.0;0.0;0.0;0.0;0.0;0.0;0.0;0.0;0.0;0.0;0.0;0.0;0.0;0.0;0.0;0.0;0.0;0.0;0.0;0.0;0.0;0.0;0.0;0.0;0.0;0.0;0.0;0.0;0.0;0.0;0.0;0.0
Itapipoca;FAZENDA PAU D'ARCO;-3.1313333333333;-39.552055555556;2023;11;0.0;0.0;0.0;0.0;0.0;0.0;0.0;0.0;0.0;0.0;0.0;0.0;0.0;0.0;0.0;0.0;0.0;0.0;0.0;0.0;0.0;0.0;0.0;0.0;0.0;0.0;0.0;0.0;0.0;0.0;0.0;888.0
Itapipoca;FAZENDA PAU D'ARCO;-3.1313333333333;-39.552055555556;2023;12;0.0;0.0;0.0;0.0;0.0;0.0;0.0;0.0;0.0;0.0;0.0;0.0;0.0;0.0;0.0;0.0;0.0;0.0;0.0;0.0;0.0;0.0;0.0;0.0;0.0;0.0;0.0;0.0;0.0;0.0;0.0;0.0
Itapipoca;FAZENDA PAU D'ARCO;-3.1313333333333;-39.552055555556;2024;1;0.0;0.0;0.0;999.0;999.0;999.0;999.0;999.0;999.0;999.0;999.0;999.0;999.0;999.0;999.0;999.0;999.0;999.0;999.0;999.0;999.0;999.0;999.0;999.0;999.0;999.0;999.0;999.0;999.0;999.0;999.0;999.0
