Municipios;Postos;Latitude;Longitude;Anos;Meses;Total;Dia1;Dia2;Dia3;Dia4;Dia5;Dia6;Dia7;Dia8;Dia9;Dia10;Dia11;Dia12;Dia13;Dia14;Dia15;Dia16;Dia17;Dia18;Dia19;Dia20;Dia21;Dia22;Dia23;Dia24;Dia25;Dia26;Dia27;Dia28;Dia29;Dia30;Dia31
Icapuí;BARRINHA;-4.8268888888889;-37.268388888889;2000;6;0.0;0.0;999.0;999.0;999.0;999.0;999.0;999.0;999.0;999.0;999.0;999.0;999.0;999.0;999.0;999.0;999.0;999.0;999.0;999.0;999.0;0.0;0.0;0.0;0.0;0.0;0.0;0.0;0.0;0.0;0.0;888.0
Icapuí;BARRINHA;-4.8268888888889;-37.268388888889;2000;7;19.2;0.0;0.0;0.0;0.0;0.0;0.0;0.0;0.0;0.0;0.0;0.0;0.0;13.2;0.0;0.0;0.0;0.0;0.0;0.0;0.0;0.0;6.0;0.0;0.0;0.0;0.0;0.0;0.0;0.0;0.0;0.0
Icapuí;BARRINHA;-4.8268888888889;-37.268388888889;2000;8;0.0;0.0;0.0;0.0;0.0;0.0;0.0;0.0;0.0;0.0;0.0;0.0;0.0;0.0;0.0;0.0;0.0;0.0;0.0;0.0;0.0;0.0;0.0;0.0;0.0;0.0;0.0;0.0;0.0;0.0;0.0;0.0
Icapuí;BARRINHA;-4.8268888888889;-37.268388888889;2000;9;7.0;0.0;0.0;0.0;0.0;0.0;0.0;0.0;0.0;0.0;0.0;0.0;0.0;7.0;0.0;0.0;0.0;0.0;0.0;0.0;0.0;0.0;0.0;0.0;0.0;0.0;0.0;0.0;0.0;0.0;0.0;888.0
Icapuí;BARRINHA;-4.8268888888889;-37.268388888889;2000;10;0.0;0.0;0.0;0.0;0.0;0.0;0.0;0.0;0.0;0.0;0.0;0.0;0.0;0.0;0.0;0.0;0.0;0.0;0.0;0.0;0.0;0.0;0.0;0.0;0.0;0.0;0.0;0.0;0.0;0.0;0.0;0.0
Icapuí;BARRINHA;-4.8268888888889;-37.268388888889;2000;11;0.0;0.0;0.0;0.0;0.0;0.0;0.0;0.0;0.0;0.0;0.0;0.0;0.0;0.0;0.0;0.0;0.0;0.0;0.0;0.0;0.0;0.0;0.0;0.0;0.0;0.0;0.0;0.0;0.0;0.0;0.0;888.0
Icapuí;BARRINHA;-4.8268888888889;-37.268388888889;2000;12;8.0;0.0;0.0;0.0;0.0;0.0;0.0;0.0;0.0;0.0;0.0;0.0;0.0;0.0;0.0;6.0;2.0;0.0;0.0;0.0;0.0;0.0;0.0;0.0;0.0;0.0;0.0;0.0;0.0;0.0;0.0;0.0
Icapuí;BARRINHA;-4.8268888888889;-37.268388888889;2001;1;12.0;0.0;0.0;0.0;0.0;0.0;0.0;0.0;0.0;0.0;0.0;0.0;8.0;4.0;0.0;0.0;0.0;0.0;0.0;0.0;0.0;0.0;0.0;0.0;0.0;0.0;0.0;0.0;0.0;0.0;0.0;0.0
Icapuí;BARRINHA;-4.8268888888889;-37.268388888889;2001;2;12.0;0.0;0.0;0.0;0.0;0.0;0.0;0.0;0.0;12.0;0.0;0.0;0.0;0.0;0.0;0.0;0.0;0.0;0.0;0.0;0.0;0.0;0.0;0.0;0.0;0.0;0.0;0.0;0.0;888.0;888.0;888.0
Icapuí;BARRINHA;-4.8268888888889;-37.268388888889;2001;3;134.8;0.0;0.0;0.0;0.0;0.0;0.0;0.0;0.0;14.0;6.4;11.4;0.0;5.0;0.0;49.0;0.0;0.0;0.0;22.0;0.0;0.0;0.0;0.0;0.0;0.0;0.0;0.0;0.0;27.0;0.0;0.0
Icapuí;BARRINHA;-4.8268888888889;-37.268388888889;2001;4;278.4;0.0;0.0;0.0;0.0;0.0;0.0;0.0;13.0;0.0;0.0;0.0;12.2;90.0;0.0;20.2;39.0;68.0;0.0;0.0;36.0;0.0;0.0;0.0;0.0;0.0;0.0;0.0;0.0;0.0;0.0;888.0
Icapuí;BARRINHA;-4.8268888888889;-37.268388888889;2001;5;0.0;0.0;0.0;0.0;0.0;0.0;0.0;0.0;0.0;0.0;0.0;0.0;0.0;0.0;0.0;0.0;0.0;0.0;0.0;0.0;0.0;0.0;0.0;0.0;0.0;0.0;0.0;0.0;0.0;0.0;0.0;0.0
Icapuí;BARRINHA;-4.8268888888889;-37.268388888889;2001;6;14.0;0.0;0.0;0.0;0.0;0.0;0.0;0.0;0.0;0.0;0.0;0.0;0.0;0.0;0.0;0.0;0.0;0.0;0.0;0.0;0.0;0.0;0.0;14.0;0.0;0.0;0.0;0.0;0.0;0.0;0.0;888.0
Icapuí;BARRINHA;-4.8268888888889;-37.268388888889;2001;7;8.0;0.0;0.0;0.0;0.0;0.0;8.0;0.0;0.0;0.0;0.0;0.0;0.0;0.0;0.0;0.0;0.0;0.0;0.0;0.0;0.0;0.0;0.0;0.0;0.0;0.0;0.0;0.0;0.0;0.0;0.0;0.0
Icapuí;BARRINHA;-4.8268888888889;-37.268388888889;2001;8;0.0;0.0;0.0;0.0;0.0;0.0;0.0;0.0;0.0;0.0;0.0;0.0;0.0;0.0;0.0;0.0;0.0;0.0;0.0;0.0;0.0;0.0;0.0;0.0;0.0;0.0;0.0;0.0;0.0;0.0;0.0;0.0
Icapuí;BARRINHA;-4.8268888888889;-37.268388888889;2001;9;0.0;0.0;0.0;0.0;0.0;0.0;0.0;0.0;0.0;0.0;0.0;0.0;0.0;0.0;0.0;0.0;0.0;0.0;0.0;0.0;0.0;0.0;0.0;0.0;0.0;0.0;0.0;0.0;0.0;0.0;0.0;888.0
Icapuí;BARRINHA;-4.8268888888889;-37.268388888889;2001;10;0.0;0.0;0.0;0.0;0.0;0.0;0.0;0.0;0.0;0.0;0.0;0.0;0.0;0.0;0.0;0.0;0.0;0.0;0.0;0.0;0.0;0.0;0.0;0.0;0.0;0.0;0.0;0.0;0.0;0.0;0.0;0.0
Icapuí;BARRINHA;-4.8268888888889;-37.268388888889;2001;11;10.0;0.0;0.0;0.0;0.0;0.0;0.0;0.0;0.0;0.0;0.0;0.0;0.0;0.0;0.0;0.0;0.0;0.0;0.0;0.0;0.0;0.0;0.0;0.0;0.0;0.0;10.0;0.0;0.0;0.0;0.0;888.0
Icapuí;BARRINHA;-4.8268888888889;-37.268388888889;2001;12;27.0;0.0;0.0;0.0;0.0;5.0;0.0;0.0;0.0;0.0;0.0;0.0;0.0;0.0;0.0;0.0;0.0;17.0;0.0;0.0;0.0;0.0;0.0;0.0;0.0;0.0;0.0;0.0;0.0;0.0;5.0;0.0
Icapuí;BARRINHA;-4.8268888888889;-37.268388888889;2002;1;113.2;17.0;0.0;0.0;0.0;0.0;3.0;11.6;0.0;25.0;0.0;3.4;31.0;0.0;0.0;0.0;0.0;0.0;5.4;0.0;0.0;0.0;0.0;7.2;0.0;0.0;0.0;0.0;9.6;0.0;0.0;0.0
Icapuí;BARRINHA;-4.8268888888889;-37.268388888889;2002;2;24.0;0.0;0.0;0.0;0.0;7.0;17.0;0.0;0.0;0.0;0.0;0.0;0.0;0.0;0.0;0.0;0.0;0.0;0.0;0.0;0.0;0.0;0.0;0.0;0.0;0.0;0.0;0.0;0.0;888.0;888.0;888.0
Icapuí;BARRINHA;-4.8268888888889;-37.268388888889;2002;3;175.0;0.0;0.0;0.0;13.2;6.0;0.0;0.0;0.0;0.0;0.0;0.0;0.0;0.0;0.0;0.0;45.0;10.4;12.6;10.0;0.0;0.0;32.0;5.4;0.0;0.0;10.0;0.0;0.0;30.4;0.0;0.0
Icapuí;BARRINHA;-4.8268888888889;-37.268388888889;2002;4;125.0;0.0;35.0;0.0;11.0;0.0;0.0;8.0;28.0;31.0;0.0;4.0;8.0;0.0;0.0;0.0;0.0;0.0;0.0;0.0;0.0;0.0;0.0;0.0;0.0;0.0;0.0;0.0;0.0;0.0;0.0;888.0
Icapuí;BARRINHA;-4.8268888888889;-37.268388888889;2002;5;36.0;36.0;0.0;0.0;0.0;0.0;0.0;0.0;0.0;0.0;0.0;0.0;0.0;0.0;0.0;0.0;0.0;0.0;0.0;0.0;0.0;0.0;0.0;0.0;0.0;0.0;0.0;0.0;0.0;0.0;0.0;0.0
Icapuí;BARRINHA;-4.8268888888889;-37.268388888889;2002;6;90.0;33.0;0.0;0.0;0.0;13.0;0.0;0.0;0.0;0.0;25.0;0.0;0.0;0.0;0.0;0.0;19.0;0.0;0.0;0.0;0.0;0.0;0.0;0.0;0.0;0.0;0.0;0.0;0.0;0.0;0.0;888.0
Icapuí;BARRINHA;-4.8268888888889;-37.268388888889;2002;7;13.2;0.0;0.0;0.0;13.2;0.0;0.0;0.0;0.0;0.0;0.0;0.0;0.0;0.0;0.0;0.0;0.0;0.0;0.0;0.0;0.0;0.0;0.0;0.0;0.0;0.0;0.0;0.0;0.0;0.0;0.0;0.0
Icapuí;BARRINHA;-4.8268888888889;-37.268388888889;2002;8;0.0;0.0;0.0;0.0;0.0;0.0;0.0;0.0;0.0;0.0;0.0;0.0;0.0;0.0;0.0;0.0;0.0;0.0;0.0;0.0;0.0;0.0;0.0;0.0;0.0;0.0;0.0;0.0;0.0;0.0;0.0;0.0
Icapuí;BARRINHA;-4.8268888888889;-37.268388888889;2002;9;0.0;0.0;0.0;0.0;0.0;0.0;0.0;0.0;0.0;0.0;0.0;0.0;0.0;0.0;0.0;0.0;0.0;0.0;0.0;0.0;0.0;0.0;0.0;0.0;0.0;0.0;0.0;0.0;0.0;0.0;0.0;888.0
Icapuí;BARRINHA;-4.8268888888889;-37.268388888889;2002;10;0.0;0.0;0.0;0.0;0.0;0.0;0.0;0.0;0.0;0.0;0.0;0.0;0.0;0.0;0.0;0.0;0.0;0.0;0.0;0.0;0.0;0.0;0.0;0.0;0.0;0.0;0.0;0.0;0.0;0.0;0.0;0.0
Icapuí;BARRINHA;-4.8268888888889;-37.268388888889;2002;11;0.0;0.0;0.0;0.0;0.0;0.0;0.0;0.0;0.0;0.0;0.0;0.0;0.0;0.0;0.0;0.0;0.0;0.0;0.0;0.0;0.0;0.0;0.0;0.0;0.0;0.0;0.0;0.0;0.0;0.0;0.0;888.0
Icapuí;BARRINHA;-4.8268888888889;-37.268388888889;2002;12;13.2;0.0;0.0;0.0;13.2;0.0;0.0;0.0;0.0;0.0;0.0;0.0;0.0;0.0;0.0;0.0;0.0;0.0;0.0;0.0;0.0;0.0;0.0;0.0;0.0;0.0;0.0;0.0;0.0;0.0;0.0;0.0
Icapuí;BARRINHA;-4.8268888888889;-37.268388888889;2003;1;0.0;0.0;999.0;999.0;999.0;999.0;999.0;999.0;999.0;999.0;999.0;999.0;999.0;999.0;999.0;999.0;999.0;999.0;999.0;999.0;999.0;999.0;999.0;999.0;999.0;999.0;999.0;999.0;999.0;999.0;999.0;999.0
Icapuí;BARRINHA;-4.8268888888889;-37.268388888889;2003;2;0.0;0.0;999.0;999.0;999.0;999.0;999.0;999.0;999.0;999.0;999.0;999.0;999.0;999.0;999.0;999.0;999.0;999.0;999.0;999.0;999.0;999.0;999.0;999.0;999.0;999.0;999.0;999.0;999.0;888.0;888.0;888.0
Icapuí;BARRINHA;-4.8268888888889;-37.268388888889;2003;3;0.0;0.0;999.0;999.0;999.0;999.0;999.0;999.0;999.0;999.0;999.0;999.0;999.0;999.0;999.0;999.0;999.0;999.0;999.0;999.0;999.0;999.0;999.0;999.0;999.0;999.0;999.0;999.0;999.0;999.0;999.0;999.0
Icapuí;BARRINHA;-4.8268888888889;-37.268388888889;2003;4;0.0;0.0;999.0;999.0;999.0;999.0;999.0;999.0;999.0;999.0;999.0;999.0;999.0;999.0;999.0;999.0;999.0;999.0;999.0;999.0;999.0;999.0;999.0;999.0;999.0;999.0;999.0;999.0;999.0;999.0;999.0;888.0
Icapuí;BARRINHA;-4.8268888888889;-37.268388888889;2003;5;0.0;0.0;999.0;999.0;999.0;999.0;999.0;999.0;999.0;999.0;999.0;999.0;999.0;999.0;999.0;999.0;999.0;999.0;999.0;999.0;999.0;999.0;999.0;999.0;999.0;999.0;999.0;999.0;999.0;999.0;999.0;999.0
Icapuí;BARRINHA;-4.8268888888889;-37.268388888889;2003;6;0.0;0.0;999.0;999.0;999.0;999.0;999.0;999.0;999.0;999.0;999.0;999.0;999.0;999.0;999.0;999.0;999.0;999.0;999.0;999.0;999.0;999.0;999.0;999.0;999.0;999.0;999.0;999.0;999.0;999.0;999.0;888.0
Icapuí;BARRINHA;-4.8268888888889;-37.268388888889;2003;7;0.0;0.0;999.0;999.0;999.0;999.0;999.0;999.0;999.0;999.0;999.0;999.0;999.0;999.0;999.0;999.0;999.0;999.0;999.0;999.0;999.0;999.0;999.0;999.0;999.0;999.0;999.0;999.0;999.0;999.0;999.0;999.0
Icapuí;BARRINHA;-4.8268888888889;-37.268388888889;2003;8;0.0;0.0;999.0;999.0;999.0;999.0;999.0;999.0;999.0;999.0;999.0;999.0;999.0;999.0;999.0;999.0;999.0;999.0;999.0;999.0;999.0;999.0;999.0;999.0;999.0;999.0;999.0;999.0;999.0;999.0;999.0;999.0
Icapuí;BARRINHA;-4.8268888888889;-37.268388888889;2003;9;0.0;0.0;999.0;999.0;999.0;999.0;999.0;999.0;999.0;999.0;999.0;999.0;999.0;999.0;999.0;999.0;999.0;999.0;999.0;999.0;999.0;999.0;999.0;999.0;999.0;999.0;999.0;999.0;999.0;999.0;999.0;888.0
Icapuí;BARRINHA;-4.8268888888889;-37.268388888889;2003;10;0.0;0.0;999.0;999.0;999.0;999.0;999.0;999.0;999.0;999.0;999.0;999.0;999.0;999.0;999.0;999.0;999.0;999.0;999.0;999.0;999.0;999.0;999.0;999.0;999.0;999.0;999.0;999.0;999.0;999.0;999.0;999.0
Icapuí;BARRINHA;-4.8268888888889;-37.268388888889;2003;11;0.0;0.0;999.0;999.0;999.0;999.0;999.0;999.0;999.0;999.0;999.0;999.0;999.0;999.0;999.0;999.0;999.0;999.0;999.0;999.0;999.0;999.0;999.0;999.0;999.0;999.0;999.0;999.0;999.0;999.0;999.0;888.0
Icapuí;BARRINHA;-4.8268888888889;-37.268388888889;2003;12;0.0;0.0;999.0;999.0;999.0;999.0;999.0;999.0;999.0;999.0;999.0;999.0;999.0;999.0;999.0;999.0;999.0;999.0;999.0;999.0;999.0;999.0;999.0;999.0;999.0;999.0;999.0;999.0;999.0;999.0;999.0;999.0
Icapuí;BARRINHA;-4.8268888888889;-37.268388888889;2004;1;0.0;0.0;999.0;999.0;999.0;999.0;999.0;999.0;999.0;999.0;999.0;999.0;999.0;999.0;999.0;999.0;999.0;999.0;999.0;999.0;999.0;999.0;999.0;999.0;999.0;999.0;999.0;999.0;999.0;999.0;999.0;999.0
Icapuí;BARRINHA;-4.8268888888889;-37.268388888889;2004;2;0.0;0.0;999.0;999.0;999.0;999.0;999.0;999.0;999.0;999.0;999.0;999.0;999.0;999.0;999.0;999.0;999.0;999.0;999.0;999.0;999.0;999.0;999.0;999.0;999.0;999.0;999.0;999.0;999.0;999.0;888.0;888.0
Icapuí;BARRINHA;-4.8268888888889;-37.268388888889;2004;3;0.0;0.0;999.0;999.0;999.0;999.0;999.0;999.0;999.0;999.0;999.0;999.0;999.0;999.0;999.0;999.0;999.0;999.0;999.0;999.0;999.0;999.0;999.0;999.0;999.0;999.0;999.0;999.0;999.0;999.0;999.0;999.0
Icapuí;BARRINHA;-4.8268888888889;-37.268388888889;2004;4;0.0;0.0;999.0;999.0;999.0;999.0;999.0;999.0;999.0;999.0;999.0;999.0;999.0;999.0;999.0;999.0;999.0;999.0;999.0;999.0;999.0;999.0;999.0;999.0;999.0;999.0;999.0;999.0;999.0;999.0;999.0;888.0
Icapuí;BARRINHA;-4.8268888888889;-37.268388888889;2004;5;0.0;0.0;999.0;999.0;999.0;999.0;999.0;999.0;999.0;999.0;999.0;999.0;999.0;999.0;999.0;999.0;999.0;999.0;999.0;999.0;999.0;999.0;999.0;999.0;999.0;999.0;999.0;999.0;999.0;999.0;999.0;999.0
Icapuí;BARRINHA;-4.8268888888889;-37.268388888889;2004;6;0.0;0.0;999.0;999.0;999.0;999.0;999.0;999.0;999.0;999.0;999.0;999.0;999.0;999.0;999.0;999.0;999.0;999.0;999.0;999.0;999.0;999.0;999.0;999.0;999.0;999.0;999.0;999.0;999.0;999.0;999.0;888.0
Icapuí;BARRINHA;-4.8268888888889;-37.268388888889;2004;7;0.0;0.0;999.0;999.0;999.0;999.0;999.0;999.0;999.0;999.0;999.0;999.0;999.0;999.0;999.0;999.0;999.0;999.0;999.0;999.0;999.0;999.0;999.0;999.0;999.0;999.0;999.0;999.0;999.0;999.0;999.0;999.0
Icapuí;BARRINHA;-4.8268888888889;-37.268388888889;2004;8;0.0;0.0;999.0;999.0;999.0;999.0;999.0;999.0;999.0;999.0;999.0;999.0;999.0;999.0;999.0;999.0;999.0;999.0;999.0;999.0;999.0;999.0;999.0;999.0;999.0;999.0;999.0;999.0;999.0;999.0;999.0;999.0
Icapuí;BARRINHA;-4.8268888888889;-37.268388888889;2004;9;0.0;0.0;999.0;999.0;999.0;999.0;999.0;999.0;999.0;999.0;999.0;999.0;999.0;999.0;999.0;999.0;999.0;999.0;999.0;999.0;999.0;999.0;999.0;999.0;999.0;999.0;999.0;999.0;999.0;999.0;999.0;888.0
Icapuí;BARRINHA;-4.8268888888889;-37.268388888889;2004;10;0.0;0.0;999.0;999.0;999.0;999.0;999.0;999.0;999.0;999.0;999.0;999.0;999.0;999.0;999.0;999.0;999.0;999.0;999.0;999.0;999.0;999.0;999.0;999.0;999.0;999.0;999.0;999.0;999.0;999.0;999.0;999.0
Icapuí;BARRINHA;-4.8268888888889;-37.268388888889;2004;11;0.0;0.0;999.0;999.0;999.0;999.0;999.0;999.0;999.0;999.0;999.0;999.0;999.0;999.0;999.0;999.0;999.0;999.0;999.0;999.0;999.0;999.0;999.0;999.0;999.0;999.0;999.0;999.0;999.0;999.0;999.0;888.0
Icapuí;BARRINHA;-4.8268888888889;-37.268388888889;2004;12;0.0;0.0;999.0;999.0;999.0;999.0;999.0;999.0;999.0;999.0;999.0;999.0;999.0;999.0;999.0;999.0;999.0;999.0;999.0;999.0;999.0;999.0;999.0;999.0;999.0;999.0;999.0;999.0;999.0;999.0;999.0;999.0
Icapuí;BARRINHA;-4.8268888888889;-37.268388888889;2005;1;0.0;0.0;999.0;999.0;999.0;999.0;999.0;999.0;999.0;999.0;999.0;999.0;999.0;999.0;999.0;999.0;999.0;999.0;999.0;999.0;999.0;999.0;999.0;999.0;999.0;999.0;999.0;999.0;999.0;999.0;999.0;999.0
Icapuí;BARRINHA;-4.8268888888889;-37.268388888889;2005;2;0.0;0.0;999.0;999.0;999.0;999.0;999.0;999.0;999.0;999.0;999.0;999.0;999.0;999.0;999.0;999.0;999.0;999.0;999.0;999.0;999.0;999.0;999.0;999.0;999.0;999.0;999.0;999.0;999.0;888.0;888.0;888.0
Icapuí;BARRINHA;-4.8268888888889;-37.268388888889;2005;3;0.0;999.0;999.0;999.0;999.0;999.0;999.0;999.0;999.0;999.0;999.0;999.0;999.0;999.0;999.0;999.0;999.0;999.0;999.0;999.0;999.0;999.0;999.0;999.0;999.0;999.0;999.0;999.0;999.0;999.0;999.0;999.0
Icapuí;BARRINHA;-4.8268888888889;-37.268388888889;2006;1;0.0;0.0;0.0;0.0;0.0;0.0;0.0;0.0;0.0;0.0;0.0;0.0;0.0;0.0;0.0;0.0;0.0;0.0;0.0;0.0;0.0;0.0;0.0;0.0;0.0;0.0;0.0;0.0;0.0;0.0;0.0;0.0
Icapuí;BARRINHA;-4.8268888888889;-37.268388888889;2006;2;64.0;0.0;0.0;0.0;0.0;0.0;0.0;0.0;0.0;0.0;0.0;0.0;0.0;0.0;0.0;0.0;0.0;0.0;17.0;0.0;0.0;0.0;0.0;0.0;0.0;18.0;0.0;6.0;23.0;888.0;888.0;888.0
Icapuí;BARRINHA;-4.8268888888889;-37.268388888889;2006;3;174.0;12.0;46.0;13.0;0.0;0.0;0.0;0.0;0.0;0.0;0.0;0.0;0.0;0.0;13.0;15.4;0.0;0.0;0.0;23.6;15.0;0.0;0.0;0.0;0.0;0.0;0.0;36.0;0.0;0.0;0.0;0.0
Icapuí;BARRINHA;-4.8268888888889;-37.268388888889;2006;4;207.0;0.0;0.0;0.0;0.0;48.0;0.0;0.0;0.0;0.0;26.0;0.0;0.0;0.0;0.0;0.0;0.0;0.0;13.0;25.0;0.0;0.0;50.0;0.0;0.0;0.0;0.0;10.0;0.0;35.0;0.0;888.0
Icapuí;BARRINHA;-4.8268888888889;-37.268388888889;2006;5;112.2;0.0;0.0;0.0;0.0;0.0;0.0;48.4;0.0;0.0;0.0;0.0;0.0;0.0;0.0;0.0;0.0;0.0;46.0;0.0;0.0;0.0;0.0;0.0;17.8;0.0;0.0;0.0;0.0;0.0;0.0;0.0
Icapuí;BARRINHA;-4.8268888888889;-37.268388888889;2006;6;0.0;0.0;0.0;0.0;0.0;0.0;0.0;0.0;0.0;0.0;0.0;0.0;0.0;0.0;0.0;0.0;0.0;0.0;0.0;0.0;0.0;0.0;0.0;0.0;0.0;0.0;0.0;0.0;0.0;0.0;0.0;888.0
Icapuí;BARRINHA;-4.8268888888889;-37.268388888889;2006;7;16.8;0.0;0.0;0.0;0.0;0.0;0.0;0.0;0.0;0.0;0.0;10.0;0.0;0.0;0.0;0.0;0.0;0.0;0.0;0.0;0.0;0.0;0.0;2.4;0.0;0.0;4.4;0.0;0.0;0.0;0.0;0.0
Icapuí;BARRINHA;-4.8268888888889;-37.268388888889;2006;8;4.0;0.0;0.0;0.0;0.0;0.0;0.0;0.0;0.0;0.0;0.0;0.0;0.0;0.0;0.0;0.0;0.0;4.0;0.0;0.0;0.0;0.0;0.0;0.0;0.0;0.0;0.0;0.0;0.0;0.0;0.0;0.0
Icapuí;BARRINHA;-4.8268888888889;-37.268388888889;2006;9;0.0;0.0;0.0;0.0;0.0;0.0;0.0;0.0;0.0;0.0;0.0;0.0;0.0;0.0;0.0;0.0;0.0;0.0;0.0;0.0;0.0;0.0;0.0;0.0;0.0;0.0;0.0;0.0;0.0;0.0;0.0;888.0
Icapuí;BARRINHA;-4.8268888888889;-37.268388888889;2006;10;0.0;0.0;0.0;0.0;0.0;0.0;0.0;0.0;0.0;0.0;0.0;0.0;0.0;0.0;0.0;0.0;0.0;0.0;0.0;0.0;0.0;0.0;0.0;0.0;0.0;0.0;0.0;0.0;0.0;0.0;0.0;0.0
Icapuí;BARRINHA;-4.8268888888889;-37.268388888889;2006;11;11.0;0.0;0.0;0.0;0.0;0.0;0.0;0.0;0.0;0.0;0.0;0.0;0.0;0.0;0.0;11.0;0.0;0.0;0.0;0.0;0.0;0.0;0.0;0.0;0.0;0.0;0.0;0.0;0.0;0.0;0.0;888.0
Icapuí;BARRINHA;-4.8268888888889;-37.268388888889;2006;12;50.0;0.0;0.0;0.0;0.0;0.0;0.0;0.0;0.0;0.0;0.0;0.0;0.0;0.0;0.0;0.0;0.0;0.0;0.0;0.0;0.0;0.0;0.0;0.0;0.0;0.0;0.0;0.0;0.0;0.0;0.0;50.0
Icapuí;BARRINHA;-4.8268888888889;-37.268388888889;2007;1;50.0;0.0;0.0;0.0;0.0;50.0;0.0;0.0;0.0;0.0;0.0;0.0;0.0;0.0;0.0;0.0;0.0;0.0;0.0;0.0;0.0;0.0;0.0;0.0;0.0;0.0;0.0;0.0;0.0;0.0;0.0;0.0
Icapuí;BARRINHA;-4.8268888888889;-37.268388888889;2007;2;213.6;0.0;0.0;0.0;11.4;0.0;0.0;8.0;0.0;0.0;0.0;0.0;0.0;24.4;25.0;0.0;7.4;65.0;15.4;43.0;0.0;0.0;0.0;14.0;0.0;0.0;0.0;0.0;0.0;888.0;888.0;888.0
Icapuí;BARRINHA;-4.8268888888889;-37.268388888889;2007;3;144.6;30.0;0.0;0.0;0.0;0.0;0.0;0.0;0.0;0.0;0.0;0.0;75.0;0.0;0.0;0.0;0.0;0.0;10.0;0.0;0.0;17.6;12.0;0.0;0.0;0.0;0.0;0.0;0.0;0.0;0.0;0.0
Icapuí;BARRINHA;-4.8268888888889;-37.268388888889;2007;4;129.4;0.0;0.0;0.0;0.0;0.0;0.0;0.0;0.0;0.0;0.0;0.0;0.0;0.0;0.0;0.0;0.0;0.0;0.0;0.0;0.0;0.0;0.0;0.0;0.0;65.0;16.0;23.4;13.0;12.0;0.0;888.0
Icapuí;BARRINHA;-4.8268888888889;-37.268388888889;2007;5;0.0;0.0;0.0;0.0;0.0;0.0;0.0;0.0;0.0;0.0;0.0;0.0;0.0;0.0;0.0;0.0;0.0;0.0;0.0;0.0;0.0;0.0;0.0;0.0;0.0;0.0;0.0;0.0;0.0;0.0;0.0;0.0
Icapuí;BARRINHA;-4.8268888888889;-37.268388888889;2007;6;0.0;0.0;0.0;0.0;0.0;0.0;0.0;0.0;0.0;0.0;0.0;0.0;0.0;0.0;0.0;0.0;0.0;0.0;0.0;0.0;0.0;0.0;0.0;0.0;0.0;0.0;0.0;0.0;0.0;0.0;0.0;888.0
Icapuí;BARRINHA;-4.8268888888889;-37.268388888889;2007;7;0.0;0.0;0.0;0.0;0.0;0.0;0.0;0.0;0.0;0.0;0.0;0.0;0.0;0.0;0.0;0.0;0.0;0.0;0.0;0.0;0.0;0.0;0.0;0.0;0.0;0.0;0.0;0.0;0.0;0.0;0.0;0.0
Icapuí;BARRINHA;-4.8268888888889;-37.268388888889;2007;8;0.0;0.0;0.0;0.0;0.0;0.0;0.0;0.0;0.0;0.0;0.0;0.0;0.0;0.0;0.0;0.0;0.0;0.0;0.0;0.0;0.0;0.0;0.0;0.0;0.0;0.0;0.0;0.0;0.0;0.0;0.0;0.0
Icapuí;BARRINHA;-4.8268888888889;-37.268388888889;2007;9;0.0;0.0;0.0;0.0;0.0;0.0;0.0;0.0;0.0;0.0;0.0;0.0;0.0;0.0;0.0;0.0;0.0;0.0;0.0;0.0;0.0;0.0;0.0;0.0;0.0;0.0;0.0;0.0;0.0;0.0;0.0;888.0
Icapuí;BARRINHA;-4.8268888888889;-37.268388888889;2007;10;0.0;0.0;0.0;0.0;0.0;0.0;0.0;0.0;0.0;0.0;0.0;0.0;0.0;0.0;0.0;0.0;0.0;0.0;0.0;0.0;0.0;0.0;0.0;0.0;0.0;0.0;0.0;0.0;0.0;0.0;0.0;0.0
Icapuí;BARRINHA;-4.8268888888889;-37.268388888889;2007;11;0.0;0.0;0.0;0.0;0.0;0.0;0.0;0.0;0.0;0.0;0.0;0.0;0.0;0.0;0.0;0.0;0.0;0.0;0.0;0.0;0.0;0.0;0.0;0.0;0.0;0.0;0.0;0.0;0.0;0.0;0.0;888.0
Icapuí;BARRINHA;-4.8268888888889;-37.268388888889;2007;12;0.0;0.0;0.0;0.0;0.0;0.0;0.0;0.0;0.0;0.0;0.0;0.0;0.0;0.0;0.0;0.0;0.0;0.0;0.0;0.0;0.0;0.0;0.0;0.0;0.0;0.0;0.0;0.0;0.0;0.0;0.0;0.0
Icapuí;BARRINHA;-4.8268888888889;-37.268388888889;2008;1;27.0;0.0;0.0;0.0;0.0;0.0;0.0;0.0;0.0;0.0;0.0;10.0;0.0;0.0;0.0;0.0;0.0;0.0;0.0;0.0;0.0;0.0;0.0;17.0;0.0;0.0;0.0;0.0;0.0;0.0;0.0;0.0
Icapuí;BARRINHA;-4.8268888888889;-37.268388888889;2008;2;0.0;0.0;999.0;999.0;999.0;999.0;999.0;999.0;999.0;999.0;999.0;999.0;999.0;999.0;999.0;999.0;999.0;999.0;999.0;999.0;999.0;999.0;999.0;999.0;999.0;999.0;999.0;999.0;999.0;999.0;888.0;888.0
Icapuí;BARRINHA;-4.8268888888889;-37.268388888889;2008;9;0.0;0.0;0.0;0.0;0.0;0.0;0.0;0.0;0.0;0.0;0.0;0.0;0.0;0.0;0.0;0.0;0.0;0.0;0.0;0.0;0.0;0.0;0.0;0.0;0.0;0.0;0.0;0.0;0.0;0.0;0.0;888.0
Icapuí;BARRINHA;-4.8268888888889;-37.268388888889;2008;10;0.0;0.0;0.0;0.0;0.0;0.0;0.0;0.0;0.0;0.0;0.0;0.0;0.0;0.0;0.0;0.0;0.0;0.0;0.0;0.0;0.0;0.0;0.0;0.0;0.0;0.0;0.0;0.0;0.0;0.0;0.0;0.0
Icapuí;BARRINHA;-4.8268888888889;-37.268388888889;2008;11;0.0;0.0;0.0;0.0;0.0;0.0;0.0;0.0;0.0;0.0;0.0;0.0;0.0;0.0;0.0;0.0;0.0;0.0;0.0;0.0;0.0;0.0;0.0;0.0;0.0;0.0;0.0;0.0;0.0;0.0;0.0;888.0
Icapuí;BARRINHA;-4.8268888888889;-37.268388888889;2008;12;0.0;0.0;0.0;0.0;0.0;0.0;0.0;0.0;0.0;0.0;0.0;0.0;0.0;0.0;0.0;0.0;0.0;0.0;0.0;0.0;0.0;0.0;0.0;0.0;0.0;0.0;0.0;0.0;0.0;0.0;0.0;0.0
Icapuí;BARRINHA;-4.8268888888889;-37.268388888889;2009;1;52.4;0.0;0.0;0.0;0.0;0.0;0.0;0.0;0.0;0.0;0.0;0.0;0.0;0.0;0.0;0.0;0.0;0.0;0.0;0.0;0.0;29.6;6.8;0.0;0.0;16.0;0.0;0.0;0.0;0.0;0.0;0.0
Icapuí;BARRINHA;-4.8268888888889;-37.268388888889;2009;2;150.2;7.4;0.0;5.4;16.4;0.0;0.0;0.0;0.0;0.0;0.0;0.0;0.0;8.0;0.0;0.0;0.0;0.0;0.0;0.0;0.0;0.0;0.0;66.0;0.0;0.0;17.8;29.2;0.0;888.0;888.0;888.0
Icapuí;BARRINHA;-4.8268888888889;-37.268388888889;2009;3;260.2;25.4;8.2;0.0;0.0;0.0;0.0;0.0;0.0;0.0;0.0;0.0;52.0;0.0;22.6;27.0;17.8;5.2;0.0;0.0;0.0;0.0;13.4;0.0;0.0;0.0;0.0;15.2;19.4;4.0;34.2;15.8
Icapuí;BARRINHA;-4.8268888888889;-37.268388888889;2009;4;423.2;0.0;0.0;26.0;14.2;0.0;34.6;0.0;19.0;0.0;0.0;10.0;120.0;0.0;0.0;0.0;28.8;0.0;0.0;0.0;51.0;33.0;0.0;16.4;13.6;37.2;19.4;0.0;0.0;0.0;0.0;888.0
Icapuí;BARRINHA;-4.8268888888889;-37.268388888889;2009;5;341.3;30.4;0.0;117.0;8.2;0.0;11.8;0.0;0.0;11.4;25.0;22.0;23.9;18.0;0.0;0.0;0.0;0.0;0.0;0.0;0.0;24.0;0.0;0.0;0.0;0.0;49.6;0.0;0.0;0.0;0.0;0.0
Icapuí;BARRINHA;-4.8268888888889;-37.268388888889;2009;6;30.4;0.0;0.0;0.0;0.0;0.0;30.4;0.0;0.0;0.0;0.0;0.0;0.0;0.0;0.0;0.0;0.0;0.0;0.0;0.0;0.0;0.0;0.0;0.0;0.0;0.0;0.0;0.0;0.0;0.0;0.0;888.0
Icapuí;BARRINHA;-4.8268888888889;-37.268388888889;2010;1;14.0;0.0;0.0;14.0;0.0;0.0;0.0;0.0;0.0;0.0;0.0;0.0;0.0;0.0;0.0;0.0;0.0;0.0;0.0;0.0;0.0;0.0;0.0;0.0;0.0;0.0;0.0;0.0;0.0;0.0;0.0;0.0
Icapuí;BARRINHA;-4.8268888888889;-37.268388888889;2010;2;22.5;0.0;0.0;0.0;0.0;0.0;0.0;0.0;0.0;16.5;6.0;0.0;0.0;0.0;0.0;0.0;0.0;0.0;0.0;0.0;0.0;0.0;0.0;0.0;0.0;0.0;0.0;0.0;0.0;888.0;888.0;888.0
Icapuí;BARRINHA;-4.8268888888889;-37.268388888889;2010;3;0.0;0.0;0.0;0.0;0.0;0.0;0.0;0.0;0.0;0.0;0.0;0.0;0.0;0.0;0.0;0.0;0.0;0.0;0.0;0.0;0.0;0.0;0.0;0.0;0.0;0.0;0.0;0.0;0.0;0.0;0.0;0.0
Icapuí;BARRINHA;-4.8268888888889;-37.268388888889;2010;4;138.0;0.0;0.0;47.0;0.0;0.0;0.0;0.0;12.5;0.0;24.5;0.0;0.0;0.0;0.0;0.0;0.0;0.0;35.0;0.0;0.0;0.0;19.0;0.0;0.0;0.0;0.0;0.0;0.0;0.0;0.0;888.0
Icapuí;BARRINHA;-4.8268888888889;-37.268388888889;2010;5;24.0;0.0;0.0;8.5;0.0;0.0;0.0;0.0;0.0;0.0;0.0;0.0;0.0;0.0;0.0;0.0;0.0;0.0;0.0;0.0;0.0;0.0;0.0;0.0;0.0;0.0;0.0;0.0;0.0;0.0;0.0;15.5
Icapuí;BARRINHA;-4.8268888888889;-37.268388888889;2010;6;7.5;0.0;0.0;0.0;7.5;0.0;999.0;999.0;999.0;999.0;999.0;999.0;999.0;999.0;999.0;999.0;999.0;999.0;999.0;999.0;999.0;999.0;999.0;999.0;999.0;999.0;999.0;999.0;999.0;999.0;999.0;888.0
Icapuí;BARRINHA;-4.8268888888889;-37.268388888889;2010;12;32.0;999.0;999.0;999.0;999.0;999.0;999.0;999.0;999.0;999.0;999.0;999.0;999.0;999.0;999.0;999.0;999.0;999.0;32.0;999.0;999.0;999.0;999.0;999.0;999.0;999.0;999.0;999.0;999.0;999.0;999.0;999.0
Icapuí;BARRINHA;-4.8268888888889;-37.268388888889;2011;1;305.7;0.0;8.0;0.0;0.0;0.0;0.0;0.0;0.0;96.0;31.8;0.0;0.0;0.0;0.0;0.0;0.0;0.0;0.0;43.2;20.4;5.0;0.0;0.0;5.5;30.8;0.0;0.0;0.0;65.0;0.0;0.0
Icapuí;BARRINHA;-4.8268888888889;-37.268388888889;2011;2;77.2;0.0;0.0;0.0;0.0;0.0;0.0;0.0;0.0;0.0;0.0;0.0;0.0;0.0;0.0;0.0;27.2;19.0;0.0;9.0;7.0;0.0;0.0;0.0;0.0;0.0;0.0;0.0;15.0;888.0;888.0;888.0
Icapuí;BARRINHA;-4.8268888888889;-37.268388888889;2011;3;111.7;0.0;0.0;0.0;0.0;0.0;0.0;10.0;35.0;8.5;0.0;8.8;0.0;0.0;5.4;0.0;0.0;0.0;0.0;0.0;0.0;0.0;0.0;0.0;0.0;39.0;0.0;0.0;5.0;0.0;0.0;0.0
Icapuí;BARRINHA;-4.8268888888889;-37.268388888889;2011;4;288.8;0.0;11.8;0.0;0.0;3.0;0.0;0.0;0.0;18.0;0.0;19.6;0.0;68.0;0.0;6.0;0.0;0.0;0.0;0.0;0.0;0.0;0.0;52.0;0.0;82.0;20.0;0.0;0.0;8.4;0.0;888.0
Icapuí;BARRINHA;-4.8268888888889;-37.268388888889;2011;5;186.8;20.4;40.4;21.0;0.0;0.0;0.0;0.0;0.0;37.0;3.4;27.0;0.0;0.0;5.8;0.0;0.0;23.0;0.0;8.8;0.0;0.0;0.0;0.0;0.0;0.0;0.0;0.0;0.0;0.0;0.0;0.0
Icapuí;BARRINHA;-4.8268888888889;-37.268388888889;2011;6;0.0;0.0;0.0;999.0;999.0;999.0;999.0;999.0;999.0;999.0;999.0;999.0;999.0;999.0;999.0;999.0;999.0;999.0;999.0;999.0;999.0;999.0;999.0;999.0;999.0;999.0;999.0;999.0;999.0;999.0;999.0;888.0
Icapuí;BARRINHA;-4.8268888888889;-37.268388888889;2012;3;0.0;0.0;999.0;999.0;999.0;999.0;999.0;999.0;999.0;999.0;999.0;999.0;999.0;999.0;999.0;999.0;999.0;999.0;999.0;999.0;999.0;999.0;999.0;999.0;999.0;999.0;999.0;999.0;999.0;999.0;999.0;999.0
Icapuí;BARRINHA;-4.8268888888889;-37.268388888889;2014;1;0.0;0.0;0.0;0.0;0.0;0.0;0.0;0.0;0.0;0.0;0.0;0.0;0.0;0.0;0.0;0.0;0.0;0.0;0.0;0.0;0.0;0.0;0.0;0.0;0.0;0.0;0.0;0.0;0.0;0.0;0.0;0.0
Icapuí;BARRINHA;-4.8268888888889;-37.268388888889;2014;2;45.0;0.0;0.0;0.0;0.0;0.0;0.0;0.0;0.0;0.0;0.0;0.0;0.0;45.0;0.0;0.0;0.0;0.0;0.0;0.0;0.0;0.0;0.0;0.0;0.0;0.0;0.0;0.0;0.0;888.0;888.0;888.0
Icapuí;BARRINHA;-4.8268888888889;-37.268388888889;2014;3;53.0;0.0;0.0;0.0;0.0;0.0;0.0;0.0;0.0;0.0;10.0;32.0;0.0;0.0;0.0;0.0;0.0;0.0;0.0;0.0;0.0;0.0;0.0;0.0;0.0;0.0;0.0;0.0;0.0;5.0;6.0;0.0
Icapuí;BARRINHA;-4.8268888888889;-37.268388888889;2014;4;93.8;0.0;0.0;0.0;25.8;0.0;0.0;0.0;4.0;0.0;0.0;0.0;0.0;0.0;0.0;0.0;0.0;0.0;0.0;0.0;0.0;0.0;9.0;0.0;0.0;0.0;0.0;0.0;53.0;0.0;2.0;888.0
Icapuí;BARRINHA;-4.8268888888889;-37.268388888889;2014;5;104.6;0.0;0.0;0.0;0.0;0.0;0.0;0.0;0.0;0.0;0.0;0.0;0.0;34.4;65.8;0.0;0.0;0.0;0.0;0.0;0.0;0.0;0.0;0.0;0.0;0.0;0.0;0.0;0.0;4.4;0.0;0.0
Icapuí;BARRINHA;-4.8268888888889;-37.268388888889;2014;6;0.0;0.0;0.0;999.0;999.0;999.0;999.0;999.0;999.0;999.0;999.0;999.0;999.0;999.0;999.0;999.0;999.0;999.0;999.0;999.0;999.0;999.0;999.0;999.0;999.0;999.0;999.0;999.0;999.0;999.0;999.0;888.0
Icapuí;BARRINHA;-4.8268888888889;-37.268388888889;2015;1;60.0;0.0;0.0;0.0;60.0;0.0;0.0;0.0;0.0;0.0;0.0;0.0;0.0;0.0;0.0;0.0;0.0;0.0;0.0;0.0;0.0;0.0;0.0;0.0;0.0;0.0;0.0;0.0;0.0;0.0;0.0;0.0
Icapuí;BARRINHA;-4.8268888888889;-37.268388888889;2015;2;27.6;0.0;0.0;0.0;0.0;0.0;0.0;0.0;0.0;0.0;0.0;0.0;0.0;0.0;0.0;0.0;0.0;0.0;0.0;0.0;19.0;0.0;0.0;0.0;8.6;0.0;0.0;0.0;0.0;888.0;888.0;888.0
Icapuí;BARRINHA;-4.8268888888889;-37.268388888889;2015;3;183.2;14.1;7.1;0.0;0.0;0.0;0.0;0.0;0.0;0.0;11.0;0.0;0.0;0.0;0.0;0.0;0.0;0.0;0.0;0.0;0.0;6.0;18.2;0.0;55.0;8.8;0.0;0.0;0.0;50.6;0.0;12.4
Icapuí;BARRINHA;-4.8268888888889;-37.268388888889;2015;4;69.6;0.0;0.0;0.0;0.0;0.0;0.0;0.0;6.2;0.0;0.0;22.0;41.4;0.0;0.0;0.0;0.0;0.0;0.0;0.0;0.0;0.0;0.0;0.0;0.0;0.0;0.0;0.0;0.0;0.0;0.0;888.0
Icapuí;BARRINHA;-4.8268888888889;-37.268388888889;2015;5;0.0;0.0;0.0;0.0;0.0;0.0;0.0;0.0;0.0;0.0;0.0;0.0;0.0;0.0;0.0;0.0;0.0;0.0;0.0;0.0;0.0;0.0;0.0;0.0;0.0;0.0;0.0;0.0;0.0;0.0;0.0;0.0
Icapuí;BARRINHA;-4.8268888888889;-37.268388888889;2015;6;0.0;0.0;0.0;0.0;0.0;0.0;0.0;0.0;0.0;0.0;0.0;0.0;0.0;0.0;0.0;0.0;0.0;0.0;0.0;0.0;0.0;0.0;0.0;0.0;0.0;0.0;0.0;0.0;0.0;0.0;0.0;888.0
Icapuí;BARRINHA;-4.8268888888889;-37.268388888889;2015;7;0.0;0.0;0.0;0.0;0.0;0.0;0.0;0.0;0.0;0.0;0.0;0.0;0.0;0.0;0.0;0.0;0.0;0.0;0.0;0.0;0.0;0.0;0.0;0.0;0.0;0.0;0.0;0.0;0.0;0.0;0.0;0.0
Icapuí;BARRINHA;-4.8268888888889;-37.268388888889;2015;8;0.0;0.0;0.0;0.0;0.0;0.0;0.0;0.0;0.0;0.0;0.0;0.0;0.0;0.0;0.0;0.0;0.0;0.0;0.0;0.0;0.0;0.0;0.0;0.0;0.0;0.0;0.0;0.0;0.0;0.0;0.0;0.0
Icapuí;BARRINHA;-4.8268888888889;-37.268388888889;2015;9;0.0;0.0;0.0;0.0;0.0;0.0;0.0;0.0;0.0;0.0;0.0;0.0;0.0;0.0;0.0;0.0;0.0;0.0;0.0;0.0;0.0;0.0;0.0;0.0;0.0;0.0;0.0;0.0;0.0;0.0;0.0;888.0
Icapuí;BARRINHA;-4.8268888888889;-37.268388888889;2015;10;0.0;0.0;0.0;0.0;0.0;0.0;0.0;0.0;0.0;0.0;0.0;0.0;0.0;0.0;0.0;0.0;0.0;0.0;0.0;0.0;0.0;0.0;0.0;0.0;0.0;0.0;0.0;0.0;0.0;0.0;0.0;0.0
Icapuí;BARRINHA;-4.8268888888889;-37.268388888889;2015;11;0.0;0.0;0.0;0.0;0.0;0.0;0.0;0.0;0.0;0.0;0.0;0.0;0.0;0.0;0.0;0.0;0.0;0.0;0.0;0.0;0.0;0.0;0.0;0.0;0.0;0.0;0.0;0.0;0.0;0.0;0.0;888.0
Icapuí;BARRINHA;-4.8268888888889;-37.268388888889;2015;12;0.0;0.0;0.0;0.0;0.0;0.0;0.0;0.0;0.0;0.0;0.0;0.0;0.0;0.0;0.0;0.0;0.0;0.0;0.0;0.0;0.0;0.0;0.0;0.0;0.0;0.0;0.0;0.0;0.0;0.0;0.0;0.0
Icapuí;BARRINHA;-4.8268888888889;-37.268388888889;2016;1;277.0;0.0;0.0;0.0;0.0;0.0;0.0;20.4;34.4;0.0;0.0;0.0;0.0;0.0;0.0;0.0;0.0;10.2;6.8;51.2;0.0;41.5;24.5;28.4;11.0;48.6;0.0;0.0;0.0;0.0;0.0;0.0
Icapuí;BARRINHA;-4.8268888888889;-37.268388888889;2016;2;23.0;0.0;23.0;0.0;0.0;0.0;0.0;0.0;0.0;0.0;0.0;0.0;0.0;0.0;0.0;0.0;0.0;0.0;0.0;0.0;0.0;0.0;0.0;0.0;0.0;0.0;0.0;0.0;0.0;0.0;888.0;888.0
Icapuí;BARRINHA;-4.8268888888889;-37.268388888889;2016;3;4.0;0.0;0.0;0.0;0.0;0.0;0.0;0.0;0.0;0.0;0.0;0.0;0.0;0.0;0.0;0.0;0.0;4.0;0.0;0.0;0.0;0.0;0.0;0.0;0.0;0.0;0.0;0.0;0.0;0.0;0.0;0.0
Icapuí;BARRINHA;-4.8268888888889;-37.268388888889;2016;4;113.6;0.0;0.0;10.6;0.0;0.0;3.5;0.0;6.2;0.0;0.0;22.0;41.4;0.0;0.0;8.0;0.0;0.0;0.0;0.0;5.0;5.5;0.0;6.0;5.4;0.0;0.0;0.0;0.0;0.0;0.0;888.0
Icapuí;BARRINHA;-4.8268888888889;-37.268388888889;2016;5;0.0;0.0;0.0;0.0;0.0;0.0;0.0;0.0;0.0;0.0;0.0;0.0;0.0;0.0;0.0;0.0;0.0;0.0;0.0;0.0;0.0;0.0;0.0;0.0;0.0;0.0;0.0;0.0;0.0;0.0;0.0;0.0
Icapuí;BARRINHA;-4.8268888888889;-37.268388888889;2016;6;13.0;0.0;0.0;0.0;0.0;0.0;0.0;0.0;0.0;0.0;0.0;0.0;0.0;0.0;0.0;0.0;0.0;0.0;0.0;0.0;0.0;0.0;0.0;0.0;0.0;0.0;13.0;0.0;0.0;0.0;0.0;888.0
Icapuí;BARRINHA;-4.8268888888889;-37.268388888889;2016;7;14.4;0.0;0.0;0.0;10.0;0.0;0.0;0.0;0.0;0.0;0.0;0.0;0.0;0.0;0.0;0.0;0.0;0.0;0.0;0.0;0.0;0.0;0.0;0.0;0.0;0.0;0.0;0.0;4.4;0.0;0.0;0.0
Icapuí;BARRINHA;-4.8268888888889;-37.268388888889;2016;8;0.0;0.0;0.0;0.0;0.0;0.0;0.0;0.0;0.0;0.0;0.0;0.0;0.0;0.0;0.0;0.0;0.0;0.0;0.0;0.0;0.0;0.0;0.0;0.0;0.0;0.0;0.0;0.0;0.0;0.0;0.0;0.0
Icapuí;BARRINHA;-4.8268888888889;-37.268388888889;2016;9;0.0;0.0;0.0;0.0;0.0;0.0;0.0;0.0;0.0;0.0;0.0;0.0;0.0;0.0;0.0;0.0;0.0;0.0;0.0;0.0;0.0;0.0;0.0;0.0;0.0;0.0;0.0;0.0;0.0;0.0;0.0;888.0
Icapuí;BARRINHA;-4.8268888888889;-37.268388888889;2016;10;0.0;0.0;0.0;0.0;0.0;0.0;0.0;0.0;0.0;0.0;0.0;0.0;0.0;0.0;0.0;0.0;0.0;0.0;0.0;0.0;0.0;0.0;0.0;0.0;0.0;0.0;0.0;0.0;0.0;0.0;0.0;0.0
Icapuí;BARRINHA;-4.8268888888889;-37.268388888889;2016;11;0.0;0.0;0.0;0.0;0.0;0.0;0.0;0.0;0.0;0.0;0.0;0.0;0.0;0.0;0.0;0.0;0.0;0.0;0.0;0.0;0.0;0.0;0.0;0.0;0.0;0.0;0.0;0.0;0.0;0.0;0.0;888.0
Icapuí;BARRINHA;-4.8268888888889;-37.268388888889;2016;12;0.0;0.0;0.0;0.0;0.0;0.0;0.0;0.0;0.0;0.0;0.0;0.0;0.0;0.0;0.0;0.0;0.0;0.0;0.0;0.0;0.0;0.0;0.0;0.0;0.0;0.0;0.0;0.0;0.0;0.0;0.0;0.0
Icapuí;BARRINHA;-4.8268888888889;-37.268388888889;2017;1;7.0;0.0;0.0;0.0;0.0;0.0;0.0;0.0;0.0;0.0;0.0;0.0;0.0;0.0;0.0;0.0;0.0;0.0;0.0;0.0;0.0;0.0;0.0;0.0;0.0;0.0;0.0;0.0;7.0;0.0;0.0;0.0
Icapuí;BARRINHA;-4.8268888888889;-37.268388888889;2017;2;52.2;0.0;0.0;0.0;0.0;0.0;0.0;0.0;0.0;0.0;2.8;17.0;0.0;0.0;0.0;0.0;0.0;0.0;27.0;0.0;5.4;0.0;0.0;0.0;0.0;0.0;0.0;0.0;0.0;888.0;888.0;888.0
Icapuí;BARRINHA;-4.8268888888889;-37.268388888889;2017;3;63.0;48.4;1.2;0.0;0.0;0.0;10.0;3.4;0.0;0.0;0.0;0.0;0.0;0.0;0.0;0.0;0.0;0.0;0.0;0.0;0.0;0.0;0.0;0.0;0.0;0.0;0.0;0.0;0.0;0.0;0.0;0.0
Icapuí;BARRINHA;-4.8268888888889;-37.268388888889;2017;4;0.0;0.0;0.0;0.0;0.0;0.0;0.0;0.0;0.0;0.0;0.0;0.0;0.0;0.0;0.0;0.0;0.0;0.0;0.0;0.0;0.0;0.0;0.0;0.0;0.0;0.0;0.0;0.0;0.0;0.0;0.0;888.0
Icapuí;BARRINHA;-4.8268888888889;-37.268388888889;2017;5;0.0;0.0;0.0;0.0;0.0;0.0;0.0;0.0;0.0;0.0;0.0;0.0;0.0;0.0;0.0;0.0;0.0;0.0;0.0;0.0;0.0;0.0;0.0;0.0;0.0;0.0;0.0;0.0;0.0;0.0;0.0;0.0
Icapuí;BARRINHA;-4.8268888888889;-37.268388888889;2017;6;0.0;0.0;0.0;0.0;0.0;0.0;0.0;0.0;0.0;0.0;0.0;0.0;0.0;0.0;0.0;0.0;0.0;0.0;0.0;0.0;0.0;0.0;0.0;0.0;0.0;0.0;0.0;0.0;0.0;0.0;0.0;888.0
Icapuí;BARRINHA;-4.8268888888889;-37.268388888889;2017;7;0.0;0.0;0.0;0.0;0.0;0.0;0.0;0.0;0.0;0.0;0.0;0.0;0.0;0.0;0.0;0.0;0.0;0.0;0.0;0.0;0.0;0.0;0.0;0.0;0.0;0.0;0.0;0.0;0.0;0.0;0.0;0.0
Icapuí;BARRINHA;-4.8268888888889;-37.268388888889;2017;8;0.0;0.0;0.0;0.0;0.0;0.0;0.0;0.0;0.0;0.0;0.0;0.0;0.0;0.0;0.0;0.0;0.0;0.0;0.0;0.0;0.0;0.0;0.0;0.0;0.0;0.0;0.0;0.0;0.0;0.0;0.0;0.0
Icapuí;BARRINHA;-4.8268888888889;-37.268388888889;2017;9;0.0;0.0;0.0;0.0;0.0;0.0;0.0;0.0;0.0;0.0;0.0;0.0;0.0;0.0;0.0;0.0;0.0;0.0;0.0;0.0;0.0;0.0;0.0;0.0;0.0;0.0;0.0;0.0;0.0;0.0;0.0;888.0
Icapuí;BARRINHA;-4.8268888888889;-37.268388888889;2017;10;0.0;0.0;0.0;0.0;0.0;0.0;0.0;0.0;0.0;0.0;0.0;0.0;0.0;0.0;0.0;0.0;0.0;0.0;0.0;0.0;0.0;0.0;0.0;0.0;0.0;0.0;0.0;0.0;0.0;0.0;0.0;0.0
Icapuí;BARRINHA;-4.8268888888889;-37.268388888889;2017;11;13.8;0.0;0.0;0.0;0.0;0.0;0.0;0.0;0.0;0.0;0.0;0.0;0.0;0.0;0.0;0.0;0.0;0.0;0.0;0.0;0.0;0.0;0.0;0.0;13.8;0.0;0.0;0.0;0.0;0.0;0.0;888.0
Icapuí;BARRINHA;-4.8268888888889;-37.268388888889;2017;12;0.0;0.0;0.0;0.0;0.0;0.0;0.0;0.0;0.0;0.0;0.0;0.0;0.0;0.0;0.0;0.0;0.0;0.0;0.0;0.0;0.0;0.0;0.0;0.0;0.0;0.0;0.0;0.0;0.0;0.0;0.0;0.0
Icapuí;BARRINHA;-4.8268888888889;-37.268388888889;2018;1;73.0;0.0;0.0;0.0;0.0;0.0;0.0;0.0;0.0;0.0;0.0;73.0;0.0;0.0;0.0;0.0;0.0;0.0;0.0;0.0;0.0;0.0;0.0;0.0;0.0;0.0;0.0;0.0;0.0;0.0;0.0;0.0
Icapuí;BARRINHA;-4.8268888888889;-37.268388888889;2018;2;187.0;0.0;0.0;0.0;0.0;0.0;0.0;0.0;0.0;11.0;0.0;0.0;0.0;41.0;49.0;27.0;30.0;24.4;0.0;4.6;0.0;0.0;0.0;0.0;0.0;0.0;0.0;0.0;0.0;888.0;888.0;888.0
Icapuí;BARRINHA;-4.8268888888889;-37.268388888889;2018;3;33.2;0.0;0.0;0.0;0.0;0.0;0.0;0.0;0.0;0.0;0.0;0.0;0.0;0.0;0.0;0.0;0.0;0.0;0.0;0.0;0.0;0.0;0.0;0.0;0.0;0.0;0.0;0.0;20.6;12.6;0.0;0.0
Icapuí;BARRINHA;-4.8268888888889;-37.268388888889;2018;4;339.4;0.0;31.6;0.0;0.0;0.0;0.0;5.4;13.6;26.0;80.2;48.0;54.6;0.0;0.0;52.0;0.0;0.0;0.0;0.0;0.0;28.0;0.0;0.0;0.0;0.0;0.0;0.0;0.0;0.0;0.0;888.0
Icapuí;BARRINHA;-4.8268888888889;-37.268388888889;2018;5;101.4;0.0;0.0;0.0;0.0;14.2;0.0;14.0;16.2;17.2;0.0;8.6;0.0;0.0;0.0;0.0;0.0;31.2;0.0;0.0;0.0;0.0;0.0;0.0;0.0;0.0;0.0;0.0;0.0;0.0;0.0;0.0
Icapuí;BARRINHA;-4.8268888888889;-37.268388888889;2018;6;22.4;0.0;0.0;0.0;0.0;0.0;0.0;22.4;0.0;0.0;0.0;0.0;0.0;0.0;0.0;0.0;0.0;0.0;0.0;0.0;0.0;0.0;0.0;0.0;0.0;0.0;0.0;0.0;0.0;0.0;0.0;888.0
Icapuí;BARRINHA;-4.8268888888889;-37.268388888889;2018;7;0.0;0.0;0.0;0.0;0.0;0.0;0.0;0.0;0.0;0.0;0.0;0.0;0.0;0.0;0.0;0.0;0.0;0.0;0.0;0.0;0.0;0.0;0.0;0.0;0.0;0.0;0.0;0.0;0.0;0.0;0.0;0.0
Icapuí;BARRINHA;-4.8268888888889;-37.268388888889;2018;8;0.0;0.0;0.0;0.0;0.0;0.0;0.0;0.0;0.0;0.0;0.0;0.0;0.0;0.0;0.0;0.0;0.0;0.0;0.0;0.0;0.0;0.0;0.0;0.0;0.0;0.0;0.0;0.0;0.0;0.0;0.0;0.0
Icapuí;BARRINHA;-4.8268888888889;-37.268388888889;2018;9;0.0;0.0;0.0;0.0;0.0;0.0;0.0;0.0;0.0;0.0;0.0;0.0;0.0;0.0;0.0;0.0;0.0;0.0;0.0;0.0;0.0;0.0;0.0;0.0;0.0;0.0;0.0;0.0;0.0;0.0;0.0;888.0
Icapuí;BARRINHA;-4.8268888888889;-37.268388888889;2018;10;0.0;0.0;0.0;0.0;0.0;0.0;0.0;0.0;0.0;0.0;0.0;0.0;0.0;0.0;0.0;0.0;0.0;0.0;0.0;0.0;0.0;0.0;0.0;0.0;0.0;0.0;0.0;0.0;0.0;0.0;0.0;0.0
Icapuí;BARRINHA;-4.8268888888889;-37.268388888889;2018;11;0.0;0.0;0.0;0.0;0.0;0.0;0.0;0.0;0.0;0.0;0.0;0.0;0.0;0.0;0.0;0.0;0.0;0.0;0.0;0.0;0.0;0.0;0.0;0.0;0.0;0.0;0.0;0.0;0.0;0.0;0.0;888.0
Icapuí;BARRINHA;-4.8268888888889;-37.268388888889;2018;12;55.0;0.0;0.0;0.0;0.0;0.0;0.0;0.0;0.0;0.0;0.0;0.0;0.0;0.0;0.0;0.0;0.0;0.0;0.0;0.0;0.0;0.0;0.0;0.0;0.0;0.0;0.0;55.0;0.0;0.0;0.0;0.0
Icapuí;BARRINHA;-4.8268888888889;-37.268388888889;2019;1;30.2;0.0;0.0;0.0;0.0;0.0;0.0;0.0;0.0;0.0;0.0;0.0;19.0;0.0;0.0;0.0;0.0;2.2;0.0;6.0;0.0;0.0;0.0;0.0;0.0;0.0;3.0;0.0;0.0;0.0;0.0;0.0
Icapuí;BARRINHA;-4.8268888888889;-37.268388888889;2019;2;100.2;5.4;0.0;0.0;0.0;0.0;10.0;8.0;0.0;0.0;0.0;0.0;0.0;0.0;54.2;0.0;0.0;0.0;0.0;0.0;0.0;0.0;7.2;8.0;7.4;0.0;0.0;0.0;0.0;888.0;888.0;888.0
Icapuí;BARRINHA;-4.8268888888889;-37.268388888889;2019;3;305.6;0.0;12.0;0.0;0.0;51.8;14.4;0.0;0.0;0.0;0.0;0.0;0.0;25.0;0.0;0.0;0.0;0.0;0.0;8.4;0.0;0.0;0.0;5.2;40.4;17.6;12.0;50.2;8.6;47.0;0.0;13.0
Icapuí;BARRINHA;-4.8268888888889;-37.268388888889;2019;4;218.4;2.4;0.0;11.8;93.0;5.2;0.0;0.0;0.0;0.0;0.0;0.0;16.0;2.2;14.0;0.0;0.0;13.0;0.0;0.0;12.0;11.6;0.0;4.0;0.0;0.0;0.0;30.0;0.0;0.0;3.2;888.0
Icapuí;BARRINHA;-4.8268888888889;-37.268388888889;2019;5;16.6;0.0;4.0;0.0;0.0;0.0;0.0;0.0;0.0;0.0;0.0;0.0;0.0;0.0;0.0;0.0;3.6;0.0;0.0;0.0;0.0;0.0;9.0;0.0;0.0;0.0;0.0;0.0;0.0;0.0;0.0;0.0
Icapuí;BARRINHA;-4.8268888888889;-37.268388888889;2019;6;9.0;0.0;0.0;0.0;0.0;0.0;0.0;0.0;0.0;0.0;0.0;0.0;0.0;0.0;9.0;0.0;0.0;0.0;0.0;0.0;0.0;0.0;0.0;0.0;0.0;0.0;0.0;0.0;0.0;0.0;0.0;888.0
Icapuí;BARRINHA;-4.8268888888889;-37.268388888889;2019;7;0.0;0.0;0.0;0.0;0.0;0.0;0.0;0.0;0.0;0.0;0.0;0.0;0.0;0.0;0.0;0.0;0.0;0.0;0.0;0.0;0.0;0.0;0.0;0.0;0.0;0.0;0.0;0.0;0.0;0.0;0.0;0.0
Icapuí;BARRINHA;-4.8268888888889;-37.268388888889;2019;8;0.0;0.0;0.0;0.0;0.0;0.0;0.0;0.0;0.0;0.0;0.0;0.0;0.0;0.0;0.0;0.0;0.0;0.0;0.0;0.0;0.0;0.0;0.0;0.0;0.0;0.0;0.0;0.0;0.0;0.0;0.0;0.0
Icapuí;BARRINHA;-4.8268888888889;-37.268388888889;2019;9;0.0;0.0;0.0;0.0;0.0;0.0;0.0;0.0;0.0;0.0;0.0;0.0;0.0;0.0;0.0;0.0;0.0;0.0;0.0;0.0;0.0;0.0;0.0;0.0;0.0;0.0;0.0;0.0;0.0;0.0;0.0;888.0
Icapuí;BARRINHA;-4.8268888888889;-37.268388888889;2019;10;0.0;0.0;0.0;0.0;0.0;0.0;0.0;0.0;0.0;0.0;0.0;0.0;0.0;0.0;0.0;0.0;0.0;0.0;0.0;0.0;0.0;0.0;0.0;0.0;0.0;0.0;0.0;0.0;0.0;0.0;0.0;0.0
Icapuí;BARRINHA;-4.8268888888889;-37.268388888889;2019;11;0.0;0.0;0.0;0.0;0.0;0.0;0.0;0.0;0.0;0.0;0.0;0.0;0.0;0.0;0.0;0.0;0.0;0.0;0.0;0.0;0.0;0.0;0.0;0.0;0.0;0.0;0.0;0.0;0.0;0.0;0.0;888.0
Icapuí;BARRINHA;-4.8268888888889;-37.268388888889;2019;12;0.0;0.0;0.0;0.0;0.0;0.0;0.0;0.0;0.0;0.0;0.0;0.0;0.0;0.0;0.0;0.0;0.0;0.0;0.0;0.0;0.0;0.0;0.0;0.0;0.0;0.0;0.0;0.0;0.0;0.0;0.0;0.0
Icapuí;BARRINHA;-4.8268888888889;-37.268388888889;2020;1;129.7;54.2;0.0;0.0;0.0;0.0;0.0;10.5;0.0;25.4;21.0;0.0;0.0;0.0;0.0;0.0;0.0;0.0;0.0;0.0;0.0;7.0;0.0;0.0;0.0;0.0;0.0;0.0;0.0;11.6;0.0;0.0
Icapuí;BARRINHA;-4.8268888888889;-37.268388888889;2020;2;95.7;0.0;11.2;0.0;22.0;0.0;0.0;10.0;0.0;0.0;0.0;0.0;0.0;0.0;7.1;0.0;0.0;23.0;8.2;0.0;0.0;14.2;0.0;0.0;0.0;0.0;0.0;0.0;0.0;0.0;888.0;888.0
Icapuí;BARRINHA;-4.8268888888889;-37.268388888889;2020;3;315.6;51.0;0.0;0.0;23.8;11.0;0.0;0.0;0.0;0.0;0.0;0.0;53.0;84.8;20.0;0.0;0.0;0.0;0.0;0.0;13.0;0.0;3.0;0.0;12.0;32.0;4.0;0.0;0.0;0.0;8.0;0.0
Icapuí;BARRINHA;-4.8268888888889;-37.268388888889;2020;4;232.8;0.0;0.0;0.0;0.0;0.0;0.0;0.0;0.0;0.0;0.0;0.0;0.0;0.0;0.0;29.0;9.2;0.0;0.0;0.0;20.0;65.0;85.0;0.0;0.0;0.0;0.0;11.6;0.0;13.0;0.0;888.0
Icapuí;BARRINHA;-4.8268888888889;-37.268388888889;2020;5;73.0;0.0;0.0;0.0;0.0;0.0;0.0;0.0;0.0;0.0;0.0;0.0;0.0;0.0;0.0;0.0;10.0;0.0;0.0;0.0;0.0;0.0;0.0;11.0;0.0;0.0;0.0;0.0;0.0;52.0;0.0;0.0
Icapuí;BARRINHA;-4.8268888888889;-37.268388888889;2020;6;8.8;0.0;0.0;0.0;0.0;0.0;0.0;0.0;0.0;0.0;0.0;8.8;0.0;0.0;0.0;0.0;0.0;0.0;0.0;0.0;0.0;0.0;0.0;0.0;0.0;0.0;0.0;0.0;0.0;0.0;0.0;888.0
Icapuí;BARRINHA;-4.8268888888889;-37.268388888889;2020;7;8.4;0.0;0.0;0.0;0.0;0.0;0.0;8.4;0.0;0.0;0.0;0.0;0.0;0.0;0.0;0.0;0.0;0.0;0.0;0.0;0.0;0.0;0.0;0.0;0.0;0.0;0.0;0.0;0.0;0.0;0.0;0.0
Icapuí;BARRINHA;-4.8268888888889;-37.268388888889;2020;8;0.0;0.0;0.0;0.0;0.0;0.0;0.0;0.0;0.0;0.0;0.0;0.0;0.0;0.0;0.0;0.0;0.0;0.0;0.0;0.0;0.0;0.0;0.0;0.0;0.0;0.0;0.0;0.0;0.0;0.0;0.0;0.0
Icapuí;BARRINHA;-4.8268888888889;-37.268388888889;2020;9;0.0;0.0;0.0;0.0;0.0;0.0;0.0;0.0;0.0;0.0;0.0;0.0;0.0;0.0;0.0;0.0;0.0;0.0;0.0;0.0;0.0;0.0;0.0;0.0;0.0;0.0;0.0;0.0;0.0;0.0;0.0;888.0
Icapuí;BARRINHA;-4.8268888888889;-37.268388888889;2020;10;0.0;0.0;0.0;0.0;0.0;0.0;0.0;0.0;0.0;0.0;0.0;0.0;0.0;0.0;0.0;0.0;0.0;0.0;0.0;0.0;0.0;0.0;0.0;0.0;0.0;0.0;0.0;0.0;0.0;0.0;0.0;0.0
Icapuí;BARRINHA;-4.8268888888889;-37.268388888889;2020;11;0.0;0.0;0.0;0.0;0.0;0.0;0.0;0.0;0.0;0.0;0.0;0.0;0.0;0.0;0.0;0.0;0.0;0.0;0.0;0.0;0.0;0.0;0.0;0.0;0.0;0.0;0.0;0.0;0.0;0.0;0.0;888.0
Icapuí;BARRINHA;-4.8268888888889;-37.268388888889;2020;12;3.0;0.0;0.0;0.0;0.0;0.0;0.0;0.0;0.0;0.0;0.0;0.0;0.0;0.0;0.0;0.0;0.0;3.0;0.0;0.0;0.0;0.0;0.0;0.0;0.0;0.0;0.0;0.0;0.0;0.0;0.0;0.0
Icapuí;BARRINHA;-4.8268888888889;-37.268388888889;2021;1;2.0;0.0;0.0;0.0;0.0;0.0;0.0;0.0;0.0;0.0;0.0;0.0;0.0;0.0;0.0;2.0;0.0;0.0;0.0;0.0;0.0;0.0;0.0;0.0;0.0;0.0;0.0;0.0;0.0;0.0;0.0;0.0
Icapuí;BARRINHA;-4.8268888888889;-37.268388888889;2021;2;18.2;0.0;0.0;0.0;0.0;0.0;0.0;0.0;0.0;0.0;0.0;0.0;0.0;0.0;0.0;0.0;0.0;0.0;0.0;0.0;0.0;0.0;0.0;0.0;0.0;7.6;10.6;0.0;0.0;888.0;888.0;888.0
Icapuí;BARRINHA;-4.8268888888889;-37.268388888889;2021;3;109.0;0.0;0.0;0.0;0.0;0.0;0.0;0.0;0.0;0.0;0.0;0.0;0.0;0.0;0.0;0.0;0.0;2.6;14.4;0.0;0.0;0.0;0.0;14.4;8.4;1.2;0.0;68.0;0.0;0.0;0.0;0.0
Icapuí;BARRINHA;-4.8268888888889;-37.268388888889;2021;4;44.2;1.8;0.0;0.0;0.0;0.0;0.0;0.0;0.0;0.0;0.0;0.0;0.0;0.0;0.0;0.0;0.0;0.0;0.0;0.0;0.0;0.0;6.4;0.0;0.0;0.0;0.0;0.0;0.0;8.0;28.0;888.0
Icapuí;BARRINHA;-4.8268888888889;-37.268388888889;2021;5;61.8;0.0;0.0;0.0;22.4;17.4;0.0;0.0;15.0;0.0;7.0;0.0;0.0;0.0;0.0;0.0;0.0;0.0;0.0;0.0;0.0;0.0;0.0;0.0;0.0;0.0;0.0;0.0;0.0;0.0;0.0;0.0
Icapuí;BARRINHA;-4.8268888888889;-37.268388888889;2021;6;0.0;0.0;0.0;0.0;0.0;0.0;0.0;0.0;0.0;0.0;0.0;0.0;0.0;0.0;0.0;0.0;0.0;0.0;0.0;0.0;0.0;0.0;0.0;0.0;0.0;0.0;0.0;0.0;0.0;0.0;0.0;888.0
Icapuí;BARRINHA;-4.8268888888889;-37.268388888889;2021;7;0.0;0.0;0.0;0.0;0.0;0.0;0.0;0.0;0.0;0.0;0.0;0.0;0.0;0.0;0.0;0.0;0.0;0.0;0.0;0.0;0.0;0.0;0.0;0.0;0.0;0.0;0.0;0.0;0.0;0.0;0.0;0.0
Icapuí;BARRINHA;-4.8268888888889;-37.268388888889;2021;8;0.0;0.0;0.0;0.0;0.0;0.0;0.0;0.0;0.0;0.0;0.0;0.0;0.0;0.0;0.0;0.0;0.0;0.0;0.0;0.0;0.0;0.0;0.0;0.0;0.0;0.0;0.0;0.0;0.0;0.0;0.0;0.0
Icapuí;BARRINHA;-4.8268888888889;-37.268388888889;2021;9;0.0;0.0;0.0;0.0;0.0;0.0;0.0;0.0;0.0;0.0;0.0;0.0;0.0;0.0;0.0;0.0;0.0;0.0;0.0;0.0;0.0;0.0;0.0;0.0;0.0;0.0;0.0;0.0;0.0;0.0;0.0;888.0
Icapuí;BARRINHA;-4.8268888888889;-37.268388888889;2021;10;5.0;0.0;0.0;0.0;0.0;0.0;0.0;0.0;0.0;0.0;0.0;0.0;0.0;0.0;0.0;0.0;0.0;0.0;0.0;0.0;0.0;0.0;0.0;0.0;5.0;0.0;0.0;0.0;0.0;0.0;0.0;0.0
Icapuí;BARRINHA;-4.8268888888889;-37.268388888889;2021;11;11.0;3.0;0.0;0.0;0.0;0.0;0.0;0.0;0.0;0.0;0.0;0.0;0.0;0.0;8.0;0.0;0.0;0.0;0.0;0.0;0.0;0.0;0.0;0.0;0.0;0.0;0.0;0.0;0.0;0.0;0.0;888.0
Icapuí;BARRINHA;-4.8268888888889;-37.268388888889;2021;12;41.8;0.0;0.0;0.0;0.0;0.0;0.0;4.2;0.0;0.0;0.0;2.6;0.0;0.0;0.0;0.0;0.0;0.0;0.0;0.0;0.0;0.0;0.0;2.0;0.0;0.0;0.0;24.0;0.0;0.0;0.0;9.0
Icapuí;BARRINHA;-4.8268888888889;-37.268388888889;2022;1;119.4;0.0;0.0;4.0;0.0;0.0;0.0;2.4;0.0;0.0;0.0;0.0;8.6;5.4;10.0;12.4;0.0;0.0;0.0;0.0;0.0;0.0;0.0;0.0;0.0;0.0;0.0;0.0;51.0;25.6;0.0;0.0
Icapuí;BARRINHA;-4.8268888888889;-37.268388888889;2022;2;62.6;0.0;0.0;0.0;0.0;0.0;0.0;0.0;0.0;0.0;0.0;0.0;0.0;0.0;9.0;3.6;0.0;0.0;0.0;28.0;22.0;0.0;0.0;0.0;0.0;0.0;0.0;0.0;0.0;888.0;888.0;888.0
Icapuí;BARRINHA;-4.8268888888889;-37.268388888889;2022;3;220.2;0.0;0.0;0.0;0.0;4.0;14.0;0.0;0.0;0.0;0.0;0.0;0.0;20.0;15.6;15.5;10.4;38.0;0.0;0.0;5.0;0.0;11.5;0.0;15.5;6.0;61.0;0.0;0.0;0.0;0.0;3.7
Icapuí;BARRINHA;-4.8268888888889;-37.268388888889;2022;4;127.3;0.0;32.4;0.0;0.0;0.0;5.5;28.4;0.0;0.0;0.0;0.0;11.4;0.0;0.0;0.0;9.6;0.0;14.6;0.0;0.0;0.0;0.0;0.0;4.0;21.4;0.0;0.0;0.0;0.0;0.0;888.0
Icapuí;BARRINHA;-4.8268888888889;-37.268388888889;2022;5;215.3;0.0;0.0;0.0;0.0;7.0;16.5;0.0;0.0;0.0;67.4;35.4;0.0;0.0;0.0;0.0;0.0;0.0;0.0;0.0;0.0;29.0;0.0;0.0;0.0;60.0;0.0;0.0;0.0;0.0;0.0;0.0
Icapuí;BARRINHA;-4.8268888888889;-37.268388888889;2022;6;22.6;0.0;0.0;5.0;0.0;0.0;0.0;0.0;0.0;0.0;0.0;0.0;0.0;0.0;0.0;0.0;0.0;0.0;0.0;0.0;0.0;15.4;0.0;0.0;0.0;0.0;2.2;0.0;0.0;0.0;0.0;888.0
Icapuí;BARRINHA;-4.8268888888889;-37.268388888889;2022;7;8.0;0.0;0.0;0.0;0.0;0.0;0.0;8.0;0.0;0.0;0.0;0.0;0.0;0.0;0.0;0.0;0.0;0.0;0.0;0.0;0.0;0.0;0.0;0.0;0.0;0.0;0.0;0.0;0.0;0.0;0.0;0.0
Icapuí;BARRINHA;-4.8268888888889;-37.268388888889;2022;8;23.4;0.0;0.0;0.0;23.4;0.0;0.0;0.0;0.0;0.0;0.0;0.0;0.0;0.0;0.0;0.0;0.0;0.0;0.0;0.0;0.0;0.0;0.0;0.0;0.0;0.0;0.0;0.0;0.0;0.0;0.0;0.0
Icapuí;BARRINHA;-4.8268888888889;-37.268388888889;2022;9;0.0;0.0;0.0;0.0;0.0;0.0;0.0;0.0;0.0;0.0;0.0;0.0;0.0;0.0;0.0;0.0;0.0;0.0;0.0;0.0;0.0;0.0;0.0;0.0;0.0;0.0;0.0;0.0;0.0;0.0;0.0;888.0
Icapuí;BARRINHA;-4.8268888888889;-37.268388888889;2022;10;0.0;0.0;0.0;0.0;0.0;0.0;0.0;0.0;0.0;0.0;0.0;0.0;0.0;0.0;0.0;0.0;0.0;0.0;0.0;0.0;0.0;0.0;0.0;0.0;0.0;0.0;0.0;0.0;0.0;0.0;0.0;0.0
Icapuí;BARRINHA;-4.8268888888889;-37.268388888889;2022;11;16.0;0.0;0.0;0.0;0.0;0.0;0.0;0.0;0.0;0.0;0.0;0.0;0.0;16.0;0.0;0.0;0.0;0.0;0.0;0.0;0.0;0.0;0.0;0.0;0.0;0.0;0.0;0.0;0.0;0.0;0.0;888.0
Icapuí;BARRINHA;-4.8268888888889;-37.268388888889;2022;12;24.8;0.0;0.0;0.0;0.0;0.0;0.0;0.0;0.0;0.0;0.0;0.0;0.0;0.0;0.0;0.0;0.0;0.0;0.0;0.0;0.0;0.0;0.0;0.0;18.2;6.6;0.0;0.0;0.0;0.0;0.0;0.0
Icapuí;BARRINHA;-4.8268888888889;-37.268388888889;2023;1;86.2;0.0;0.0;0.0;0.0;0.0;0.0;0.0;0.0;0.0;16.6;0.0;0.0;0.0;0.0;0.0;0.0;0.0;0.0;0.0;0.0;6.6;0.0;0.0;0.0;63.0;0.0;0.0;0.0;0.0;0.0;0.0
Icapuí;BARRINHA;-4.8268888888889;-37.268388888889;2023;2;39.0;0.0;0.0;0.0;0.0;0.0;0.0;0.0;0.0;0.0;0.0;0.0;0.0;0.0;0.0;0.0;0.0;0.0;0.0;0.0;0.0;0.0;0.0;0.0;37.0;0.0;2.0;0.0;0.0;888.0;888.0;888.0
Icapuí;BARRINHA;-4.8268888888889;-37.268388888889;2023;3;160.3;0.0;0.0;0.0;0.0;0.0;0.0;0.0;0.0;0.0;0.0;0.0;0.0;0.0;0.0;2.2;24.2;7.5;0.0;7.0;0.0;11.0;0.0;25.2;0.0;2.0;20.4;36.2;12.0;0.0;12.6;0.0
Icapuí;BARRINHA;-4.8268888888889;-37.268388888889;2023;4;227.4;0.0;0.0;0.0;47.6;37.0;0.0;0.0;0.0;19.0;21.2;2.8;0.0;0.0;0.0;0.0;0.0;0.0;0.0;4.8;0.0;0.0;0.0;0.0;0.0;11.8;0.0;0.0;0.0;62.0;21.2;888.0
Icapuí;BARRINHA;-4.8268888888889;-37.268388888889;2023;5;26.0;0.0;0.0;20.4;0.0;5.6;0.0;0.0;0.0;0.0;0.0;0.0;0.0;0.0;0.0;0.0;0.0;0.0;0.0;0.0;0.0;0.0;0.0;0.0;0.0;0.0;0.0;0.0;0.0;0.0;0.0;0.0
Icapuí;BARRINHA;-4.8268888888889;-37.268388888889;2023;6;0.0;0.0;0.0;0.0;0.0;0.0;0.0;0.0;0.0;0.0;0.0;0.0;0.0;0.0;0.0;0.0;0.0;0.0;0.0;0.0;0.0;0.0;0.0;0.0;0.0;0.0;0.0;0.0;0.0;0.0;0.0;888.0
Icapuí;BARRINHA;-4.8268888888889;-37.268388888889;2023;7;10.5;10.5;0.0;0.0;0.0;0.0;0.0;0.0;0.0;0.0;0.0;0.0;0.0;0.0;0.0;0.0;0.0;0.0;0.0;0.0;0.0;0.0;0.0;0.0;0.0;0.0;0.0;0.0;0.0;0.0;0.0;0.0
Icapuí;BARRINHA;-4.8268888888889;-37.268388888889;2023;8;0.0;0.0;0.0;0.0;0.0;0.0;0.0;0.0;0.0;0.0;0.0;0.0;0.0;0.0;0.0;0.0;0.0;0.0;0.0;0.0;0.0;0.0;0.0;0.0;0.0;0.0;0.0;0.0;0.0;0.0;0.0;0.0
Icapuí;BARRINHA;-4.8268888888889;-37.268388888889;2023;9;0.0;0.0;0.0;0.0;0.0;0.0;0.0;0.0;0.0;0.0;0.0;0.0;0.0;0.0;0.0;0.0;0.0;0.0;0.0;0.0;0.0;0.0;0.0;0.0;0.0;0.0;0.0;0.0;0.0;0.0;0.0;888.0
Icapuí;BARRINHA;-4.8268888888889;-37.268388888889;2023;10;0.0;0.0;0.0;0.0;0.0;0.0;0.0;0.0;0.0;0.0;0.0;0.0;0.0;0.0;0.0;0.0;0.0;0.0;0.0;0.0;0.0;0.0;0.0;0.0;0.0;0.0;0.0;0.0;0.0;0.0;0.0;0.0
Icapuí;BARRINHA;-4.8268888888889;-37.268388888889;2023;11;0.0;0.0;0.0;0.0;0.0;0.0;0.0;0.0;0.0;0.0;0.0;0.0;0.0;0.0;0.0;0.0;0.0;0.0;0.0;0.0;0.0;0.0;0.0;0.0;0.0;0.0;0.0;0.0;0.0;0.0;0.0;888.0
Icapuí;BARRINHA;-4.8268888888889;-37.268388888889;2023;12;12.6;0.0;0.0;0.0;0.0;0.0;0.0;0.0;0.0;0.0;0.0;0.0;0.0;0.0;0.0;0.0;0.0;0.0;0.0;0.0;5.0;7.6;0.0;0.0;0.0;0.0;0.0;0.0;0.0;0.0;0.0;0.0
Icapuí;BARRINHA;-4.8268888888889;-37.268388888889;2024;1;55.2;0.0;45.0;0.0;0.0;0.0;0.0;0.0;0.0;0.0;0.0;0.0;0.0;0.0;0.0;0.0;0.0;0.0;0.0;0.0;0.0;0.0;2.0;0.0;4.0;4.2;0.0;0.0;0.0;0.0;0.0;0.0
Icapuí;BARRINHA;-4.8268888888889;-37.268388888889;2024;2;188.0;0.0;0.0;0.0;0.0;0.0;0.0;0.0;0.0;0.0;0.0;0.0;0.0;0.0;0.0;0.0;2.8;0.0;0.0;3.8;34.0;32.4;16.4;15.0;26.2;0.0;4.2;2.6;20.6;30.0;888.0;888.0
Icapuí;BARRINHA;-4.8268888888889;-37.268388888889;2024;3;474.4;5.0;0.0;15.4;41.0;2.2;10.6;0.0;7.0;0.0;0.0;0.0;2.4;5.0;0.0;58.6;0.0;0.0;0.0;0.0;60.4;0.0;0.0;128.4;0.0;2.2;41.4;67.0;0.0;0.0;21.8;6.0
Icapuí;BARRINHA;-4.8268888888889;-37.268388888889;2024;4;194.1;0.0;0.0;0.0;0.0;0.0;39.4;3.0;44.0;0.0;6.6;19.0;19.3;15.6;2.6;0.0;0.0;4.4;0.0;0.0;15.4;4.0;0.0;6.0;6.6;0.0;0.0;0.0;0.0;0.0;8.2;888.0
Icapuí;BARRINHA;-4.8268888888889;-37.268388888889;2024;5;17.4;0.0;0.0;0.0;0.0;0.0;0.0;0.0;0.0;0.0;0.0;0.0;0.0;0.0;0.0;15.0;0.0;0.0;0.0;0.0;0.0;0.0;0.0;0.0;0.0;0.0;0.0;0.0;0.0;2.4;0.0;0.0
Icapuí;BARRINHA;-4.8268888888889;-37.268388888889;2024;6;35.8;0.0;0.0;0.0;5.0;0.0;0.0;0.0;0.0;0.0;0.0;0.0;0.0;0.0;8.4;0.0;4.0;0.0;0.0;0.0;0.0;0.0;0.0;15.4;3.0;0.0;0.0;0.0;0.0;0.0;0.0;888.0
Icapuí;BARRINHA;-4.8268888888889;-37.268388888889;2024;7;0.0;0.0;0.0;0.0;0.0;0.0;0.0;0.0;0.0;0.0;0.0;0.0;0.0;0.0;0.0;0.0;0.0;0.0;0.0;0.0;0.0;0.0;0.0;0.0;0.0;0.0;0.0;0.0;0.0;0.0;0.0;0.0
Icapuí;BARRINHA;-4.8268888888889;-37.268388888889;2024;8;0.0;0.0;0.0;0.0;0.0;0.0;0.0;0.0;0.0;0.0;0.0;0.0;0.0;0.0;0.0;0.0;0.0;0.0;0.0;0.0;0.0;0.0;0.0;0.0;0.0;0.0;0.0;0.0;0.0;0.0;0.0;0.0
Icapuí;BARRINHA;-4.8268888888889;-37.268388888889;2024;9;0.0;0.0;0.0;0.0;0.0;0.0;0.0;0.0;0.0;0.0;0.0;0.0;0.0;0.0;0.0;0.0;0.0;0.0;0.0;0.0;0.0;0.0;0.0;0.0;0.0;0.0;0.0;0.0;0.0;0.0;0.0;888.0
Icapuí;BARRINHA;-4.8268888888889;-37.268388888889;2024;10;0.0;0.0;0.0;0.0;0.0;0.0;0.0;0.0;0.0;0.0;0.0;0.0;0.0;0.0;0.0;0.0;0.0;0.0;0.0;0.0;0.0;0.0;0.0;999.0;999.0;999.0;999.0;999.0;999.0;999.0;999.0;999.0
