Municipios;Postos;Latitude;Longitude;Anos;Meses;Total;Dia1;Dia2;Dia3;Dia4;Dia5;Dia6;Dia7;Dia8;Dia9;Dia10;Dia11;Dia12;Dia13;Dia14;Dia15;Dia16;Dia17;Dia18;Dia19;Dia20;Dia21;Dia22;Dia23;Dia24;Dia25;Dia26;Dia27;Dia28;Dia29;Dia30;Dia31
Sobral;TAPERUABA;-4.0779444444444;-39.947944444444;1997;10;0.0;0.0;0.0;0.0;0.0;0.0;0.0;0.0;0.0;0.0;0.0;0.0;0.0;0.0;0.0;0.0;0.0;0.0;0.0;0.0;0.0;0.0;0.0;0.0;0.0;0.0;0.0;0.0;0.0;0.0;0.0;0.0
Sobral;TAPERUABA;-4.0779444444444;-39.947944444444;1997;11;0.0;0.0;0.0;0.0;0.0;0.0;0.0;0.0;0.0;0.0;0.0;0.0;0.0;0.0;0.0;0.0;0.0;0.0;0.0;0.0;0.0;0.0;0.0;0.0;0.0;0.0;0.0;0.0;0.0;0.0;0.0;888.0
Sobral;TAPERUABA;-4.0779444444444;-39.947944444444;1997;12;4.0;0.0;0.0;0.0;0.0;0.0;0.0;0.0;0.0;0.0;0.0;0.0;0.0;0.0;0.0;0.0;0.0;0.0;0.0;0.0;0.0;4.0;0.0;0.0;0.0;0.0;0.0;0.0;0.0;0.0;0.0;0.0
Sobral;TAPERUABA;-4.0779444444444;-39.947944444444;1998;1;40.4;0.0;5.0;0.0;0.0;0.0;0.0;0.0;0.0;6.0;0.0;0.0;0.0;0.0;0.0;0.0;0.0;0.0;0.0;0.0;8.0;14.2;0.0;0.0;0.0;0.0;0.0;0.0;0.0;0.0;7.2;0.0
Sobral;TAPERUABA;-4.0779444444444;-39.947944444444;1998;2;14.0;9.0;0.0;0.0;0.0;0.0;0.0;0.0;0.0;0.0;0.0;0.0;0.0;0.0;0.0;0.0;0.0;0.0;0.0;5.0;0.0;0.0;0.0;0.0;0.0;0.0;0.0;0.0;0.0;888.0;888.0;888.0
Sobral;TAPERUABA;-4.0779444444444;-39.947944444444;1998;3;94.7;0.0;0.0;8.0;4.0;0.0;0.0;0.0;0.0;0.0;0.0;0.0;0.0;0.0;0.0;0.0;0.0;0.0;0.0;0.0;0.0;24.3;27.2;31.2;0.0;0.0;0.0;0.0;0.0;0.0;0.0;0.0
Sobral;TAPERUABA;-4.0779444444444;-39.947944444444;1998;4;60.0;0.0;36.0;0.0;0.0;0.0;0.0;0.0;0.0;0.0;0.0;0.0;0.0;0.0;0.0;0.0;0.0;0.0;0.0;0.0;0.0;0.0;0.0;0.0;0.0;0.0;24.0;0.0;0.0;0.0;0.0;888.0
Sobral;TAPERUABA;-4.0779444444444;-39.947944444444;1998;5;35.0;0.0;0.0;0.0;0.0;0.0;0.0;0.0;7.0;0.0;0.0;0.0;0.0;0.0;0.0;0.0;0.0;0.0;0.0;28.0;0.0;0.0;0.0;0.0;0.0;0.0;0.0;0.0;0.0;0.0;0.0;0.0
Sobral;TAPERUABA;-4.0779444444444;-39.947944444444;1998;6;0.0;0.0;0.0;0.0;0.0;0.0;0.0;0.0;0.0;0.0;0.0;0.0;0.0;0.0;0.0;0.0;0.0;0.0;0.0;0.0;0.0;0.0;0.0;0.0;0.0;0.0;0.0;0.0;0.0;0.0;0.0;888.0
Sobral;TAPERUABA;-4.0779444444444;-39.947944444444;1998;7;0.0;0.0;0.0;0.0;0.0;0.0;0.0;0.0;0.0;0.0;0.0;0.0;0.0;0.0;0.0;0.0;0.0;0.0;0.0;0.0;0.0;0.0;0.0;0.0;0.0;0.0;0.0;0.0;0.0;0.0;0.0;0.0
Sobral;TAPERUABA;-4.0779444444444;-39.947944444444;1998;8;0.0;0.0;0.0;0.0;0.0;0.0;0.0;0.0;0.0;0.0;0.0;0.0;0.0;0.0;0.0;0.0;0.0;0.0;0.0;0.0;0.0;0.0;0.0;0.0;0.0;0.0;0.0;0.0;0.0;0.0;0.0;0.0
Sobral;TAPERUABA;-4.0779444444444;-39.947944444444;1998;9;0.0;0.0;0.0;0.0;0.0;0.0;0.0;0.0;0.0;0.0;0.0;0.0;0.0;0.0;0.0;0.0;0.0;0.0;0.0;0.0;0.0;0.0;0.0;0.0;0.0;0.0;0.0;0.0;0.0;0.0;0.0;888.0
Sobral;TAPERUABA;-4.0779444444444;-39.947944444444;1998;10;0.0;0.0;0.0;0.0;0.0;0.0;0.0;0.0;0.0;0.0;0.0;0.0;0.0;0.0;0.0;0.0;0.0;0.0;0.0;0.0;0.0;0.0;0.0;0.0;0.0;0.0;0.0;0.0;0.0;0.0;0.0;0.0
Sobral;TAPERUABA;-4.0779444444444;-39.947944444444;1998;11;0.0;0.0;0.0;0.0;0.0;0.0;0.0;0.0;0.0;0.0;0.0;0.0;0.0;0.0;0.0;0.0;0.0;0.0;0.0;0.0;0.0;0.0;0.0;0.0;0.0;0.0;0.0;0.0;0.0;0.0;0.0;888.0
Sobral;TAPERUABA;-4.0779444444444;-39.947944444444;1998;12;0.0;0.0;0.0;0.0;0.0;0.0;0.0;0.0;0.0;0.0;0.0;0.0;0.0;0.0;0.0;0.0;0.0;0.0;0.0;0.0;0.0;0.0;0.0;0.0;0.0;0.0;0.0;0.0;0.0;0.0;0.0;0.0
Sobral;TAPERUABA;-4.0779444444444;-39.947944444444;1999;1;37.0;0.0;0.0;0.0;0.0;0.0;0.0;0.0;0.0;11.0;0.0;0.0;0.0;0.0;0.0;0.0;0.0;0.0;0.0;26.0;0.0;0.0;0.0;0.0;0.0;0.0;0.0;0.0;0.0;0.0;0.0;0.0
Sobral;TAPERUABA;-4.0779444444444;-39.947944444444;1999;2;65.0;0.0;0.0;0.0;5.0;0.0;0.0;0.0;0.0;0.0;0.0;0.0;0.0;0.0;0.0;0.0;0.0;0.0;0.0;0.0;0.0;0.0;10.0;6.0;23.0;0.0;21.0;0.0;0.0;888.0;888.0;888.0
Sobral;TAPERUABA;-4.0779444444444;-39.947944444444;1999;3;123.0;0.0;4.0;16.0;0.0;21.0;0.0;0.0;0.0;0.0;0.0;0.0;0.0;8.0;0.0;0.0;0.0;0.0;19.0;18.0;0.0;0.0;24.0;0.0;6.0;0.0;0.0;0.0;0.0;7.0;0.0;0.0
Sobral;TAPERUABA;-4.0779444444444;-39.947944444444;1999;4;171.0;0.0;0.0;0.0;0.0;22.0;0.0;0.0;0.0;0.0;0.0;0.0;8.0;41.0;7.0;0.0;0.0;0.0;0.0;0.0;0.0;0.0;0.0;0.0;0.0;0.0;72.0;0.0;18.0;3.0;0.0;888.0
Sobral;TAPERUABA;-4.0779444444444;-39.947944444444;1999;5;66.0;0.0;0.0;4.0;0.0;0.0;11.0;0.0;3.0;0.0;0.0;5.0;0.0;0.0;0.0;0.0;27.0;6.0;10.0;0.0;0.0;0.0;0.0;0.0;0.0;0.0;0.0;0.0;0.0;0.0;0.0;0.0
Sobral;TAPERUABA;-4.0779444444444;-39.947944444444;1999;6;9.0;0.0;0.0;0.0;0.0;0.0;0.0;0.0;0.0;0.0;0.0;0.0;0.0;0.0;0.0;0.0;9.0;0.0;0.0;0.0;0.0;0.0;0.0;0.0;0.0;0.0;0.0;0.0;0.0;0.0;0.0;888.0
Sobral;TAPERUABA;-4.0779444444444;-39.947944444444;1999;7;0.0;0.0;0.0;0.0;0.0;0.0;0.0;0.0;0.0;0.0;0.0;0.0;0.0;0.0;0.0;0.0;0.0;0.0;0.0;0.0;0.0;0.0;0.0;0.0;0.0;0.0;0.0;0.0;0.0;0.0;0.0;0.0
Sobral;TAPERUABA;-4.0779444444444;-39.947944444444;1999;8;0.0;0.0;0.0;0.0;0.0;0.0;0.0;0.0;0.0;0.0;0.0;0.0;0.0;0.0;0.0;0.0;0.0;0.0;0.0;0.0;0.0;0.0;0.0;0.0;0.0;0.0;0.0;0.0;0.0;0.0;0.0;0.0
Sobral;TAPERUABA;-4.0779444444444;-39.947944444444;1999;9;0.0;0.0;0.0;0.0;0.0;0.0;0.0;0.0;0.0;0.0;0.0;0.0;0.0;0.0;0.0;0.0;0.0;0.0;0.0;0.0;0.0;0.0;0.0;0.0;0.0;0.0;0.0;0.0;0.0;0.0;0.0;888.0
Sobral;TAPERUABA;-4.0779444444444;-39.947944444444;1999;10;0.0;0.0;0.0;0.0;0.0;0.0;0.0;0.0;0.0;0.0;0.0;0.0;0.0;0.0;0.0;0.0;0.0;0.0;0.0;0.0;0.0;0.0;0.0;0.0;0.0;0.0;0.0;0.0;0.0;0.0;0.0;0.0
Sobral;TAPERUABA;-4.0779444444444;-39.947944444444;1999;11;6.0;0.0;0.0;0.0;0.0;0.0;0.0;0.0;0.0;0.0;0.0;0.0;0.0;0.0;0.0;0.0;0.0;0.0;0.0;0.0;0.0;0.0;0.0;0.0;0.0;6.0;0.0;0.0;0.0;0.0;0.0;888.0
Sobral;TAPERUABA;-4.0779444444444;-39.947944444444;1999;12;82.0;0.0;0.0;0.0;0.0;0.0;0.0;0.0;0.0;0.0;0.0;0.0;0.0;0.0;0.0;0.0;0.0;0.0;0.0;0.0;0.0;0.0;0.0;0.0;0.0;0.0;0.0;0.0;28.0;0.0;6.0;48.0
Sobral;TAPERUABA;-4.0779444444444;-39.947944444444;2000;1;349.0;0.0;0.0;0.0;68.0;82.0;0.0;0.0;23.0;48.0;13.0;0.0;0.0;0.0;0.0;103.0;0.0;0.0;0.0;0.0;0.0;12.0;0.0;0.0;0.0;0.0;0.0;0.0;0.0;0.0;0.0;0.0
Sobral;TAPERUABA;-4.0779444444444;-39.947944444444;2000;2;147.0;0.0;0.0;0.0;0.0;0.0;0.0;0.0;0.0;0.0;10.0;0.0;0.0;0.0;0.0;33.0;27.0;47.0;0.0;6.0;7.0;0.0;0.0;0.0;17.0;0.0;0.0;0.0;0.0;0.0;888.0;888.0
Sobral;TAPERUABA;-4.0779444444444;-39.947944444444;2000;3;145.0;16.0;12.0;0.0;0.0;0.0;0.0;0.0;15.0;17.0;0.0;0.0;3.0;0.0;0.0;0.0;0.0;0.0;0.0;0.0;0.0;0.0;0.0;4.0;0.0;6.0;2.0;8.0;28.0;0.0;34.0;0.0
Sobral;TAPERUABA;-4.0779444444444;-39.947944444444;2000;4;153.0;0.0;8.0;0.0;0.0;0.0;14.0;0.0;0.0;0.0;0.0;0.0;0.0;0.0;56.0;12.0;6.0;0.0;23.0;0.0;0.0;0.0;0.0;18.0;0.0;0.0;0.0;0.0;0.0;0.0;16.0;888.0
Sobral;TAPERUABA;-4.0779444444444;-39.947944444444;2000;5;20.0;0.0;0.0;0.0;0.0;0.0;0.0;0.0;0.0;0.0;13.0;0.0;0.0;0.0;0.0;0.0;0.0;7.0;0.0;0.0;0.0;0.0;0.0;0.0;0.0;0.0;0.0;0.0;0.0;0.0;0.0;0.0
Sobral;TAPERUABA;-4.0779444444444;-39.947944444444;2000;6;0.0;0.0;0.0;0.0;0.0;0.0;0.0;0.0;0.0;0.0;0.0;0.0;0.0;0.0;0.0;0.0;0.0;0.0;0.0;0.0;0.0;0.0;0.0;0.0;0.0;0.0;0.0;0.0;0.0;0.0;0.0;888.0
Sobral;TAPERUABA;-4.0779444444444;-39.947944444444;2000;7;0.0;0.0;0.0;0.0;0.0;0.0;0.0;0.0;0.0;0.0;0.0;0.0;0.0;0.0;0.0;0.0;0.0;0.0;0.0;0.0;0.0;0.0;0.0;0.0;0.0;0.0;0.0;0.0;0.0;0.0;0.0;0.0
Sobral;TAPERUABA;-4.0779444444444;-39.947944444444;2000;8;0.0;0.0;0.0;0.0;0.0;0.0;0.0;0.0;0.0;0.0;0.0;0.0;0.0;0.0;0.0;0.0;0.0;0.0;0.0;0.0;0.0;0.0;0.0;0.0;0.0;0.0;0.0;0.0;0.0;0.0;0.0;0.0
Sobral;TAPERUABA;-4.0779444444444;-39.947944444444;2000;9;0.0;0.0;0.0;0.0;0.0;0.0;0.0;0.0;0.0;0.0;0.0;0.0;0.0;0.0;0.0;0.0;0.0;0.0;0.0;0.0;0.0;0.0;0.0;0.0;0.0;0.0;0.0;0.0;0.0;0.0;0.0;888.0
Sobral;TAPERUABA;-4.0779444444444;-39.947944444444;2000;10;0.0;0.0;0.0;0.0;0.0;0.0;0.0;0.0;0.0;0.0;0.0;0.0;0.0;0.0;0.0;0.0;0.0;0.0;0.0;0.0;0.0;0.0;0.0;0.0;0.0;0.0;0.0;0.0;0.0;0.0;0.0;0.0
Sobral;TAPERUABA;-4.0779444444444;-39.947944444444;2000;11;0.0;0.0;0.0;0.0;0.0;0.0;0.0;0.0;0.0;0.0;0.0;0.0;0.0;0.0;0.0;0.0;0.0;0.0;0.0;0.0;0.0;0.0;0.0;0.0;0.0;0.0;0.0;0.0;0.0;0.0;0.0;888.0
Sobral;TAPERUABA;-4.0779444444444;-39.947944444444;2000;12;0.0;0.0;0.0;0.0;0.0;0.0;0.0;0.0;0.0;0.0;0.0;0.0;0.0;0.0;0.0;0.0;0.0;0.0;0.0;0.0;0.0;0.0;0.0;0.0;0.0;0.0;0.0;0.0;0.0;0.0;0.0;0.0
Sobral;TAPERUABA;-4.0779444444444;-39.947944444444;2001;1;44.2;0.0;0.0;0.0;3.0;0.0;0.0;6.0;0.0;0.0;0.0;0.0;20.2;12.0;0.0;3.0;0.0;0.0;0.0;0.0;0.0;0.0;0.0;0.0;0.0;0.0;0.0;0.0;0.0;0.0;0.0;0.0
Sobral;TAPERUABA;-4.0779444444444;-39.947944444444;2001;2;45.4;0.0;0.0;5.2;3.0;0.0;0.0;0.0;0.0;0.0;0.0;0.0;4.0;0.0;0.0;4.0;0.0;0.0;0.0;0.0;0.0;0.0;0.0;0.0;0.0;0.0;6.0;0.0;23.2;888.0;888.0;888.0
Sobral;TAPERUABA;-4.0779444444444;-39.947944444444;2001;3;50.6;0.0;0.0;0.0;0.0;0.0;0.0;0.0;0.0;5.2;0.0;0.0;25.2;2.0;7.0;0.0;0.0;0.0;0.0;0.0;0.0;11.2;0.0;0.0;0.0;0.0;0.0;0.0;0.0;0.0;0.0;0.0
Sobral;TAPERUABA;-4.0779444444444;-39.947944444444;2001;4;269.1;0.0;4.3;47.3;5.3;0.0;0.0;0.0;0.0;0.0;36.3;35.0;12.2;0.0;0.0;0.0;18.2;45.0;30.2;18.0;0.0;0.0;0.0;6.0;0.0;0.0;11.3;0.0;0.0;0.0;0.0;888.0
Sobral;TAPERUABA;-4.0779444444444;-39.947944444444;2001;5;8.0;0.0;0.0;0.0;0.0;0.0;0.0;0.0;0.0;0.0;8.0;0.0;0.0;0.0;0.0;0.0;0.0;0.0;0.0;0.0;0.0;0.0;0.0;0.0;0.0;0.0;0.0;0.0;0.0;0.0;0.0;0.0
Sobral;TAPERUABA;-4.0779444444444;-39.947944444444;2001;6;8.0;0.0;8.0;0.0;0.0;0.0;0.0;0.0;0.0;0.0;0.0;0.0;0.0;0.0;0.0;0.0;0.0;0.0;0.0;0.0;0.0;0.0;0.0;0.0;0.0;0.0;0.0;0.0;0.0;0.0;0.0;888.0
Sobral;TAPERUABA;-4.0779444444444;-39.947944444444;2001;7;0.0;0.0;0.0;0.0;0.0;0.0;0.0;0.0;0.0;0.0;0.0;0.0;0.0;0.0;0.0;0.0;0.0;0.0;0.0;0.0;0.0;0.0;0.0;0.0;0.0;0.0;0.0;0.0;0.0;0.0;0.0;0.0
Sobral;TAPERUABA;-4.0779444444444;-39.947944444444;2001;8;0.0;0.0;0.0;0.0;0.0;0.0;0.0;0.0;0.0;0.0;0.0;0.0;0.0;0.0;0.0;0.0;0.0;0.0;0.0;0.0;0.0;0.0;0.0;0.0;0.0;0.0;0.0;0.0;0.0;0.0;0.0;0.0
Sobral;TAPERUABA;-4.0779444444444;-39.947944444444;2001;9;0.0;0.0;0.0;0.0;0.0;0.0;0.0;0.0;0.0;0.0;0.0;0.0;0.0;0.0;0.0;0.0;0.0;0.0;0.0;0.0;0.0;0.0;0.0;0.0;0.0;0.0;0.0;0.0;0.0;0.0;0.0;888.0
Sobral;TAPERUABA;-4.0779444444444;-39.947944444444;2001;10;0.0;0.0;0.0;0.0;0.0;0.0;0.0;0.0;0.0;0.0;0.0;0.0;0.0;0.0;0.0;0.0;0.0;0.0;0.0;0.0;0.0;0.0;0.0;0.0;0.0;0.0;0.0;0.0;0.0;0.0;0.0;0.0
Sobral;TAPERUABA;-4.0779444444444;-39.947944444444;2001;11;0.0;0.0;0.0;0.0;0.0;0.0;0.0;0.0;0.0;0.0;0.0;0.0;0.0;0.0;0.0;0.0;0.0;0.0;0.0;0.0;0.0;0.0;0.0;0.0;0.0;0.0;0.0;0.0;0.0;0.0;0.0;888.0
Sobral;TAPERUABA;-4.0779444444444;-39.947944444444;2001;12;8.0;0.0;0.0;5.0;3.0;0.0;0.0;0.0;0.0;0.0;0.0;0.0;0.0;0.0;0.0;0.0;0.0;0.0;0.0;0.0;0.0;0.0;0.0;0.0;0.0;0.0;0.0;0.0;0.0;0.0;0.0;0.0
Sobral;TAPERUABA;-4.0779444444444;-39.947944444444;2002;1;0.0;0.0;0.0;0.0;0.0;0.0;0.0;0.0;0.0;0.0;0.0;0.0;0.0;0.0;0.0;0.0;0.0;0.0;0.0;0.0;0.0;0.0;0.0;0.0;0.0;0.0;0.0;0.0;0.0;0.0;0.0;0.0
Sobral;TAPERUABA;-4.0779444444444;-39.947944444444;2002;2;12.0;0.0;5.0;0.0;0.0;0.0;0.0;0.0;0.0;0.0;0.0;0.0;0.0;5.0;0.0;0.0;0.0;0.0;0.0;0.0;0.0;0.0;0.0;0.0;0.0;2.0;0.0;0.0;0.0;888.0;888.0;888.0
Sobral;TAPERUABA;-4.0779444444444;-39.947944444444;2002;3;149.0;0.0;0.0;7.0;0.0;18.0;3.0;11.2;0.0;17.3;0.0;0.0;0.0;0.0;0.0;0.0;37.0;4.0;2.0;4.0;0.0;0.0;0.0;37.2;0.0;0.0;0.0;0.0;0.0;8.3;0.0;0.0
Sobral;TAPERUABA;-4.0779444444444;-39.947944444444;2002;4;104.8;0.0;0.0;0.0;7.3;22.0;0.0;29.0;0.0;17.3;7.2;0.0;0.0;0.0;0.0;0.0;0.0;0.0;0.0;0.0;0.0;0.0;0.0;4.0;0.0;0.0;18.0;0.0;0.0;0.0;0.0;888.0
Sobral;TAPERUABA;-4.0779444444444;-39.947944444444;2002;5;23.6;9.3;0.0;0.0;0.0;0.0;0.0;0.0;0.0;0.0;0.0;14.3;0.0;0.0;0.0;0.0;0.0;0.0;0.0;0.0;0.0;0.0;0.0;0.0;0.0;0.0;0.0;0.0;0.0;0.0;0.0;0.0
Sobral;TAPERUABA;-4.0779444444444;-39.947944444444;2002;6;17.2;0.0;0.0;0.0;0.0;0.0;0.0;0.0;0.0;0.0;0.0;0.0;0.0;0.0;0.0;11.2;0.0;0.0;6.0;0.0;0.0;0.0;0.0;0.0;0.0;0.0;0.0;0.0;0.0;0.0;0.0;888.0
Sobral;TAPERUABA;-4.0779444444444;-39.947944444444;2002;7;4.0;4.0;0.0;0.0;0.0;0.0;0.0;0.0;0.0;0.0;0.0;0.0;0.0;0.0;0.0;0.0;0.0;0.0;0.0;0.0;0.0;0.0;0.0;0.0;0.0;0.0;0.0;0.0;0.0;0.0;0.0;0.0
Sobral;TAPERUABA;-4.0779444444444;-39.947944444444;2002;8;0.0;0.0;0.0;0.0;0.0;0.0;0.0;0.0;0.0;0.0;0.0;0.0;0.0;0.0;0.0;0.0;0.0;0.0;0.0;0.0;0.0;0.0;0.0;0.0;0.0;0.0;0.0;0.0;0.0;0.0;0.0;0.0
Sobral;TAPERUABA;-4.0779444444444;-39.947944444444;2002;9;0.0;0.0;0.0;0.0;0.0;0.0;0.0;0.0;0.0;0.0;0.0;0.0;0.0;0.0;0.0;0.0;0.0;0.0;0.0;0.0;0.0;0.0;0.0;0.0;0.0;0.0;0.0;0.0;0.0;0.0;0.0;888.0
Sobral;TAPERUABA;-4.0779444444444;-39.947944444444;2002;10;0.0;0.0;0.0;0.0;0.0;0.0;0.0;0.0;0.0;0.0;0.0;0.0;0.0;0.0;0.0;0.0;0.0;0.0;0.0;0.0;0.0;0.0;0.0;0.0;0.0;0.0;0.0;0.0;0.0;0.0;0.0;0.0
Sobral;TAPERUABA;-4.0779444444444;-39.947944444444;2002;11;0.0;0.0;0.0;0.0;0.0;0.0;0.0;0.0;0.0;0.0;0.0;0.0;0.0;0.0;0.0;0.0;0.0;0.0;0.0;0.0;0.0;0.0;0.0;0.0;0.0;0.0;0.0;0.0;0.0;0.0;0.0;888.0
Sobral;TAPERUABA;-4.0779444444444;-39.947944444444;2002;12;6.0;0.0;0.0;0.0;0.0;0.0;0.0;0.0;0.0;0.0;0.0;0.0;0.0;0.0;0.0;0.0;0.0;0.0;0.0;0.0;0.0;0.0;0.0;0.0;6.0;0.0;0.0;0.0;0.0;0.0;0.0;0.0
Sobral;TAPERUABA;-4.0779444444444;-39.947944444444;2003;1;99.2;0.0;0.0;0.0;0.0;0.0;0.0;0.0;0.0;0.0;0.0;0.0;0.0;0.0;0.0;0.0;0.0;0.0;0.0;3.0;22.0;19.0;32.0;0.0;0.0;0.0;12.2;0.0;7.0;4.0;0.0;0.0
Sobral;TAPERUABA;-4.0779444444444;-39.947944444444;2003;2;161.0;0.0;2.0;0.0;0.0;0.0;0.0;0.0;0.0;0.0;2.0;7.0;0.0;0.0;0.0;0.0;0.0;0.0;6.0;0.0;8.0;0.0;0.0;9.0;51.0;76.0;0.0;0.0;0.0;888.0;888.0;888.0
Sobral;TAPERUABA;-4.0779444444444;-39.947944444444;2003;3;304.8;0.0;0.0;22.0;17.8;6.0;0.0;0.0;0.0;0.0;0.0;12.0;0.0;0.0;0.0;22.0;33.0;7.0;0.0;0.0;21.0;32.0;0.0;103.0;0.0;0.0;9.0;0.0;9.0;11.0;0.0;0.0
Sobral;TAPERUABA;-4.0779444444444;-39.947944444444;2003;4;115.0;17.0;15.0;0.0;0.0;0.0;0.0;17.0;0.0;0.0;11.0;6.0;0.0;0.0;0.0;0.0;0.0;0.0;0.0;0.0;0.0;5.0;0.0;0.0;0.0;19.0;0.0;21.0;0.0;4.0;0.0;888.0
Sobral;TAPERUABA;-4.0779444444444;-39.947944444444;2003;5;15.0;0.0;4.0;0.0;11.0;0.0;0.0;0.0;0.0;0.0;0.0;0.0;0.0;0.0;0.0;0.0;0.0;0.0;0.0;0.0;0.0;0.0;0.0;0.0;0.0;0.0;0.0;0.0;0.0;0.0;0.0;0.0
Sobral;TAPERUABA;-4.0779444444444;-39.947944444444;2003;6;0.0;0.0;999.0;999.0;999.0;999.0;999.0;999.0;999.0;999.0;999.0;999.0;999.0;999.0;999.0;999.0;999.0;999.0;999.0;999.0;999.0;999.0;999.0;999.0;999.0;999.0;999.0;999.0;999.0;999.0;999.0;888.0
Sobral;TAPERUABA;-4.0779444444444;-39.947944444444;2003;7;0.0;0.0;999.0;999.0;999.0;999.0;999.0;999.0;999.0;999.0;999.0;999.0;999.0;999.0;999.0;999.0;999.0;999.0;999.0;999.0;999.0;999.0;999.0;999.0;999.0;999.0;999.0;999.0;999.0;999.0;999.0;999.0
Sobral;TAPERUABA;-4.0779444444444;-39.947944444444;2003;8;0.0;0.0;999.0;999.0;999.0;999.0;999.0;999.0;999.0;999.0;999.0;999.0;999.0;999.0;999.0;999.0;999.0;999.0;999.0;999.0;999.0;999.0;999.0;999.0;999.0;999.0;999.0;999.0;999.0;999.0;999.0;999.0
Sobral;TAPERUABA;-4.0779444444444;-39.947944444444;2003;9;0.0;0.0;999.0;999.0;999.0;999.0;999.0;999.0;999.0;999.0;999.0;999.0;999.0;999.0;999.0;999.0;999.0;999.0;999.0;999.0;999.0;999.0;999.0;999.0;999.0;999.0;999.0;999.0;999.0;999.0;999.0;888.0
Sobral;TAPERUABA;-4.0779444444444;-39.947944444444;2003;10;0.0;0.0;999.0;999.0;999.0;999.0;999.0;999.0;999.0;999.0;999.0;999.0;999.0;999.0;999.0;999.0;999.0;999.0;999.0;999.0;999.0;999.0;999.0;999.0;999.0;999.0;999.0;999.0;999.0;999.0;999.0;999.0
Sobral;TAPERUABA;-4.0779444444444;-39.947944444444;2003;11;0.0;0.0;999.0;999.0;999.0;999.0;999.0;999.0;999.0;999.0;999.0;999.0;999.0;999.0;999.0;999.0;999.0;999.0;999.0;999.0;999.0;999.0;999.0;999.0;999.0;999.0;999.0;999.0;999.0;999.0;999.0;888.0
Sobral;TAPERUABA;-4.0779444444444;-39.947944444444;2003;12;0.0;0.0;0.0;0.0;0.0;0.0;0.0;0.0;0.0;0.0;0.0;0.0;0.0;0.0;0.0;0.0;0.0;0.0;0.0;0.0;0.0;0.0;0.0;0.0;0.0;0.0;0.0;0.0;0.0;0.0;0.0;0.0
Sobral;TAPERUABA;-4.0779444444444;-39.947944444444;2004;1;433.0;0.0;0.0;0.0;0.0;0.0;0.0;0.0;0.0;0.0;0.0;0.0;0.0;0.0;4.0;0.0;0.0;29.0;0.0;0.0;50.0;0.0;0.0;46.0;58.0;77.0;46.0;56.0;0.0;67.0;0.0;0.0
Sobral;TAPERUABA;-4.0779444444444;-39.947944444444;2004;2;18.0;0.0;7.0;0.0;0.0;0.0;0.0;0.0;11.0;0.0;0.0;0.0;0.0;0.0;0.0;0.0;0.0;0.0;0.0;0.0;0.0;0.0;0.0;0.0;0.0;0.0;0.0;0.0;0.0;0.0;888.0;888.0
Sobral;TAPERUABA;-4.0779444444444;-39.947944444444;2004;3;102.0;0.0;0.0;0.0;0.0;0.0;34.0;0.0;68.0;0.0;0.0;0.0;0.0;0.0;0.0;0.0;0.0;0.0;0.0;0.0;0.0;0.0;0.0;0.0;0.0;0.0;0.0;0.0;0.0;0.0;0.0;0.0
Sobral;TAPERUABA;-4.0779444444444;-39.947944444444;2004;4;0.0;0.0;0.0;0.0;0.0;0.0;0.0;0.0;0.0;0.0;0.0;0.0;0.0;0.0;0.0;0.0;0.0;0.0;0.0;0.0;0.0;0.0;0.0;0.0;0.0;0.0;0.0;0.0;0.0;0.0;0.0;888.0
Sobral;TAPERUABA;-4.0779444444444;-39.947944444444;2004;5;0.0;0.0;999.0;999.0;999.0;999.0;999.0;999.0;999.0;999.0;999.0;999.0;999.0;999.0;999.0;999.0;999.0;999.0;999.0;999.0;999.0;999.0;999.0;999.0;999.0;999.0;999.0;999.0;999.0;999.0;999.0;999.0
Sobral;TAPERUABA;-4.0779444444444;-39.947944444444;2004;6;77.0;0.0;0.0;0.0;0.0;0.0;0.0;37.0;0.0;0.0;0.0;0.0;0.0;0.0;6.0;0.0;0.0;0.0;0.0;18.0;0.0;0.0;0.0;0.0;0.0;0.0;0.0;16.0;0.0;0.0;0.0;888.0
Sobral;TAPERUABA;-4.0779444444444;-39.947944444444;2004;7;11.0;0.0;0.0;0.0;0.0;0.0;0.0;0.0;0.0;0.0;11.0;0.0;0.0;0.0;0.0;0.0;0.0;0.0;0.0;0.0;0.0;0.0;0.0;0.0;0.0;0.0;0.0;0.0;0.0;0.0;0.0;0.0
Sobral;TAPERUABA;-4.0779444444444;-39.947944444444;2004;8;0.0;0.0;0.0;0.0;0.0;0.0;0.0;0.0;0.0;0.0;0.0;0.0;0.0;0.0;0.0;0.0;0.0;0.0;0.0;0.0;0.0;0.0;0.0;0.0;0.0;0.0;0.0;0.0;0.0;0.0;0.0;0.0
Sobral;TAPERUABA;-4.0779444444444;-39.947944444444;2004;9;0.0;0.0;0.0;0.0;0.0;0.0;0.0;0.0;0.0;0.0;0.0;0.0;0.0;0.0;0.0;0.0;0.0;0.0;0.0;0.0;0.0;0.0;0.0;0.0;0.0;0.0;0.0;0.0;0.0;0.0;0.0;888.0
Sobral;TAPERUABA;-4.0779444444444;-39.947944444444;2004;10;0.0;0.0;0.0;0.0;0.0;0.0;0.0;0.0;0.0;0.0;0.0;0.0;0.0;0.0;0.0;0.0;0.0;0.0;0.0;0.0;0.0;0.0;0.0;0.0;0.0;0.0;0.0;0.0;0.0;0.0;0.0;0.0
Sobral;TAPERUABA;-4.0779444444444;-39.947944444444;2004;11;0.0;0.0;0.0;0.0;0.0;0.0;0.0;0.0;0.0;0.0;0.0;0.0;0.0;0.0;0.0;0.0;0.0;0.0;0.0;0.0;0.0;0.0;0.0;0.0;0.0;0.0;0.0;0.0;0.0;0.0;0.0;888.0
Sobral;TAPERUABA;-4.0779444444444;-39.947944444444;2004;12;0.0;0.0;0.0;0.0;0.0;0.0;0.0;0.0;0.0;0.0;0.0;0.0;0.0;0.0;0.0;0.0;0.0;0.0;0.0;0.0;0.0;0.0;0.0;0.0;0.0;0.0;0.0;0.0;0.0;0.0;0.0;0.0
Sobral;TAPERUABA;-4.0779444444444;-39.947944444444;2005;1;130.0;0.0;0.0;0.0;0.0;0.0;0.0;0.0;0.0;0.0;0.0;0.0;0.0;0.0;0.0;0.0;22.0;4.0;0.0;0.0;0.0;0.0;0.0;0.0;104.0;0.0;0.0;0.0;0.0;0.0;0.0;0.0
Sobral;TAPERUABA;-4.0779444444444;-39.947944444444;2005;2;41.0;0.0;0.0;0.0;0.0;0.0;0.0;0.0;0.0;0.0;0.0;0.0;0.0;0.0;13.0;22.0;6.0;0.0;0.0;0.0;0.0;0.0;0.0;0.0;0.0;0.0;0.0;0.0;0.0;888.0;888.0;888.0
Sobral;TAPERUABA;-4.0779444444444;-39.947944444444;2005;3;0.0;0.0;0.0;0.0;0.0;0.0;0.0;0.0;0.0;0.0;0.0;0.0;0.0;0.0;0.0;0.0;0.0;0.0;0.0;0.0;0.0;0.0;0.0;0.0;0.0;0.0;0.0;0.0;0.0;0.0;0.0;0.0
Sobral;TAPERUABA;-4.0779444444444;-39.947944444444;2005;4;74.0;0.0;0.0;0.0;0.0;0.0;11.0;0.0;0.0;0.0;9.0;0.0;0.0;7.0;0.0;0.0;0.0;0.0;0.0;0.0;0.0;0.0;9.0;0.0;0.0;38.0;0.0;0.0;0.0;0.0;0.0;888.0
Sobral;TAPERUABA;-4.0779444444444;-39.947944444444;2005;5;20.0;4.0;16.0;0.0;0.0;0.0;0.0;0.0;0.0;0.0;0.0;0.0;0.0;0.0;0.0;0.0;0.0;0.0;0.0;0.0;0.0;0.0;0.0;0.0;0.0;0.0;0.0;0.0;0.0;0.0;0.0;0.0
Sobral;TAPERUABA;-4.0779444444444;-39.947944444444;2005;6;0.0;0.0;0.0;0.0;0.0;0.0;0.0;0.0;0.0;0.0;0.0;0.0;0.0;0.0;0.0;0.0;0.0;0.0;0.0;0.0;0.0;0.0;0.0;0.0;0.0;0.0;0.0;0.0;0.0;0.0;0.0;888.0
Sobral;TAPERUABA;-4.0779444444444;-39.947944444444;2005;7;0.0;0.0;0.0;0.0;0.0;0.0;0.0;0.0;0.0;0.0;0.0;0.0;0.0;0.0;0.0;0.0;0.0;0.0;0.0;0.0;0.0;0.0;0.0;0.0;0.0;0.0;0.0;0.0;0.0;0.0;0.0;0.0
Sobral;TAPERUABA;-4.0779444444444;-39.947944444444;2005;8;0.0;0.0;0.0;0.0;0.0;0.0;0.0;0.0;0.0;0.0;0.0;0.0;0.0;0.0;0.0;0.0;0.0;0.0;0.0;0.0;0.0;0.0;0.0;0.0;0.0;0.0;0.0;0.0;0.0;0.0;0.0;0.0
Sobral;TAPERUABA;-4.0779444444444;-39.947944444444;2005;9;0.0;0.0;0.0;0.0;0.0;0.0;0.0;0.0;0.0;0.0;0.0;0.0;0.0;0.0;0.0;0.0;0.0;0.0;0.0;0.0;0.0;0.0;0.0;0.0;0.0;0.0;0.0;0.0;0.0;0.0;0.0;888.0
Sobral;TAPERUABA;-4.0779444444444;-39.947944444444;2005;10;0.0;0.0;0.0;0.0;0.0;0.0;0.0;0.0;0.0;0.0;0.0;0.0;0.0;0.0;0.0;0.0;0.0;0.0;0.0;0.0;0.0;0.0;0.0;0.0;0.0;0.0;0.0;0.0;0.0;0.0;0.0;0.0
Sobral;TAPERUABA;-4.0779444444444;-39.947944444444;2005;11;0.0;0.0;0.0;0.0;0.0;0.0;0.0;0.0;0.0;0.0;0.0;0.0;0.0;0.0;0.0;0.0;0.0;0.0;0.0;0.0;0.0;0.0;0.0;0.0;0.0;0.0;0.0;0.0;0.0;0.0;0.0;888.0
Sobral;TAPERUABA;-4.0779444444444;-39.947944444444;2005;12;0.0;0.0;0.0;0.0;0.0;0.0;0.0;0.0;0.0;0.0;0.0;0.0;0.0;0.0;0.0;0.0;0.0;0.0;0.0;0.0;0.0;0.0;0.0;0.0;0.0;0.0;0.0;0.0;0.0;0.0;0.0;0.0
Sobral;TAPERUABA;-4.0779444444444;-39.947944444444;2006;1;0.0;0.0;0.0;0.0;0.0;0.0;0.0;0.0;0.0;0.0;0.0;0.0;0.0;0.0;0.0;0.0;0.0;0.0;0.0;0.0;0.0;0.0;0.0;0.0;0.0;0.0;0.0;0.0;0.0;0.0;0.0;0.0
Sobral;TAPERUABA;-4.0779444444444;-39.947944444444;2006;2;225.4;0.0;0.0;0.0;0.0;0.0;0.0;0.0;0.0;0.0;0.0;10.0;4.0;0.0;38.0;23.0;12.0;0.0;0.0;13.2;0.0;0.0;5.0;64.0;40.2;0.0;4.0;3.0;9.0;888.0;888.0;888.0
Sobral;TAPERUABA;-4.0779444444444;-39.947944444444;2006;3;207.0;62.0;72.0;0.0;4.0;0.0;0.0;0.0;0.0;15.0;10.0;0.0;0.0;0.0;8.0;0.0;0.0;0.0;0.0;11.0;3.0;0.0;0.0;4.0;0.0;0.0;7.0;11.0;0.0;0.0;0.0;0.0
Sobral;TAPERUABA;-4.0779444444444;-39.947944444444;2006;4;145.4;0.0;7.0;0.0;0.0;0.0;3.2;0.0;0.0;14.0;0.0;0.0;6.0;0.0;0.0;0.0;0.0;23.0;3.0;18.0;0.0;3.0;0.0;0.0;14.0;0.0;0.0;0.0;19.0;28.2;7.0;888.0
Sobral;TAPERUABA;-4.0779444444444;-39.947944444444;2006;5;84.0;0.0;0.0;0.0;0.0;0.0;21.0;5.0;18.0;0.0;2.0;0.0;0.0;14.0;8.0;0.0;0.0;0.0;0.0;10.0;0.0;0.0;0.0;0.0;0.0;6.0;0.0;0.0;0.0;0.0;0.0;0.0
Sobral;TAPERUABA;-4.0779444444444;-39.947944444444;2006;6;43.0;0.0;0.0;0.0;0.0;0.0;0.0;0.0;0.0;0.0;0.0;8.0;23.0;12.0;0.0;0.0;0.0;0.0;0.0;0.0;0.0;0.0;0.0;0.0;0.0;0.0;0.0;0.0;0.0;0.0;0.0;888.0
Sobral;TAPERUABA;-4.0779444444444;-39.947944444444;2006;7;0.0;0.0;0.0;0.0;0.0;0.0;0.0;0.0;0.0;0.0;0.0;0.0;0.0;0.0;0.0;0.0;0.0;0.0;0.0;0.0;0.0;0.0;0.0;0.0;0.0;0.0;0.0;0.0;0.0;0.0;0.0;0.0
Sobral;TAPERUABA;-4.0779444444444;-39.947944444444;2006;8;0.0;0.0;0.0;0.0;0.0;0.0;0.0;0.0;0.0;0.0;0.0;0.0;0.0;0.0;0.0;0.0;0.0;0.0;0.0;0.0;0.0;0.0;0.0;0.0;0.0;0.0;0.0;0.0;0.0;0.0;0.0;0.0
Sobral;TAPERUABA;-4.0779444444444;-39.947944444444;2006;9;0.0;0.0;0.0;0.0;0.0;0.0;0.0;0.0;0.0;0.0;0.0;0.0;0.0;0.0;0.0;0.0;0.0;0.0;0.0;0.0;0.0;0.0;0.0;0.0;0.0;0.0;0.0;0.0;0.0;0.0;0.0;888.0
Sobral;TAPERUABA;-4.0779444444444;-39.947944444444;2006;10;0.0;0.0;0.0;0.0;0.0;0.0;0.0;0.0;0.0;0.0;0.0;0.0;0.0;0.0;0.0;0.0;0.0;0.0;0.0;0.0;0.0;0.0;0.0;0.0;0.0;0.0;0.0;0.0;0.0;0.0;0.0;0.0
Sobral;TAPERUABA;-4.0779444444444;-39.947944444444;2006;11;0.0;0.0;0.0;0.0;0.0;0.0;0.0;0.0;0.0;0.0;0.0;0.0;0.0;0.0;0.0;0.0;0.0;0.0;0.0;0.0;0.0;0.0;0.0;0.0;0.0;0.0;0.0;0.0;0.0;0.0;0.0;888.0
Sobral;TAPERUABA;-4.0779444444444;-39.947944444444;2006;12;70.0;0.0;0.0;0.0;0.0;0.0;0.0;0.0;0.0;0.0;0.0;0.0;0.0;0.0;0.0;0.0;0.0;0.0;0.0;0.0;0.0;0.0;0.0;0.0;0.0;0.0;0.0;0.0;0.0;0.0;70.0;0.0
Sobral;TAPERUABA;-4.0779444444444;-39.947944444444;2007;1;0.0;0.0;0.0;0.0;0.0;0.0;0.0;0.0;0.0;0.0;0.0;0.0;0.0;0.0;0.0;0.0;0.0;0.0;0.0;0.0;0.0;0.0;0.0;0.0;0.0;0.0;0.0;0.0;0.0;0.0;0.0;0.0
Sobral;TAPERUABA;-4.0779444444444;-39.947944444444;2007;2;215.0;0.0;11.0;0.0;23.0;0.0;0.0;0.0;0.0;0.0;8.0;0.0;6.0;28.0;36.0;0.0;0.0;0.0;19.0;46.0;7.0;4.0;21.0;0.0;0.0;0.0;6.0;0.0;0.0;888.0;888.0;888.0
Sobral;TAPERUABA;-4.0779444444444;-39.947944444444;2007;3;37.0;0.0;0.0;32.0;0.0;0.0;0.0;5.0;0.0;0.0;0.0;0.0;0.0;0.0;0.0;0.0;0.0;0.0;0.0;0.0;0.0;0.0;0.0;0.0;0.0;0.0;0.0;0.0;0.0;0.0;0.0;0.0
Sobral;TAPERUABA;-4.0779444444444;-39.947944444444;2007;4;54.0;0.0;0.0;0.0;0.0;0.0;0.0;0.0;0.0;0.0;12.0;3.0;0.0;0.0;0.0;0.0;0.0;0.0;0.0;0.0;0.0;0.0;0.0;6.0;12.0;5.0;0.0;8.0;5.0;3.0;0.0;888.0
Sobral;TAPERUABA;-4.0779444444444;-39.947944444444;2007;5;0.0;0.0;0.0;0.0;0.0;0.0;0.0;0.0;0.0;0.0;0.0;0.0;0.0;0.0;0.0;0.0;0.0;0.0;0.0;0.0;0.0;0.0;0.0;0.0;0.0;0.0;0.0;0.0;0.0;0.0;0.0;0.0
Sobral;TAPERUABA;-4.0779444444444;-39.947944444444;2007;6;0.0;0.0;0.0;0.0;0.0;0.0;0.0;0.0;0.0;0.0;0.0;0.0;0.0;0.0;0.0;0.0;0.0;0.0;0.0;0.0;0.0;0.0;0.0;0.0;0.0;0.0;0.0;0.0;0.0;0.0;0.0;888.0
Sobral;TAPERUABA;-4.0779444444444;-39.947944444444;2007;12;0.0;0.0;999.0;999.0;999.0;999.0;999.0;999.0;999.0;999.0;999.0;999.0;999.0;999.0;999.0;999.0;999.0;999.0;999.0;999.0;999.0;999.0;999.0;999.0;999.0;999.0;999.0;999.0;999.0;999.0;999.0;999.0
Sobral;TAPERUABA;-4.0779444444444;-39.947944444444;2008;1;24.0;0.0;0.0;0.0;0.0;0.0;0.0;0.0;0.0;0.0;0.0;0.0;0.0;4.0;0.0;0.0;0.0;0.0;0.0;0.0;0.0;11.0;9.0;0.0;0.0;0.0;0.0;0.0;0.0;0.0;0.0;0.0
Sobral;TAPERUABA;-4.0779444444444;-39.947944444444;2008;2;75.0;0.0;0.0;0.0;0.0;0.0;0.0;0.0;0.0;0.0;0.0;0.0;0.0;0.0;0.0;0.0;0.0;0.0;0.0;0.0;6.0;0.0;0.0;0.0;0.0;0.0;11.0;58.0;0.0;999.0;888.0;888.0
Sobral;TAPERUABA;-4.0779444444444;-39.947944444444;2008;3;265.0;0.0;0.0;10.0;38.0;26.0;0.0;0.0;0.0;0.0;0.0;0.0;0.0;0.0;0.0;0.0;0.0;7.0;9.0;72.0;0.0;11.0;0.0;80.0;0.0;12.0;0.0;0.0;0.0;0.0;0.0;0.0
Sobral;TAPERUABA;-4.0779444444444;-39.947944444444;2008;4;172.0;21.0;0.0;0.0;57.0;19.0;0.0;7.0;0.0;4.0;0.0;0.0;0.0;36.0;0.0;0.0;0.0;0.0;0.0;0.0;0.0;11.0;0.0;12.0;0.0;5.0;0.0;0.0;0.0;0.0;0.0;888.0
Sobral;TAPERUABA;-4.0779444444444;-39.947944444444;2008;5;43.0;0.0;0.0;0.0;9.0;11.0;0.0;0.0;0.0;0.0;19.0;4.0;0.0;0.0;0.0;0.0;0.0;0.0;0.0;0.0;0.0;0.0;0.0;0.0;0.0;0.0;0.0;0.0;0.0;0.0;0.0;0.0
Sobral;TAPERUABA;-4.0779444444444;-39.947944444444;2008;6;0.0;0.0;0.0;0.0;0.0;0.0;0.0;0.0;0.0;0.0;0.0;0.0;0.0;0.0;0.0;0.0;0.0;0.0;0.0;0.0;0.0;0.0;0.0;0.0;0.0;0.0;0.0;0.0;0.0;0.0;0.0;888.0
Sobral;TAPERUABA;-4.0779444444444;-39.947944444444;2008;7;0.0;0.0;0.0;0.0;0.0;0.0;0.0;0.0;0.0;0.0;0.0;0.0;0.0;0.0;0.0;0.0;0.0;0.0;0.0;0.0;0.0;0.0;0.0;0.0;0.0;0.0;0.0;0.0;0.0;0.0;0.0;0.0
Sobral;TAPERUABA;-4.0779444444444;-39.947944444444;2008;8;0.0;0.0;0.0;0.0;0.0;0.0;0.0;0.0;0.0;0.0;0.0;0.0;0.0;0.0;0.0;0.0;0.0;0.0;0.0;0.0;0.0;0.0;0.0;0.0;0.0;0.0;0.0;0.0;0.0;0.0;0.0;0.0
Sobral;TAPERUABA;-4.0779444444444;-39.947944444444;2008;9;0.0;0.0;0.0;0.0;0.0;0.0;0.0;0.0;0.0;0.0;0.0;0.0;0.0;0.0;0.0;0.0;0.0;0.0;0.0;0.0;0.0;0.0;0.0;0.0;0.0;0.0;0.0;0.0;0.0;0.0;0.0;888.0
Sobral;TAPERUABA;-4.0779444444444;-39.947944444444;2008;10;0.0;0.0;0.0;0.0;0.0;0.0;0.0;0.0;0.0;0.0;0.0;0.0;0.0;0.0;0.0;0.0;0.0;0.0;0.0;0.0;0.0;0.0;0.0;0.0;0.0;0.0;0.0;0.0;0.0;0.0;0.0;0.0
Sobral;TAPERUABA;-4.0779444444444;-39.947944444444;2008;11;0.0;0.0;0.0;0.0;0.0;0.0;0.0;0.0;0.0;0.0;0.0;0.0;0.0;0.0;0.0;0.0;0.0;0.0;0.0;0.0;0.0;0.0;0.0;0.0;0.0;0.0;0.0;0.0;0.0;0.0;0.0;888.0
Sobral;TAPERUABA;-4.0779444444444;-39.947944444444;2008;12;0.0;0.0;0.0;0.0;0.0;0.0;0.0;0.0;0.0;0.0;0.0;0.0;0.0;0.0;0.0;0.0;0.0;0.0;0.0;0.0;0.0;0.0;0.0;0.0;0.0;0.0;0.0;0.0;0.0;0.0;0.0;0.0
Sobral;TAPERUABA;-4.0779444444444;-39.947944444444;2009;1;172.0;0.0;0.0;0.0;0.0;0.0;0.0;0.0;0.0;0.0;0.0;0.0;0.0;0.0;0.0;0.0;0.0;5.0;0.0;0.0;0.0;0.0;19.0;64.0;0.0;47.0;0.0;0.0;0.0;0.0;0.0;37.0
Sobral;TAPERUABA;-4.0779444444444;-39.947944444444;2009;2;116.0;0.0;0.0;0.0;0.0;0.0;0.0;0.0;0.0;0.0;0.0;0.0;26.0;0.0;0.0;0.0;0.0;0.0;11.0;0.0;0.0;0.0;23.0;0.0;0.0;7.0;0.0;7.0;42.0;888.0;888.0;888.0
Sobral;TAPERUABA;-4.0779444444444;-39.947944444444;2009;3;64.0;7.0;6.0;0.0;18.0;0.0;0.0;0.0;0.0;0.0;0.0;0.0;6.0;0.0;6.0;8.0;13.0;0.0;0.0;0.0;0.0;0.0;0.0;0.0;0.0;0.0;0.0;0.0;0.0;0.0;0.0;0.0
Sobral;TAPERUABA;-4.0779444444444;-39.947944444444;2009;4;299.0;27.0;0.0;0.0;0.0;0.0;0.0;0.0;0.0;38.0;0.0;0.0;46.0;0.0;0.0;0.0;0.0;0.0;0.0;0.0;29.0;11.0;0.0;0.0;78.0;0.0;0.0;27.0;0.0;43.0;0.0;888.0
Sobral;TAPERUABA;-4.0779444444444;-39.947944444444;2009;5;221.0;82.0;30.0;32.0;0.0;0.0;0.0;0.0;19.0;14.0;22.0;0.0;10.0;0.0;0.0;0.0;0.0;0.0;0.0;0.0;0.0;0.0;12.0;0.0;0.0;0.0;0.0;0.0;0.0;0.0;0.0;0.0
Sobral;TAPERUABA;-4.0779444444444;-39.947944444444;2009;6;29.0;0.0;29.0;0.0;0.0;0.0;0.0;0.0;0.0;0.0;0.0;0.0;0.0;0.0;0.0;0.0;0.0;0.0;0.0;0.0;0.0;0.0;0.0;0.0;0.0;0.0;0.0;0.0;0.0;0.0;0.0;888.0
Sobral;TAPERUABA;-4.0779444444444;-39.947944444444;2009;7;0.0;0.0;0.0;0.0;0.0;0.0;0.0;0.0;0.0;0.0;0.0;0.0;0.0;0.0;0.0;0.0;0.0;0.0;0.0;0.0;0.0;0.0;0.0;0.0;0.0;0.0;0.0;0.0;0.0;0.0;0.0;0.0
Sobral;TAPERUABA;-4.0779444444444;-39.947944444444;2009;8;0.0;0.0;0.0;0.0;0.0;0.0;0.0;0.0;0.0;0.0;0.0;0.0;0.0;0.0;0.0;0.0;0.0;0.0;0.0;0.0;0.0;0.0;0.0;0.0;0.0;0.0;0.0;0.0;0.0;0.0;0.0;0.0
Sobral;TAPERUABA;-4.0779444444444;-39.947944444444;2009;9;0.0;0.0;0.0;0.0;0.0;0.0;0.0;0.0;0.0;0.0;0.0;0.0;0.0;0.0;0.0;0.0;0.0;0.0;0.0;0.0;0.0;0.0;0.0;0.0;0.0;0.0;0.0;0.0;0.0;0.0;0.0;888.0
Sobral;TAPERUABA;-4.0779444444444;-39.947944444444;2009;10;0.0;0.0;0.0;0.0;0.0;0.0;0.0;0.0;0.0;0.0;0.0;0.0;0.0;0.0;0.0;0.0;0.0;0.0;0.0;0.0;0.0;0.0;0.0;0.0;0.0;0.0;0.0;0.0;0.0;0.0;0.0;0.0
Sobral;TAPERUABA;-4.0779444444444;-39.947944444444;2009;11;0.0;0.0;0.0;0.0;0.0;0.0;0.0;0.0;0.0;0.0;0.0;0.0;0.0;0.0;0.0;0.0;0.0;0.0;0.0;0.0;0.0;0.0;0.0;0.0;0.0;0.0;0.0;0.0;0.0;0.0;0.0;888.0
Sobral;TAPERUABA;-4.0779444444444;-39.947944444444;2009;12;0.0;0.0;0.0;0.0;0.0;0.0;0.0;0.0;0.0;0.0;0.0;0.0;0.0;0.0;0.0;0.0;0.0;0.0;0.0;0.0;0.0;0.0;0.0;0.0;0.0;0.0;0.0;0.0;0.0;0.0;0.0;0.0
Sobral;TAPERUABA;-4.0779444444444;-39.947944444444;2010;1;133.0;52.0;0.0;0.0;0.0;0.0;0.0;0.0;0.0;0.0;0.0;0.0;0.0;0.0;0.0;0.0;0.0;0.0;0.0;0.0;44.0;0.0;0.0;0.0;0.0;0.0;0.0;37.0;0.0;0.0;0.0;0.0
Sobral;TAPERUABA;-4.0779444444444;-39.947944444444;2010;2;0.0;0.0;0.0;0.0;0.0;0.0;0.0;0.0;0.0;0.0;0.0;0.0;0.0;0.0;0.0;0.0;0.0;0.0;0.0;0.0;0.0;0.0;0.0;0.0;0.0;0.0;0.0;0.0;0.0;888.0;888.0;888.0
Sobral;TAPERUABA;-4.0779444444444;-39.947944444444;2010;3;0.0;0.0;0.0;0.0;0.0;0.0;0.0;0.0;0.0;0.0;0.0;0.0;0.0;0.0;0.0;0.0;0.0;0.0;0.0;0.0;0.0;0.0;0.0;0.0;0.0;0.0;0.0;0.0;0.0;0.0;0.0;0.0
Sobral;TAPERUABA;-4.0779444444444;-39.947944444444;2010;4;48.0;0.0;0.0;0.0;12.0;0.0;0.0;0.0;0.0;13.0;0.0;16.0;0.0;0.0;0.0;0.0;0.0;0.0;0.0;0.0;0.0;7.0;0.0;0.0;0.0;0.0;0.0;0.0;0.0;0.0;0.0;888.0
Sobral;TAPERUABA;-4.0779444444444;-39.947944444444;2010;5;97.0;16.0;0.0;0.0;0.0;62.0;0.0;0.0;0.0;0.0;0.0;0.0;19.0;0.0;0.0;0.0;0.0;0.0;0.0;0.0;0.0;0.0;0.0;0.0;0.0;0.0;0.0;0.0;0.0;0.0;0.0;0.0
Sobral;TAPERUABA;-4.0779444444444;-39.947944444444;2010;6;0.0;0.0;0.0;0.0;0.0;0.0;0.0;0.0;0.0;0.0;0.0;0.0;0.0;0.0;0.0;0.0;0.0;0.0;0.0;0.0;0.0;0.0;0.0;0.0;0.0;0.0;0.0;0.0;0.0;0.0;0.0;888.0
Sobral;TAPERUABA;-4.0779444444444;-39.947944444444;2010;7;0.0;0.0;0.0;0.0;0.0;0.0;0.0;0.0;999.0;999.0;999.0;999.0;999.0;999.0;999.0;999.0;999.0;999.0;999.0;999.0;999.0;999.0;999.0;999.0;999.0;999.0;999.0;999.0;999.0;999.0;999.0;999.0
Sobral;TAPERUABA;-4.0779444444444;-39.947944444444;2011;1;192.0;11.0;0.0;0.0;0.0;0.0;0.0;0.0;0.0;0.0;27.0;0.0;0.0;0.0;0.0;0.0;0.0;0.0;0.0;0.0;0.0;0.0;29.0;26.0;34.0;30.0;0.0;0.0;15.0;13.0;7.0;0.0
Sobral;TAPERUABA;-4.0779444444444;-39.947944444444;2011;2;148.0;0.0;0.0;0.0;0.0;0.0;0.0;0.0;0.0;0.0;0.0;0.0;0.0;0.0;0.0;0.0;0.0;34.0;0.0;0.0;0.0;0.0;0.0;0.0;0.0;0.0;42.0;72.0;0.0;888.0;888.0;888.0
Sobral;TAPERUABA;-4.0779444444444;-39.947944444444;2011;3;0.0;0.0;0.0;0.0;0.0;0.0;0.0;0.0;0.0;0.0;0.0;0.0;0.0;0.0;0.0;0.0;0.0;0.0;0.0;0.0;0.0;0.0;0.0;0.0;0.0;0.0;0.0;0.0;0.0;0.0;0.0;0.0
Sobral;TAPERUABA;-4.0779444444444;-39.947944444444;2011;4;0.0;0.0;0.0;0.0;0.0;0.0;0.0;0.0;0.0;0.0;0.0;0.0;0.0;0.0;0.0;0.0;0.0;0.0;0.0;0.0;0.0;0.0;0.0;0.0;0.0;0.0;0.0;0.0;0.0;0.0;0.0;888.0
Sobral;TAPERUABA;-4.0779444444444;-39.947944444444;2011;5;0.0;0.0;0.0;0.0;0.0;0.0;0.0;0.0;0.0;0.0;0.0;0.0;0.0;0.0;0.0;0.0;0.0;0.0;0.0;0.0;0.0;0.0;0.0;0.0;0.0;0.0;0.0;0.0;0.0;0.0;0.0;0.0
Sobral;TAPERUABA;-4.0779444444444;-39.947944444444;2011;6;0.0;0.0;0.0;0.0;0.0;0.0;0.0;0.0;0.0;0.0;0.0;0.0;0.0;0.0;0.0;0.0;0.0;0.0;0.0;0.0;0.0;0.0;0.0;0.0;0.0;0.0;0.0;0.0;0.0;0.0;0.0;888.0
Sobral;TAPERUABA;-4.0779444444444;-39.947944444444;2011;7;0.0;0.0;0.0;0.0;0.0;0.0;0.0;0.0;0.0;0.0;0.0;0.0;0.0;0.0;0.0;0.0;0.0;0.0;0.0;0.0;0.0;0.0;0.0;0.0;0.0;0.0;0.0;0.0;0.0;0.0;0.0;0.0
Sobral;TAPERUABA;-4.0779444444444;-39.947944444444;2011;8;0.0;0.0;0.0;0.0;0.0;0.0;0.0;0.0;0.0;0.0;0.0;0.0;0.0;0.0;0.0;0.0;0.0;0.0;0.0;0.0;0.0;0.0;0.0;0.0;0.0;0.0;0.0;0.0;0.0;0.0;0.0;0.0
Sobral;TAPERUABA;-4.0779444444444;-39.947944444444;2011;9;0.0;0.0;0.0;0.0;0.0;0.0;0.0;0.0;0.0;0.0;0.0;0.0;0.0;0.0;0.0;0.0;0.0;0.0;0.0;0.0;0.0;0.0;0.0;0.0;0.0;0.0;0.0;0.0;0.0;0.0;0.0;888.0
Sobral;TAPERUABA;-4.0779444444444;-39.947944444444;2011;10;0.0;0.0;0.0;0.0;0.0;0.0;0.0;0.0;0.0;0.0;0.0;0.0;0.0;0.0;0.0;0.0;0.0;0.0;0.0;0.0;0.0;0.0;0.0;0.0;0.0;0.0;0.0;0.0;0.0;0.0;0.0;0.0
Sobral;TAPERUABA;-4.0779444444444;-39.947944444444;2011;11;0.0;0.0;0.0;0.0;0.0;0.0;0.0;0.0;0.0;0.0;0.0;0.0;0.0;0.0;0.0;0.0;0.0;0.0;0.0;0.0;0.0;0.0;0.0;0.0;0.0;0.0;0.0;0.0;0.0;0.0;0.0;888.0
Sobral;TAPERUABA;-4.0779444444444;-39.947944444444;2011;12;0.0;0.0;0.0;0.0;0.0;0.0;0.0;0.0;0.0;0.0;0.0;0.0;0.0;0.0;0.0;0.0;0.0;0.0;0.0;0.0;0.0;0.0;0.0;0.0;0.0;0.0;0.0;0.0;0.0;0.0;0.0;0.0
Sobral;TAPERUABA;-4.0779444444444;-39.947944444444;2012;1;0.0;0.0;0.0;0.0;0.0;0.0;0.0;0.0;0.0;0.0;0.0;0.0;0.0;0.0;0.0;0.0;0.0;0.0;0.0;0.0;0.0;0.0;0.0;0.0;0.0;0.0;0.0;0.0;0.0;0.0;0.0;0.0
Sobral;TAPERUABA;-4.0779444444444;-39.947944444444;2012;2;0.0;0.0;0.0;0.0;0.0;0.0;0.0;0.0;0.0;0.0;0.0;0.0;0.0;0.0;0.0;0.0;0.0;0.0;0.0;0.0;0.0;0.0;0.0;0.0;0.0;0.0;0.0;0.0;0.0;0.0;888.0;888.0
Sobral;TAPERUABA;-4.0779444444444;-39.947944444444;2012;3;0.0;0.0;0.0;0.0;0.0;0.0;0.0;0.0;0.0;0.0;0.0;0.0;0.0;0.0;0.0;0.0;0.0;0.0;0.0;0.0;0.0;0.0;0.0;0.0;0.0;0.0;0.0;0.0;0.0;0.0;0.0;0.0
Sobral;TAPERUABA;-4.0779444444444;-39.947944444444;2013;1;0.0;0.0;0.0;0.0;0.0;0.0;0.0;0.0;0.0;0.0;0.0;0.0;0.0;0.0;0.0;0.0;0.0;0.0;0.0;0.0;0.0;0.0;0.0;0.0;0.0;0.0;0.0;0.0;0.0;0.0;0.0;0.0
Sobral;TAPERUABA;-4.0779444444444;-39.947944444444;2013;2;0.0;0.0;0.0;0.0;0.0;0.0;0.0;0.0;0.0;0.0;0.0;0.0;0.0;0.0;0.0;0.0;0.0;0.0;0.0;0.0;0.0;0.0;0.0;0.0;0.0;0.0;0.0;0.0;0.0;888.0;888.0;888.0
Sobral;TAPERUABA;-4.0779444444444;-39.947944444444;2013;3;0.0;0.0;0.0;0.0;0.0;0.0;0.0;0.0;0.0;0.0;0.0;0.0;0.0;0.0;0.0;0.0;0.0;0.0;0.0;0.0;0.0;0.0;0.0;0.0;0.0;0.0;0.0;0.0;0.0;0.0;0.0;0.0
Sobral;TAPERUABA;-4.0779444444444;-39.947944444444;2013;4;23.0;0.0;0.0;0.0;0.0;0.0;0.0;0.0;0.0;0.0;0.0;0.0;0.0;0.0;0.0;0.0;0.0;0.0;0.0;0.0;0.0;0.0;0.0;0.0;0.0;0.0;0.0;0.0;6.0;17.0;0.0;888.0
Sobral;TAPERUABA;-4.0779444444444;-39.947944444444;2013;5;93.0;0.0;0.0;0.0;0.0;13.0;0.0;0.0;0.0;0.0;0.0;0.0;0.0;0.0;0.0;0.0;0.0;0.0;0.0;0.0;0.0;0.0;0.0;21.0;0.0;0.0;59.0;0.0;0.0;0.0;0.0;0.0
Sobral;TAPERUABA;-4.0779444444444;-39.947944444444;2013;6;0.0;0.0;0.0;0.0;0.0;0.0;0.0;0.0;0.0;0.0;0.0;0.0;0.0;0.0;0.0;0.0;0.0;0.0;0.0;0.0;0.0;0.0;0.0;0.0;0.0;0.0;0.0;0.0;0.0;0.0;0.0;888.0
Sobral;TAPERUABA;-4.0779444444444;-39.947944444444;2013;7;0.0;0.0;0.0;0.0;0.0;0.0;0.0;0.0;0.0;0.0;0.0;0.0;0.0;0.0;0.0;0.0;0.0;0.0;0.0;0.0;0.0;0.0;0.0;0.0;0.0;0.0;0.0;0.0;0.0;0.0;0.0;0.0
Sobral;TAPERUABA;-4.0779444444444;-39.947944444444;2013;8;0.0;0.0;0.0;0.0;0.0;0.0;0.0;0.0;0.0;0.0;0.0;0.0;0.0;0.0;0.0;0.0;0.0;0.0;0.0;0.0;0.0;0.0;0.0;0.0;0.0;0.0;0.0;0.0;0.0;0.0;0.0;0.0
Sobral;TAPERUABA;-4.0779444444444;-39.947944444444;2013;9;0.0;0.0;0.0;0.0;0.0;0.0;0.0;0.0;0.0;0.0;0.0;0.0;0.0;0.0;0.0;0.0;0.0;0.0;0.0;0.0;0.0;0.0;0.0;0.0;0.0;0.0;0.0;0.0;0.0;0.0;0.0;888.0
Sobral;TAPERUABA;-4.0779444444444;-39.947944444444;2013;10;0.0;0.0;0.0;0.0;0.0;0.0;0.0;0.0;0.0;0.0;0.0;0.0;0.0;0.0;0.0;0.0;0.0;0.0;0.0;0.0;0.0;0.0;0.0;0.0;0.0;0.0;0.0;0.0;0.0;0.0;0.0;0.0
Sobral;TAPERUABA;-4.0779444444444;-39.947944444444;2013;11;0.0;0.0;0.0;0.0;0.0;0.0;0.0;0.0;0.0;0.0;0.0;0.0;0.0;0.0;0.0;0.0;0.0;0.0;0.0;0.0;0.0;0.0;0.0;0.0;0.0;0.0;0.0;0.0;0.0;0.0;0.0;888.0
Sobral;TAPERUABA;-4.0779444444444;-39.947944444444;2013;12;0.0;0.0;0.0;0.0;0.0;0.0;0.0;0.0;0.0;0.0;0.0;0.0;0.0;0.0;0.0;0.0;0.0;0.0;0.0;0.0;0.0;0.0;0.0;0.0;0.0;0.0;0.0;0.0;0.0;0.0;0.0;0.0
Sobral;TAPERUABA;-4.0779444444444;-39.947944444444;2014;1;47.0;0.0;0.0;0.0;0.0;0.0;0.0;10.0;9.0;20.0;0.0;0.0;0.0;0.0;0.0;0.0;0.0;0.0;0.0;0.0;0.0;0.0;0.0;0.0;0.0;0.0;0.0;0.0;0.0;0.0;8.0;0.0
Sobral;TAPERUABA;-4.0779444444444;-39.947944444444;2014;2;60.0;0.0;0.0;0.0;0.0;0.0;0.0;0.0;0.0;0.0;0.0;4.0;0.0;1.0;1.0;14.0;0.0;22.0;18.0;0.0;0.0;0.0;0.0;0.0;0.0;0.0;0.0;0.0;0.0;888.0;888.0;888.0
Sobral;TAPERUABA;-4.0779444444444;-39.947944444444;2014;3;126.0;0.0;0.0;0.0;11.0;39.0;0.0;0.0;12.0;7.0;0.0;0.0;0.0;14.0;12.0;22.0;0.0;0.0;0.0;0.0;0.0;0.0;0.0;0.0;0.0;0.0;0.0;0.0;0.0;0.0;9.0;0.0
Sobral;TAPERUABA;-4.0779444444444;-39.947944444444;2014;4;0.0;0.0;0.0;0.0;0.0;0.0;0.0;0.0;0.0;0.0;0.0;0.0;0.0;0.0;0.0;0.0;0.0;0.0;0.0;0.0;0.0;0.0;0.0;0.0;0.0;0.0;0.0;0.0;0.0;0.0;0.0;888.0
Sobral;TAPERUABA;-4.0779444444444;-39.947944444444;2014;5;22.0;22.0;0.0;0.0;0.0;0.0;0.0;0.0;0.0;0.0;0.0;0.0;0.0;0.0;0.0;0.0;0.0;0.0;0.0;0.0;0.0;0.0;0.0;0.0;0.0;0.0;0.0;0.0;0.0;0.0;0.0;0.0
Sobral;TAPERUABA;-4.0779444444444;-39.947944444444;2014;6;0.0;0.0;0.0;0.0;0.0;0.0;0.0;0.0;0.0;0.0;0.0;0.0;0.0;0.0;0.0;0.0;0.0;0.0;0.0;0.0;0.0;0.0;0.0;0.0;0.0;0.0;0.0;0.0;0.0;0.0;0.0;888.0
Sobral;TAPERUABA;-4.0779444444444;-39.947944444444;2014;7;0.0;0.0;0.0;0.0;0.0;0.0;0.0;0.0;0.0;0.0;0.0;0.0;0.0;0.0;0.0;0.0;0.0;0.0;0.0;0.0;0.0;0.0;0.0;0.0;0.0;0.0;0.0;0.0;0.0;0.0;0.0;0.0
Sobral;TAPERUABA;-4.0779444444444;-39.947944444444;2014;8;0.0;0.0;0.0;0.0;0.0;0.0;0.0;0.0;0.0;0.0;0.0;0.0;0.0;0.0;0.0;0.0;0.0;0.0;0.0;0.0;0.0;0.0;0.0;0.0;0.0;0.0;0.0;0.0;0.0;0.0;0.0;0.0
Sobral;TAPERUABA;-4.0779444444444;-39.947944444444;2014;9;0.0;0.0;0.0;0.0;0.0;0.0;0.0;0.0;0.0;0.0;0.0;0.0;0.0;0.0;0.0;0.0;0.0;0.0;0.0;999.0;999.0;999.0;999.0;999.0;999.0;999.0;999.0;999.0;999.0;999.0;999.0;888.0
Sobral;TAPERUABA;-4.0779444444444;-39.947944444444;2015;1;0.0;0.0;0.0;0.0;0.0;0.0;0.0;0.0;0.0;0.0;0.0;0.0;0.0;0.0;0.0;0.0;0.0;0.0;0.0;0.0;0.0;0.0;0.0;0.0;0.0;0.0;0.0;0.0;0.0;0.0;0.0;0.0
Sobral;TAPERUABA;-4.0779444444444;-39.947944444444;2015;2;1.0;0.0;1.0;0.0;0.0;0.0;0.0;0.0;0.0;0.0;0.0;0.0;0.0;0.0;0.0;0.0;0.0;0.0;0.0;0.0;0.0;0.0;0.0;0.0;0.0;0.0;0.0;0.0;0.0;888.0;888.0;888.0
Sobral;TAPERUABA;-4.0779444444444;-39.947944444444;2015;3;0.0;0.0;0.0;0.0;0.0;0.0;0.0;0.0;0.0;0.0;0.0;0.0;0.0;0.0;0.0;0.0;0.0;0.0;0.0;0.0;0.0;0.0;0.0;0.0;0.0;0.0;0.0;0.0;0.0;0.0;0.0;0.0
Sobral;TAPERUABA;-4.0779444444444;-39.947944444444;2015;4;0.0;0.0;0.0;0.0;0.0;0.0;0.0;0.0;0.0;0.0;0.0;0.0;0.0;0.0;0.0;0.0;0.0;0.0;0.0;0.0;0.0;0.0;0.0;0.0;0.0;0.0;0.0;0.0;0.0;0.0;0.0;888.0
Sobral;TAPERUABA;-4.0779444444444;-39.947944444444;2015;5;0.0;0.0;0.0;0.0;0.0;0.0;0.0;0.0;0.0;0.0;0.0;0.0;0.0;0.0;0.0;0.0;0.0;0.0;0.0;0.0;0.0;0.0;0.0;0.0;0.0;0.0;0.0;0.0;0.0;0.0;0.0;0.0
Sobral;TAPERUABA;-4.0779444444444;-39.947944444444;2015;6;0.0;0.0;0.0;0.0;0.0;0.0;0.0;0.0;0.0;0.0;0.0;0.0;0.0;0.0;0.0;0.0;0.0;0.0;0.0;0.0;0.0;0.0;0.0;0.0;0.0;0.0;0.0;0.0;0.0;0.0;0.0;888.0
Sobral;TAPERUABA;-4.0779444444444;-39.947944444444;2015;7;0.0;0.0;0.0;0.0;0.0;0.0;0.0;0.0;0.0;0.0;0.0;0.0;0.0;0.0;0.0;0.0;0.0;0.0;0.0;0.0;0.0;0.0;0.0;0.0;0.0;0.0;0.0;0.0;0.0;0.0;0.0;0.0
Sobral;TAPERUABA;-4.0779444444444;-39.947944444444;2015;8;0.0;0.0;0.0;0.0;0.0;0.0;0.0;0.0;0.0;0.0;0.0;0.0;0.0;0.0;0.0;0.0;0.0;0.0;0.0;0.0;0.0;0.0;0.0;0.0;0.0;0.0;0.0;0.0;0.0;0.0;0.0;0.0
Sobral;TAPERUABA;-4.0779444444444;-39.947944444444;2015;9;0.0;0.0;0.0;0.0;0.0;0.0;0.0;0.0;0.0;0.0;0.0;0.0;0.0;0.0;0.0;0.0;0.0;0.0;0.0;0.0;0.0;0.0;0.0;0.0;0.0;0.0;0.0;0.0;0.0;0.0;0.0;888.0
Sobral;TAPERUABA;-4.0779444444444;-39.947944444444;2015;10;0.0;0.0;0.0;0.0;0.0;0.0;0.0;0.0;0.0;0.0;0.0;0.0;0.0;0.0;0.0;0.0;0.0;0.0;0.0;0.0;0.0;0.0;0.0;0.0;0.0;0.0;0.0;0.0;0.0;0.0;0.0;0.0
Sobral;TAPERUABA;-4.0779444444444;-39.947944444444;2015;11;0.0;0.0;0.0;0.0;0.0;0.0;0.0;0.0;0.0;0.0;0.0;0.0;0.0;0.0;0.0;0.0;0.0;0.0;0.0;0.0;0.0;0.0;0.0;0.0;0.0;0.0;0.0;0.0;0.0;0.0;0.0;888.0
Sobral;TAPERUABA;-4.0779444444444;-39.947944444444;2015;12;0.0;0.0;0.0;0.0;0.0;0.0;0.0;0.0;0.0;0.0;0.0;0.0;0.0;0.0;0.0;0.0;0.0;0.0;0.0;0.0;0.0;0.0;0.0;0.0;0.0;0.0;0.0;0.0;0.0;0.0;0.0;0.0
Sobral;TAPERUABA;-4.0779444444444;-39.947944444444;2016;1;53.0;0.0;0.0;0.0;0.0;0.0;0.0;34.0;0.0;0.0;19.0;0.0;0.0;0.0;0.0;0.0;0.0;0.0;0.0;0.0;0.0;0.0;0.0;0.0;0.0;0.0;0.0;0.0;0.0;0.0;0.0;0.0
Sobral;TAPERUABA;-4.0779444444444;-39.947944444444;2016;2;0.0;0.0;0.0;0.0;0.0;0.0;0.0;0.0;0.0;0.0;0.0;0.0;0.0;0.0;0.0;0.0;0.0;0.0;0.0;0.0;0.0;0.0;0.0;0.0;0.0;0.0;0.0;0.0;0.0;0.0;888.0;888.0
Sobral;TAPERUABA;-4.0779444444444;-39.947944444444;2016;3;0.0;0.0;0.0;0.0;0.0;0.0;0.0;0.0;0.0;0.0;0.0;0.0;0.0;0.0;0.0;0.0;0.0;0.0;0.0;0.0;0.0;0.0;0.0;0.0;0.0;0.0;0.0;0.0;0.0;0.0;0.0;0.0
Sobral;TAPERUABA;-4.0779444444444;-39.947944444444;2018;1;20.0;0.0;0.0;0.0;0.0;0.0;0.0;0.0;0.0;0.0;0.0;0.0;0.0;0.0;10.0;0.0;0.0;0.0;0.0;10.0;0.0;0.0;0.0;0.0;0.0;0.0;0.0;0.0;0.0;0.0;0.0;0.0
Sobral;TAPERUABA;-4.0779444444444;-39.947944444444;2018;2;120.0;0.0;0.0;13.0;0.0;7.0;0.0;0.0;0.0;0.0;0.0;12.0;8.0;8.0;38.0;0.0;0.0;0.0;28.0;0.0;0.0;0.0;0.0;0.0;0.0;6.0;0.0;0.0;0.0;888.0;888.0;888.0
Sobral;TAPERUABA;-4.0779444444444;-39.947944444444;2018;3;143.0;0.0;28.0;0.0;0.0;0.0;11.0;0.0;0.0;0.0;0.0;0.0;0.0;8.0;0.0;0.0;0.0;0.0;0.0;0.0;0.0;0.0;0.0;0.0;0.0;0.0;19.0;9.0;9.0;32.0;27.0;0.0
Sobral;TAPERUABA;-4.0779444444444;-39.947944444444;2018;4;155.0;0.0;14.0;0.0;8.0;0.0;0.0;0.0;0.0;0.0;22.0;8.0;12.0;0.0;0.0;16.0;68.0;0.0;0.0;0.0;0.0;0.0;0.0;0.0;0.0;0.0;0.0;0.0;0.0;0.0;7.0;888.0
Sobral;TAPERUABA;-4.0779444444444;-39.947944444444;2018;5;88.0;0.0;0.0;0.0;16.0;0.0;0.0;0.0;0.0;23.0;49.0;0.0;0.0;0.0;0.0;0.0;0.0;0.0;0.0;0.0;0.0;0.0;0.0;0.0;0.0;0.0;0.0;0.0;0.0;0.0;0.0;0.0
Sobral;TAPERUABA;-4.0779444444444;-39.947944444444;2018;6;0.0;0.0;0.0;0.0;0.0;0.0;0.0;0.0;0.0;0.0;0.0;0.0;0.0;0.0;0.0;0.0;0.0;0.0;0.0;0.0;0.0;0.0;0.0;0.0;0.0;0.0;0.0;0.0;0.0;0.0;0.0;888.0
Sobral;TAPERUABA;-4.0779444444444;-39.947944444444;2018;7;0.0;0.0;0.0;0.0;0.0;0.0;0.0;0.0;0.0;0.0;0.0;0.0;0.0;0.0;0.0;0.0;0.0;0.0;0.0;0.0;0.0;0.0;0.0;0.0;0.0;0.0;0.0;0.0;0.0;0.0;0.0;0.0
Sobral;TAPERUABA;-4.0779444444444;-39.947944444444;2018;8;0.0;0.0;0.0;0.0;0.0;0.0;0.0;0.0;0.0;0.0;0.0;0.0;0.0;0.0;0.0;0.0;0.0;0.0;0.0;0.0;0.0;0.0;0.0;0.0;0.0;0.0;0.0;0.0;0.0;0.0;0.0;0.0
Sobral;TAPERUABA;-4.0779444444444;-39.947944444444;2018;9;0.0;0.0;0.0;0.0;0.0;0.0;0.0;0.0;0.0;0.0;0.0;0.0;0.0;0.0;0.0;0.0;0.0;0.0;0.0;0.0;0.0;0.0;0.0;0.0;0.0;0.0;0.0;0.0;0.0;0.0;0.0;888.0
Sobral;TAPERUABA;-4.0779444444444;-39.947944444444;2018;10;0.0;0.0;0.0;0.0;0.0;0.0;0.0;0.0;0.0;0.0;0.0;0.0;0.0;0.0;0.0;0.0;0.0;0.0;0.0;0.0;0.0;0.0;0.0;0.0;0.0;0.0;0.0;0.0;0.0;0.0;0.0;0.0
Sobral;TAPERUABA;-4.0779444444444;-39.947944444444;2018;11;0.0;0.0;0.0;0.0;0.0;0.0;0.0;0.0;0.0;0.0;0.0;0.0;0.0;0.0;0.0;0.0;0.0;0.0;0.0;0.0;0.0;0.0;0.0;0.0;0.0;0.0;0.0;0.0;0.0;0.0;0.0;888.0
Sobral;TAPERUABA;-4.0779444444444;-39.947944444444;2018;12;0.0;0.0;0.0;0.0;0.0;0.0;0.0;0.0;0.0;0.0;0.0;0.0;0.0;0.0;0.0;0.0;0.0;0.0;0.0;0.0;0.0;0.0;0.0;0.0;0.0;0.0;0.0;0.0;0.0;0.0;0.0;0.0
Sobral;TAPERUABA;-4.0779444444444;-39.947944444444;2019;1;100.0;0.0;0.0;0.0;0.0;0.0;0.0;0.0;0.0;0.0;0.0;0.0;8.0;0.0;0.0;63.0;9.0;0.0;20.0;0.0;0.0;0.0;0.0;0.0;0.0;0.0;0.0;0.0;0.0;0.0;0.0;0.0
Sobral;TAPERUABA;-4.0779444444444;-39.947944444444;2019;2;123.0;0.0;0.0;0.0;11.0;0.0;48.0;0.0;0.0;0.0;0.0;0.0;0.0;4.0;0.0;0.0;15.0;4.0;15.0;0.0;5.0;0.0;21.0;0.0;0.0;0.0;0.0;0.0;0.0;888.0;888.0;888.0
Sobral;TAPERUABA;-4.0779444444444;-39.947944444444;2019;3;301.0;0.0;22.0;0.0;0.0;0.0;9.0;0.0;0.0;0.0;0.0;0.0;0.0;18.0;0.0;22.0;0.0;12.0;0.0;10.0;0.0;83.0;16.0;8.0;0.0;0.0;0.0;0.0;23.0;0.0;13.0;65.0
Sobral;TAPERUABA;-4.0779444444444;-39.947944444444;2019;4;105.0;0.0;0.0;0.0;21.0;0.0;0.0;0.0;0.0;0.0;0.0;28.0;0.0;0.0;0.0;6.0;0.0;0.0;0.0;19.0;0.0;0.0;0.0;10.0;0.0;0.0;0.0;0.0;0.0;0.0;21.0;888.0
Sobral;TAPERUABA;-4.0779444444444;-39.947944444444;2019;5;63.0;5.0;0.0;0.0;0.0;0.0;0.0;0.0;10.0;0.0;0.0;0.0;0.0;0.0;0.0;0.0;0.0;0.0;16.0;0.0;0.0;0.0;32.0;0.0;0.0;0.0;0.0;0.0;0.0;0.0;0.0;0.0
Sobral;TAPERUABA;-4.0779444444444;-39.947944444444;2019;6;21.0;0.0;0.0;14.0;0.0;0.0;0.0;0.0;0.0;7.0;0.0;0.0;0.0;0.0;0.0;0.0;0.0;0.0;0.0;0.0;0.0;0.0;0.0;0.0;0.0;0.0;0.0;0.0;0.0;0.0;0.0;888.0
Sobral;TAPERUABA;-4.0779444444444;-39.947944444444;2019;7;0.0;0.0;0.0;0.0;0.0;0.0;0.0;0.0;0.0;0.0;0.0;0.0;0.0;0.0;0.0;0.0;0.0;0.0;0.0;0.0;0.0;0.0;0.0;0.0;0.0;0.0;0.0;0.0;0.0;0.0;0.0;0.0
Sobral;TAPERUABA;-4.0779444444444;-39.947944444444;2019;8;0.0;0.0;0.0;0.0;0.0;0.0;0.0;0.0;0.0;0.0;0.0;0.0;0.0;0.0;0.0;0.0;0.0;0.0;0.0;0.0;0.0;0.0;0.0;0.0;0.0;0.0;0.0;0.0;0.0;0.0;0.0;0.0
Sobral;TAPERUABA;-4.0779444444444;-39.947944444444;2019;9;0.0;0.0;0.0;0.0;0.0;0.0;0.0;0.0;0.0;0.0;0.0;0.0;0.0;0.0;0.0;0.0;0.0;0.0;0.0;0.0;0.0;0.0;0.0;0.0;0.0;0.0;0.0;0.0;0.0;0.0;0.0;888.0
Sobral;TAPERUABA;-4.0779444444444;-39.947944444444;2019;10;0.0;0.0;0.0;0.0;0.0;0.0;0.0;0.0;0.0;0.0;0.0;0.0;0.0;0.0;0.0;0.0;0.0;0.0;0.0;0.0;0.0;0.0;0.0;0.0;0.0;0.0;0.0;0.0;0.0;0.0;0.0;0.0
Sobral;TAPERUABA;-4.0779444444444;-39.947944444444;2019;11;0.0;0.0;0.0;0.0;0.0;0.0;0.0;0.0;0.0;0.0;0.0;0.0;0.0;0.0;0.0;0.0;0.0;0.0;0.0;0.0;0.0;0.0;0.0;0.0;0.0;0.0;0.0;0.0;0.0;0.0;0.0;888.0
Sobral;TAPERUABA;-4.0779444444444;-39.947944444444;2019;12;0.0;0.0;0.0;0.0;0.0;0.0;0.0;0.0;0.0;0.0;0.0;0.0;0.0;0.0;0.0;0.0;0.0;0.0;0.0;0.0;0.0;0.0;0.0;0.0;0.0;0.0;0.0;0.0;0.0;0.0;0.0;0.0
Sobral;TAPERUABA;-4.0779444444444;-39.947944444444;2020;1;138.0;19.0;0.0;0.0;0.0;0.0;0.0;10.0;8.0;0.0;21.0;8.0;0.0;0.0;0.0;0.0;0.0;0.0;0.0;0.0;0.0;69.0;3.0;0.0;0.0;0.0;0.0;0.0;0.0;0.0;0.0;0.0
Sobral;TAPERUABA;-4.0779444444444;-39.947944444444;2020;2;215.0;61.0;0.0;0.0;0.0;17.0;0.0;0.0;0.0;0.0;0.0;0.0;0.0;83.0;0.0;0.0;0.0;42.0;0.0;12.0;0.0;0.0;0.0;0.0;0.0;0.0;0.0;0.0;0.0;0.0;888.0;888.0
Sobral;TAPERUABA;-4.0779444444444;-39.947944444444;2020;3;218.0;53.0;0.0;22.0;0.0;0.0;0.0;0.0;0.0;0.0;0.0;0.0;41.0;0.0;0.0;0.0;0.0;0.0;25.0;21.0;0.0;0.0;0.0;49.0;7.0;0.0;0.0;0.0;0.0;0.0;0.0;0.0
Sobral;TAPERUABA;-4.0779444444444;-39.947944444444;2020;4;278.0;0.0;0.0;41.0;0.0;13.0;0.0;0.0;0.0;0.0;0.0;0.0;0.0;0.0;0.0;0.0;0.0;0.0;80.0;0.0;0.0;35.0;65.0;0.0;0.0;0.0;28.0;16.0;0.0;0.0;0.0;888.0
Sobral;TAPERUABA;-4.0779444444444;-39.947944444444;2020;5;0.0;0.0;0.0;0.0;0.0;0.0;0.0;0.0;0.0;0.0;0.0;0.0;0.0;0.0;0.0;0.0;0.0;0.0;0.0;0.0;0.0;0.0;0.0;0.0;0.0;0.0;0.0;0.0;0.0;0.0;0.0;0.0
Sobral;TAPERUABA;-4.0779444444444;-39.947944444444;2020;6;54.0;0.0;0.0;3.0;0.0;0.0;0.0;2.0;8.0;0.0;0.0;0.0;0.0;0.0;0.0;0.0;0.0;0.0;0.0;0.0;0.0;0.0;0.0;0.0;0.0;0.0;0.0;0.0;0.0;0.0;41.0;888.0
Sobral;TAPERUABA;-4.0779444444444;-39.947944444444;2020;7;0.0;0.0;0.0;0.0;0.0;0.0;0.0;0.0;0.0;0.0;0.0;0.0;0.0;0.0;0.0;0.0;0.0;0.0;0.0;0.0;0.0;0.0;0.0;0.0;0.0;0.0;0.0;0.0;0.0;0.0;0.0;0.0
Sobral;TAPERUABA;-4.0779444444444;-39.947944444444;2020;8;0.0;0.0;0.0;0.0;0.0;0.0;0.0;0.0;0.0;0.0;0.0;0.0;0.0;0.0;0.0;0.0;0.0;0.0;0.0;0.0;0.0;0.0;0.0;0.0;0.0;0.0;0.0;0.0;0.0;0.0;0.0;0.0
Sobral;TAPERUABA;-4.0779444444444;-39.947944444444;2020;9;0.0;0.0;0.0;0.0;0.0;0.0;0.0;0.0;0.0;0.0;0.0;0.0;0.0;0.0;0.0;0.0;0.0;999.0;999.0;999.0;999.0;999.0;999.0;999.0;999.0;999.0;999.0;999.0;999.0;999.0;999.0;888.0
Sobral;TAPERUABA;-4.0779444444444;-39.947944444444;2021;1;0.0;0.0;0.0;0.0;0.0;0.0;0.0;0.0;0.0;0.0;0.0;0.0;0.0;0.0;0.0;0.0;0.0;0.0;0.0;0.0;0.0;0.0;0.0;0.0;0.0;0.0;0.0;0.0;0.0;0.0;0.0;0.0
Sobral;TAPERUABA;-4.0779444444444;-39.947944444444;2021;2;34.0;0.0;0.0;0.0;0.0;0.0;0.0;0.0;0.0;0.0;0.0;0.0;0.0;0.0;0.0;0.0;26.0;0.0;0.0;0.0;0.0;0.0;0.0;0.0;0.0;0.0;0.0;0.0;8.0;888.0;888.0;888.0
Sobral;TAPERUABA;-4.0779444444444;-39.947944444444;2021;3;135.0;17.0;0.0;0.0;3.0;0.0;0.0;0.0;16.0;0.0;0.0;0.0;0.0;0.0;26.0;9.0;13.0;9.0;0.0;0.0;3.0;0.0;0.0;8.0;0.0;31.0;0.0;0.0;0.0;0.0;0.0;0.0
Sobral;TAPERUABA;-4.0779444444444;-39.947944444444;2021;4;104.0;0.0;0.0;0.0;0.0;0.0;0.0;0.0;0.0;0.0;46.0;0.0;0.0;0.0;0.0;0.0;0.0;0.0;0.0;0.0;31.0;11.0;12.0;0.0;0.0;4.0;0.0;0.0;0.0;0.0;0.0;888.0
Sobral;TAPERUABA;-4.0779444444444;-39.947944444444;2021;5;104.0;31.0;12.0;0.0;0.0;31.0;0.0;21.0;0.0;0.0;0.0;0.0;0.0;9.0;0.0;0.0;0.0;0.0;0.0;0.0;0.0;0.0;0.0;0.0;0.0;0.0;0.0;0.0;0.0;0.0;0.0;0.0
Sobral;TAPERUABA;-4.0779444444444;-39.947944444444;2021;6;23.0;0.0;0.0;0.0;0.0;0.0;0.0;0.0;16.0;4.0;0.0;0.0;0.0;0.0;0.0;0.0;0.0;3.0;0.0;0.0;0.0;0.0;0.0;0.0;0.0;0.0;0.0;0.0;0.0;0.0;0.0;888.0
Sobral;TAPERUABA;-4.0779444444444;-39.947944444444;2021;7;0.0;0.0;0.0;0.0;0.0;0.0;0.0;0.0;0.0;0.0;0.0;0.0;0.0;0.0;0.0;0.0;0.0;0.0;0.0;0.0;0.0;0.0;0.0;0.0;0.0;0.0;0.0;0.0;0.0;0.0;0.0;0.0
Sobral;TAPERUABA;-4.0779444444444;-39.947944444444;2021;8;0.0;0.0;0.0;0.0;0.0;0.0;0.0;0.0;0.0;0.0;0.0;0.0;0.0;0.0;0.0;0.0;0.0;0.0;0.0;0.0;0.0;0.0;0.0;0.0;0.0;0.0;0.0;0.0;0.0;0.0;0.0;0.0
Sobral;TAPERUABA;-4.0779444444444;-39.947944444444;2021;9;0.0;0.0;0.0;0.0;0.0;0.0;0.0;0.0;0.0;0.0;0.0;0.0;0.0;0.0;0.0;0.0;0.0;0.0;0.0;0.0;0.0;0.0;0.0;0.0;0.0;0.0;0.0;0.0;0.0;0.0;0.0;888.0
Sobral;TAPERUABA;-4.0779444444444;-39.947944444444;2021;10;0.0;0.0;0.0;0.0;0.0;0.0;0.0;0.0;0.0;0.0;0.0;0.0;0.0;0.0;0.0;0.0;0.0;0.0;0.0;0.0;0.0;0.0;0.0;0.0;0.0;0.0;0.0;0.0;0.0;0.0;0.0;0.0
Sobral;TAPERUABA;-4.0779444444444;-39.947944444444;2021;11;0.0;0.0;0.0;0.0;0.0;0.0;0.0;0.0;0.0;0.0;0.0;0.0;0.0;0.0;0.0;0.0;0.0;0.0;0.0;0.0;0.0;0.0;0.0;0.0;0.0;0.0;0.0;0.0;0.0;0.0;0.0;888.0
Sobral;TAPERUABA;-4.0779444444444;-39.947944444444;2021;12;0.0;0.0;0.0;0.0;0.0;0.0;0.0;0.0;0.0;0.0;0.0;0.0;0.0;0.0;0.0;0.0;0.0;0.0;0.0;0.0;0.0;0.0;0.0;0.0;0.0;0.0;0.0;0.0;0.0;0.0;0.0;0.0
Sobral;TAPERUABA;-4.0779444444444;-39.947944444444;2022;1;128.0;9.0;6.0;3.0;9.0;1.5;0.0;0.0;0.0;0.0;0.0;14.0;0.0;4.5;0.0;13.0;0.0;0.0;0.0;0.0;0.0;0.0;0.0;0.0;0.0;0.0;0.0;68.0;0.0;0.0;0.0;0.0
Sobral;TAPERUABA;-4.0779444444444;-39.947944444444;2022;2;0.0;0.0;0.0;0.0;0.0;0.0;0.0;0.0;0.0;0.0;0.0;0.0;0.0;0.0;0.0;0.0;0.0;0.0;0.0;0.0;0.0;0.0;0.0;0.0;0.0;0.0;0.0;0.0;0.0;888.0;888.0;888.0
Sobral;TAPERUABA;-4.0779444444444;-39.947944444444;2022;3;124.0;0.0;0.0;0.0;0.0;0.0;43.0;0.0;0.0;0.0;0.0;0.0;55.0;0.0;0.0;6.0;0.0;0.0;0.0;0.0;15.0;0.0;0.0;0.0;0.0;0.0;5.0;0.0;0.0;0.0;0.0;0.0
Sobral;TAPERUABA;-4.0779444444444;-39.947944444444;2022;4;217.0;0.0;11.0;11.0;38.0;0.0;0.0;9.0;16.0;0.0;0.0;64.0;0.0;0.0;0.0;0.0;0.0;9.0;28.0;10.0;0.0;0.0;0.0;0.0;0.0;0.0;0.0;21.0;0.0;0.0;0.0;888.0
Sobral;TAPERUABA;-4.0779444444444;-39.947944444444;2022;5;90.0;0.0;0.0;11.0;0.0;0.0;0.0;0.0;0.0;22.0;0.0;19.0;0.0;0.0;0.0;0.0;0.0;0.0;0.0;0.0;35.0;0.0;3.0;0.0;0.0;0.0;0.0;0.0;0.0;0.0;0.0;0.0
Sobral;TAPERUABA;-4.0779444444444;-39.947944444444;2022;6;77.0;0.0;0.0;0.0;63.0;0.0;11.0;0.0;0.0;3.0;0.0;0.0;0.0;0.0;0.0;0.0;0.0;0.0;0.0;0.0;0.0;0.0;0.0;0.0;0.0;0.0;0.0;0.0;0.0;0.0;0.0;888.0
Sobral;TAPERUABA;-4.0779444444444;-39.947944444444;2022;7;31.0;0.0;19.0;0.0;0.0;0.0;0.0;0.0;0.0;0.0;0.0;0.0;0.0;0.0;0.0;0.0;0.0;0.0;0.0;0.0;0.0;0.0;12.0;0.0;0.0;0.0;0.0;0.0;0.0;0.0;0.0;0.0
Sobral;TAPERUABA;-4.0779444444444;-39.947944444444;2022;8;0.0;0.0;0.0;0.0;0.0;0.0;0.0;0.0;0.0;0.0;0.0;0.0;0.0;0.0;0.0;0.0;0.0;0.0;0.0;0.0;0.0;0.0;0.0;0.0;0.0;0.0;0.0;0.0;0.0;0.0;0.0;0.0
Sobral;TAPERUABA;-4.0779444444444;-39.947944444444;2022;9;0.0;0.0;0.0;0.0;0.0;0.0;0.0;0.0;0.0;0.0;0.0;0.0;0.0;0.0;0.0;0.0;0.0;0.0;0.0;0.0;0.0;0.0;0.0;0.0;0.0;0.0;0.0;0.0;0.0;0.0;0.0;888.0
Sobral;TAPERUABA;-4.0779444444444;-39.947944444444;2022;10;0.0;0.0;0.0;0.0;0.0;0.0;0.0;0.0;0.0;0.0;0.0;0.0;0.0;0.0;0.0;0.0;0.0;0.0;0.0;0.0;0.0;0.0;0.0;0.0;0.0;0.0;0.0;0.0;0.0;0.0;0.0;0.0
Sobral;TAPERUABA;-4.0779444444444;-39.947944444444;2022;11;0.0;0.0;0.0;0.0;0.0;0.0;0.0;0.0;0.0;0.0;0.0;0.0;0.0;0.0;0.0;0.0;0.0;0.0;0.0;0.0;0.0;0.0;0.0;0.0;0.0;0.0;0.0;0.0;0.0;0.0;0.0;888.0
Sobral;TAPERUABA;-4.0779444444444;-39.947944444444;2022;12;0.0;0.0;0.0;0.0;0.0;0.0;0.0;0.0;0.0;0.0;0.0;0.0;0.0;0.0;0.0;0.0;0.0;0.0;0.0;0.0;0.0;0.0;0.0;0.0;0.0;0.0;0.0;0.0;0.0;0.0;0.0;0.0
Sobral;TAPERUABA;-4.0779444444444;-39.947944444444;2023;1;41.0;0.0;0.0;0.0;0.0;0.0;0.0;0.0;0.0;2.0;0.0;0.0;0.0;0.0;0.0;0.0;5.0;0.0;0.0;16.0;7.0;0.0;0.0;0.0;0.0;11.0;0.0;0.0;0.0;0.0;0.0;0.0
Sobral;TAPERUABA;-4.0779444444444;-39.947944444444;2023;2;76.5;0.0;0.0;0.0;0.0;0.0;8.0;0.0;0.0;0.0;0.0;0.0;0.0;0.0;0.0;2.0;0.0;0.0;0.0;17.0;0.0;0.0;6.0;9.5;25.0;6.0;3.0;0.0;0.0;888.0;888.0;888.0
Sobral;TAPERUABA;-4.0779444444444;-39.947944444444;2023;3;302.0;0.0;0.0;33.0;15.0;7.0;0.0;0.0;0.0;0.0;0.0;0.0;0.0;8.0;0.0;34.0;19.0;59.0;22.0;19.0;19.0;6.0;18.0;0.0;0.0;0.0;0.0;24.0;0.0;19.0;0.0;0.0
Sobral;TAPERUABA;-4.0779444444444;-39.947944444444;2023;4;218.0;6.0;0.0;14.0;9.0;0.0;0.0;0.0;0.0;0.0;0.0;0.0;0.0;0.0;0.0;25.0;0.0;0.0;12.0;8.0;28.0;0.0;0.0;0.0;0.0;0.0;0.0;62.0;54.0;0.0;0.0;888.0
Sobral;TAPERUABA;-4.0779444444444;-39.947944444444;2023;5;20.0;0.0;0.0;0.0;20.0;0.0;0.0;0.0;0.0;0.0;0.0;0.0;0.0;0.0;0.0;0.0;0.0;0.0;0.0;0.0;0.0;0.0;0.0;0.0;0.0;0.0;0.0;0.0;0.0;0.0;0.0;0.0
Sobral;TAPERUABA;-4.0779444444444;-39.947944444444;2023;6;0.0;0.0;0.0;0.0;0.0;0.0;0.0;0.0;0.0;0.0;0.0;0.0;0.0;0.0;0.0;0.0;0.0;0.0;0.0;0.0;0.0;0.0;0.0;0.0;0.0;0.0;0.0;0.0;0.0;0.0;0.0;888.0
Sobral;TAPERUABA;-4.0779444444444;-39.947944444444;2023;7;0.0;0.0;0.0;0.0;0.0;0.0;0.0;0.0;0.0;0.0;0.0;0.0;0.0;0.0;0.0;0.0;0.0;0.0;0.0;0.0;0.0;0.0;0.0;0.0;0.0;0.0;0.0;0.0;0.0;0.0;0.0;0.0
Sobral;TAPERUABA;-4.0779444444444;-39.947944444444;2023;8;0.0;0.0;0.0;0.0;0.0;0.0;0.0;0.0;0.0;0.0;0.0;0.0;0.0;0.0;0.0;0.0;0.0;0.0;0.0;0.0;0.0;0.0;0.0;0.0;0.0;0.0;0.0;0.0;0.0;0.0;0.0;0.0
Sobral;TAPERUABA;-4.0779444444444;-39.947944444444;2023;9;0.0;0.0;0.0;0.0;0.0;0.0;0.0;0.0;0.0;0.0;0.0;0.0;0.0;0.0;0.0;0.0;0.0;0.0;0.0;0.0;0.0;0.0;0.0;0.0;0.0;0.0;0.0;0.0;0.0;0.0;0.0;888.0
Sobral;TAPERUABA;-4.0779444444444;-39.947944444444;2023;10;0.0;0.0;0.0;0.0;0.0;0.0;0.0;0.0;0.0;0.0;0.0;0.0;0.0;0.0;0.0;0.0;0.0;0.0;0.0;0.0;0.0;0.0;0.0;0.0;0.0;0.0;0.0;0.0;0.0;0.0;0.0;0.0
Sobral;TAPERUABA;-4.0779444444444;-39.947944444444;2023;11;13.0;0.0;0.0;0.0;0.0;0.0;0.0;0.0;0.0;0.0;0.0;0.0;0.0;0.0;0.0;0.0;0.0;0.0;0.0;0.0;0.0;0.0;0.0;0.0;0.0;0.0;0.0;0.0;13.0;0.0;0.0;888.0
Sobral;TAPERUABA;-4.0779444444444;-39.947944444444;2023;12;53.0;0.0;0.0;0.0;0.0;0.0;0.0;0.0;0.0;0.0;0.0;0.0;0.0;0.0;0.0;0.0;0.0;0.0;0.0;34.0;0.0;0.0;0.0;0.0;0.0;0.0;0.0;0.0;0.0;0.0;5.0;14.0
Sobral;TAPERUABA;-4.0779444444444;-39.947944444444;2024;1;87.0;0.0;0.0;8.0;0.0;0.0;0.0;0.0;0.0;0.0;0.0;0.0;57.0;19.5;0.0;0.0;0.0;0.0;0.0;0.0;0.0;0.0;0.0;0.0;0.0;0.0;0.0;0.0;0.0;0.0;0.0;2.5
Sobral;TAPERUABA;-4.0779444444444;-39.947944444444;2024;2;358.8;0.0;0.0;0.0;0.0;0.0;0.0;0.0;0.0;0.0;47.0;0.0;3.5;10.5;7.4;32.0;0.0;12.0;34.0;25.3;14.3;0.0;8.3;0.0;0.0;0.0;0.0;33.3;128.0;3.2;888.0;888.0
Sobral;TAPERUABA;-4.0779444444444;-39.947944444444;2024;3;301.4;0.0;17.2;18.3;54.0;0.0;2.0;0.0;12.2;9.3;0.0;0.0;0.0;21.0;6.0;0.0;21.5;13.5;29.4;0.0;19.5;4.4;0.0;0.0;37.2;0.0;6.2;5.9;15.2;0.0;4.2;4.4
Sobral;TAPERUABA;-4.0779444444444;-39.947944444444;2024;4;321.0;30.6;0.0;0.0;4.2;0.0;27.2;9.3;52.4;29.4;26.2;6.0;0.0;0.0;15.6;0.0;0.0;0.0;0.0;5.2;79.6;4.5;0.0;6.2;0.0;0.0;0.0;19.2;0.0;0.0;5.4;888.0
Sobral;TAPERUABA;-4.0779444444444;-39.947944444444;2024;5;36.0;0.0;0.0;0.0;0.0;0.0;0.0;0.0;0.0;0.0;0.0;0.0;0.0;0.0;0.0;0.0;5.6;0.0;5.0;0.0;0.0;0.0;0.0;0.0;0.0;0.0;6.0;0.0;0.0;14.2;0.0;5.2
Sobral;TAPERUABA;-4.0779444444444;-39.947944444444;2024;6;22.8;0.0;0.0;0.0;0.0;8.2;0.0;0.0;0.0;0.0;0.0;0.0;0.0;0.0;0.0;0.0;12.4;2.2;0.0;0.0;0.0;0.0;0.0;0.0;0.0;0.0;0.0;0.0;0.0;0.0;0.0;888.0
Sobral;TAPERUABA;-4.0779444444444;-39.947944444444;2024;7;0.0;0.0;0.0;0.0;0.0;0.0;0.0;0.0;0.0;0.0;0.0;0.0;0.0;0.0;0.0;0.0;0.0;0.0;0.0;0.0;0.0;0.0;0.0;0.0;0.0;0.0;0.0;0.0;0.0;0.0;0.0;0.0
Sobral;TAPERUABA;-4.0779444444444;-39.947944444444;2024;8;0.0;0.0;0.0;0.0;0.0;0.0;999.0;999.0;999.0;999.0;999.0;999.0;999.0;999.0;999.0;999.0;999.0;999.0;999.0;999.0;999.0;999.0;999.0;999.0;999.0;999.0;999.0;999.0;999.0;999.0;999.0;999.0
