Municipios;Postos;Latitude;Longitude;Anos;Meses;Total;Dia1;Dia2;Dia3;Dia4;Dia5;Dia6;Dia7;Dia8;Dia9;Dia10;Dia11;Dia12;Dia13;Dia14;Dia15;Dia16;Dia17;Dia18;Dia19;Dia20;Dia21;Dia22;Dia23;Dia24;Dia25;Dia26;Dia27;Dia28;Dia29;Dia30;Dia31
Mombaça;BOA VISTA;-5.6511666666667;-39.844416666667;1998;6;0.0;0.0;0.0;0.0;0.0;0.0;0.0;0.0;0.0;0.0;0.0;0.0;0.0;0.0;0.0;0.0;0.0;0.0;0.0;0.0;0.0;0.0;0.0;0.0;0.0;0.0;0.0;0.0;0.0;0.0;0.0;888.0
Mombaça;BOA VISTA;-5.6511666666667;-39.844416666667;1998;7;0.0;0.0;0.0;0.0;0.0;0.0;0.0;0.0;0.0;0.0;0.0;0.0;0.0;0.0;0.0;0.0;0.0;0.0;0.0;0.0;0.0;0.0;0.0;0.0;0.0;0.0;0.0;0.0;0.0;0.0;0.0;0.0
Mombaça;BOA VISTA;-5.6511666666667;-39.844416666667;1998;8;0.0;0.0;0.0;0.0;0.0;0.0;0.0;0.0;0.0;0.0;0.0;0.0;0.0;0.0;0.0;0.0;0.0;0.0;0.0;0.0;0.0;0.0;0.0;0.0;0.0;0.0;0.0;0.0;0.0;0.0;0.0;0.0
Mombaça;BOA VISTA;-5.6511666666667;-39.844416666667;1998;9;0.0;0.0;0.0;0.0;0.0;0.0;0.0;0.0;0.0;0.0;0.0;0.0;0.0;0.0;0.0;0.0;0.0;0.0;0.0;0.0;0.0;0.0;0.0;0.0;0.0;0.0;0.0;0.0;0.0;0.0;0.0;888.0
Mombaça;BOA VISTA;-5.6511666666667;-39.844416666667;1998;10;0.0;0.0;0.0;0.0;0.0;0.0;0.0;0.0;0.0;0.0;0.0;0.0;0.0;0.0;0.0;0.0;0.0;0.0;0.0;0.0;0.0;0.0;0.0;0.0;0.0;0.0;0.0;0.0;0.0;0.0;0.0;0.0
Mombaça;BOA VISTA;-5.6511666666667;-39.844416666667;1998;11;0.0;0.0;0.0;0.0;0.0;0.0;0.0;0.0;0.0;0.0;0.0;0.0;0.0;0.0;0.0;0.0;0.0;0.0;0.0;0.0;0.0;0.0;0.0;0.0;0.0;0.0;0.0;0.0;0.0;0.0;0.0;888.0
Mombaça;BOA VISTA;-5.6511666666667;-39.844416666667;1998;12;0.0;0.0;0.0;0.0;0.0;0.0;0.0;0.0;0.0;0.0;0.0;0.0;0.0;0.0;0.0;0.0;0.0;0.0;0.0;0.0;0.0;0.0;0.0;0.0;0.0;0.0;0.0;0.0;0.0;0.0;0.0;0.0
Mombaça;BOA VISTA;-5.6511666666667;-39.844416666667;1999;1;0.0;0.0;0.0;0.0;0.0;0.0;0.0;0.0;0.0;0.0;0.0;0.0;0.0;0.0;0.0;0.0;0.0;0.0;0.0;0.0;0.0;0.0;0.0;0.0;0.0;0.0;0.0;0.0;0.0;0.0;0.0;0.0
Mombaça;BOA VISTA;-5.6511666666667;-39.844416666667;1999;2;52.3;0.0;0.0;0.0;0.0;0.0;0.0;0.0;0.0;0.0;0.0;0.0;10.1;0.0;0.0;0.0;0.0;0.0;6.0;0.0;0.0;0.0;27.1;4.0;0.0;0.0;5.1;0.0;0.0;888.0;888.0;888.0
Mombaça;BOA VISTA;-5.6511666666667;-39.844416666667;1999;3;55.2;0.0;0.0;0.0;0.0;2.0;4.0;3.0;0.0;0.0;0.0;0.0;0.0;11.2;5.0;3.0;3.0;0.0;0.0;7.1;7.9;4.0;0.0;5.0;0.0;0.0;0.0;0.0;0.0;0.0;0.0;0.0
Mombaça;BOA VISTA;-5.6511666666667;-39.844416666667;1999;4;34.2;0.0;0.0;0.0;0.0;9.0;0.0;0.0;0.0;0.0;0.0;0.0;8.2;17.0;0.0;0.0;0.0;0.0;0.0;0.0;0.0;0.0;0.0;0.0;0.0;0.0;0.0;0.0;0.0;0.0;0.0;888.0
Mombaça;BOA VISTA;-5.6511666666667;-39.844416666667;1999;5;43.0;0.0;0.0;0.0;6.0;0.0;3.0;10.0;0.0;0.0;0.0;0.0;0.0;0.0;0.0;20.0;4.0;0.0;0.0;0.0;0.0;0.0;0.0;0.0;0.0;0.0;0.0;0.0;0.0;0.0;0.0;0.0
Mombaça;BOA VISTA;-5.6511666666667;-39.844416666667;1999;6;0.0;0.0;0.0;0.0;0.0;0.0;0.0;0.0;0.0;0.0;0.0;0.0;0.0;0.0;0.0;0.0;0.0;0.0;0.0;0.0;0.0;0.0;0.0;0.0;0.0;0.0;0.0;0.0;0.0;0.0;0.0;888.0
Mombaça;BOA VISTA;-5.6511666666667;-39.844416666667;1999;7;0.0;0.0;0.0;0.0;0.0;0.0;0.0;0.0;0.0;0.0;0.0;0.0;0.0;0.0;0.0;0.0;0.0;0.0;0.0;0.0;0.0;0.0;0.0;0.0;0.0;0.0;0.0;0.0;0.0;0.0;0.0;0.0
Mombaça;BOA VISTA;-5.6511666666667;-39.844416666667;1999;8;0.0;0.0;0.0;0.0;0.0;0.0;0.0;0.0;0.0;0.0;0.0;0.0;0.0;0.0;0.0;0.0;0.0;0.0;0.0;0.0;0.0;0.0;0.0;0.0;0.0;0.0;0.0;0.0;0.0;0.0;0.0;0.0
Mombaça;BOA VISTA;-5.6511666666667;-39.844416666667;1999;9;0.0;0.0;0.0;0.0;0.0;0.0;0.0;0.0;0.0;0.0;0.0;0.0;0.0;0.0;0.0;0.0;0.0;0.0;0.0;0.0;0.0;0.0;0.0;0.0;0.0;0.0;0.0;0.0;0.0;0.0;0.0;888.0
Mombaça;BOA VISTA;-5.6511666666667;-39.844416666667;1999;10;0.0;0.0;0.0;0.0;0.0;0.0;0.0;0.0;0.0;0.0;0.0;0.0;0.0;0.0;0.0;0.0;0.0;0.0;0.0;0.0;0.0;0.0;0.0;0.0;0.0;0.0;0.0;0.0;0.0;0.0;0.0;0.0
Mombaça;BOA VISTA;-5.6511666666667;-39.844416666667;1999;11;0.0;0.0;0.0;0.0;0.0;0.0;0.0;0.0;0.0;0.0;0.0;0.0;0.0;0.0;0.0;0.0;0.0;0.0;0.0;0.0;0.0;0.0;0.0;0.0;0.0;0.0;0.0;0.0;0.0;0.0;0.0;888.0
Mombaça;BOA VISTA;-5.6511666666667;-39.844416666667;1999;12;0.0;0.0;0.0;0.0;0.0;0.0;0.0;0.0;0.0;0.0;0.0;0.0;0.0;0.0;0.0;0.0;0.0;0.0;0.0;0.0;0.0;0.0;0.0;0.0;0.0;0.0;0.0;0.0;0.0;0.0;0.0;0.0
Mombaça;BOA VISTA;-5.6511666666667;-39.844416666667;2000;1;54.0;0.0;0.0;0.0;11.0;9.0;4.0;0.0;0.0;0.0;18.0;0.0;0.0;0.0;0.0;12.0;0.0;0.0;0.0;0.0;0.0;0.0;0.0;0.0;0.0;0.0;0.0;0.0;0.0;0.0;0.0;0.0
Mombaça;BOA VISTA;-5.6511666666667;-39.844416666667;2000;2;70.4;0.0;0.0;0.0;0.0;0.0;0.0;0.0;0.0;8.0;0.0;0.0;0.0;0.0;3.0;9.0;0.0;6.4;8.0;11.0;17.0;0.0;8.0;0.0;0.0;0.0;0.0;0.0;0.0;0.0;888.0;888.0
Mombaça;BOA VISTA;-5.6511666666667;-39.844416666667;2000;3;90.4;0.0;0.0;0.0;0.0;0.0;18.0;6.4;0.0;9.0;0.0;10.0;0.0;0.0;0.0;5.0;0.0;0.0;0.0;0.0;0.0;0.0;0.0;0.0;11.0;6.0;0.0;17.0;8.0;0.0;0.0;0.0
Mombaça;BOA VISTA;-5.6511666666667;-39.844416666667;2000;4;168.0;8.0;0.0;0.0;0.0;0.0;0.0;0.0;0.0;0.0;0.0;28.0;0.0;0.0;48.0;0.0;0.0;0.0;52.0;22.0;0.0;0.0;0.0;0.0;0.0;0.0;10.0;0.0;0.0;0.0;0.0;888.0
Mombaça;BOA VISTA;-5.6511666666667;-39.844416666667;2000;5;57.0;0.0;0.0;0.0;0.0;21.0;0.0;0.0;0.0;13.0;0.0;0.0;0.0;0.0;0.0;0.0;0.0;0.0;0.0;23.0;0.0;0.0;0.0;0.0;0.0;0.0;0.0;0.0;0.0;0.0;0.0;0.0
Mombaça;BOA VISTA;-5.6511666666667;-39.844416666667;2000;6;62.0;0.0;0.0;0.0;0.0;0.0;0.0;0.0;0.0;8.0;0.0;0.0;9.0;0.0;0.0;0.0;0.0;0.0;0.0;0.0;15.0;0.0;0.0;0.0;0.0;0.0;0.0;30.0;0.0;0.0;0.0;888.0
Mombaça;BOA VISTA;-5.6511666666667;-39.844416666667;2000;7;0.0;0.0;0.0;0.0;0.0;0.0;0.0;0.0;0.0;0.0;0.0;0.0;0.0;0.0;0.0;0.0;0.0;0.0;0.0;0.0;0.0;0.0;0.0;0.0;0.0;0.0;0.0;0.0;0.0;0.0;0.0;0.0
Mombaça;BOA VISTA;-5.6511666666667;-39.844416666667;2000;8;0.0;0.0;0.0;0.0;0.0;0.0;0.0;0.0;0.0;0.0;0.0;0.0;0.0;0.0;0.0;0.0;0.0;0.0;0.0;0.0;0.0;0.0;0.0;0.0;0.0;0.0;0.0;0.0;0.0;0.0;0.0;0.0
Mombaça;BOA VISTA;-5.6511666666667;-39.844416666667;2000;9;0.0;0.0;0.0;0.0;0.0;0.0;0.0;0.0;0.0;0.0;0.0;0.0;0.0;0.0;0.0;0.0;0.0;0.0;0.0;0.0;0.0;0.0;0.0;0.0;0.0;0.0;0.0;0.0;0.0;0.0;0.0;888.0
Mombaça;BOA VISTA;-5.6511666666667;-39.844416666667;2000;10;0.0;0.0;0.0;0.0;0.0;0.0;0.0;0.0;0.0;0.0;0.0;0.0;0.0;0.0;0.0;0.0;0.0;0.0;0.0;0.0;0.0;0.0;0.0;0.0;0.0;0.0;0.0;0.0;0.0;0.0;0.0;0.0
Mombaça;BOA VISTA;-5.6511666666667;-39.844416666667;2000;11;0.0;0.0;0.0;0.0;0.0;0.0;0.0;0.0;0.0;0.0;0.0;0.0;0.0;0.0;0.0;0.0;0.0;0.0;0.0;0.0;0.0;0.0;0.0;0.0;0.0;0.0;0.0;0.0;0.0;0.0;0.0;888.0
Mombaça;BOA VISTA;-5.6511666666667;-39.844416666667;2000;12;17.0;0.0;0.0;0.0;0.0;0.0;0.0;0.0;0.0;0.0;0.0;0.0;0.0;0.0;0.0;17.0;0.0;0.0;0.0;0.0;999.0;0.0;0.0;0.0;0.0;0.0;0.0;0.0;0.0;0.0;0.0;0.0
Mombaça;BOA VISTA;-5.6511666666667;-39.844416666667;2001;1;21.0;0.0;0.0;0.0;0.0;14.0;0.0;0.0;0.0;0.0;0.0;0.0;7.0;0.0;0.0;0.0;0.0;0.0;0.0;0.0;0.0;0.0;0.0;0.0;0.0;0.0;0.0;0.0;0.0;0.0;0.0;0.0
Mombaça;BOA VISTA;-5.6511666666667;-39.844416666667;2001;2;128.0;0.0;0.0;0.0;34.0;0.0;0.0;0.0;0.0;0.0;0.0;0.0;18.0;5.0;0.0;0.0;0.0;0.0;0.0;0.0;0.0;0.0;0.0;0.0;0.0;0.0;0.0;0.0;71.0;888.0;888.0;888.0
Mombaça;BOA VISTA;-5.6511666666667;-39.844416666667;2001;3;46.0;0.0;0.0;0.0;0.0;0.0;0.0;0.0;0.0;0.0;0.0;0.0;0.0;0.0;46.0;0.0;0.0;0.0;0.0;0.0;0.0;0.0;0.0;0.0;0.0;0.0;0.0;0.0;0.0;0.0;0.0;0.0
Mombaça;BOA VISTA;-5.6511666666667;-39.844416666667;2001;4;71.0;0.0;0.0;0.0;0.0;0.0;0.0;0.0;0.0;0.0;0.0;54.0;0.0;0.0;17.0;0.0;0.0;0.0;0.0;0.0;0.0;0.0;0.0;0.0;0.0;0.0;0.0;0.0;0.0;0.0;0.0;888.0
Mombaça;BOA VISTA;-5.6511666666667;-39.844416666667;2001;5;0.0;0.0;0.0;0.0;0.0;0.0;0.0;0.0;0.0;0.0;0.0;0.0;0.0;0.0;0.0;0.0;0.0;0.0;0.0;0.0;0.0;0.0;0.0;0.0;0.0;0.0;0.0;0.0;0.0;0.0;0.0;0.0
Mombaça;BOA VISTA;-5.6511666666667;-39.844416666667;2001;6;0.0;0.0;0.0;0.0;0.0;0.0;0.0;0.0;0.0;0.0;0.0;0.0;0.0;0.0;0.0;0.0;0.0;0.0;0.0;0.0;0.0;0.0;0.0;0.0;0.0;0.0;0.0;0.0;0.0;0.0;0.0;888.0
Mombaça;BOA VISTA;-5.6511666666667;-39.844416666667;2001;7;0.0;0.0;0.0;0.0;0.0;0.0;0.0;0.0;0.0;0.0;0.0;0.0;0.0;0.0;0.0;0.0;0.0;0.0;0.0;0.0;0.0;0.0;0.0;0.0;0.0;0.0;0.0;0.0;0.0;0.0;0.0;0.0
Mombaça;BOA VISTA;-5.6511666666667;-39.844416666667;2001;8;0.0;0.0;0.0;0.0;0.0;0.0;0.0;0.0;0.0;0.0;0.0;0.0;0.0;0.0;0.0;0.0;0.0;0.0;0.0;0.0;0.0;0.0;0.0;0.0;0.0;0.0;0.0;0.0;0.0;0.0;0.0;0.0
Mombaça;BOA VISTA;-5.6511666666667;-39.844416666667;2001;9;0.0;0.0;0.0;0.0;0.0;0.0;0.0;0.0;0.0;0.0;0.0;0.0;0.0;0.0;0.0;0.0;0.0;0.0;0.0;0.0;0.0;0.0;0.0;0.0;0.0;0.0;0.0;0.0;0.0;0.0;0.0;888.0
Mombaça;BOA VISTA;-5.6511666666667;-39.844416666667;2001;10;0.0;0.0;0.0;0.0;0.0;0.0;0.0;0.0;0.0;0.0;0.0;0.0;0.0;0.0;0.0;0.0;0.0;0.0;0.0;0.0;0.0;0.0;0.0;0.0;0.0;0.0;0.0;0.0;0.0;0.0;0.0;0.0
Mombaça;BOA VISTA;-5.6511666666667;-39.844416666667;2001;11;0.0;0.0;0.0;0.0;0.0;0.0;0.0;0.0;0.0;0.0;0.0;0.0;0.0;0.0;0.0;0.0;0.0;0.0;0.0;0.0;0.0;0.0;0.0;0.0;0.0;0.0;0.0;0.0;0.0;0.0;0.0;888.0
Mombaça;BOA VISTA;-5.6511666666667;-39.844416666667;2001;12;0.0;0.0;0.0;0.0;0.0;0.0;0.0;0.0;0.0;0.0;0.0;0.0;0.0;0.0;0.0;0.0;0.0;0.0;0.0;0.0;0.0;0.0;0.0;0.0;0.0;0.0;0.0;0.0;0.0;0.0;0.0;0.0
Mombaça;BOA VISTA;-5.6511666666667;-39.844416666667;2002;1;330.9;0.0;0.0;0.0;0.0;0.0;0.0;0.0;26.0;81.0;0.0;0.0;19.3;25.0;0.0;60.0;21.2;34.0;39.0;6.4;0.0;0.0;0.0;0.0;0.0;0.0;0.0;0.0;0.0;19.0;0.0;0.0
Mombaça;BOA VISTA;-5.6511666666667;-39.844416666667;2002;2;26.0;0.0;0.0;0.0;0.0;0.0;0.0;0.0;0.0;0.0;0.0;0.0;0.0;0.0;0.0;26.0;0.0;0.0;0.0;0.0;0.0;0.0;0.0;0.0;0.0;0.0;0.0;0.0;0.0;888.0;888.0;888.0
Mombaça;BOA VISTA;-5.6511666666667;-39.844416666667;2002;3;203.5;0.0;0.0;0.0;61.0;43.0;0.0;7.5;21.0;0.0;0.0;7.0;0.0;0.0;0.0;0.0;0.0;13.0;0.0;7.0;0.0;0.0;0.0;0.0;0.0;0.0;0.0;0.0;0.0;44.0;0.0;0.0
Mombaça;BOA VISTA;-5.6511666666667;-39.844416666667;2002;4;52.0;0.0;0.0;17.0;0.0;14.0;0.0;0.0;0.0;0.0;21.0;0.0;0.0;0.0;0.0;0.0;0.0;0.0;0.0;0.0;0.0;0.0;0.0;0.0;0.0;0.0;0.0;0.0;0.0;0.0;0.0;888.0
Mombaça;BOA VISTA;-5.6511666666667;-39.844416666667;2002;5;71.0;10.0;36.0;0.0;0.0;0.0;0.0;0.0;0.0;0.0;0.0;0.0;0.0;0.0;0.0;0.0;25.0;0.0;0.0;0.0;0.0;0.0;0.0;0.0;0.0;0.0;0.0;0.0;0.0;0.0;0.0;0.0
Mombaça;BOA VISTA;-5.6511666666667;-39.844416666667;2002;6;21.0;21.0;0.0;0.0;0.0;0.0;0.0;0.0;0.0;0.0;0.0;0.0;0.0;0.0;0.0;0.0;0.0;0.0;0.0;0.0;0.0;0.0;0.0;0.0;0.0;0.0;0.0;0.0;0.0;0.0;0.0;888.0
Mombaça;BOA VISTA;-5.6511666666667;-39.844416666667;2002;7;23.3;0.0;0.0;0.0;23.3;0.0;0.0;0.0;0.0;0.0;0.0;0.0;0.0;0.0;0.0;0.0;0.0;0.0;0.0;0.0;0.0;0.0;0.0;0.0;0.0;0.0;0.0;0.0;0.0;0.0;0.0;0.0
Mombaça;BOA VISTA;-5.6511666666667;-39.844416666667;2002;8;0.0;0.0;0.0;0.0;0.0;0.0;0.0;0.0;0.0;0.0;0.0;0.0;0.0;0.0;0.0;0.0;0.0;0.0;0.0;0.0;0.0;0.0;0.0;0.0;0.0;0.0;0.0;0.0;0.0;0.0;0.0;0.0
Mombaça;BOA VISTA;-5.6511666666667;-39.844416666667;2002;9;0.0;0.0;0.0;0.0;0.0;0.0;0.0;0.0;0.0;0.0;0.0;0.0;0.0;0.0;0.0;0.0;0.0;0.0;0.0;0.0;0.0;0.0;0.0;0.0;0.0;0.0;0.0;0.0;0.0;0.0;0.0;888.0
Mombaça;BOA VISTA;-5.6511666666667;-39.844416666667;2002;10;0.0;0.0;0.0;0.0;0.0;0.0;0.0;0.0;0.0;0.0;0.0;0.0;0.0;0.0;0.0;0.0;0.0;0.0;0.0;0.0;0.0;0.0;0.0;0.0;0.0;0.0;0.0;0.0;0.0;0.0;0.0;0.0
Mombaça;BOA VISTA;-5.6511666666667;-39.844416666667;2002;11;0.0;0.0;0.0;0.0;0.0;0.0;0.0;0.0;0.0;0.0;0.0;0.0;0.0;0.0;0.0;0.0;0.0;0.0;0.0;0.0;0.0;0.0;0.0;0.0;0.0;0.0;0.0;0.0;0.0;0.0;0.0;888.0
Mombaça;BOA VISTA;-5.6511666666667;-39.844416666667;2002;12;0.0;0.0;0.0;0.0;0.0;0.0;0.0;0.0;0.0;0.0;0.0;0.0;0.0;0.0;0.0;0.0;0.0;0.0;0.0;0.0;0.0;0.0;0.0;0.0;0.0;0.0;0.0;0.0;0.0;0.0;0.0;0.0
Mombaça;BOA VISTA;-5.6511666666667;-39.844416666667;2003;1;20.0;0.0;0.0;0.0;0.0;0.0;0.0;0.0;0.0;0.0;0.0;0.0;0.0;0.0;0.0;0.0;0.0;0.0;0.0;0.0;0.0;0.0;15.0;0.0;0.0;0.0;0.0;0.0;0.0;0.0;0.0;5.0
Mombaça;BOA VISTA;-5.6511666666667;-39.844416666667;2003;2;149.2;0.0;0.0;0.0;0.0;0.0;6.0;0.0;0.0;0.0;0.0;0.0;40.2;0.0;0.0;0.0;0.0;10.0;0.0;0.0;0.0;20.0;0.0;10.0;23.0;0.0;40.0;0.0;0.0;888.0;888.0;888.0
Mombaça;BOA VISTA;-5.6511666666667;-39.844416666667;2003;3;255.0;0.0;0.0;0.0;51.0;25.0;0.0;0.0;0.0;0.0;0.0;0.0;0.0;0.0;0.0;0.0;0.0;0.0;0.0;0.0;25.0;0.0;10.0;0.0;60.0;6.0;78.0;0.0;0.0;0.0;0.0;0.0
Mombaça;BOA VISTA;-5.6511666666667;-39.844416666667;2003;4;106.5;18.0;0.0;0.0;6.0;0.0;0.0;0.0;0.0;0.0;16.5;0.0;0.0;0.0;0.0;0.0;0.0;0.0;0.0;0.0;0.0;0.0;20.0;0.0;0.0;26.0;0.0;4.0;16.0;0.0;0.0;888.0
Mombaça;BOA VISTA;-5.6511666666667;-39.844416666667;2003;5;79.2;0.0;0.0;0.0;0.0;48.0;12.0;0.0;0.0;0.0;0.0;0.0;0.0;0.0;0.0;0.0;0.0;0.0;0.0;19.2;0.0;0.0;0.0;0.0;0.0;0.0;0.0;0.0;0.0;0.0;0.0;0.0
Mombaça;BOA VISTA;-5.6511666666667;-39.844416666667;2003;6;129.0;0.0;0.0;0.0;0.0;45.0;5.0;0.0;0.0;0.0;0.0;0.0;12.0;0.0;0.0;0.0;54.0;0.0;0.0;0.0;0.0;0.0;13.0;0.0;0.0;0.0;0.0;0.0;0.0;0.0;0.0;888.0
Mombaça;BOA VISTA;-5.6511666666667;-39.844416666667;2003;7;0.0;0.0;0.0;0.0;0.0;0.0;0.0;0.0;0.0;0.0;0.0;0.0;0.0;0.0;0.0;0.0;0.0;0.0;0.0;0.0;0.0;0.0;0.0;0.0;0.0;0.0;0.0;0.0;0.0;0.0;0.0;0.0
Mombaça;BOA VISTA;-5.6511666666667;-39.844416666667;2003;8;0.0;0.0;0.0;0.0;0.0;0.0;0.0;0.0;0.0;0.0;0.0;0.0;0.0;0.0;0.0;0.0;0.0;0.0;0.0;0.0;0.0;0.0;0.0;0.0;0.0;0.0;0.0;0.0;0.0;0.0;0.0;0.0
Mombaça;BOA VISTA;-5.6511666666667;-39.844416666667;2003;9;0.0;0.0;0.0;0.0;0.0;0.0;0.0;0.0;0.0;0.0;0.0;0.0;0.0;0.0;0.0;0.0;0.0;0.0;0.0;0.0;0.0;0.0;0.0;0.0;0.0;0.0;0.0;0.0;0.0;0.0;0.0;888.0
Mombaça;BOA VISTA;-5.6511666666667;-39.844416666667;2003;10;0.0;0.0;0.0;0.0;0.0;0.0;0.0;0.0;0.0;0.0;0.0;0.0;0.0;0.0;0.0;0.0;0.0;0.0;0.0;0.0;0.0;0.0;0.0;0.0;0.0;0.0;0.0;0.0;0.0;0.0;0.0;0.0
Mombaça;BOA VISTA;-5.6511666666667;-39.844416666667;2003;11;0.0;0.0;0.0;0.0;0.0;0.0;0.0;0.0;0.0;0.0;0.0;0.0;0.0;0.0;0.0;0.0;0.0;0.0;0.0;0.0;0.0;0.0;0.0;0.0;0.0;0.0;0.0;0.0;0.0;0.0;0.0;888.0
Mombaça;BOA VISTA;-5.6511666666667;-39.844416666667;2003;12;0.0;0.0;0.0;0.0;0.0;0.0;0.0;0.0;0.0;0.0;0.0;0.0;0.0;0.0;0.0;0.0;0.0;0.0;0.0;0.0;0.0;0.0;0.0;0.0;0.0;0.0;0.0;0.0;0.0;0.0;0.0;0.0
Mombaça;BOA VISTA;-5.6511666666667;-39.844416666667;2004;1;400.0;0.0;0.0;0.0;0.0;0.0;0.0;0.0;0.0;0.0;0.0;0.0;0.0;0.0;0.0;0.0;0.0;0.0;30.0;0.0;10.0;25.0;78.0;27.0;40.0;25.0;42.0;0.0;42.0;4.0;59.0;18.0
Mombaça;BOA VISTA;-5.6511666666667;-39.844416666667;2004;2;155.0;3.0;0.0;0.0;0.0;12.0;75.0;0.0;3.0;0.0;0.0;0.0;0.0;0.0;0.0;0.0;27.0;5.0;0.0;0.0;0.0;0.0;0.0;0.0;0.0;0.0;0.0;20.0;0.0;10.0;888.0;888.0
Mombaça;BOA VISTA;-5.6511666666667;-39.844416666667;2004;3;155.0;0.0;0.0;0.0;0.0;0.0;0.0;96.0;0.0;0.0;0.0;0.0;0.0;0.0;0.0;0.0;0.0;18.0;0.0;0.0;0.0;0.0;0.0;0.0;0.0;0.0;0.0;41.0;0.0;0.0;0.0;0.0
Mombaça;BOA VISTA;-5.6511666666667;-39.844416666667;2004;4;22.0;0.0;0.0;0.0;0.0;0.0;0.0;0.0;0.0;0.0;0.0;0.0;0.0;0.0;0.0;0.0;0.0;0.0;0.0;0.0;0.0;0.0;11.0;0.0;0.0;0.0;11.0;0.0;0.0;0.0;0.0;888.0
Mombaça;BOA VISTA;-5.6511666666667;-39.844416666667;2004;5;65.0;0.0;0.0;0.0;0.0;0.0;0.0;0.0;0.0;10.0;0.0;6.0;0.0;0.0;0.0;0.0;0.0;0.0;0.0;0.0;0.0;24.0;0.0;0.0;0.0;22.0;3.0;0.0;0.0;0.0;0.0;0.0
Mombaça;BOA VISTA;-5.6511666666667;-39.844416666667;2004;6;124.2;15.3;10.0;0.0;0.0;0.0;0.0;0.0;0.0;0.0;0.0;0.0;0.0;0.0;10.0;17.0;5.0;3.0;0.0;32.0;0.0;19.9;0.0;3.0;0.0;0.0;0.0;0.0;9.0;0.0;0.0;888.0
Mombaça;BOA VISTA;-5.6511666666667;-39.844416666667;2004;7;16.0;8.0;0.0;0.0;8.0;0.0;0.0;0.0;0.0;0.0;0.0;0.0;0.0;0.0;0.0;0.0;0.0;0.0;0.0;0.0;0.0;0.0;0.0;0.0;0.0;0.0;0.0;0.0;0.0;0.0;0.0;0.0
Mombaça;BOA VISTA;-5.6511666666667;-39.844416666667;2004;8;27.0;0.0;27.0;0.0;0.0;0.0;0.0;0.0;0.0;0.0;0.0;0.0;0.0;0.0;0.0;0.0;0.0;0.0;0.0;0.0;0.0;0.0;0.0;0.0;0.0;0.0;0.0;0.0;0.0;0.0;0.0;0.0
Mombaça;BOA VISTA;-5.6511666666667;-39.844416666667;2004;9;0.0;0.0;0.0;0.0;0.0;0.0;0.0;0.0;0.0;0.0;0.0;0.0;0.0;0.0;0.0;0.0;0.0;0.0;0.0;0.0;0.0;0.0;0.0;0.0;0.0;0.0;0.0;0.0;0.0;0.0;0.0;888.0
Mombaça;BOA VISTA;-5.6511666666667;-39.844416666667;2004;10;0.0;0.0;0.0;0.0;0.0;0.0;0.0;0.0;0.0;0.0;0.0;0.0;0.0;0.0;0.0;0.0;0.0;0.0;0.0;0.0;0.0;0.0;0.0;0.0;0.0;0.0;0.0;0.0;0.0;0.0;0.0;0.0
Mombaça;BOA VISTA;-5.6511666666667;-39.844416666667;2004;11;0.0;0.0;0.0;0.0;0.0;0.0;0.0;0.0;0.0;0.0;0.0;0.0;0.0;0.0;0.0;0.0;0.0;0.0;0.0;0.0;0.0;0.0;0.0;0.0;0.0;0.0;0.0;0.0;0.0;0.0;0.0;888.0
Mombaça;BOA VISTA;-5.6511666666667;-39.844416666667;2004;12;0.0;0.0;0.0;0.0;0.0;0.0;0.0;0.0;0.0;0.0;0.0;0.0;0.0;0.0;0.0;0.0;0.0;0.0;0.0;0.0;0.0;0.0;0.0;0.0;0.0;0.0;0.0;0.0;0.0;0.0;0.0;0.0
Mombaça;BOA VISTA;-5.6511666666667;-39.844416666667;2005;1;107.0;0.0;0.0;0.0;0.0;0.0;0.0;0.0;0.0;0.0;0.0;0.0;0.0;0.0;0.0;0.0;0.0;0.0;0.0;0.0;0.0;0.0;0.0;0.0;0.0;0.0;107.0;0.0;0.0;0.0;0.0;0.0
Mombaça;BOA VISTA;-5.6511666666667;-39.844416666667;2005;2;23.0;0.0;0.0;0.0;0.0;0.0;0.0;0.0;0.0;0.0;0.0;11.0;0.0;0.0;0.0;0.0;0.0;12.0;0.0;0.0;0.0;0.0;0.0;0.0;0.0;0.0;0.0;0.0;0.0;888.0;888.0;888.0
Mombaça;BOA VISTA;-5.6511666666667;-39.844416666667;2005;3;255.0;0.0;0.0;0.0;0.0;0.0;0.0;0.0;0.0;0.0;0.0;0.0;0.0;0.0;0.0;0.0;0.0;0.0;0.0;0.0;0.0;0.0;0.0;0.0;0.0;52.0;0.0;40.0;98.0;8.0;14.0;43.0
Mombaça;BOA VISTA;-5.6511666666667;-39.844416666667;2005;4;100.0;0.0;0.0;0.0;0.0;0.0;0.0;0.0;0.0;0.0;0.0;11.0;0.0;40.0;0.0;30.0;0.0;0.0;0.0;0.0;0.0;0.0;8.0;0.0;0.0;0.0;0.0;0.0;0.0;0.0;11.0;888.0
Mombaça;BOA VISTA;-5.6511666666667;-39.844416666667;2005;5;71.0;0.0;0.0;0.0;6.0;0.0;13.0;0.0;8.0;0.0;0.0;0.0;0.0;0.0;24.0;0.0;0.0;0.0;0.0;0.0;0.0;0.0;0.0;0.0;0.0;0.0;0.0;0.0;0.0;0.0;0.0;20.0
Mombaça;BOA VISTA;-5.6511666666667;-39.844416666667;2005;6;28.0;0.0;0.0;0.0;0.0;0.0;8.0;0.0;0.0;0.0;0.0;0.0;0.0;20.0;0.0;0.0;0.0;0.0;0.0;0.0;0.0;0.0;0.0;0.0;0.0;0.0;0.0;0.0;0.0;0.0;0.0;888.0
Mombaça;BOA VISTA;-5.6511666666667;-39.844416666667;2005;7;22.0;22.0;0.0;0.0;0.0;0.0;0.0;0.0;0.0;0.0;0.0;0.0;0.0;0.0;0.0;0.0;0.0;0.0;0.0;0.0;0.0;0.0;0.0;0.0;0.0;0.0;0.0;0.0;0.0;0.0;0.0;0.0
Mombaça;BOA VISTA;-5.6511666666667;-39.844416666667;2005;8;42.0;0.0;0.0;0.0;0.0;0.0;0.0;0.0;0.0;0.0;0.0;0.0;0.0;0.0;0.0;0.0;0.0;0.0;0.0;0.0;0.0;0.0;0.0;0.0;42.0;0.0;0.0;0.0;0.0;0.0;0.0;0.0
Mombaça;BOA VISTA;-5.6511666666667;-39.844416666667;2005;9;0.0;0.0;0.0;0.0;0.0;0.0;0.0;0.0;0.0;0.0;0.0;0.0;0.0;0.0;0.0;0.0;0.0;0.0;0.0;0.0;0.0;0.0;0.0;0.0;0.0;0.0;0.0;0.0;0.0;0.0;0.0;888.0
Mombaça;BOA VISTA;-5.6511666666667;-39.844416666667;2005;10;0.0;0.0;0.0;0.0;0.0;0.0;0.0;0.0;0.0;0.0;0.0;0.0;0.0;0.0;0.0;0.0;0.0;0.0;0.0;0.0;0.0;0.0;0.0;0.0;0.0;0.0;0.0;0.0;0.0;0.0;0.0;0.0
Mombaça;BOA VISTA;-5.6511666666667;-39.844416666667;2005;11;0.0;0.0;0.0;0.0;0.0;0.0;0.0;0.0;0.0;0.0;0.0;0.0;0.0;0.0;0.0;0.0;0.0;0.0;0.0;0.0;0.0;0.0;0.0;0.0;0.0;0.0;0.0;0.0;0.0;0.0;0.0;888.0
Mombaça;BOA VISTA;-5.6511666666667;-39.844416666667;2005;12;42.0;0.0;0.0;0.0;0.0;0.0;0.0;42.0;0.0;0.0;0.0;0.0;0.0;0.0;0.0;0.0;0.0;0.0;0.0;0.0;0.0;0.0;0.0;0.0;0.0;0.0;0.0;0.0;0.0;0.0;0.0;0.0
Mombaça;BOA VISTA;-5.6511666666667;-39.844416666667;2006;1;28.0;28.0;0.0;0.0;0.0;0.0;0.0;0.0;0.0;0.0;0.0;0.0;0.0;0.0;0.0;0.0;0.0;0.0;0.0;0.0;0.0;0.0;0.0;0.0;0.0;0.0;0.0;0.0;0.0;0.0;0.0;0.0
Mombaça;BOA VISTA;-5.6511666666667;-39.844416666667;2006;2;76.0;0.0;0.0;0.0;0.0;0.0;0.0;0.0;0.0;0.0;0.0;0.0;0.0;0.0;0.0;0.0;0.0;0.0;10.0;0.0;0.0;0.0;0.0;43.0;0.0;0.0;0.0;0.0;23.0;888.0;888.0;888.0
Mombaça;BOA VISTA;-5.6511666666667;-39.844416666667;2006;3;82.0;0.0;17.0;0.0;0.0;0.0;0.0;0.0;0.0;0.0;0.0;0.0;0.0;0.0;0.0;12.0;0.0;0.0;0.0;0.0;21.0;0.0;0.0;13.0;19.0;0.0;0.0;0.0;0.0;0.0;0.0;0.0
Mombaça;BOA VISTA;-5.6511666666667;-39.844416666667;2006;4;81.0;0.0;0.0;0.0;0.0;0.0;0.0;0.0;0.0;11.0;0.0;0.0;0.0;0.0;0.0;0.0;18.0;0.0;0.0;11.0;0.0;0.0;0.0;0.0;0.0;11.0;0.0;11.0;0.0;0.0;19.0;888.0
Mombaça;BOA VISTA;-5.6511666666667;-39.844416666667;2006;5;145.8;0.0;0.0;0.0;6.0;0.0;0.0;10.0;25.5;7.0;23.0;7.3;0.0;0.0;6.0;18.0;0.0;0.0;0.0;0.0;0.0;0.0;43.0;0.0;0.0;0.0;0.0;0.0;0.0;0.0;0.0;0.0
Mombaça;BOA VISTA;-5.6511666666667;-39.844416666667;2006;6;14.0;0.0;0.0;0.0;0.0;0.0;0.0;0.0;0.0;0.0;0.0;0.0;0.0;0.0;0.0;0.0;14.0;0.0;0.0;0.0;0.0;0.0;0.0;0.0;0.0;0.0;0.0;0.0;0.0;0.0;0.0;888.0
Mombaça;BOA VISTA;-5.6511666666667;-39.844416666667;2006;7;11.0;0.0;0.0;0.0;0.0;0.0;0.0;11.0;0.0;0.0;0.0;0.0;0.0;0.0;0.0;0.0;0.0;0.0;0.0;0.0;0.0;0.0;0.0;0.0;0.0;0.0;0.0;0.0;0.0;0.0;0.0;0.0
Mombaça;BOA VISTA;-5.6511666666667;-39.844416666667;2006;8;0.0;0.0;0.0;0.0;0.0;0.0;0.0;0.0;0.0;0.0;0.0;0.0;0.0;0.0;0.0;0.0;0.0;0.0;0.0;0.0;0.0;0.0;0.0;0.0;0.0;0.0;0.0;0.0;0.0;0.0;0.0;0.0
Mombaça;BOA VISTA;-5.6511666666667;-39.844416666667;2006;9;0.0;0.0;0.0;0.0;0.0;0.0;0.0;0.0;0.0;0.0;0.0;0.0;0.0;0.0;0.0;0.0;0.0;0.0;0.0;0.0;0.0;0.0;0.0;0.0;0.0;0.0;0.0;0.0;0.0;0.0;0.0;888.0
Mombaça;BOA VISTA;-5.6511666666667;-39.844416666667;2006;10;0.0;0.0;0.0;0.0;0.0;0.0;0.0;0.0;0.0;0.0;0.0;0.0;0.0;0.0;0.0;0.0;0.0;0.0;0.0;0.0;0.0;0.0;0.0;0.0;0.0;0.0;0.0;0.0;0.0;0.0;0.0;0.0
Mombaça;BOA VISTA;-5.6511666666667;-39.844416666667;2006;11;0.0;0.0;0.0;0.0;0.0;0.0;0.0;0.0;0.0;0.0;0.0;0.0;0.0;0.0;0.0;0.0;0.0;0.0;0.0;0.0;0.0;0.0;0.0;0.0;0.0;0.0;0.0;0.0;0.0;0.0;0.0;888.0
Mombaça;BOA VISTA;-5.6511666666667;-39.844416666667;2006;12;0.0;0.0;0.0;0.0;0.0;0.0;0.0;0.0;0.0;0.0;0.0;0.0;0.0;0.0;0.0;0.0;0.0;0.0;0.0;0.0;0.0;0.0;0.0;0.0;0.0;0.0;0.0;0.0;0.0;0.0;0.0;0.0
Mombaça;BOA VISTA;-5.6511666666667;-39.844416666667;2007;1;55.0;23.0;0.0;0.0;0.0;0.0;0.0;0.0;0.0;0.0;0.0;0.0;0.0;0.0;0.0;0.0;0.0;0.0;0.0;0.0;0.0;0.0;0.0;0.0;0.0;0.0;0.0;0.0;0.0;0.0;32.0;0.0
Mombaça;BOA VISTA;-5.6511666666667;-39.844416666667;2007;2;234.0;0.0;0.0;0.0;0.0;0.0;0.0;0.0;0.0;0.0;0.0;0.0;50.0;0.0;8.0;0.0;17.0;20.0;30.0;0.0;43.0;0.0;0.0;54.0;0.0;0.0;0.0;0.0;12.0;888.0;888.0;888.0
Mombaça;BOA VISTA;-5.6511666666667;-39.844416666667;2007;3;279.0;4.0;32.0;0.0;7.0;13.0;20.0;0.0;0.0;9.0;77.0;0.0;12.0;10.0;0.0;0.0;70.0;0.0;0.0;0.0;0.0;0.0;0.0;0.0;0.0;0.0;0.0;0.0;0.0;0.0;18.0;7.0
Mombaça;BOA VISTA;-5.6511666666667;-39.844416666667;2007;4;77.0;0.0;17.0;0.0;0.0;0.0;0.0;0.0;0.0;0.0;0.0;0.0;0.0;0.0;0.0;0.0;0.0;0.0;0.0;31.0;6.0;13.0;10.0;0.0;0.0;0.0;0.0;0.0;0.0;0.0;0.0;888.0
Mombaça;BOA VISTA;-5.6511666666667;-39.844416666667;2007;5;216.0;19.0;30.0;0.0;0.0;0.0;0.0;0.0;0.0;0.0;0.0;0.0;0.0;0.0;0.0;0.0;0.0;0.0;0.0;0.0;130.0;0.0;0.0;37.0;0.0;0.0;0.0;0.0;0.0;0.0;0.0;0.0
Mombaça;BOA VISTA;-5.6511666666667;-39.844416666667;2007;6;34.0;17.0;0.0;0.0;0.0;17.0;0.0;0.0;0.0;0.0;0.0;0.0;0.0;0.0;0.0;0.0;0.0;0.0;0.0;0.0;0.0;0.0;0.0;0.0;0.0;0.0;0.0;0.0;0.0;0.0;0.0;888.0
Mombaça;BOA VISTA;-5.6511666666667;-39.844416666667;2007;7;0.0;0.0;0.0;0.0;0.0;0.0;0.0;0.0;0.0;0.0;0.0;0.0;0.0;0.0;0.0;0.0;0.0;0.0;0.0;0.0;0.0;0.0;0.0;0.0;0.0;0.0;0.0;0.0;0.0;0.0;0.0;0.0
Mombaça;BOA VISTA;-5.6511666666667;-39.844416666667;2007;8;0.0;0.0;0.0;0.0;0.0;0.0;0.0;0.0;0.0;0.0;0.0;0.0;0.0;0.0;0.0;0.0;0.0;0.0;0.0;0.0;0.0;0.0;0.0;0.0;0.0;0.0;0.0;0.0;0.0;0.0;0.0;0.0
Mombaça;BOA VISTA;-5.6511666666667;-39.844416666667;2007;9;0.0;0.0;0.0;0.0;0.0;0.0;0.0;0.0;0.0;0.0;0.0;0.0;0.0;0.0;0.0;0.0;0.0;0.0;0.0;0.0;0.0;0.0;0.0;0.0;0.0;0.0;0.0;0.0;0.0;0.0;0.0;888.0
Mombaça;BOA VISTA;-5.6511666666667;-39.844416666667;2007;10;0.0;0.0;0.0;0.0;0.0;0.0;0.0;0.0;0.0;0.0;0.0;0.0;0.0;0.0;0.0;0.0;0.0;0.0;0.0;0.0;0.0;0.0;0.0;0.0;0.0;0.0;0.0;0.0;0.0;0.0;0.0;0.0
Mombaça;BOA VISTA;-5.6511666666667;-39.844416666667;2007;11;0.0;0.0;0.0;0.0;0.0;0.0;0.0;0.0;0.0;0.0;0.0;0.0;0.0;0.0;0.0;0.0;0.0;0.0;0.0;0.0;0.0;0.0;0.0;0.0;0.0;0.0;0.0;0.0;0.0;0.0;0.0;888.0
Mombaça;BOA VISTA;-5.6511666666667;-39.844416666667;2007;12;0.0;0.0;999.0;999.0;999.0;999.0;999.0;999.0;999.0;999.0;999.0;999.0;999.0;999.0;999.0;999.0;999.0;999.0;999.0;999.0;999.0;999.0;999.0;999.0;999.0;999.0;999.0;999.0;999.0;999.0;999.0;999.0
Mombaça;BOA VISTA;-5.6511666666667;-39.844416666667;2008;1;16.0;0.0;0.0;0.0;0.0;0.0;0.0;0.0;0.0;0.0;0.0;0.0;0.0;0.0;0.0;0.0;0.0;0.0;0.0;11.0;0.0;0.0;5.0;0.0;0.0;0.0;0.0;0.0;0.0;0.0;0.0;0.0
Mombaça;BOA VISTA;-5.6511666666667;-39.844416666667;2008;2;63.0;10.0;0.0;0.0;0.0;0.0;0.0;5.0;0.0;0.0;0.0;0.0;0.0;0.0;0.0;0.0;0.0;0.0;10.0;0.0;0.0;0.0;0.0;0.0;0.0;0.0;0.0;0.0;38.0;0.0;888.0;888.0
Mombaça;BOA VISTA;-5.6511666666667;-39.844416666667;2008;3;274.0;0.0;4.0;0.0;0.0;0.0;14.0;0.0;0.0;20.0;0.0;0.0;0.0;20.0;9.0;26.0;10.0;0.0;0.0;20.0;0.0;0.0;0.0;20.0;0.0;9.0;16.0;0.0;34.0;9.0;54.0;9.0
Mombaça;BOA VISTA;-5.6511666666667;-39.844416666667;2008;4;87.0;10.0;29.0;48.0;999.0;999.0;999.0;999.0;999.0;999.0;999.0;999.0;999.0;999.0;999.0;999.0;999.0;999.0;999.0;999.0;999.0;999.0;999.0;999.0;999.0;999.0;999.0;999.0;999.0;999.0;999.0;888.0
Mombaça;BOA VISTA;-5.6511666666667;-39.844416666667;2008;12;0.0;0.0;999.0;999.0;999.0;999.0;999.0;999.0;999.0;999.0;999.0;999.0;999.0;999.0;999.0;999.0;999.0;999.0;999.0;999.0;999.0;999.0;999.0;999.0;999.0;999.0;999.0;999.0;999.0;999.0;999.0;999.0
Mombaça;BOA VISTA;-5.6511666666667;-39.844416666667;2010;1;25.5;10.5;0.0;9.5;5.5;0.0;0.0;0.0;0.0;0.0;0.0;0.0;0.0;0.0;0.0;0.0;0.0;0.0;0.0;0.0;0.0;0.0;0.0;0.0;0.0;0.0;0.0;0.0;0.0;0.0;0.0;0.0
Mombaça;BOA VISTA;-5.6511666666667;-39.844416666667;2010;2;0.0;0.0;0.0;0.0;0.0;0.0;0.0;0.0;0.0;0.0;0.0;0.0;0.0;0.0;0.0;0.0;0.0;0.0;0.0;0.0;0.0;0.0;0.0;0.0;0.0;0.0;0.0;0.0;0.0;888.0;888.0;888.0
Mombaça;BOA VISTA;-5.6511666666667;-39.844416666667;2010;3;25.2;0.0;0.0;0.0;0.0;0.0;0.0;0.0;0.0;0.0;0.0;0.0;0.0;0.0;0.0;0.0;0.0;0.0;0.0;0.0;0.0;9.4;0.0;9.2;0.0;0.0;0.0;0.0;6.6;0.0;0.0;0.0
Mombaça;BOA VISTA;-5.6511666666667;-39.844416666667;2010;4;193.0;39.0;0.0;8.4;4.6;0.0;0.0;4.0;0.0;10.4;10.0;11.8;42.0;55.6;0.0;0.0;0.0;0.0;0.0;0.0;0.0;0.0;0.0;0.0;0.0;0.0;0.0;0.0;0.0;7.2;0.0;888.0
Mombaça;BOA VISTA;-5.6511666666667;-39.844416666667;2010;5;23.6;0.0;0.0;18.6;0.0;0.0;0.0;0.0;0.0;0.0;1.8;0.0;0.0;0.0;0.0;0.0;0.0;0.0;0.0;0.0;0.0;0.0;0.0;0.0;0.0;0.0;0.0;0.0;0.0;3.2;0.0;0.0
Mombaça;BOA VISTA;-5.6511666666667;-39.844416666667;2010;6;0.0;0.0;0.0;0.0;0.0;0.0;0.0;0.0;0.0;0.0;0.0;0.0;0.0;0.0;0.0;0.0;0.0;0.0;0.0;0.0;0.0;0.0;0.0;0.0;0.0;0.0;0.0;0.0;0.0;0.0;0.0;888.0
Mombaça;BOA VISTA;-5.6511666666667;-39.844416666667;2010;7;0.0;0.0;0.0;0.0;0.0;0.0;0.0;0.0;0.0;0.0;0.0;0.0;0.0;0.0;0.0;0.0;0.0;0.0;0.0;0.0;0.0;0.0;0.0;0.0;0.0;0.0;0.0;0.0;0.0;0.0;0.0;0.0
Mombaça;BOA VISTA;-5.6511666666667;-39.844416666667;2010;8;0.0;0.0;0.0;0.0;0.0;0.0;0.0;0.0;0.0;0.0;0.0;0.0;0.0;0.0;0.0;0.0;0.0;0.0;0.0;0.0;0.0;0.0;0.0;0.0;0.0;0.0;0.0;0.0;0.0;0.0;0.0;0.0
Mombaça;BOA VISTA;-5.6511666666667;-39.844416666667;2010;9;0.0;0.0;0.0;0.0;0.0;0.0;0.0;0.0;0.0;0.0;0.0;0.0;0.0;0.0;0.0;0.0;0.0;0.0;0.0;0.0;0.0;0.0;0.0;0.0;0.0;0.0;0.0;0.0;0.0;0.0;0.0;888.0
Mombaça;BOA VISTA;-5.6511666666667;-39.844416666667;2010;10;0.0;0.0;0.0;0.0;0.0;0.0;0.0;0.0;0.0;0.0;0.0;0.0;0.0;0.0;0.0;0.0;0.0;0.0;0.0;0.0;0.0;0.0;0.0;0.0;0.0;0.0;0.0;0.0;0.0;0.0;0.0;0.0
Mombaça;BOA VISTA;-5.6511666666667;-39.844416666667;2010;11;0.0;0.0;0.0;0.0;0.0;0.0;0.0;0.0;0.0;0.0;0.0;0.0;0.0;0.0;0.0;0.0;0.0;0.0;0.0;0.0;0.0;0.0;0.0;0.0;0.0;0.0;0.0;0.0;0.0;0.0;0.0;888.0
Mombaça;BOA VISTA;-5.6511666666667;-39.844416666667;2010;12;28.0;0.0;0.0;0.0;0.0;0.0;0.0;0.0;0.0;0.0;0.0;0.0;0.0;0.0;0.0;0.0;0.0;0.0;0.0;0.0;0.0;0.0;0.0;28.0;0.0;0.0;999.0;999.0;999.0;999.0;999.0;999.0
Mombaça;BOA VISTA;-5.6511666666667;-39.844416666667;2011;1;214.0;0.0;0.0;8.6;0.0;0.0;0.0;0.0;0.0;11.0;15.2;0.0;0.0;0.0;0.0;0.0;0.0;0.0;0.0;58.0;0.0;0.0;0.0;0.0;26.0;0.0;0.0;49.0;30.0;11.0;0.0;5.2
Mombaça;BOA VISTA;-5.6511666666667;-39.844416666667;2011;2;152.3;12.1;0.0;0.0;5.0;0.0;0.0;0.0;0.0;0.0;0.0;0.0;17.0;0.0;0.0;48.1;0.0;0.0;0.0;4.0;14.0;8.9;0.0;0.0;0.0;0.0;0.0;0.0;43.2;888.0;888.0;888.0
Mombaça;BOA VISTA;-5.6511666666667;-39.844416666667;2011;3;125.1;28.0;23.2;8.0;0.0;15.2;0.0;0.0;41.3;9.4;0.0;0.0;0.0;0.0;0.0;0.0;0.0;0.0;0.0;0.0;0.0;0.0;0.0;0.0;0.0;0.0;0.0;0.0;0.0;0.0;0.0;0.0
Mombaça;BOA VISTA;-5.6511666666667;-39.844416666667;2011;4;141.3;0.0;0.0;0.0;0.0;0.0;0.0;0.0;0.0;0.0;18.8;19.2;23.4;0.0;10.5;0.0;6.8;0.0;1.4;0.0;42.0;19.2;0.0;0.0;0.0;0.0;0.0;0.0;0.0;0.0;0.0;888.0
Mombaça;BOA VISTA;-5.6511666666667;-39.844416666667;2011;5;269.2;0.0;0.0;0.0;19.0;19.1;21.3;0.0;0.0;0.0;31.0;86.3;0.0;0.0;0.0;0.0;0.0;0.0;0.0;0.0;73.0;0.0;0.0;0.0;0.0;19.5;0.0;0.0;0.0;0.0;0.0;0.0
Mombaça;BOA VISTA;-5.6511666666667;-39.844416666667;2011;6;0.0;0.0;0.0;0.0;0.0;0.0;0.0;0.0;0.0;0.0;0.0;0.0;0.0;0.0;0.0;0.0;0.0;0.0;0.0;0.0;0.0;0.0;0.0;0.0;0.0;0.0;0.0;0.0;0.0;0.0;0.0;888.0
Mombaça;BOA VISTA;-5.6511666666667;-39.844416666667;2011;7;54.0;0.0;0.0;0.0;0.0;0.0;0.0;0.0;0.0;0.0;0.0;0.0;21.0;33.0;0.0;0.0;0.0;0.0;0.0;0.0;0.0;0.0;0.0;0.0;0.0;0.0;0.0;0.0;0.0;0.0;0.0;0.0
Mombaça;BOA VISTA;-5.6511666666667;-39.844416666667;2011;8;24.5;0.0;0.0;0.0;0.0;0.0;0.0;0.0;0.0;0.0;0.0;0.0;0.0;0.0;0.0;0.0;0.0;0.0;0.0;0.0;0.0;0.0;0.0;24.5;0.0;0.0;0.0;0.0;0.0;0.0;0.0;0.0
Mombaça;BOA VISTA;-5.6511666666667;-39.844416666667;2011;9;0.0;0.0;0.0;0.0;0.0;0.0;0.0;0.0;0.0;0.0;0.0;0.0;0.0;0.0;0.0;0.0;0.0;0.0;0.0;0.0;0.0;0.0;0.0;0.0;0.0;0.0;0.0;0.0;0.0;0.0;0.0;888.0
Mombaça;BOA VISTA;-5.6511666666667;-39.844416666667;2011;10;14.0;0.0;0.0;0.0;0.0;0.0;0.0;0.0;0.0;0.0;0.0;0.0;0.0;0.0;0.0;0.0;0.0;0.0;0.0;0.0;14.0;0.0;0.0;0.0;0.0;0.0;0.0;0.0;0.0;0.0;0.0;0.0
Mombaça;BOA VISTA;-5.6511666666667;-39.844416666667;2011;11;0.0;0.0;0.0;0.0;0.0;0.0;0.0;0.0;0.0;0.0;0.0;0.0;0.0;0.0;0.0;0.0;0.0;0.0;0.0;0.0;0.0;0.0;0.0;0.0;0.0;0.0;0.0;0.0;0.0;0.0;0.0;888.0
Mombaça;BOA VISTA;-5.6511666666667;-39.844416666667;2011;12;0.0;0.0;0.0;0.0;0.0;0.0;0.0;0.0;0.0;0.0;0.0;0.0;0.0;0.0;0.0;0.0;0.0;0.0;0.0;0.0;0.0;0.0;0.0;0.0;0.0;0.0;0.0;0.0;0.0;0.0;0.0;0.0
Mombaça;BOA VISTA;-5.6511666666667;-39.844416666667;2012;1;46.5;0.0;0.0;0.0;0.0;0.0;0.0;0.0;0.0;0.0;0.0;0.0;0.0;0.0;0.0;0.0;0.0;0.0;0.0;0.0;0.0;0.0;0.0;0.0;18.5;28.0;0.0;0.0;0.0;0.0;0.0;0.0
Mombaça;BOA VISTA;-5.6511666666667;-39.844416666667;2012;2;95.0;0.0;0.0;0.0;0.0;0.0;0.0;0.0;0.0;0.0;0.0;0.0;0.0;0.0;0.0;0.0;0.0;0.0;16.0;23.0;0.0;29.0;0.0;0.0;0.0;0.0;0.0;0.0;27.0;0.0;888.0;888.0
Mombaça;BOA VISTA;-5.6511666666667;-39.844416666667;2012;3;54.2;0.0;0.0;0.0;0.0;0.0;0.0;7.0;3.0;0.0;0.0;23.0;0.0;0.0;0.0;0.0;0.0;0.0;0.0;9.5;4.5;0.0;0.0;0.0;0.0;0.0;0.0;0.0;0.0;7.2;0.0;0.0
Mombaça;BOA VISTA;-5.6511666666667;-39.844416666667;2012;4;27.4;0.0;0.0;0.0;0.0;9.2;0.0;0.0;0.0;0.0;0.0;12.2;0.0;0.0;0.0;0.0;6.0;0.0;0.0;0.0;0.0;0.0;0.0;0.0;0.0;0.0;0.0;0.0;0.0;0.0;0.0;888.0
Mombaça;BOA VISTA;-5.6511666666667;-39.844416666667;2012;5;14.0;0.0;0.0;0.0;0.0;0.0;0.0;0.0;14.0;0.0;0.0;0.0;0.0;0.0;0.0;0.0;0.0;0.0;0.0;0.0;0.0;0.0;0.0;0.0;0.0;0.0;0.0;0.0;0.0;0.0;0.0;0.0
Mombaça;BOA VISTA;-5.6511666666667;-39.844416666667;2012;6;0.0;0.0;0.0;0.0;0.0;0.0;0.0;0.0;0.0;0.0;0.0;0.0;0.0;0.0;0.0;0.0;0.0;0.0;0.0;0.0;0.0;0.0;0.0;0.0;0.0;0.0;0.0;0.0;0.0;0.0;0.0;888.0
Mombaça;BOA VISTA;-5.6511666666667;-39.844416666667;2012;7;0.0;0.0;0.0;0.0;0.0;0.0;0.0;0.0;0.0;0.0;0.0;0.0;0.0;0.0;0.0;0.0;0.0;0.0;0.0;0.0;0.0;0.0;0.0;0.0;0.0;0.0;0.0;0.0;0.0;0.0;0.0;0.0
Mombaça;BOA VISTA;-5.6511666666667;-39.844416666667;2012;8;0.0;0.0;0.0;0.0;0.0;0.0;0.0;0.0;0.0;0.0;0.0;0.0;0.0;0.0;0.0;0.0;0.0;0.0;0.0;0.0;0.0;0.0;0.0;0.0;0.0;0.0;0.0;0.0;0.0;0.0;0.0;0.0
Mombaça;BOA VISTA;-5.6511666666667;-39.844416666667;2012;9;0.0;0.0;0.0;0.0;0.0;0.0;0.0;0.0;0.0;0.0;0.0;0.0;0.0;0.0;0.0;0.0;0.0;0.0;0.0;0.0;0.0;0.0;0.0;0.0;0.0;0.0;0.0;0.0;0.0;0.0;0.0;888.0
Mombaça;BOA VISTA;-5.6511666666667;-39.844416666667;2012;10;0.0;0.0;0.0;0.0;0.0;0.0;0.0;0.0;0.0;0.0;0.0;0.0;0.0;0.0;0.0;0.0;0.0;0.0;0.0;0.0;0.0;0.0;0.0;0.0;0.0;0.0;0.0;0.0;0.0;0.0;0.0;0.0
Mombaça;BOA VISTA;-5.6511666666667;-39.844416666667;2012;11;0.0;0.0;0.0;0.0;0.0;0.0;0.0;0.0;0.0;0.0;0.0;0.0;0.0;0.0;0.0;0.0;0.0;0.0;0.0;0.0;0.0;0.0;0.0;0.0;0.0;0.0;0.0;0.0;0.0;0.0;0.0;888.0
Mombaça;BOA VISTA;-5.6511666666667;-39.844416666667;2012;12;0.0;0.0;0.0;0.0;0.0;0.0;0.0;0.0;0.0;0.0;0.0;0.0;0.0;0.0;0.0;0.0;0.0;0.0;0.0;0.0;0.0;0.0;0.0;0.0;0.0;0.0;0.0;0.0;0.0;0.0;0.0;0.0
Mombaça;BOA VISTA;-5.6511666666667;-39.844416666667;2013;1;0.0;0.0;0.0;0.0;0.0;0.0;0.0;0.0;0.0;0.0;999.0;999.0;999.0;999.0;999.0;999.0;999.0;999.0;999.0;999.0;999.0;999.0;999.0;999.0;999.0;999.0;999.0;999.0;999.0;999.0;999.0;999.0
Mombaça;BOA VISTA;-5.6511666666667;-39.844416666667;2013;2;35.9;0.0;0.0;0.0;0.0;0.0;0.0;0.0;0.0;0.0;0.0;0.0;0.0;2.3;2.5;0.0;13.6;9.1;8.4;0.0;0.0;0.0;0.0;0.0;0.0;0.0;0.0;0.0;0.0;888.0;888.0;888.0
Mombaça;BOA VISTA;-5.6511666666667;-39.844416666667;2013;3;70.1;0.0;0.0;0.0;0.0;0.0;0.0;0.0;0.0;0.0;0.0;0.0;0.0;0.0;0.0;3.0;0.0;0.0;0.0;67.1;0.0;0.0;0.0;0.0;0.0;0.0;0.0;0.0;0.0;0.0;0.0;0.0
Mombaça;BOA VISTA;-5.6511666666667;-39.844416666667;2013;4;72.6;0.0;0.0;9.2;4.0;0.0;0.0;0.0;0.0;0.0;0.0;0.0;0.0;0.0;0.0;0.0;0.0;0.0;6.0;29.6;0.0;0.0;0.0;0.0;0.0;0.0;0.0;9.1;0.0;9.2;5.5;888.0
Mombaça;BOA VISTA;-5.6511666666667;-39.844416666667;2013;5;138.6;0.0;8.8;0.0;0.0;0.0;0.0;0.0;3.0;8.2;34.0;0.0;0.0;0.0;0.0;22.4;0.0;0.0;11.2;51.0;0.0;0.0;0.0;0.0;0.0;0.0;0.0;0.0;0.0;0.0;0.0;0.0
Mombaça;BOA VISTA;-5.6511666666667;-39.844416666667;2013;6;113.8;0.0;0.0;0.0;0.0;13.0;3.2;0.0;0.0;0.0;0.0;0.0;0.0;19.2;44.0;5.0;0.0;5.2;0.0;0.0;0.0;0.0;22.1;2.1;0.0;0.0;0.0;0.0;0.0;0.0;0.0;888.0
Mombaça;BOA VISTA;-5.6511666666667;-39.844416666667;2013;7;0.0;0.0;0.0;0.0;0.0;0.0;0.0;0.0;0.0;0.0;0.0;0.0;0.0;0.0;0.0;0.0;0.0;0.0;0.0;0.0;0.0;0.0;0.0;0.0;0.0;0.0;0.0;0.0;0.0;0.0;0.0;0.0
Mombaça;BOA VISTA;-5.6511666666667;-39.844416666667;2013;8;0.0;0.0;0.0;0.0;0.0;0.0;0.0;0.0;0.0;0.0;0.0;0.0;0.0;0.0;0.0;0.0;0.0;0.0;0.0;0.0;0.0;0.0;0.0;0.0;0.0;0.0;0.0;0.0;0.0;0.0;0.0;0.0
Mombaça;BOA VISTA;-5.6511666666667;-39.844416666667;2013;9;0.0;0.0;0.0;0.0;0.0;0.0;0.0;0.0;0.0;0.0;0.0;0.0;0.0;0.0;0.0;0.0;0.0;0.0;0.0;0.0;0.0;0.0;0.0;0.0;0.0;0.0;0.0;0.0;0.0;0.0;0.0;888.0
Mombaça;BOA VISTA;-5.6511666666667;-39.844416666667;2013;10;0.0;0.0;0.0;0.0;0.0;0.0;0.0;0.0;0.0;0.0;0.0;0.0;0.0;0.0;0.0;0.0;0.0;0.0;0.0;0.0;0.0;0.0;0.0;0.0;0.0;0.0;0.0;0.0;0.0;0.0;0.0;999.0
Mombaça;BOA VISTA;-5.6511666666667;-39.844416666667;2013;11;0.0;0.0;0.0;0.0;0.0;0.0;0.0;0.0;0.0;0.0;0.0;0.0;0.0;0.0;0.0;0.0;0.0;0.0;0.0;0.0;0.0;0.0;0.0;0.0;0.0;0.0;0.0;0.0;0.0;0.0;0.0;888.0
Mombaça;BOA VISTA;-5.6511666666667;-39.844416666667;2013;12;0.0;0.0;0.0;0.0;0.0;0.0;0.0;0.0;0.0;0.0;0.0;0.0;0.0;0.0;0.0;0.0;0.0;0.0;0.0;0.0;0.0;0.0;0.0;0.0;0.0;0.0;0.0;0.0;0.0;0.0;0.0;0.0
Mombaça;BOA VISTA;-5.6511666666667;-39.844416666667;2014;1;14.5;0.0;0.0;0.0;0.0;0.0;0.0;0.0;0.0;0.0;0.0;0.0;0.0;0.0;0.0;0.0;0.0;0.0;0.0;0.0;0.0;0.0;0.0;0.0;0.0;0.0;0.0;0.0;0.0;0.0;14.5;0.0
Mombaça;BOA VISTA;-5.6511666666667;-39.844416666667;2014;2;47.5;0.0;0.0;0.0;7.0;0.0;0.0;0.0;0.0;32.5;8.0;0.0;0.0;0.0;0.0;0.0;0.0;0.0;0.0;0.0;0.0;0.0;0.0;0.0;0.0;0.0;0.0;0.0;0.0;888.0;888.0;888.0
Mombaça;BOA VISTA;-5.6511666666667;-39.844416666667;2014;3;94.7;0.0;0.0;0.0;0.0;0.0;0.0;0.0;0.0;0.0;0.0;13.0;4.5;0.0;0.0;0.0;21.0;0.0;5.5;0.0;0.0;0.0;0.0;0.0;0.0;0.0;0.0;0.0;8.2;0.0;0.0;42.5
Mombaça;BOA VISTA;-5.6511666666667;-39.844416666667;2014;4;107.1;0.0;10.9;2.3;40.1;0.0;0.0;0.0;0.0;0.0;0.0;0.0;14.3;14.2;2.2;0.0;0.0;13.0;9.0;0.0;0.0;0.0;0.0;0.0;0.0;0.0;0.0;0.0;1.1;0.0;0.0;888.0
Mombaça;BOA VISTA;-5.6511666666667;-39.844416666667;2014;5;75.4;0.0;0.0;0.0;0.0;0.0;0.0;0.0;19.0;0.0;0.0;0.0;0.0;0.0;0.0;3.0;4.4;0.0;0.0;0.0;0.0;0.0;0.0;0.0;0.0;0.0;0.0;0.0;0.0;14.5;34.5;0.0
Mombaça;BOA VISTA;-5.6511666666667;-39.844416666667;2014;6;21.0;0.0;0.0;0.0;0.0;0.0;0.0;0.0;0.0;0.0;0.0;0.0;0.0;0.0;0.0;0.0;0.0;0.0;0.0;0.0;0.0;0.0;0.0;0.0;0.0;0.0;0.0;0.0;21.0;0.0;0.0;888.0
Mombaça;BOA VISTA;-5.6511666666667;-39.844416666667;2014;7;0.0;0.0;0.0;0.0;0.0;0.0;0.0;0.0;0.0;0.0;0.0;0.0;0.0;0.0;0.0;0.0;0.0;0.0;0.0;0.0;0.0;0.0;0.0;0.0;0.0;0.0;0.0;0.0;0.0;0.0;0.0;0.0
Mombaça;BOA VISTA;-5.6511666666667;-39.844416666667;2014;8;0.0;0.0;0.0;0.0;0.0;0.0;0.0;0.0;0.0;0.0;0.0;0.0;0.0;0.0;0.0;0.0;0.0;0.0;0.0;0.0;0.0;0.0;0.0;0.0;0.0;0.0;0.0;0.0;0.0;0.0;0.0;0.0
Mombaça;BOA VISTA;-5.6511666666667;-39.844416666667;2014;9;0.0;0.0;0.0;0.0;0.0;0.0;0.0;0.0;0.0;0.0;0.0;0.0;0.0;0.0;0.0;0.0;0.0;0.0;0.0;0.0;0.0;0.0;0.0;0.0;0.0;0.0;0.0;0.0;0.0;0.0;0.0;888.0
Mombaça;BOA VISTA;-5.6511666666667;-39.844416666667;2014;10;0.0;0.0;0.0;0.0;0.0;0.0;0.0;0.0;0.0;0.0;0.0;0.0;0.0;0.0;0.0;0.0;0.0;0.0;0.0;0.0;0.0;0.0;0.0;0.0;0.0;0.0;0.0;0.0;0.0;0.0;0.0;0.0
Mombaça;BOA VISTA;-5.6511666666667;-39.844416666667;2014;11;58.0;0.0;0.0;0.0;0.0;0.0;0.0;0.0;0.0;0.0;0.0;0.0;0.0;0.0;0.0;0.0;0.0;0.0;58.0;999.0;999.0;999.0;999.0;999.0;999.0;999.0;999.0;999.0;999.0;999.0;999.0;888.0
Mombaça;BOA VISTA;-5.6511666666667;-39.844416666667;2015;1;41.5;0.0;0.0;0.0;13.5;0.0;0.0;28.0;0.0;0.0;0.0;0.0;0.0;0.0;0.0;0.0;0.0;0.0;0.0;0.0;0.0;0.0;0.0;0.0;0.0;0.0;0.0;0.0;0.0;0.0;0.0;0.0
Mombaça;BOA VISTA;-5.6511666666667;-39.844416666667;2015;2;78.6;0.0;0.0;0.0;10.0;10.2;0.0;0.0;0.0;0.0;0.0;0.0;0.0;0.0;0.0;0.0;0.0;0.0;0.0;16.1;0.0;0.0;0.0;33.0;0.0;9.3;0.0;0.0;0.0;888.0;888.0;888.0
Mombaça;BOA VISTA;-5.6511666666667;-39.844416666667;2015;3;123.9;0.0;18.2;0.0;0.0;0.0;0.0;0.0;0.0;21.0;14.0;23.5;0.0;0.0;0.0;0.0;0.0;0.0;0.0;0.0;0.0;0.0;2.2;31.0;0.0;0.0;0.0;0.0;0.0;0.0;0.0;14.0
Mombaça;BOA VISTA;-5.6511666666667;-39.844416666667;2015;4;33.7;0.0;0.0;0.0;0.0;0.0;0.0;0.0;0.0;0.0;4.0;0.0;9.5;0.0;0.0;0.0;0.0;8.2;12.0;0.0;0.0;0.0;0.0;0.0;0.0;0.0;0.0;0.0;0.0;0.0;0.0;888.0
Mombaça;BOA VISTA;-5.6511666666667;-39.844416666667;2015;5;54.0;0.0;0.0;0.0;0.0;0.0;0.0;0.0;0.0;10.0;0.0;0.0;0.0;0.0;0.0;0.0;0.0;0.0;0.0;0.0;0.0;0.0;44.0;0.0;0.0;0.0;0.0;0.0;0.0;0.0;0.0;0.0
Mombaça;BOA VISTA;-5.6511666666667;-39.844416666667;2015;6;103.0;0.0;0.0;0.0;0.0;21.5;4.5;0.0;29.0;0.0;0.0;0.0;0.0;0.0;0.0;0.0;0.0;0.0;0.0;0.0;0.0;0.0;0.0;0.0;0.0;0.0;41.0;0.0;0.0;7.0;0.0;888.0
Mombaça;BOA VISTA;-5.6511666666667;-39.844416666667;2015;7;38.2;0.0;0.0;38.2;0.0;0.0;0.0;0.0;0.0;0.0;0.0;0.0;0.0;0.0;0.0;0.0;0.0;0.0;0.0;0.0;0.0;0.0;0.0;0.0;0.0;0.0;0.0;0.0;0.0;0.0;0.0;0.0
Mombaça;BOA VISTA;-5.6511666666667;-39.844416666667;2015;8;0.0;0.0;0.0;0.0;0.0;0.0;0.0;0.0;0.0;0.0;0.0;0.0;0.0;0.0;0.0;0.0;0.0;0.0;0.0;0.0;0.0;0.0;0.0;0.0;0.0;0.0;0.0;0.0;0.0;0.0;0.0;0.0
Mombaça;BOA VISTA;-5.6511666666667;-39.844416666667;2015;9;0.0;0.0;0.0;0.0;0.0;0.0;0.0;0.0;0.0;0.0;0.0;0.0;0.0;0.0;0.0;0.0;0.0;0.0;0.0;0.0;0.0;0.0;0.0;0.0;0.0;0.0;0.0;0.0;0.0;0.0;0.0;888.0
Mombaça;BOA VISTA;-5.6511666666667;-39.844416666667;2015;10;0.0;0.0;0.0;0.0;0.0;0.0;0.0;0.0;0.0;0.0;0.0;0.0;0.0;0.0;0.0;0.0;0.0;0.0;0.0;0.0;0.0;0.0;0.0;0.0;0.0;0.0;0.0;0.0;0.0;0.0;0.0;0.0
Mombaça;BOA VISTA;-5.6511666666667;-39.844416666667;2015;11;0.0;0.0;0.0;0.0;0.0;0.0;0.0;0.0;0.0;0.0;0.0;0.0;0.0;0.0;0.0;0.0;0.0;0.0;0.0;0.0;0.0;0.0;0.0;0.0;0.0;0.0;0.0;0.0;0.0;0.0;0.0;888.0
Mombaça;BOA VISTA;-5.6511666666667;-39.844416666667;2015;12;0.0;0.0;0.0;0.0;0.0;0.0;0.0;0.0;0.0;0.0;0.0;0.0;0.0;0.0;0.0;0.0;0.0;0.0;0.0;0.0;0.0;0.0;0.0;0.0;0.0;0.0;0.0;0.0;0.0;0.0;0.0;0.0
Mombaça;BOA VISTA;-5.6511666666667;-39.844416666667;2016;1;208.5;0.0;0.0;0.0;0.0;0.0;0.0;22.0;0.0;28.0;0.0;0.0;0.0;0.0;0.0;9.2;0.0;0.0;0.0;0.0;0.0;5.0;48.1;8.0;0.0;88.2;0.0;0.0;0.0;0.0;0.0;0.0
Mombaça;BOA VISTA;-5.6511666666667;-39.844416666667;2016;2;42.7;5.0;14.1;0.0;0.0;0.0;0.0;0.0;0.0;0.0;0.0;0.0;0.0;0.0;0.0;0.0;0.0;0.0;0.0;0.0;20.1;0.0;0.0;0.0;0.0;0.0;3.5;0.0;0.0;0.0;888.0;888.0
Mombaça;BOA VISTA;-5.6511666666667;-39.844416666667;2016;3;112.7;0.0;0.0;0.0;0.0;0.0;0.0;0.0;0.0;5.0;0.0;0.0;0.0;0.0;0.0;0.0;0.0;0.0;38.1;0.0;0.0;0.0;0.0;7.8;0.0;0.0;0.0;0.0;15.6;0.0;42.0;4.2
Mombaça;BOA VISTA;-5.6511666666667;-39.844416666667;2016;4;45.7;0.0;0.0;0.0;0.0;7.2;0.0;0.0;0.0;0.0;0.0;0.0;10.9;0.0;0.0;0.0;14.1;0.0;0.0;13.5;0.0;0.0;0.0;0.0;0.0;0.0;0.0;0.0;0.0;0.0;0.0;888.0
Mombaça;BOA VISTA;-5.6511666666667;-39.844416666667;2016;5;131.7;0.0;0.0;54.0;0.0;0.0;0.0;0.0;0.0;0.0;0.0;45.4;11.0;0.0;4.0;0.0;0.0;0.0;0.0;0.0;0.0;0.0;0.0;0.0;0.0;17.3;0.0;0.0;0.0;0.0;0.0;0.0
Mombaça;BOA VISTA;-5.6511666666667;-39.844416666667;2016;6;46.0;0.0;0.0;0.0;0.0;0.0;0.0;0.0;0.0;0.0;0.0;0.0;0.0;0.0;0.0;4.0;0.0;0.0;0.0;0.0;0.0;0.0;0.0;42.0;0.0;0.0;0.0;0.0;0.0;0.0;0.0;888.0
Mombaça;BOA VISTA;-5.6511666666667;-39.844416666667;2016;7;0.0;0.0;0.0;0.0;0.0;0.0;0.0;0.0;0.0;0.0;0.0;0.0;0.0;0.0;0.0;0.0;0.0;0.0;0.0;0.0;0.0;0.0;0.0;0.0;0.0;0.0;0.0;0.0;0.0;0.0;0.0;0.0
Mombaça;BOA VISTA;-5.6511666666667;-39.844416666667;2016;8;0.0;0.0;0.0;0.0;0.0;0.0;0.0;0.0;0.0;0.0;0.0;0.0;0.0;0.0;0.0;0.0;0.0;0.0;0.0;0.0;0.0;0.0;0.0;0.0;0.0;0.0;0.0;0.0;0.0;0.0;0.0;0.0
Mombaça;BOA VISTA;-5.6511666666667;-39.844416666667;2016;9;0.0;0.0;0.0;0.0;0.0;0.0;0.0;0.0;0.0;0.0;0.0;0.0;0.0;0.0;0.0;0.0;0.0;0.0;0.0;0.0;0.0;0.0;0.0;0.0;0.0;0.0;0.0;0.0;0.0;0.0;0.0;888.0
Mombaça;BOA VISTA;-5.6511666666667;-39.844416666667;2016;10;0.0;0.0;0.0;0.0;0.0;0.0;0.0;0.0;0.0;0.0;0.0;0.0;0.0;0.0;0.0;0.0;0.0;0.0;0.0;0.0;0.0;0.0;0.0;0.0;0.0;0.0;0.0;0.0;0.0;0.0;0.0;0.0
Mombaça;BOA VISTA;-5.6511666666667;-39.844416666667;2016;11;0.0;0.0;0.0;0.0;0.0;0.0;0.0;0.0;0.0;0.0;0.0;0.0;0.0;0.0;0.0;0.0;0.0;0.0;0.0;0.0;0.0;0.0;0.0;0.0;0.0;0.0;0.0;0.0;0.0;0.0;0.0;888.0
Mombaça;BOA VISTA;-5.6511666666667;-39.844416666667;2016;12;0.0;0.0;0.0;0.0;0.0;0.0;0.0;0.0;0.0;0.0;0.0;0.0;0.0;0.0;0.0;0.0;0.0;0.0;0.0;0.0;0.0;0.0;0.0;0.0;0.0;0.0;0.0;0.0;0.0;0.0;0.0;0.0
Mombaça;BOA VISTA;-5.6511666666667;-39.844416666667;2017;1;8.0;0.0;0.0;0.0;0.0;8.0;0.0;0.0;0.0;0.0;0.0;0.0;0.0;0.0;0.0;0.0;0.0;0.0;0.0;0.0;0.0;0.0;0.0;0.0;0.0;0.0;0.0;0.0;0.0;0.0;0.0;0.0
Mombaça;BOA VISTA;-5.6511666666667;-39.844416666667;2017;2;129.0;0.0;0.0;0.0;0.0;8.0;0.0;0.0;0.0;0.0;0.0;0.0;0.0;27.0;8.0;0.0;0.0;0.0;0.0;3.5;20.0;0.0;0.0;0.0;0.0;8.0;0.0;0.0;54.5;888.0;888.0;888.0
Mombaça;BOA VISTA;-5.6511666666667;-39.844416666667;2017;3;89.2;2.0;0.0;0.0;0.0;0.0;0.0;0.0;0.0;11.0;13.1;16.6;0.0;15.0;6.0;4.5;0.0;0.0;0.0;0.0;0.0;0.0;0.0;21.0;0.0;0.0;0.0;0.0;0.0;0.0;0.0;0.0
Mombaça;BOA VISTA;-5.6511666666667;-39.844416666667;2017;4;87.0;6.3;0.0;40.1;0.0;0.0;0.0;0.0;0.0;0.0;8.0;0.0;11.0;14.6;7.0;0.0;0.0;0.0;0.0;0.0;0.0;0.0;0.0;0.0;0.0;0.0;0.0;0.0;0.0;0.0;0.0;888.0
Mombaça;BOA VISTA;-5.6511666666667;-39.844416666667;2017;5;129.2;46.0;0.0;0.0;0.0;4.7;0.0;11.2;0.0;8.8;0.0;14.0;37.5;0.0;0.0;0.0;0.0;0.0;0.0;0.0;0.0;0.0;7.0;0.0;0.0;0.0;0.0;0.0;0.0;0.0;0.0;0.0
Mombaça;BOA VISTA;-5.6511666666667;-39.844416666667;2017;6;42.5;5.6;0.0;24.0;6.5;6.4;0.0;0.0;0.0;0.0;0.0;0.0;0.0;0.0;0.0;0.0;0.0;0.0;0.0;0.0;0.0;0.0;0.0;0.0;0.0;0.0;0.0;0.0;0.0;0.0;0.0;888.0
Mombaça;BOA VISTA;-5.6511666666667;-39.844416666667;2017;7;0.0;0.0;0.0;0.0;0.0;0.0;0.0;0.0;0.0;0.0;0.0;0.0;0.0;0.0;0.0;0.0;0.0;0.0;0.0;0.0;0.0;0.0;0.0;0.0;0.0;0.0;0.0;0.0;0.0;0.0;0.0;0.0
Mombaça;BOA VISTA;-5.6511666666667;-39.844416666667;2017;8;0.0;0.0;0.0;0.0;0.0;0.0;0.0;0.0;0.0;0.0;0.0;0.0;0.0;0.0;0.0;0.0;0.0;0.0;0.0;0.0;0.0;0.0;0.0;0.0;0.0;0.0;0.0;0.0;0.0;0.0;0.0;0.0
Mombaça;BOA VISTA;-5.6511666666667;-39.844416666667;2017;9;0.0;0.0;0.0;0.0;0.0;0.0;0.0;0.0;0.0;0.0;0.0;0.0;0.0;0.0;0.0;0.0;0.0;0.0;0.0;0.0;0.0;0.0;0.0;0.0;0.0;0.0;0.0;0.0;0.0;0.0;0.0;888.0
Mombaça;BOA VISTA;-5.6511666666667;-39.844416666667;2017;10;0.0;0.0;0.0;0.0;0.0;0.0;0.0;0.0;0.0;0.0;0.0;0.0;0.0;0.0;0.0;0.0;0.0;0.0;0.0;0.0;0.0;0.0;0.0;0.0;0.0;0.0;0.0;0.0;0.0;0.0;0.0;0.0
Mombaça;BOA VISTA;-5.6511666666667;-39.844416666667;2017;11;0.0;0.0;0.0;0.0;0.0;0.0;0.0;0.0;0.0;0.0;0.0;0.0;0.0;0.0;0.0;0.0;0.0;0.0;0.0;0.0;0.0;0.0;0.0;0.0;0.0;0.0;0.0;0.0;0.0;0.0;0.0;888.0
Mombaça;BOA VISTA;-5.6511666666667;-39.844416666667;2017;12;0.0;0.0;0.0;0.0;0.0;0.0;0.0;0.0;0.0;0.0;0.0;0.0;0.0;0.0;0.0;0.0;0.0;0.0;0.0;0.0;0.0;0.0;0.0;0.0;0.0;0.0;0.0;0.0;0.0;0.0;0.0;0.0
Mombaça;BOA VISTA;-5.6511666666667;-39.844416666667;2018;1;44.0;0.0;0.0;0.0;0.0;0.0;0.0;0.0;0.0;0.0;0.0;0.0;0.0;0.0;0.0;0.0;0.0;0.0;0.0;34.0;0.0;0.0;0.0;0.0;2.5;0.0;0.0;7.5;0.0;0.0;0.0;0.0
Mombaça;BOA VISTA;-5.6511666666667;-39.844416666667;2018;2;102.4;0.0;0.0;0.0;0.0;0.0;0.0;10.0;4.0;11.0;9.4;0.0;0.0;0.0;0.0;16.0;0.0;52.0;0.0;0.0;0.0;0.0;0.0;0.0;0.0;0.0;0.0;0.0;0.0;888.0;888.0;888.0
Mombaça;BOA VISTA;-5.6511666666667;-39.844416666667;2018;3;66.0;0.0;0.0;0.0;0.0;0.0;0.0;0.0;0.0;0.0;0.0;0.0;0.0;0.0;0.0;0.0;0.0;0.0;0.0;0.0;0.0;0.0;0.0;0.0;0.0;0.0;0.0;0.0;1.0;5.5;11.5;48.0
Mombaça;BOA VISTA;-5.6511666666667;-39.844416666667;2018;4;138.8;0.0;16.0;36.0;0.0;0.0;0.0;0.0;0.0;0.0;0.0;0.0;0.0;33.0;0.0;0.0;0.0;12.5;0.0;6.8;0.0;0.0;0.0;0.0;0.0;0.0;0.0;0.0;0.0;34.5;0.0;888.0
Mombaça;BOA VISTA;-5.6511666666667;-39.844416666667;2018;5;39.7;4.5;18.0;0.0;0.0;0.0;0.0;0.0;0.0;0.0;0.0;0.0;0.0;6.1;0.0;4.6;0.0;0.0;0.0;6.5;0.0;0.0;0.0;0.0;0.0;0.0;0.0;0.0;0.0;0.0;0.0;0.0
Mombaça;BOA VISTA;-5.6511666666667;-39.844416666667;2018;6;24.3;0.0;0.0;0.0;0.0;0.0;0.0;0.0;5.5;0.0;0.0;0.0;0.0;0.0;0.0;0.0;0.0;0.0;16.8;2.0;0.0;0.0;0.0;0.0;0.0;0.0;0.0;0.0;0.0;0.0;0.0;888.0
Mombaça;BOA VISTA;-5.6511666666667;-39.844416666667;2018;7;42.5;0.0;0.0;0.0;0.0;42.5;0.0;0.0;0.0;0.0;0.0;0.0;0.0;0.0;0.0;0.0;0.0;0.0;0.0;0.0;0.0;0.0;0.0;0.0;0.0;0.0;0.0;0.0;0.0;0.0;0.0;0.0
Mombaça;BOA VISTA;-5.6511666666667;-39.844416666667;2018;8;0.0;0.0;0.0;0.0;0.0;0.0;0.0;0.0;0.0;0.0;0.0;0.0;0.0;0.0;0.0;0.0;0.0;0.0;0.0;0.0;0.0;0.0;0.0;0.0;0.0;0.0;0.0;0.0;0.0;0.0;0.0;0.0
Mombaça;BOA VISTA;-5.6511666666667;-39.844416666667;2018;9;0.0;0.0;0.0;0.0;0.0;0.0;0.0;0.0;0.0;0.0;0.0;0.0;0.0;0.0;0.0;0.0;0.0;0.0;0.0;0.0;0.0;0.0;0.0;0.0;0.0;0.0;0.0;0.0;0.0;0.0;0.0;888.0
Mombaça;BOA VISTA;-5.6511666666667;-39.844416666667;2018;10;1.0;0.0;0.0;0.0;0.0;0.0;0.0;0.0;0.0;0.0;0.0;0.0;0.0;0.0;0.0;0.0;0.0;0.0;0.0;0.0;0.0;0.0;0.0;0.0;0.0;0.0;0.0;0.0;0.0;0.0;1.0;0.0
Mombaça;BOA VISTA;-5.6511666666667;-39.844416666667;2018;11;7.5;0.0;0.0;0.0;0.0;0.0;0.0;0.0;0.0;0.0;0.0;0.0;0.0;0.0;0.0;0.0;0.0;0.0;0.0;0.0;0.0;0.0;0.0;0.0;0.0;5.0;0.0;0.0;0.0;2.5;0.0;888.0
Mombaça;BOA VISTA;-5.6511666666667;-39.844416666667;2018;12;57.9;0.0;0.0;0.0;0.0;8.5;5.0;8.2;0.0;0.0;6.4;6.8;0.0;0.0;0.0;11.5;0.0;0.0;0.0;0.0;0.0;0.0;0.0;0.0;11.5;0.0;0.0;0.0;0.0;0.0;0.0;0.0
Mombaça;BOA VISTA;-5.6511666666667;-39.844416666667;2019;1;111.7;0.0;0.0;0.0;0.0;0.0;22.0;5.1;0.0;0.0;5.5;0.0;0.0;0.0;17.5;4.0;0.0;8.1;0.0;4.5;0.0;0.0;0.0;6.0;0.0;0.0;37.0;0.0;2.0;0.0;0.0;0.0
Mombaça;BOA VISTA;-5.6511666666667;-39.844416666667;2019;2;90.4;0.0;0.0;0.0;0.0;6.5;0.0;10.0;0.0;0.0;0.0;0.0;0.0;0.0;32.5;0.0;6.8;0.0;0.0;18.8;0.0;0.0;0.0;0.0;15.8;0.0;0.0;0.0;0.0;888.0;888.0;888.0
Mombaça;BOA VISTA;-5.6511666666667;-39.844416666667;2019;3;182.6;0.0;0.0;3.6;0.0;4.0;0.0;0.0;4.0;0.0;0.0;0.0;2.2;11.0;11.4;0.0;0.0;0.0;0.0;0.0;0.0;0.0;0.0;29.0;75.4;0.0;0.0;0.0;8.0;34.0;0.0;0.0
Mombaça;BOA VISTA;-5.6511666666667;-39.844416666667;2019;4;105.6;0.0;0.0;0.0;0.0;4.5;7.8;17.0;0.0;0.0;0.0;0.0;0.0;10.0;0.0;11.0;0.0;0.0;0.0;0.0;0.0;2.8;0.0;0.0;3.0;6.7;30.4;5.4;0.0;0.0;7.0;888.0
Mombaça;BOA VISTA;-5.6511666666667;-39.844416666667;2019;5;28.4;8.2;0.0;0.0;0.0;0.0;0.0;0.0;0.0;0.0;3.6;0.0;0.0;0.0;0.0;0.0;0.0;0.0;0.0;0.0;0.0;6.8;9.8;0.0;0.0;0.0;0.0;0.0;0.0;0.0;0.0;0.0
Mombaça;BOA VISTA;-5.6511666666667;-39.844416666667;2019;6;24.7;0.0;0.0;0.0;0.0;0.0;0.0;0.0;0.0;0.0;0.0;0.0;0.0;0.0;0.0;0.0;14.1;7.6;0.0;3.0;0.0;0.0;0.0;0.0;0.0;0.0;0.0;0.0;0.0;0.0;0.0;888.0
Mombaça;BOA VISTA;-5.6511666666667;-39.844416666667;2019;7;88.2;21.0;0.0;0.0;0.0;0.0;0.0;0.0;0.0;0.0;0.0;0.0;47.2;0.0;0.0;3.0;0.0;0.0;0.0;0.0;0.0;13.0;0.0;4.0;0.0;0.0;0.0;0.0;0.0;0.0;0.0;0.0
Mombaça;BOA VISTA;-5.6511666666667;-39.844416666667;2019;8;0.0;0.0;0.0;0.0;0.0;0.0;0.0;0.0;0.0;0.0;0.0;0.0;0.0;0.0;0.0;0.0;0.0;0.0;0.0;0.0;0.0;0.0;0.0;0.0;0.0;0.0;0.0;0.0;0.0;0.0;0.0;0.0
Mombaça;BOA VISTA;-5.6511666666667;-39.844416666667;2019;9;21.3;0.0;0.0;0.0;0.0;0.0;0.0;0.0;0.0;0.0;0.0;0.0;0.0;0.0;0.0;0.0;0.0;0.0;0.0;0.0;0.0;0.0;0.0;0.0;21.3;0.0;0.0;0.0;0.0;0.0;0.0;888.0
Mombaça;BOA VISTA;-5.6511666666667;-39.844416666667;2019;10;0.0;0.0;0.0;0.0;0.0;0.0;0.0;0.0;0.0;0.0;0.0;0.0;0.0;0.0;0.0;0.0;0.0;0.0;0.0;0.0;0.0;0.0;0.0;0.0;0.0;0.0;0.0;0.0;0.0;0.0;0.0;0.0
Mombaça;BOA VISTA;-5.6511666666667;-39.844416666667;2019;11;0.0;0.0;0.0;0.0;0.0;0.0;0.0;0.0;0.0;0.0;0.0;0.0;0.0;0.0;0.0;0.0;0.0;0.0;0.0;0.0;0.0;0.0;0.0;0.0;0.0;0.0;0.0;0.0;0.0;0.0;0.0;888.0
Mombaça;BOA VISTA;-5.6511666666667;-39.844416666667;2019;12;0.0;0.0;0.0;0.0;0.0;0.0;0.0;0.0;0.0;0.0;0.0;0.0;0.0;0.0;0.0;0.0;0.0;0.0;0.0;0.0;0.0;0.0;0.0;0.0;0.0;0.0;0.0;0.0;0.0;0.0;0.0;0.0
Mombaça;BOA VISTA;-5.6511666666667;-39.844416666667;2020;1;216.6;24.5;0.0;0.0;0.0;0.0;0.0;0.0;0.0;166.0;0.0;0.0;0.0;0.0;0.0;7.0;0.0;0.0;0.0;0.0;0.0;0.0;0.0;0.0;0.0;0.0;0.0;0.0;9.1;0.0;10.0;0.0
Mombaça;BOA VISTA;-5.6511666666667;-39.844416666667;2020;2;103.1;0.0;0.0;0.0;0.0;9.0;12.0;0.0;0.0;0.0;0.0;0.0;0.0;0.0;0.0;6.0;7.1;0.0;8.0;19.0;4.0;0.0;8.5;0.0;0.0;0.0;0.0;0.0;0.0;29.5;888.0;888.0
Mombaça;BOA VISTA;-5.6511666666667;-39.844416666667;2020;3;88.3;0.0;0.0;0.0;6.5;0.0;0.0;11.1;0.0;0.0;15.0;0.0;0.0;0.0;7.5;0.0;0.0;0.0;0.0;0.0;5.8;0.0;0.0;0.0;0.0;24.2;0.0;18.2;0.0;0.0;0.0;0.0
Mombaça;BOA VISTA;-5.6511666666667;-39.844416666667;2020;4;126.0;5.0;0.0;0.0;0.0;5.0;0.0;0.0;0.0;0.0;0.0;0.0;0.0;0.0;0.0;0.0;0.0;12.4;6.0;0.0;0.0;8.0;0.0;0.0;0.0;79.6;0.0;10.0;0.0;0.0;0.0;888.0
Mombaça;BOA VISTA;-5.6511666666667;-39.844416666667;2020;5;77.7;6.2;0.0;0.0;0.0;0.0;0.0;0.0;0.0;0.0;0.0;0.0;0.0;0.0;0.0;0.0;22.0;7.0;0.0;0.0;17.0;0.0;9.0;0.0;0.0;0.0;0.0;0.0;0.0;16.5;0.0;0.0
Mombaça;BOA VISTA;-5.6511666666667;-39.844416666667;2020;6;23.6;0.0;0.0;0.0;0.0;13.6;0.0;0.0;0.0;0.0;0.0;10.0;0.0;0.0;0.0;0.0;0.0;0.0;0.0;0.0;0.0;0.0;0.0;0.0;0.0;0.0;0.0;0.0;0.0;0.0;0.0;888.0
Mombaça;BOA VISTA;-5.6511666666667;-39.844416666667;2020;7;8.6;0.0;0.0;0.0;0.0;0.0;0.0;0.0;0.0;0.0;0.0;8.6;0.0;0.0;0.0;0.0;0.0;0.0;0.0;0.0;0.0;0.0;0.0;0.0;0.0;0.0;0.0;0.0;0.0;0.0;0.0;0.0
Mombaça;BOA VISTA;-5.6511666666667;-39.844416666667;2020;8;0.0;0.0;0.0;0.0;0.0;0.0;0.0;0.0;0.0;0.0;0.0;0.0;0.0;0.0;0.0;0.0;0.0;0.0;0.0;0.0;0.0;0.0;0.0;0.0;0.0;0.0;0.0;0.0;0.0;0.0;0.0;0.0
Mombaça;BOA VISTA;-5.6511666666667;-39.844416666667;2020;9;0.0;0.0;0.0;0.0;0.0;0.0;0.0;0.0;0.0;0.0;0.0;0.0;0.0;0.0;0.0;0.0;0.0;0.0;0.0;0.0;0.0;0.0;0.0;0.0;0.0;0.0;0.0;0.0;0.0;0.0;0.0;888.0
Mombaça;BOA VISTA;-5.6511666666667;-39.844416666667;2020;10;0.0;0.0;0.0;0.0;0.0;0.0;0.0;0.0;0.0;0.0;0.0;0.0;0.0;0.0;0.0;0.0;0.0;0.0;0.0;0.0;0.0;0.0;0.0;0.0;0.0;0.0;0.0;0.0;0.0;0.0;0.0;0.0
Mombaça;BOA VISTA;-5.6511666666667;-39.844416666667;2020;11;13.4;0.0;0.0;13.4;0.0;0.0;0.0;0.0;0.0;0.0;0.0;0.0;0.0;0.0;0.0;0.0;0.0;0.0;0.0;0.0;0.0;0.0;0.0;0.0;0.0;0.0;0.0;0.0;0.0;0.0;0.0;888.0
Mombaça;BOA VISTA;-5.6511666666667;-39.844416666667;2020;12;0.0;0.0;0.0;0.0;0.0;0.0;0.0;0.0;0.0;0.0;0.0;0.0;0.0;0.0;0.0;0.0;0.0;0.0;0.0;0.0;0.0;0.0;0.0;0.0;0.0;0.0;0.0;0.0;0.0;0.0;0.0;0.0
Mombaça;BOA VISTA;-5.6511666666667;-39.844416666667;2021;1;23.8;0.0;0.0;0.0;0.0;0.0;0.0;0.0;0.0;0.0;0.0;0.0;0.0;0.0;0.0;0.0;0.0;0.0;0.0;0.0;0.0;8.0;0.0;0.0;0.0;4.6;0.0;0.0;4.6;0.0;6.6;0.0
Mombaça;BOA VISTA;-5.6511666666667;-39.844416666667;2021;2;176.0;0.0;0.0;0.0;0.0;0.0;0.0;0.0;0.0;0.0;16.0;0.0;0.0;0.0;0.0;0.0;90.6;0.0;4.4;0.0;0.0;0.0;0.0;0.0;51.0;0.0;0.0;14.0;0.0;888.0;888.0;888.0
Mombaça;BOA VISTA;-5.6511666666667;-39.844416666667;2021;3;123.2;0.0;15.6;14.2;0.0;10.0;0.0;0.0;0.0;0.0;0.0;0.0;0.0;0.0;0.0;0.0;0.0;0.0;0.0;0.0;0.0;8.2;0.0;0.0;0.0;11.6;22.0;32.2;8.4;0.0;1.0;0.0
Mombaça;BOA VISTA;-5.6511666666667;-39.844416666667;2021;4;126.6;0.0;0.0;0.0;0.0;0.0;0.0;0.0;0.0;0.0;0.0;33.0;68.0;0.0;0.0;0.0;2.6;0.0;0.0;0.0;0.0;0.0;3.0;0.0;0.0;0.0;0.0;0.0;0.0;17.0;3.0;888.0
Mombaça;BOA VISTA;-5.6511666666667;-39.844416666667;2021;5;67.0;0.0;4.0;0.0;0.0;14.0;30.0;0.0;0.0;0.0;0.0;0.0;0.0;0.0;0.0;19.0;0.0;0.0;0.0;0.0;0.0;0.0;0.0;0.0;0.0;0.0;0.0;0.0;0.0;0.0;0.0;0.0
Mombaça;BOA VISTA;-5.6511666666667;-39.844416666667;2021;6;8.0;0.0;0.0;0.0;0.0;0.0;0.0;0.0;0.0;0.0;0.0;0.0;0.0;0.0;0.0;0.0;0.0;0.0;8.0;0.0;0.0;0.0;0.0;0.0;0.0;0.0;0.0;0.0;0.0;0.0;0.0;888.0
Mombaça;BOA VISTA;-5.6511666666667;-39.844416666667;2021;7;64.0;0.0;64.0;0.0;0.0;0.0;0.0;0.0;0.0;0.0;0.0;0.0;0.0;0.0;0.0;0.0;0.0;0.0;0.0;0.0;0.0;0.0;0.0;0.0;0.0;0.0;0.0;0.0;0.0;0.0;0.0;0.0
Mombaça;BOA VISTA;-5.6511666666667;-39.844416666667;2021;8;1.0;0.0;0.0;0.0;0.0;0.0;0.0;0.0;0.0;0.0;0.0;0.0;0.0;0.0;0.0;0.0;1.0;0.0;0.0;0.0;0.0;0.0;0.0;0.0;0.0;0.0;0.0;0.0;0.0;0.0;0.0;0.0
Mombaça;BOA VISTA;-5.6511666666667;-39.844416666667;2021;9;4.0;0.0;0.0;0.0;0.0;0.0;0.0;0.0;0.0;0.0;0.0;0.0;0.0;0.0;0.0;0.0;0.0;0.0;0.0;0.0;0.0;0.0;0.0;0.0;0.0;3.0;0.0;0.0;1.0;0.0;0.0;888.0
Mombaça;BOA VISTA;-5.6511666666667;-39.844416666667;2021;10;2.0;2.0;0.0;0.0;0.0;0.0;0.0;0.0;0.0;0.0;0.0;0.0;0.0;0.0;0.0;0.0;0.0;0.0;0.0;0.0;0.0;0.0;0.0;0.0;0.0;0.0;0.0;0.0;0.0;0.0;0.0;0.0
Mombaça;BOA VISTA;-5.6511666666667;-39.844416666667;2021;11;10.2;0.4;0.0;0.0;0.0;0.0;0.0;0.0;0.0;0.0;0.0;0.0;0.0;0.0;9.8;0.0;0.0;0.0;0.0;0.0;0.0;0.0;0.0;0.0;0.0;0.0;0.0;0.0;0.0;0.0;0.0;888.0
Mombaça;BOA VISTA;-5.6511666666667;-39.844416666667;2021;12;113.6;0.0;0.0;8.0;0.0;0.0;0.0;0.0;0.0;0.0;0.0;2.0;0.0;0.0;0.0;0.0;0.0;0.0;0.0;0.0;0.0;0.0;0.0;0.0;0.0;0.0;6.6;7.0;0.0;0.0;90.0;0.0
Mombaça;BOA VISTA;-5.6511666666667;-39.844416666667;2022;1;111.6;0.0;0.0;0.0;0.0;0.0;0.0;0.0;0.0;0.0;0.0;0.0;0.0;0.0;0.0;12.6;0.0;0.0;43.6;0.0;0.0;0.0;0.0;0.0;0.0;0.0;0.0;41.4;0.0;14.0;0.0;0.0
Mombaça;BOA VISTA;-5.6511666666667;-39.844416666667;2022;2;15.4;0.0;0.0;0.0;0.0;0.0;0.0;0.0;0.0;0.0;0.0;0.0;0.0;0.0;0.0;0.0;0.0;0.0;0.0;10.4;0.0;0.0;0.0;0.0;0.0;0.0;0.0;0.0;5.0;888.0;888.0;888.0
Mombaça;BOA VISTA;-5.6511666666667;-39.844416666667;2022;3;179.6;6.4;0.0;0.0;0.0;0.0;22.4;15.0;0.0;0.0;0.0;0.0;47.0;0.0;0.0;0.0;0.0;7.0;0.0;0.0;0.0;11.0;11.0;21.0;16.2;0.0;0.0;0.0;6.0;16.6;0.0;0.0
Mombaça;BOA VISTA;-5.6511666666667;-39.844416666667;2022;4;134.4;0.0;12.0;0.0;0.0;16.6;6.0;0.0;0.0;19.2;0.0;0.0;10.0;0.0;0.0;0.0;0.0;0.0;0.0;0.0;23.0;11.0;0.0;0.0;31.0;0.0;0.0;5.6;0.0;0.0;0.0;888.0
Mombaça;BOA VISTA;-5.6511666666667;-39.844416666667;2022;5;81.1;0.0;0.0;0.0;1.2;0.0;1.4;0.0;0.0;0.0;0.0;0.0;0.0;18.5;30.0;13.0;2.2;0.0;0.0;0.0;0.0;5.5;0.0;0.0;0.0;0.0;0.0;9.3;0.0;0.0;0.0;0.0
Mombaça;BOA VISTA;-5.6511666666667;-39.844416666667;2022;6;146.6;16.2;0.0;0.0;6.2;11.0;0.0;0.0;0.0;0.0;2.6;69.2;5.4;0.0;0.0;0.0;0.0;0.0;0.0;0.0;0.0;36.0;0.0;0.0;0.0;0.0;0.0;0.0;0.0;0.0;0.0;888.0
Mombaça;BOA VISTA;-5.6511666666667;-39.844416666667;2022;7;93.6;0.0;0.0;0.0;0.0;45.0;0.0;0.0;48.6;0.0;0.0;0.0;0.0;0.0;0.0;0.0;0.0;0.0;0.0;0.0;0.0;0.0;0.0;0.0;0.0;0.0;0.0;0.0;0.0;0.0;0.0;0.0
Mombaça;BOA VISTA;-5.6511666666667;-39.844416666667;2022;8;47.0;0.0;0.0;0.0;10.0;27.0;0.0;0.0;0.0;0.0;0.0;0.0;0.0;10.0;0.0;0.0;0.0;0.0;0.0;0.0;0.0;0.0;0.0;0.0;0.0;0.0;0.0;0.0;0.0;0.0;0.0;0.0
Mombaça;BOA VISTA;-5.6511666666667;-39.844416666667;2022;9;1.0;0.0;0.0;0.0;0.0;0.0;0.0;0.0;0.0;0.0;0.0;0.0;0.0;0.0;0.0;0.0;0.0;0.0;0.0;0.0;0.0;0.0;1.0;0.0;0.0;0.0;0.0;0.0;0.0;0.0;0.0;888.0
Mombaça;BOA VISTA;-5.6511666666667;-39.844416666667;2022;10;3.0;0.0;0.0;0.0;0.0;0.0;0.0;0.0;0.0;0.0;0.0;0.0;0.0;0.0;0.0;0.0;2.0;0.0;0.0;0.0;0.0;0.0;0.0;0.0;0.0;1.0;0.0;0.0;0.0;0.0;0.0;0.0
Mombaça;BOA VISTA;-5.6511666666667;-39.844416666667;2022;11;33.0;0.0;0.0;0.0;0.0;33.0;0.0;0.0;0.0;0.0;0.0;0.0;0.0;0.0;0.0;0.0;0.0;0.0;0.0;0.0;0.0;0.0;0.0;0.0;0.0;0.0;0.0;0.0;0.0;0.0;0.0;888.0
Mombaça;BOA VISTA;-5.6511666666667;-39.844416666667;2022;12;14.0;0.0;0.0;0.0;0.0;0.0;0.0;0.0;0.0;0.0;0.0;0.0;0.0;0.0;0.0;0.0;0.0;0.0;0.0;0.0;0.0;0.0;0.0;0.0;14.0;0.0;0.0;0.0;0.0;0.0;0.0;0.0
Mombaça;BOA VISTA;-5.6511666666667;-39.844416666667;2023;1;85.0;0.0;0.0;0.0;0.0;0.0;0.0;0.0;0.0;0.0;2.4;0.0;0.0;0.0;0.0;0.0;21.6;0.0;31.0;30.0;0.0;0.0;0.0;0.0;0.0;0.0;0.0;0.0;0.0;0.0;0.0;0.0
Mombaça;BOA VISTA;-5.6511666666667;-39.844416666667;2023;2;79.8;0.0;0.0;0.0;0.0;0.0;0.0;8.4;0.0;0.0;7.2;0.0;0.0;0.0;0.0;0.0;0.0;0.0;0.0;0.0;14.0;0.0;0.0;23.0;15.6;0.0;11.6;0.0;0.0;888.0;888.0;888.0
Mombaça;BOA VISTA;-5.6511666666667;-39.844416666667;2023;3;254.2;0.0;0.0;0.0;0.0;0.0;0.0;0.0;0.0;0.0;0.0;0.0;70.0;23.0;0.0;0.0;30.6;28.6;0.0;21.8;0.0;0.0;7.6;0.0;17.0;0.0;0.0;35.6;0.0;6.0;0.0;14.0
Mombaça;BOA VISTA;-5.6511666666667;-39.844416666667;2023;4;157.0;0.0;10.0;0.0;0.0;4.0;5.0;0.0;0.0;67.0;0.0;0.0;0.0;0.0;0.0;0.0;9.4;0.0;0.0;0.0;0.0;0.0;0.0;0.0;0.0;0.0;0.0;36.6;25.0;0.0;0.0;888.0
Mombaça;BOA VISTA;-5.6511666666667;-39.844416666667;2023;5;26.8;0.0;0.0;0.0;0.0;0.0;0.0;0.0;0.0;0.0;0.0;0.0;0.0;0.0;0.0;8.0;0.0;0.0;0.0;0.0;0.0;0.0;0.0;0.0;0.0;0.0;0.0;0.0;0.0;0.0;0.0;18.8
Mombaça;BOA VISTA;-5.6511666666667;-39.844416666667;2023;6;19.6;0.0;0.0;16.6;0.0;0.0;0.0;0.0;0.0;0.0;0.0;0.0;0.0;0.0;0.0;0.0;0.0;0.0;0.0;0.0;0.0;0.0;0.0;0.0;0.0;0.0;0.0;0.0;0.0;3.0;0.0;888.0
Mombaça;BOA VISTA;-5.6511666666667;-39.844416666667;2023;7;54.0;0.0;0.0;0.0;0.0;0.0;0.0;3.0;0.0;51.0;0.0;0.0;0.0;0.0;0.0;0.0;0.0;0.0;0.0;0.0;0.0;0.0;0.0;0.0;0.0;0.0;0.0;0.0;0.0;0.0;0.0;0.0
Mombaça;BOA VISTA;-5.6511666666667;-39.844416666667;2023;8;0.0;0.0;0.0;0.0;0.0;0.0;0.0;0.0;0.0;0.0;0.0;0.0;0.0;0.0;0.0;0.0;0.0;0.0;0.0;0.0;0.0;0.0;0.0;0.0;0.0;0.0;0.0;0.0;0.0;0.0;0.0;0.0
Mombaça;BOA VISTA;-5.6511666666667;-39.844416666667;2023;9;0.0;0.0;0.0;0.0;0.0;0.0;0.0;0.0;0.0;0.0;0.0;0.0;0.0;0.0;0.0;0.0;0.0;0.0;0.0;0.0;0.0;0.0;0.0;0.0;0.0;0.0;0.0;0.0;0.0;0.0;0.0;888.0
Mombaça;BOA VISTA;-5.6511666666667;-39.844416666667;2023;10;0.0;0.0;0.0;0.0;0.0;0.0;0.0;0.0;0.0;0.0;0.0;0.0;0.0;0.0;0.0;0.0;0.0;0.0;0.0;0.0;0.0;0.0;0.0;0.0;0.0;0.0;0.0;0.0;0.0;0.0;0.0;0.0
Mombaça;BOA VISTA;-5.6511666666667;-39.844416666667;2023;11;35.6;0.0;0.0;0.0;0.0;0.0;0.0;0.0;0.0;0.0;0.0;0.0;0.0;0.0;0.0;0.0;0.0;0.0;0.0;0.0;0.0;0.0;0.0;0.0;0.0;0.0;0.0;0.0;15.6;20.0;0.0;888.0
Mombaça;BOA VISTA;-5.6511666666667;-39.844416666667;2023;12;34.8;0.0;0.0;0.0;4.0;0.0;0.0;0.0;0.0;0.0;0.0;0.0;0.0;0.0;0.0;0.0;6.4;0.0;2.0;0.0;22.4;0.0;0.0;0.0;0.0;0.0;0.0;0.0;0.0;0.0;0.0;0.0
Mombaça;BOA VISTA;-5.6511666666667;-39.844416666667;2024;1;78.0;40.0;0.0;0.0;0.0;0.0;0.0;0.0;0.0;0.0;0.0;0.0;30.0;8.0;0.0;0.0;0.0;0.0;0.0;0.0;0.0;0.0;0.0;0.0;0.0;0.0;0.0;0.0;0.0;0.0;0.0;0.0
Mombaça;BOA VISTA;-5.6511666666667;-39.844416666667;2024;2;103.4;0.0;0.0;0.0;0.0;0.0;0.0;0.0;0.0;0.0;0.0;32.6;0.0;0.0;0.0;0.0;26.6;0.0;0.0;0.0;8.0;0.0;0.0;2.0;23.6;0.0;0.0;7.2;3.4;0.0;888.0;888.0
Mombaça;BOA VISTA;-5.6511666666667;-39.844416666667;2024;3;152.6;25.0;0.0;0.0;17.2;8.0;0.0;0.0;0.0;0.0;0.0;0.0;0.0;0.0;0.0;29.4;0.0;0.0;0.0;7.2;0.0;0.0;0.0;0.0;11.0;22.4;0.0;0.0;8.4;5.0;19.0;0.0
Mombaça;BOA VISTA;-5.6511666666667;-39.844416666667;2024;4;142.8;29.0;0.0;0.0;0.0;0.0;0.0;0.0;0.0;0.0;36.6;21.0;0.0;36.0;0.0;4.2;16.0;0.0;0.0;0.0;0.0;0.0;0.0;0.0;0.0;0.0;0.0;0.0;0.0;0.0;0.0;888.0
Mombaça;BOA VISTA;-5.6511666666667;-39.844416666667;2024;5;53.8;0.0;0.0;2.0;0.0;0.0;0.0;0.0;6.0;1.6;17.2;0.0;0.0;0.0;0.0;0.0;0.0;0.0;0.0;0.0;0.0;0.0;0.0;0.0;0.0;0.0;0.0;0.0;0.0;14.0;0.0;13.0
Mombaça;BOA VISTA;-5.6511666666667;-39.844416666667;2024;6;62.1;0.4;0.0;5.0;2.5;7.0;31.2;0.0;0.0;0.0;0.0;0.0;0.0;0.0;0.0;5.0;1.2;0.0;0.0;0.0;3.0;0.0;0.0;0.0;4.8;2.0;0.0;0.0;0.0;0.0;0.0;888.0
Mombaça;BOA VISTA;-5.6511666666667;-39.844416666667;2024;7;30.0;0.0;0.0;0.0;0.0;0.0;0.0;30.0;0.0;0.0;0.0;0.0;0.0;0.0;0.0;0.0;0.0;0.0;0.0;0.0;0.0;0.0;0.0;0.0;0.0;0.0;0.0;0.0;0.0;0.0;0.0;0.0
Mombaça;BOA VISTA;-5.6511666666667;-39.844416666667;2024;8;0.0;0.0;0.0;0.0;0.0;0.0;0.0;0.0;0.0;0.0;0.0;0.0;0.0;0.0;0.0;0.0;0.0;0.0;0.0;0.0;0.0;0.0;0.0;0.0;0.0;0.0;0.0;0.0;0.0;0.0;0.0;0.0
Mombaça;BOA VISTA;-5.6511666666667;-39.844416666667;2024;9;0.0;0.0;0.0;0.0;0.0;0.0;0.0;0.0;0.0;0.0;0.0;0.0;0.0;0.0;0.0;0.0;0.0;0.0;0.0;0.0;0.0;0.0;0.0;0.0;0.0;0.0;0.0;0.0;0.0;0.0;0.0;888.0
Mombaça;BOA VISTA;-5.6511666666667;-39.844416666667;2024;10;0.0;0.0;0.0;0.0;0.0;0.0;0.0;0.0;0.0;0.0;0.0;0.0;0.0;0.0;0.0;0.0;0.0;0.0;0.0;0.0;0.0;0.0;0.0;999.0;999.0;999.0;999.0;999.0;999.0;999.0;999.0;999.0
