Municipios;Postos;Latitude;Longitude;Anos;Meses;Total;Dia1;Dia2;Dia3;Dia4;Dia5;Dia6;Dia7;Dia8;Dia9;Dia10;Dia11;Dia12;Dia13;Dia14;Dia15;Dia16;Dia17;Dia18;Dia19;Dia20;Dia21;Dia22;Dia23;Dia24;Dia25;Dia26;Dia27;Dia28;Dia29;Dia30;Dia31
Barro;BREJINHO;-7.1713055555556;-38.920138888889;2000;7;19.4;0.0;0.0;0.0;0.0;0.0;0.0;0.0;0.0;0.0;0.0;8.8;3.4;0.0;0.0;0.0;0.0;0.0;0.0;0.0;1.8;5.4;0.0;0.0;0.0;0.0;0.0;0.0;0.0;0.0;0.0;0.0
Barro;BREJINHO;-7.1713055555556;-38.920138888889;2000;8;17.6;0.0;0.0;0.0;0.0;0.0;0.0;5.2;0.0;12.4;0.0;0.0;0.0;0.0;0.0;0.0;0.0;0.0;0.0;0.0;0.0;0.0;0.0;0.0;0.0;0.0;0.0;0.0;0.0;0.0;0.0;0.0
Barro;BREJINHO;-7.1713055555556;-38.920138888889;2000;9;43.8;0.0;0.0;0.0;0.0;0.0;1.4;0.0;0.0;0.0;0.0;0.0;3.6;5.2;0.0;14.8;11.6;5.4;0.0;0.0;0.0;0.0;0.0;0.0;0.0;0.0;0.0;0.0;0.0;1.8;0.0;888.0
Barro;BREJINHO;-7.1713055555556;-38.920138888889;2000;10;0.0;0.0;0.0;0.0;0.0;0.0;0.0;0.0;0.0;0.0;0.0;0.0;0.0;0.0;0.0;0.0;0.0;0.0;0.0;0.0;0.0;0.0;0.0;0.0;0.0;0.0;0.0;0.0;0.0;0.0;0.0;0.0
Barro;BREJINHO;-7.1713055555556;-38.920138888889;2000;11;0.0;0.0;0.0;0.0;0.0;0.0;0.0;0.0;0.0;0.0;0.0;0.0;0.0;0.0;0.0;0.0;0.0;0.0;0.0;0.0;0.0;0.0;0.0;0.0;0.0;0.0;0.0;0.0;0.0;0.0;0.0;888.0
Barro;BREJINHO;-7.1713055555556;-38.920138888889;2000;12;145.8;0.0;0.0;0.0;0.0;0.0;0.0;0.0;0.0;0.0;0.0;0.0;0.0;77.2;44.2;19.8;4.6;0.0;0.0;0.0;0.0;0.0;0.0;0.0;0.0;0.0;0.0;0.0;0.0;0.0;0.0;0.0
Barro;BREJINHO;-7.1713055555556;-38.920138888889;2001;1;90.4;0.0;2.6;0.0;0.0;0.0;1.4;18.0;3.2;0.0;0.0;0.0;8.8;0.0;0.0;0.0;0.0;0.0;0.0;0.0;0.0;0.0;27.2;0.0;0.0;0.0;0.0;0.0;26.2;0.0;0.0;3.0
Barro;BREJINHO;-7.1713055555556;-38.920138888889;2001;2;145.6;0.0;0.0;32.8;54.2;9.8;0.0;3.6;0.0;3.4;0.0;0.0;11.4;0.0;0.0;0.0;0.0;0.0;0.0;0.0;0.0;0.0;0.0;0.0;0.0;0.0;20.6;0.0;9.8;888.0;888.0;888.0
Barro;BREJINHO;-7.1713055555556;-38.920138888889;2001;3;215.0;51.4;0.0;0.0;4.2;0.0;0.0;0.0;0.0;11.4;0.0;0.0;37.2;13.4;50.4;0.0;0.0;1.4;2.8;0.0;5.0;2.0;0.0;0.0;0.0;11.8;0.0;0.0;9.2;0.0;8.8;6.0
Barro;BREJINHO;-7.1713055555556;-38.920138888889;2001;4;40.0;0.0;0.0;0.0;0.0;0.0;0.0;0.0;0.0;0.0;0.0;0.0;0.0;0.0;7.0;26.4;0.0;4.2;0.0;0.0;0.0;0.0;0.0;0.0;0.0;0.0;0.0;0.0;0.0;2.4;0.0;888.0
Barro;BREJINHO;-7.1713055555556;-38.920138888889;2001;5;53.2;0.0;0.0;0.0;0.0;0.0;0.0;0.0;0.0;0.0;6.2;0.0;0.0;0.0;0.0;0.0;0.0;0.0;0.0;0.0;0.0;0.0;0.0;0.0;0.0;29.0;2.2;0.0;0.0;0.0;0.0;15.8
Barro;BREJINHO;-7.1713055555556;-38.920138888889;2001;6;20.0;2.8;0.0;0.0;0.0;1.4;0.0;0.0;0.0;0.0;0.0;4.2;2.0;0.0;0.0;0.0;0.0;0.0;0.0;0.0;0.0;0.0;0.0;0.0;0.0;0.0;0.0;9.6;0.0;0.0;0.0;888.0
Barro;BREJINHO;-7.1713055555556;-38.920138888889;2001;7;5.2;0.0;0.0;0.0;0.0;0.0;0.0;0.0;0.0;0.0;0.0;0.0;2.2;0.0;0.0;0.0;0.0;0.0;0.0;0.0;0.0;3.0;0.0;0.0;0.0;0.0;0.0;0.0;0.0;0.0;0.0;0.0
Barro;BREJINHO;-7.1713055555556;-38.920138888889;2001;8;1.8;0.0;0.0;0.0;0.0;0.0;0.0;0.0;0.0;0.0;0.0;0.0;0.0;0.0;0.0;0.0;0.0;0.0;0.0;0.0;0.0;0.0;0.0;0.0;0.0;0.0;0.0;0.0;1.8;0.0;0.0;0.0
Barro;BREJINHO;-7.1713055555556;-38.920138888889;2001;9;0.0;0.0;0.0;0.0;0.0;0.0;0.0;0.0;0.0;0.0;0.0;0.0;0.0;0.0;0.0;0.0;0.0;0.0;0.0;0.0;0.0;0.0;0.0;0.0;0.0;0.0;0.0;0.0;0.0;0.0;0.0;888.0
Barro;BREJINHO;-7.1713055555556;-38.920138888889;2001;10;45.2;0.0;0.0;0.0;0.0;0.0;0.0;0.0;0.0;0.0;0.0;0.0;0.0;11.0;0.0;3.8;3.2;0.0;0.0;0.0;0.0;0.0;0.0;0.0;0.0;0.0;0.0;27.2;0.0;0.0;0.0;0.0
Barro;BREJINHO;-7.1713055555556;-38.920138888889;2001;11;2.2;0.0;0.0;0.0;0.0;0.0;0.0;0.0;0.0;0.0;0.0;0.0;0.0;0.0;0.0;0.0;0.0;0.0;0.0;0.0;0.0;0.0;0.0;0.0;0.0;0.0;0.0;2.2;0.0;0.0;0.0;888.0
Barro;BREJINHO;-7.1713055555556;-38.920138888889;2001;12;148.4;0.0;0.0;0.0;0.0;0.0;0.0;0.0;10.4;0.0;0.0;1.6;0.0;0.0;0.0;0.0;0.0;0.0;0.0;0.0;0.0;0.0;0.0;0.0;0.0;0.0;0.0;0.0;5.0;83.0;48.4;0.0
Barro;BREJINHO;-7.1713055555556;-38.920138888889;2002;1;295.2;0.0;35.2;1.8;2.8;0.0;18.4;0.0;0.0;0.0;35.2;2.4;8.0;16.6;1.8;0.0;0.0;0.0;98.2;3.0;55.4;0.0;0.0;0.0;0.0;0.0;0.0;0.0;4.6;0.0;11.8;0.0
Barro;BREJINHO;-7.1713055555556;-38.920138888889;2002;2;63.4;0.0;0.0;0.0;9.4;0.0;8.0;0.0;0.0;0.0;1.2;0.0;7.8;16.8;9.8;0.0;0.0;4.0;0.0;0.0;0.0;0.0;0.0;0.0;0.0;0.0;6.4;0.0;0.0;888.0;888.0;888.0
Barro;BREJINHO;-7.1713055555556;-38.920138888889;2002;3;283.8;0.0;0.0;0.0;32.4;0.0;42.4;2.8;26.8;0.0;0.0;0.0;0.0;0.0;0.0;0.0;0.0;0.0;16.4;13.2;77.2;0.0;0.0;2.6;39.8;5.8;0.0;0.0;0.0;0.0;0.0;24.4
Barro;BREJINHO;-7.1713055555556;-38.920138888889;2002;4;61.9;0.0;0.0;0.0;39.0;3.4;0.0;0.0;6.1;0.0;0.0;0.0;13.4;0.0;0.0;0.0;0.0;0.0;0.0;0.0;0.0;0.0;0.0;0.0;0.0;0.0;0.0;0.0;0.0;0.0;0.0;888.0
Barro;BREJINHO;-7.1713055555556;-38.920138888889;2002;5;81.8;4.4;57.4;0.0;0.0;0.0;0.0;4.8;0.0;0.0;0.0;11.2;0.0;0.0;0.0;0.0;4.0;0.0;0.0;0.0;0.0;0.0;0.0;0.0;0.0;0.0;0.0;0.0;0.0;0.0;0.0;0.0
Barro;BREJINHO;-7.1713055555556;-38.920138888889;2002;6;11.5;0.0;0.0;0.0;0.0;0.0;0.0;0.0;0.0;0.0;0.0;0.0;0.0;0.0;0.0;3.1;0.0;0.0;0.0;0.0;0.0;0.0;0.0;0.0;0.0;8.4;0.0;0.0;0.0;0.0;0.0;888.0
Barro;BREJINHO;-7.1713055555556;-38.920138888889;2002;7;30.8;0.0;0.0;0.0;0.0;0.0;0.0;0.0;0.0;0.0;26.2;0.0;0.0;0.0;0.0;0.0;0.0;0.0;0.0;0.0;0.0;0.0;0.0;0.0;0.0;0.0;0.0;0.0;0.0;4.6;0.0;0.0
Barro;BREJINHO;-7.1713055555556;-38.920138888889;2002;8;0.0;0.0;0.0;0.0;0.0;0.0;0.0;0.0;0.0;0.0;0.0;0.0;0.0;0.0;0.0;0.0;0.0;0.0;0.0;0.0;0.0;0.0;0.0;0.0;0.0;0.0;0.0;0.0;0.0;0.0;0.0;0.0
Barro;BREJINHO;-7.1713055555556;-38.920138888889;2002;9;0.0;0.0;0.0;0.0;0.0;0.0;0.0;0.0;0.0;0.0;0.0;0.0;0.0;0.0;0.0;0.0;0.0;0.0;0.0;0.0;0.0;0.0;0.0;0.0;0.0;0.0;0.0;0.0;0.0;0.0;0.0;888.0
Barro;BREJINHO;-7.1713055555556;-38.920138888889;2002;10;5.4;0.0;0.0;0.0;0.0;0.0;0.0;0.0;0.0;5.4;0.0;0.0;0.0;0.0;0.0;0.0;0.0;0.0;0.0;0.0;0.0;0.0;0.0;0.0;0.0;0.0;0.0;0.0;0.0;0.0;0.0;0.0
Barro;BREJINHO;-7.1713055555556;-38.920138888889;2002;11;3.0;0.0;0.0;0.0;0.0;0.0;0.0;0.0;0.0;3.0;0.0;0.0;0.0;0.0;0.0;0.0;0.0;0.0;0.0;0.0;0.0;0.0;0.0;0.0;0.0;0.0;0.0;0.0;0.0;0.0;0.0;888.0
Barro;BREJINHO;-7.1713055555556;-38.920138888889;2002;12;34.2;0.0;0.0;0.0;0.0;0.0;0.0;0.0;5.6;0.0;0.0;0.0;0.0;0.0;0.0;0.0;0.0;0.0;0.0;0.0;0.0;0.0;0.0;0.0;0.0;0.0;0.0;0.0;24.8;0.0;0.0;3.8
Barro;BREJINHO;-7.1713055555556;-38.920138888889;2003;1;161.0;0.0;0.0;0.0;0.0;0.0;0.0;0.0;0.0;0.0;0.0;0.0;0.0;0.0;0.0;0.0;0.0;0.0;0.0;36.6;19.0;0.0;0.0;0.0;64.4;7.8;0.0;27.0;1.6;4.6;0.0;0.0
Barro;BREJINHO;-7.1713055555556;-38.920138888889;2003;2;175.2;0.0;0.0;0.0;0.0;0.0;0.0;6.0;0.0;0.0;0.0;13.0;3.8;10.8;0.0;1.2;0.0;0.0;2.6;0.0;0.0;0.0;0.0;31.2;19.2;30.4;8.6;34.2;14.2;888.0;888.0;888.0
Barro;BREJINHO;-7.1713055555556;-38.920138888889;2003;3;190.1;12.2;0.0;0.0;3.2;1.8;4.8;0.0;0.0;0.0;0.0;0.0;0.0;0.0;2.8;20.1;0.0;16.2;0.0;7.2;0.0;23.8;0.0;45.6;14.2;0.0;0.0;0.0;0.0;8.4;21.8;8.0
Barro;BREJINHO;-7.1713055555556;-38.920138888889;2003;4;83.2;0.0;0.0;0.0;0.0;0.0;0.0;0.0;9.0;0.0;0.0;0.0;6.8;0.0;0.0;1.2;0.0;0.0;0.0;0.0;2.0;0.0;6.4;5.4;0.0;0.0;11.6;0.0;40.8;0.0;0.0;888.0
Barro;BREJINHO;-7.1713055555556;-38.920138888889;2003;5;58.0;2.0;35.2;0.0;0.0;0.0;10.0;0.0;0.0;0.0;0.0;0.0;0.0;3.6;0.0;0.0;0.0;0.0;0.0;0.0;0.0;0.0;0.0;0.0;0.0;0.0;0.0;0.0;0.0;7.2;0.0;0.0
Barro;BREJINHO;-7.1713055555556;-38.920138888889;2003;6;1.8;0.0;0.0;0.0;0.0;0.0;0.0;0.0;0.0;0.0;0.0;0.0;0.0;0.0;0.0;0.0;0.0;0.0;0.0;0.0;0.0;1.8;0.0;0.0;0.0;0.0;0.0;0.0;0.0;0.0;0.0;888.0
Barro;BREJINHO;-7.1713055555556;-38.920138888889;2003;7;5.8;0.0;0.0;0.0;0.0;0.0;0.0;0.0;0.0;0.0;0.0;0.0;5.8;0.0;0.0;0.0;0.0;0.0;0.0;0.0;0.0;0.0;0.0;0.0;0.0;0.0;0.0;0.0;0.0;0.0;0.0;0.0
Barro;BREJINHO;-7.1713055555556;-38.920138888889;2003;8;0.0;0.0;0.0;0.0;0.0;0.0;0.0;0.0;0.0;0.0;0.0;0.0;0.0;0.0;0.0;0.0;0.0;0.0;0.0;0.0;0.0;0.0;0.0;0.0;0.0;0.0;0.0;0.0;0.0;0.0;0.0;0.0
Barro;BREJINHO;-7.1713055555556;-38.920138888889;2003;9;0.0;0.0;0.0;0.0;0.0;0.0;0.0;0.0;0.0;0.0;0.0;0.0;0.0;0.0;0.0;0.0;0.0;0.0;0.0;0.0;0.0;0.0;0.0;0.0;0.0;0.0;0.0;0.0;0.0;0.0;0.0;888.0
Barro;BREJINHO;-7.1713055555556;-38.920138888889;2003;10;0.0;0.0;0.0;0.0;0.0;0.0;0.0;0.0;0.0;0.0;0.0;0.0;0.0;0.0;0.0;0.0;0.0;0.0;0.0;0.0;0.0;0.0;0.0;0.0;0.0;0.0;0.0;0.0;0.0;0.0;0.0;0.0
Barro;BREJINHO;-7.1713055555556;-38.920138888889;2003;11;3.8;0.0;0.0;0.0;0.0;0.0;0.0;0.0;3.8;0.0;0.0;0.0;0.0;0.0;0.0;0.0;0.0;0.0;0.0;0.0;0.0;0.0;0.0;0.0;0.0;0.0;0.0;0.0;0.0;0.0;0.0;888.0
Barro;BREJINHO;-7.1713055555556;-38.920138888889;2003;12;22.0;0.0;0.0;0.0;0.0;0.0;0.0;0.0;0.0;0.0;0.0;0.0;0.0;0.0;0.0;0.0;13.0;9.0;0.0;0.0;0.0;0.0;0.0;0.0;0.0;0.0;0.0;0.0;0.0;0.0;0.0;0.0
Barro;BREJINHO;-7.1713055555556;-38.920138888889;2004;1;320.9;0.0;0.0;0.0;0.0;0.0;0.0;0.0;0.0;0.0;0.0;0.0;6.2;0.0;35.9;0.0;8.4;30.2;51.8;4.2;14.0;16.6;17.6;7.4;25.2;15.0;0.0;60.2;19.0;0.0;0.0;9.2
Barro;BREJINHO;-7.1713055555556;-38.920138888889;2004;2;412.2;23.6;22.6;38.6;64.2;33.7;8.4;0.0;36.8;0.0;0.0;0.0;0.0;27.6;0.0;0.0;12.9;0.0;0.0;0.0;0.0;10.0;0.0;0.0;74.8;0.0;0.0;50.2;5.6;3.2;888.0;888.0
Barro;BREJINHO;-7.1713055555556;-38.920138888889;2004;3;136.5;0.0;0.0;17.6;5.8;0.0;0.0;1.6;53.8;0.0;0.0;0.0;0.0;24.2;0.0;0.0;4.8;5.6;0.0;0.0;0.0;0.0;10.5;0.0;12.6;0.0;0.0;0.0;0.0;0.0;0.0;0.0
Barro;BREJINHO;-7.1713055555556;-38.920138888889;2004;4;93.8;0.0;16.6;6.2;0.0;0.0;0.0;9.2;13.2;7.0;0.0;0.0;0.0;0.0;0.0;12.8;0.0;0.0;0.0;5.6;0.0;0.0;0.0;0.0;0.0;0.0;5.4;17.8;0.0;0.0;0.0;888.0
Barro;BREJINHO;-7.1713055555556;-38.920138888889;2004;5;128.8;0.0;0.0;0.0;0.0;0.0;0.0;0.0;0.0;0.0;106.2;0.0;1.4;0.0;0.0;0.0;0.0;0.0;2.2;10.4;0.0;0.0;0.0;0.0;0.0;8.6;0.0;0.0;0.0;0.0;0.0;0.0
Barro;BREJINHO;-7.1713055555556;-38.920138888889;2004;6;18.6;3.4;0.0;0.0;0.0;0.0;7.6;0.0;0.0;0.0;0.0;0.0;0.0;0.0;0.0;0.0;0.0;0.0;0.0;7.6;0.0;0.0;0.0;0.0;0.0;0.0;0.0;0.0;0.0;0.0;0.0;888.0
Barro;BREJINHO;-7.1713055555556;-38.920138888889;2004;7;10.4;0.0;0.0;0.0;0.0;2.0;0.0;0.0;0.0;0.0;0.0;0.0;0.0;0.0;0.0;0.0;0.0;0.0;0.0;0.0;0.0;0.0;0.0;0.0;0.0;0.0;0.0;0.0;0.0;0.0;8.4;0.0
Barro;BREJINHO;-7.1713055555556;-38.920138888889;2004;8;0.0;0.0;0.0;0.0;0.0;0.0;0.0;0.0;0.0;0.0;0.0;0.0;0.0;0.0;0.0;0.0;0.0;0.0;0.0;0.0;0.0;0.0;0.0;0.0;0.0;0.0;0.0;0.0;0.0;0.0;0.0;0.0
Barro;BREJINHO;-7.1713055555556;-38.920138888889;2004;9;4.6;0.0;0.0;0.0;0.0;0.0;0.0;0.0;0.0;0.0;0.0;0.0;0.0;0.0;0.0;0.0;0.0;0.0;0.0;0.0;4.6;0.0;0.0;0.0;0.0;0.0;0.0;0.0;0.0;0.0;0.0;888.0
Barro;BREJINHO;-7.1713055555556;-38.920138888889;2004;10;0.0;0.0;0.0;0.0;0.0;0.0;0.0;0.0;0.0;0.0;0.0;0.0;0.0;0.0;0.0;0.0;0.0;0.0;0.0;0.0;0.0;0.0;0.0;0.0;0.0;0.0;0.0;0.0;0.0;0.0;0.0;0.0
Barro;BREJINHO;-7.1713055555556;-38.920138888889;2004;11;18.0;0.0;0.0;0.0;0.0;0.0;0.0;0.0;0.0;0.0;0.0;0.0;0.0;0.0;0.0;0.0;0.0;0.0;0.0;0.0;0.0;0.0;0.0;0.0;0.0;0.0;12.4;5.6;0.0;0.0;0.0;888.0
Barro;BREJINHO;-7.1713055555556;-38.920138888889;2004;12;27.4;0.0;0.0;0.0;0.0;0.0;0.0;0.0;0.0;0.0;0.0;0.0;0.0;0.0;0.0;0.0;0.0;0.0;0.0;0.0;0.0;0.0;0.0;0.0;0.0;0.0;0.0;0.0;0.0;13.0;7.6;6.8
Barro;BREJINHO;-7.1713055555556;-38.920138888889;2005;1;52.0;0.0;0.0;0.0;0.0;6.6;0.0;0.0;0.0;0.0;0.0;0.0;0.0;0.0;11.2;11.6;0.0;12.8;0.0;0.0;4.4;0.0;0.0;0.0;0.0;0.0;0.0;0.0;2.2;3.2;0.0;0.0
Barro;BREJINHO;-7.1713055555556;-38.920138888889;2005;2;37.8;0.0;0.0;0.0;0.0;0.0;0.0;0.0;0.0;0.0;8.2;0.0;6.2;0.0;0.0;0.0;4.6;0.0;0.0;0.0;0.0;0.0;0.0;0.0;14.8;0.0;4.0;0.0;0.0;888.0;888.0;888.0
Barro;BREJINHO;-7.1713055555556;-38.920138888889;2005;3;307.5;0.0;0.0;0.0;0.0;0.0;0.0;0.0;0.0;0.0;0.0;0.0;51.0;23.0;0.0;4.0;0.0;6.1;0.0;13.6;36.6;0.0;8.4;0.0;89.6;0.0;0.0;26.0;10.4;19.8;5.6;13.4
Barro;BREJINHO;-7.1713055555556;-38.920138888889;2005;4;34.1;0.0;0.0;0.0;3.4;0.0;0.0;0.0;0.0;0.0;0.0;0.0;13.0;0.0;0.0;0.0;0.0;0.0;4.6;0.0;4.5;0.0;0.0;0.0;0.0;0.0;0.0;0.0;8.6;0.0;0.0;888.0
Barro;BREJINHO;-7.1713055555556;-38.920138888889;2005;5;90.6;0.0;54.2;0.0;2.2;0.0;0.0;0.0;1.2;0.0;0.0;0.0;0.0;0.0;0.0;7.2;17.6;0.0;0.0;0.0;0.0;0.0;0.0;0.0;2.2;3.4;2.6;0.0;0.0;0.0;0.0;0.0
Barro;BREJINHO;-7.1713055555556;-38.920138888889;2005;6;11.0;0.0;0.0;0.0;0.0;0.0;0.0;0.0;0.0;0.0;0.0;0.0;0.0;0.0;0.0;0.0;0.0;0.0;0.0;0.0;0.0;0.0;0.0;0.0;0.0;0.0;2.6;8.4;0.0;0.0;0.0;888.0
Barro;BREJINHO;-7.1713055555556;-38.920138888889;2005;7;7.4;0.0;0.0;0.0;0.0;0.0;0.0;0.0;0.0;0.0;0.0;0.0;0.0;0.0;0.0;0.0;0.0;0.0;0.0;0.0;7.4;0.0;0.0;0.0;0.0;0.0;0.0;0.0;0.0;0.0;0.0;0.0
Barro;BREJINHO;-7.1713055555556;-38.920138888889;2005;8;0.0;0.0;0.0;0.0;0.0;0.0;0.0;0.0;0.0;0.0;0.0;0.0;0.0;0.0;0.0;0.0;0.0;0.0;0.0;0.0;0.0;0.0;0.0;0.0;0.0;0.0;0.0;0.0;0.0;0.0;0.0;0.0
Barro;BREJINHO;-7.1713055555556;-38.920138888889;2005;9;0.0;0.0;0.0;0.0;0.0;0.0;0.0;0.0;0.0;0.0;0.0;0.0;0.0;0.0;0.0;0.0;0.0;0.0;0.0;0.0;0.0;0.0;0.0;0.0;0.0;0.0;0.0;0.0;0.0;0.0;0.0;888.0
Barro;BREJINHO;-7.1713055555556;-38.920138888889;2005;10;2.8;0.0;0.0;0.0;0.0;0.0;0.0;0.0;2.8;0.0;0.0;0.0;0.0;0.0;0.0;0.0;0.0;0.0;0.0;0.0;0.0;0.0;0.0;0.0;0.0;0.0;0.0;0.0;0.0;0.0;0.0;0.0
Barro;BREJINHO;-7.1713055555556;-38.920138888889;2005;11;0.0;0.0;0.0;0.0;0.0;0.0;0.0;0.0;0.0;0.0;0.0;0.0;0.0;0.0;0.0;0.0;0.0;0.0;0.0;0.0;0.0;0.0;0.0;0.0;0.0;0.0;0.0;0.0;0.0;0.0;0.0;888.0
Barro;BREJINHO;-7.1713055555556;-38.920138888889;2005;12;54.8;0.0;0.0;0.0;3.4;18.0;5.8;9.4;3.8;0.0;0.0;0.0;0.0;0.0;0.0;0.0;0.0;0.0;0.0;0.0;0.0;0.0;0.0;0.0;0.0;8.4;0.0;0.0;2.8;3.2;0.0;0.0
Barro;BREJINHO;-7.1713055555556;-38.920138888889;2006;1;42.6;0.0;0.0;0.0;0.0;0.0;0.0;0.0;0.0;0.0;18.4;0.0;0.0;0.0;0.0;0.0;0.0;0.0;5.0;0.0;0.0;0.0;0.0;0.0;0.0;0.0;0.0;0.0;19.2;0.0;0.0;0.0
Barro;BREJINHO;-7.1713055555556;-38.920138888889;2006;2;256.4;11.6;9.2;0.0;7.2;2.8;9.0;0.0;0.0;0.0;0.0;0.0;0.0;2.2;50.0;8.2;19.2;0.0;14.2;59.2;0.0;0.0;0.0;2.8;27.8;3.0;0.0;0.0;30.0;888.0;888.0;888.0
Barro;BREJINHO;-7.1713055555556;-38.920138888889;2006;3;348.2;20.0;0.0;1.6;0.0;0.0;0.0;0.0;0.0;0.0;0.0;0.0;0.0;10.4;7.4;8.4;0.0;35.8;68.6;4.0;7.2;9.4;0.0;0.0;41.0;0.0;56.2;0.0;7.8;17.0;16.2;37.2
Barro;BREJINHO;-7.1713055555556;-38.920138888889;2006;4;298.6;7.6;0.0;0.0;58.6;0.0;8.8;28.4;5.9;0.0;0.0;0.0;0.0;6.0;15.2;9.0;0.0;0.0;0.0;20.4;22.6;65.0;25.1;7.4;0.0;6.6;3.6;0.0;4.0;0.0;4.4;888.0
Barro;BREJINHO;-7.1713055555556;-38.920138888889;2006;5;88.2;0.0;0.0;0.0;0.0;0.0;0.0;0.0;0.0;0.0;0.0;0.0;0.0;64.8;14.6;6.2;0.0;0.0;0.0;0.0;0.0;0.0;0.0;0.0;2.6;0.0;0.0;0.0;0.0;0.0;0.0;0.0
Barro;BREJINHO;-7.1713055555556;-38.920138888889;2006;6;12.2;0.0;0.0;0.0;0.0;0.0;0.0;0.0;0.0;0.0;0.0;0.0;0.0;12.2;0.0;0.0;0.0;0.0;0.0;0.0;0.0;0.0;0.0;0.0;0.0;0.0;0.0;0.0;0.0;0.0;0.0;888.0
Barro;BREJINHO;-7.1713055555556;-38.920138888889;2006;7;3.4;0.0;0.0;0.0;0.0;0.0;0.0;0.0;0.0;0.0;0.0;0.0;0.0;0.0;0.0;0.0;0.0;0.0;0.0;0.0;0.0;0.0;0.0;0.0;3.4;0.0;0.0;0.0;0.0;0.0;0.0;0.0
Barro;BREJINHO;-7.1713055555556;-38.920138888889;2006;8;0.0;0.0;0.0;0.0;0.0;0.0;0.0;0.0;0.0;0.0;0.0;0.0;0.0;0.0;0.0;0.0;0.0;0.0;0.0;0.0;0.0;0.0;0.0;0.0;0.0;0.0;0.0;0.0;0.0;0.0;0.0;0.0
Barro;BREJINHO;-7.1713055555556;-38.920138888889;2006;9;0.0;0.0;0.0;0.0;0.0;0.0;0.0;0.0;0.0;0.0;0.0;0.0;0.0;0.0;0.0;0.0;0.0;0.0;0.0;0.0;0.0;0.0;0.0;0.0;0.0;0.0;0.0;0.0;0.0;0.0;0.0;888.0
Barro;BREJINHO;-7.1713055555556;-38.920138888889;2006;10;33.4;0.0;0.0;0.0;0.0;0.0;0.0;0.0;0.0;0.0;0.0;0.0;0.0;0.0;0.0;0.0;0.0;0.0;0.0;0.0;0.0;0.0;30.0;0.0;3.4;0.0;0.0;0.0;0.0;0.0;0.0;0.0
Barro;BREJINHO;-7.1713055555556;-38.920138888889;2006;11;32.3;0.0;0.0;0.0;0.0;0.0;0.0;0.0;0.0;0.0;0.0;0.0;0.0;0.0;0.0;0.0;0.0;0.0;0.0;0.0;28.0;0.0;0.0;4.3;0.0;0.0;0.0;0.0;0.0;0.0;0.0;888.0
Barro;BREJINHO;-7.1713055555556;-38.920138888889;2006;12;91.0;0.0;0.0;0.0;0.0;0.0;0.0;0.0;0.0;0.0;0.0;0.0;0.0;0.0;0.0;0.0;0.0;0.0;0.0;0.0;0.0;0.0;0.0;0.0;0.0;0.0;0.0;0.0;0.0;0.0;37.6;53.4
Barro;BREJINHO;-7.1713055555556;-38.920138888889;2007;1;87.6;6.0;62.6;18.0;0.0;0.0;0.0;0.0;0.0;0.0;0.0;0.0;0.0;0.0;0.0;0.0;0.0;0.0;0.0;0.0;0.0;0.0;0.0;0.0;0.0;0.0;0.0;0.0;0.0;0.0;0.0;1.0
Barro;BREJINHO;-7.1713055555556;-38.920138888889;2007;2;359.0;0.0;0.0;7.2;22.0;0.0;27.4;0.0;0.0;0.0;0.0;8.0;0.0;0.0;84.4;0.0;0.0;45.6;30.8;0.0;0.0;29.0;6.0;5.8;41.4;0.0;37.8;13.6;0.0;888.0;888.0;888.0
Barro;BREJINHO;-7.1713055555556;-38.920138888889;2007;3;56.0;6.0;0.0;0.0;0.0;0.0;0.0;0.0;0.0;0.0;0.0;14.6;7.0;2.8;0.0;0.0;0.0;0.0;9.2;3.8;0.0;4.4;0.0;0.0;8.2;0.0;0.0;0.0;0.0;0.0;0.0;0.0
Barro;BREJINHO;-7.1713055555556;-38.920138888889;2007;4;94.1;0.0;0.0;0.0;0.0;0.0;0.0;0.0;0.0;0.0;0.0;0.0;2.0;0.0;0.0;0.0;0.0;3.2;3.1;6.0;33.6;0.0;33.8;0.0;0.0;0.0;8.6;0.0;0.0;3.8;0.0;888.0
Barro;BREJINHO;-7.1713055555556;-38.920138888889;2007;5;40.4;28.0;4.8;0.0;0.0;0.0;0.0;0.0;0.0;0.0;0.0;0.0;0.0;0.0;0.0;0.0;0.0;0.0;0.0;0.0;0.0;0.0;0.0;0.0;0.0;0.0;0.0;0.0;4.8;2.8;0.0;0.0
Barro;BREJINHO;-7.1713055555556;-38.920138888889;2007;6;0.0;0.0;0.0;0.0;0.0;0.0;0.0;0.0;0.0;0.0;0.0;0.0;0.0;0.0;0.0;0.0;0.0;0.0;0.0;0.0;0.0;0.0;0.0;0.0;0.0;0.0;0.0;0.0;0.0;0.0;0.0;888.0
Barro;BREJINHO;-7.1713055555556;-38.920138888889;2007;7;0.0;0.0;0.0;0.0;0.0;0.0;0.0;0.0;0.0;0.0;0.0;0.0;0.0;0.0;0.0;0.0;0.0;0.0;0.0;0.0;0.0;0.0;0.0;0.0;0.0;0.0;0.0;0.0;0.0;0.0;0.0;0.0
Barro;BREJINHO;-7.1713055555556;-38.920138888889;2007;8;0.0;0.0;0.0;0.0;0.0;0.0;0.0;0.0;0.0;0.0;0.0;0.0;0.0;0.0;0.0;0.0;0.0;0.0;0.0;0.0;0.0;0.0;0.0;0.0;0.0;0.0;0.0;0.0;0.0;0.0;0.0;0.0
Barro;BREJINHO;-7.1713055555556;-38.920138888889;2007;9;0.0;0.0;0.0;0.0;0.0;0.0;0.0;0.0;0.0;0.0;0.0;0.0;0.0;0.0;0.0;0.0;0.0;0.0;0.0;0.0;0.0;0.0;0.0;0.0;0.0;0.0;0.0;0.0;0.0;0.0;0.0;888.0
Barro;BREJINHO;-7.1713055555556;-38.920138888889;2007;10;0.0;0.0;0.0;0.0;0.0;0.0;0.0;0.0;0.0;0.0;0.0;0.0;0.0;0.0;0.0;0.0;0.0;0.0;0.0;0.0;0.0;0.0;0.0;0.0;0.0;0.0;0.0;0.0;0.0;0.0;0.0;0.0
Barro;BREJINHO;-7.1713055555556;-38.920138888889;2007;11;0.0;0.0;0.0;0.0;0.0;0.0;0.0;0.0;0.0;0.0;0.0;0.0;0.0;0.0;0.0;0.0;0.0;0.0;0.0;0.0;0.0;0.0;0.0;0.0;0.0;0.0;0.0;0.0;0.0;0.0;0.0;888.0
Barro;BREJINHO;-7.1713055555556;-38.920138888889;2007;12;44.6;0.0;0.0;0.0;0.0;0.0;0.0;0.0;0.0;0.0;0.0;0.0;0.0;0.0;0.0;0.0;0.0;0.0;0.0;0.0;0.0;0.0;0.0;0.0;0.0;0.0;0.0;7.0;6.2;0.0;0.0;31.4
Barro;BREJINHO;-7.1713055555556;-38.920138888889;2008;1;375.7;12.2;0.0;6.2;0.0;0.0;0.0;0.0;0.0;0.0;0.0;0.0;0.0;38.0;5.6;15.6;9.4;1.8;0.0;0.0;0.0;0.0;0.0;13.8;0.0;6.6;64.6;47.7;0.0;0.0;0.0;154.2
Barro;BREJINHO;-7.1713055555556;-38.920138888889;2008;2;212.1;45.0;0.0;0.0;0.0;0.0;0.0;0.0;0.0;0.0;6.1;22.2;37.4;0.0;0.0;0.0;19.6;10.2;0.0;0.0;0.0;0.0;0.0;27.8;0.0;0.0;0.0;43.8;0.0;0.0;888.0;888.0
Barro;BREJINHO;-7.1713055555556;-38.920138888889;2008;3;490.6;8.2;0.0;0.0;0.0;17.6;0.0;0.0;0.0;32.4;5.2;0.0;6.4;0.0;0.0;27.1;0.0;39.6;36.2;11.0;2.0;22.9;14.0;25.1;80.2;37.0;54.0;9.7;35.0;10.8;8.8;7.4
Barro;BREJINHO;-7.1713055555556;-38.920138888889;2008;4;149.3;2.2;21.0;9.8;0.0;7.0;15.8;12.2;4.8;17.6;0.0;0.0;0.0;7.6;2.0;0.0;2.1;0.0;0.0;0.0;0.0;6.4;0.0;3.5;13.8;0.0;5.9;0.0;0.0;5.4;12.2;888.0
Barro;BREJINHO;-7.1713055555556;-38.920138888889;2008;5;36.8;8.2;0.0;2.2;0.0;0.0;5.6;0.0;0.0;0.0;1.6;0.0;0.0;0.0;0.0;0.0;11.6;1.8;0.0;0.0;0.0;0.0;0.0;5.8;0.0;0.0;0.0;0.0;0.0;0.0;0.0;0.0
Barro;BREJINHO;-7.1713055555556;-38.920138888889;2008;6;0.0;0.0;0.0;0.0;0.0;0.0;0.0;0.0;0.0;0.0;0.0;0.0;0.0;0.0;0.0;0.0;0.0;0.0;0.0;0.0;0.0;0.0;0.0;0.0;0.0;0.0;0.0;0.0;0.0;0.0;0.0;888.0
Barro;BREJINHO;-7.1713055555556;-38.920138888889;2008;7;17.6;0.0;9.0;0.0;0.0;0.0;0.0;0.0;0.0;0.0;0.0;0.0;0.0;0.0;0.0;0.0;0.0;0.0;0.0;0.0;0.0;0.0;6.8;0.0;0.0;0.0;0.0;1.8;0.0;0.0;0.0;0.0
Barro;BREJINHO;-7.1713055555556;-38.920138888889;2008;8;11.8;0.0;0.0;0.0;0.0;6.8;0.0;0.0;5.0;0.0;0.0;0.0;0.0;0.0;0.0;0.0;0.0;0.0;0.0;0.0;0.0;0.0;0.0;0.0;0.0;0.0;0.0;0.0;0.0;0.0;0.0;0.0
Barro;BREJINHO;-7.1713055555556;-38.920138888889;2008;9;0.0;0.0;0.0;0.0;0.0;0.0;0.0;0.0;0.0;0.0;0.0;0.0;0.0;0.0;0.0;0.0;0.0;0.0;0.0;0.0;0.0;0.0;0.0;0.0;0.0;0.0;0.0;0.0;0.0;0.0;0.0;888.0
Barro;BREJINHO;-7.1713055555556;-38.920138888889;2008;10;0.0;0.0;0.0;0.0;0.0;0.0;0.0;0.0;0.0;0.0;0.0;0.0;0.0;0.0;0.0;0.0;0.0;0.0;0.0;0.0;0.0;0.0;0.0;0.0;0.0;0.0;0.0;0.0;0.0;0.0;0.0;0.0
Barro;BREJINHO;-7.1713055555556;-38.920138888889;2008;11;0.0;0.0;0.0;0.0;0.0;0.0;0.0;0.0;0.0;0.0;0.0;0.0;0.0;0.0;0.0;0.0;0.0;0.0;0.0;0.0;0.0;0.0;0.0;0.0;0.0;0.0;0.0;0.0;0.0;0.0;0.0;888.0
Barro;BREJINHO;-7.1713055555556;-38.920138888889;2008;12;35.6;0.0;0.0;0.0;0.0;0.0;0.0;0.0;0.0;0.0;1.8;29.2;0.0;0.0;0.0;0.0;0.0;0.0;0.0;0.0;0.0;3.8;0.8;0.0;0.0;0.0;0.0;0.0;0.0;0.0;0.0;0.0
Barro;BREJINHO;-7.1713055555556;-38.920138888889;2009;1;94.6;0.0;0.0;0.0;0.0;0.0;0.0;0.0;0.0;0.0;0.0;0.0;0.0;10.2;1.6;0.0;0.0;9.6;1.6;0.0;0.0;0.0;57.8;5.0;0.0;0.0;0.0;0.0;0.0;5.0;3.8;0.0
Barro;BREJINHO;-7.1713055555556;-38.920138888889;2009;2;119.8;0.0;0.0;0.0;26.4;0.0;0.0;0.0;0.0;0.0;0.0;0.0;5.8;0.0;3.0;0.0;0.0;0.0;0.0;0.0;6.2;2.8;4.6;41.0;30.0;0.0;0.0;0.0;0.0;888.0;888.0;888.0
Barro;BREJINHO;-7.1713055555556;-38.920138888889;2009;3;145.2;16.2;24.0;15.8;25.0;0.0;0.0;0.0;22.0;0.0;0.0;0.0;0.0;0.0;0.0;0.0;0.0;0.0;9.8;27.0;0.0;0.0;0.0;0.0;0.0;0.8;3.0;0.0;0.0;0.0;1.6;0.0
Barro;BREJINHO;-7.1713055555556;-38.920138888889;2009;4;339.8;0.0;0.0;22.4;0.0;1.8;10.0;16.8;0.0;0.0;5.4;0.0;18.0;8.0;16.2;0.0;0.0;7.4;38.6;12.2;0.0;21.4;40.4;18.4;34.8;0.0;1.4;0.0;4.4;36.0;26.2;888.0
Barro;BREJINHO;-7.1713055555556;-38.920138888889;2009;5;121.0;0.0;25.4;0.0;0.0;8.2;19.4;0.0;15.0;6.2;13.2;0.0;3.8;1.4;0.0;0.0;0.0;2.4;11.0;1.6;0.0;0.0;0.0;0.0;0.0;0.0;0.0;0.0;0.0;1.6;11.8;0.0
Barro;BREJINHO;-7.1713055555556;-38.920138888889;2009;6;20.8;0.0;0.0;0.0;18.0;0.0;0.0;0.0;0.0;0.0;0.0;0.0;0.0;0.0;0.0;0.0;0.0;0.0;0.0;0.0;0.0;0.0;0.0;0.0;0.0;0.0;0.0;0.0;2.8;0.0;0.0;888.0
Barro;BREJINHO;-7.1713055555556;-38.920138888889;2009;7;25.6;0.0;0.0;0.0;0.0;0.0;0.0;0.0;0.0;0.0;0.0;0.0;0.0;0.0;3.2;0.0;0.0;0.0;0.0;0.0;0.0;0.0;0.0;22.4;0.0;0.0;0.0;0.0;0.0;0.0;0.0;0.0
Barro;BREJINHO;-7.1713055555556;-38.920138888889;2009;10;34.0;999.0;999.0;999.0;999.0;999.0;999.0;999.0;999.0;999.0;999.0;999.0;999.0;999.0;999.0;999.0;999.0;999.0;999.0;999.0;999.0;999.0;999.0;999.0;999.0;999.0;999.0;34.0;999.0;999.0;999.0;999.0
Barro;BREJINHO;-7.1713055555556;-38.920138888889;2009;11;2.8;0.0;0.0;0.0;0.0;0.0;0.0;0.0;0.0;0.0;0.0;0.0;0.0;0.0;0.0;0.0;0.0;0.0;0.0;2.8;0.0;0.0;0.0;0.0;0.0;0.0;0.0;0.0;0.0;0.0;0.0;888.0
Barro;BREJINHO;-7.1713055555556;-38.920138888889;2009;12;30.4;0.0;0.0;0.0;0.0;0.0;0.0;0.0;0.0;0.0;0.0;0.0;10.0;0.0;0.0;0.0;0.0;0.0;0.0;0.0;0.0;0.0;0.0;1.4;0.0;0.0;10.0;9.0;0.0;0.0;0.0;0.0
Barro;BREJINHO;-7.1713055555556;-38.920138888889;2010;1;94.6;13.2;12.4;1.4;0.0;0.0;0.0;0.0;0.0;0.0;0.0;12.8;0.0;0.0;0.0;0.0;0.0;0.0;0.0;0.0;2.0;0.0;0.0;0.0;0.0;0.0;0.0;34.2;8.6;10.0;999.0;999.0
Barro;BREJINHO;-7.1713055555556;-38.920138888889;2010;2;58.4;6.2;0.0;0.0;0.0;0.0;0.0;0.0;2.2;36.0;0.0;0.0;0.0;0.0;0.0;0.0;0.0;0.0;0.0;0.0;0.0;0.0;0.0;0.0;14.0;0.0;0.0;0.0;0.0;888.0;888.0;888.0
Barro;BREJINHO;-7.1713055555556;-38.920138888889;2010;3;89.2;0.0;0.0;0.0;0.0;0.0;0.0;0.0;0.0;0.0;0.0;0.0;0.0;0.0;0.0;8.2;0.0;0.0;0.0;14.2;0.0;43.8;3.0;0.0;0.0;0.0;0.0;3.4;0.0;5.2;6.8;4.6
Barro;BREJINHO;-7.1713055555556;-38.920138888889;2010;4;205.8;0.0;0.0;0.0;0.0;0.0;0.0;0.0;0.0;111.4;0.0;56.4;2.4;2.6;4.2;0.0;0.0;0.0;2.2;15.0;0.0;0.0;0.0;10.6;1.0;0.0;0.0;0.0;0.0;0.0;0.0;888.0
Barro;BREJINHO;-7.1713055555556;-38.920138888889;2010;5;27.2;0.0;0.0;0.0;0.0;4.4;0.0;0.0;0.0;0.0;0.0;0.0;0.0;0.0;5.0;0.0;0.0;0.0;0.0;0.0;0.0;0.0;0.0;0.0;17.8;0.0;0.0;0.0;0.0;0.0;0.0;0.0
Barro;BREJINHO;-7.1713055555556;-38.920138888889;2010;6;18.8;0.0;4.0;0.0;0.0;0.0;0.0;0.0;2.0;0.0;0.0;0.0;0.0;0.0;0.0;0.0;0.0;0.0;0.0;0.0;0.0;0.0;1.0;1.0;3.6;0.0;0.0;0.0;7.2;0.0;0.0;888.0
Barro;BREJINHO;-7.1713055555556;-38.920138888889;2010;7;0.0;0.0;0.0;0.0;0.0;0.0;0.0;0.0;0.0;0.0;0.0;0.0;0.0;0.0;0.0;0.0;0.0;0.0;0.0;0.0;0.0;0.0;0.0;0.0;0.0;0.0;0.0;0.0;0.0;0.0;0.0;0.0
Barro;BREJINHO;-7.1713055555556;-38.920138888889;2010;8;0.0;0.0;0.0;0.0;0.0;0.0;0.0;0.0;0.0;0.0;0.0;0.0;0.0;0.0;0.0;0.0;0.0;0.0;0.0;0.0;0.0;0.0;0.0;0.0;0.0;0.0;0.0;0.0;0.0;0.0;0.0;0.0
Barro;BREJINHO;-7.1713055555556;-38.920138888889;2010;9;0.0;0.0;0.0;0.0;0.0;0.0;0.0;0.0;0.0;0.0;0.0;0.0;0.0;0.0;0.0;0.0;0.0;0.0;0.0;0.0;0.0;0.0;0.0;0.0;0.0;0.0;0.0;0.0;0.0;0.0;0.0;888.0
Barro;BREJINHO;-7.1713055555556;-38.920138888889;2010;10;196.1;0.0;0.0;0.0;0.0;0.0;0.0;0.0;0.0;0.0;0.0;0.0;0.0;0.0;0.0;0.0;0.0;0.0;0.0;0.0;0.0;0.0;66.4;47.2;11.0;0.0;0.0;71.5;0.0;0.0;0.0;0.0
Barro;BREJINHO;-7.1713055555556;-38.920138888889;2010;11;0.0;0.0;0.0;0.0;0.0;0.0;0.0;0.0;0.0;0.0;0.0;0.0;0.0;0.0;0.0;0.0;0.0;0.0;0.0;0.0;0.0;0.0;0.0;0.0;0.0;0.0;0.0;0.0;0.0;0.0;0.0;888.0
Barro;BREJINHO;-7.1713055555556;-38.920138888889;2010;12;148.0;0.0;0.0;0.0;0.0;0.0;0.0;0.0;0.0;28.0;30.2;0.0;2.4;7.4;16.8;0.0;0.0;42.4;4.6;0.0;16.2;0.0;0.0;0.0;0.0;0.0;0.0;0.0;0.0;0.0;0.0;0.0
Barro;BREJINHO;-7.1713055555556;-38.920138888889;2011;1;251.6;0.0;0.0;107.0;0.0;0.0;0.0;0.0;0.0;0.0;15.8;0.0;0.0;7.0;0.0;0.0;0.0;2.2;0.0;0.0;0.0;0.0;15.8;27.2;16.8;14.2;31.2;0.0;0.0;0.0;9.2;5.2
Barro;BREJINHO;-7.1713055555556;-38.920138888889;2011;2;365.2;55.4;130.0;0.0;7.4;42.0;0.0;0.0;0.0;0.0;0.0;0.0;22.3;0.0;8.0;0.0;0.0;24.4;0.0;0.0;3.0;33.2;0.0;0.0;5.6;11.5;0.0;4.2;18.2;888.0;888.0;888.0
Barro;BREJINHO;-7.1713055555556;-38.920138888889;2011;3;39.8;2.4;2.6;0.0;0.0;5.4;0.0;0.0;0.0;5.8;0.0;0.0;12.0;0.0;5.2;0.0;0.0;0.0;0.0;0.0;0.0;2.6;3.8;0.0;0.0;0.0;0.0;0.0;0.0;0.0;0.0;0.0
Barro;BREJINHO;-7.1713055555556;-38.920138888889;2011;4;87.8;0.0;0.0;0.0;0.0;10.6;0.0;12.0;0.0;0.0;42.8;0.0;0.0;6.6;0.0;0.0;0.0;0.0;0.0;0.0;6.8;0.0;0.0;0.0;6.7;2.3;0.0;0.0;0.0;0.0;0.0;888.0
Barro;BREJINHO;-7.1713055555556;-38.920138888889;2011;5;214.2;54.8;58.4;10.8;18.4;14.0;3.2;1.6;0.0;0.0;0.0;0.0;0.0;0.0;0.0;0.0;0.0;0.0;45.0;8.0;0.0;0.0;0.0;0.0;0.0;0.0;0.0;0.0;0.0;0.0;0.0;0.0
Barro;BREJINHO;-7.1713055555556;-38.920138888889;2011;6;13.1;0.0;0.0;0.0;0.0;0.0;0.0;0.0;0.0;0.0;0.0;0.0;0.0;0.0;0.0;0.0;0.0;0.0;0.0;0.0;0.0;0.0;0.0;9.2;3.9;0.0;0.0;0.0;0.0;0.0;0.0;888.0
Barro;BREJINHO;-7.1713055555556;-38.920138888889;2011;7;9.8;0.0;0.0;0.0;0.0;0.0;0.0;0.0;0.0;9.8;0.0;0.0;0.0;0.0;0.0;0.0;0.0;0.0;0.0;0.0;0.0;0.0;0.0;0.0;0.0;0.0;0.0;0.0;0.0;0.0;0.0;0.0
Barro;BREJINHO;-7.1713055555556;-38.920138888889;2011;8;13.4;0.0;0.0;0.0;0.0;0.0;0.0;0.0;0.0;0.0;0.0;0.0;0.0;0.0;6.2;0.0;0.0;0.0;0.0;0.0;0.0;0.0;0.0;0.0;7.2;0.0;0.0;0.0;0.0;0.0;0.0;0.0
Barro;BREJINHO;-7.1713055555556;-38.920138888889;2011;9;0.0;0.0;0.0;0.0;0.0;0.0;0.0;0.0;0.0;0.0;0.0;0.0;0.0;0.0;0.0;0.0;0.0;0.0;0.0;0.0;0.0;0.0;0.0;0.0;0.0;0.0;0.0;0.0;0.0;0.0;0.0;888.0
Barro;BREJINHO;-7.1713055555556;-38.920138888889;2011;10;200.0;0.0;0.0;0.0;0.0;0.0;0.0;0.0;0.0;0.0;0.0;0.0;0.0;12.4;0.0;0.0;0.0;0.0;0.0;84.6;10.8;92.2;0.0;0.0;0.0;0.0;0.0;0.0;0.0;0.0;0.0;0.0
Barro;BREJINHO;-7.1713055555556;-38.920138888889;2011;11;108.2;0.0;2.6;12.0;58.2;0.0;0.0;2.4;0.0;0.0;0.0;6.2;23.2;0.0;0.0;0.0;0.0;0.0;0.0;0.0;0.0;0.0;0.0;0.0;0.0;0.0;0.0;0.0;0.0;3.6;0.0;888.0
Barro;BREJINHO;-7.1713055555556;-38.920138888889;2011;12;50.0;0.0;0.0;0.0;0.0;0.0;0.0;0.0;0.0;0.0;0.0;0.0;0.0;34.2;0.0;0.0;0.0;0.0;0.0;0.0;0.0;0.0;8.0;7.8;0.0;0.0;0.0;0.0;0.0;0.0;0.0;0.0
Barro;BREJINHO;-7.1713055555556;-38.920138888889;2012;1;131.0;0.0;0.0;0.0;0.0;0.0;0.0;0.0;0.0;0.0;1.4;0.0;5.8;4.1;0.0;0.0;0.0;0.0;4.8;0.0;2.6;30.6;25.8;5.2;4.2;0.9;0.0;0.0;0.0;0.0;45.6;0.0
Barro;BREJINHO;-7.1713055555556;-38.920138888889;2012;2;147.3;0.0;0.0;0.0;0.0;0.0;0.0;0.0;0.0;0.0;0.0;0.0;0.0;0.0;0.0;0.0;12.4;34.0;1.9;55.2;8.2;0.8;0.0;8.0;0.0;0.0;1.0;24.2;1.6;0.0;888.0;888.0
Barro;BREJINHO;-7.1713055555556;-38.920138888889;2012;3;118.6;0.0;0.0;0.0;0.0;0.0;0.0;19.8;4.2;0.0;0.0;9.4;0.0;0.0;25.0;13.0;0.0;0.0;0.0;0.0;6.4;7.0;0.0;0.0;0.0;0.0;0.0;23.4;6.6;3.8;0.0;0.0
Barro;BREJINHO;-7.1713055555556;-38.920138888889;2012;4;33.6;0.0;0.0;5.6;8.0;6.2;0.0;0.0;7.6;0.0;0.0;0.0;0.0;0.0;0.0;0.0;0.0;0.0;0.0;0.0;0.0;6.2;0.0;0.0;0.0;0.0;0.0;0.0;0.0;0.0;0.0;888.0
Barro;BREJINHO;-7.1713055555556;-38.920138888889;2012;5;58.5;0.0;0.0;0.0;0.0;0.0;0.0;0.0;0.0;0.0;0.0;0.0;0.0;0.0;0.0;0.0;0.0;0.0;34.0;0.0;0.0;0.0;0.0;7.4;0.0;13.4;1.4;0.0;0.0;0.0;0.0;2.3
Barro;BREJINHO;-7.1713055555556;-38.920138888889;2012;6;6.4;0.0;0.0;0.0;0.0;0.0;0.0;0.0;0.0;0.0;0.0;0.0;0.0;0.0;0.0;0.0;0.0;0.0;0.0;6.4;999.0;999.0;999.0;999.0;999.0;999.0;999.0;999.0;999.0;999.0;999.0;888.0
Barro;BREJINHO;-7.1713055555556;-38.920138888889;2012;11;3.0;0.0;0.0;0.0;0.0;0.0;0.0;0.0;0.0;0.0;0.0;0.0;0.0;0.0;0.0;0.0;0.0;0.0;0.0;0.0;0.0;0.0;0.0;0.0;0.0;0.0;0.0;0.0;0.0;0.0;3.0;888.0
Barro;BREJINHO;-7.1713055555556;-38.920138888889;2012;12;28.8;0.0;1.4;0.0;0.0;11.0;0.0;0.0;12.2;0.0;0.0;0.0;0.0;0.0;0.0;0.0;0.0;0.0;0.0;0.0;0.0;0.0;0.0;0.0;4.2;0.0;0.0;0.0;0.0;0.0;0.0;0.0
Barro;BREJINHO;-7.1713055555556;-38.920138888889;2013;1;47.8;0.0;0.0;0.0;0.0;16.8;0.0;7.6;0.0;0.0;1.6;0.0;0.0;0.0;0.0;0.0;3.0;9.2;4.8;2.4;0.0;2.4;0.0;0.0;0.0;0.0;0.0;0.0;0.0;0.0;0.0;0.0
Barro;BREJINHO;-7.1713055555556;-38.920138888889;2013;2;140.4;0.0;0.0;0.0;0.0;0.0;0.0;3.8;0.0;0.0;0.0;0.0;0.0;0.0;4.0;9.8;0.0;97.2;11.4;9.2;5.0;0.0;0.0;0.0;0.0;0.0;0.0;0.0;0.0;888.0;888.0;888.0
Barro;BREJINHO;-7.1713055555556;-38.920138888889;2013;3;307.4;0.0;0.0;0.0;0.0;2.0;0.0;0.0;0.0;0.0;0.0;0.0;0.0;0.0;0.0;0.0;0.0;0.0;4.4;25.0;14.8;0.0;0.0;0.0;48.0;106.2;20.4;0.0;47.8;35.6;3.2;999.0
Barro;BREJINHO;-7.1713055555556;-38.920138888889;2013;4;125.6;0.0;0.0;20.4;17.6;40.6;0.0;0.0;0.0;0.0;0.0;0.0;4.2;0.0;0.0;0.0;0.0;0.0;12.8;1.8;0.0;2.4;4.6;0.0;0.0;5.4;7.2;0.0;0.0;0.0;8.6;888.0
Barro;BREJINHO;-7.1713055555556;-38.920138888889;2013;5;75.0;0.0;17.4;4.6;0.0;0.0;0.0;0.0;6.2;22.4;0.0;0.0;0.0;0.0;0.0;0.0;0.0;0.0;0.0;0.0;0.0;0.0;0.0;0.0;0.0;5.6;18.8;0.0;0.0;0.0;0.0;0.0
Barro;BREJINHO;-7.1713055555556;-38.920138888889;2013;6;89.6;0.0;0.0;0.0;31.2;2.0;2.2;0.0;0.0;0.0;0.0;0.0;0.0;0.0;0.0;0.0;0.0;0.0;0.0;0.0;0.0;0.0;9.2;42.4;0.0;0.0;0.0;0.0;0.0;2.6;0.0;888.0
Barro;BREJINHO;-7.1713055555556;-38.920138888889;2013;7;11.4;0.0;0.0;5.2;0.0;0.0;0.0;0.0;0.0;0.0;0.0;0.0;0.0;3.0;0.0;0.0;0.0;0.0;0.0;3.2;0.0;0.0;0.0;0.0;0.0;0.0;0.0;0.0;0.0;0.0;0.0;0.0
Barro;BREJINHO;-7.1713055555556;-38.920138888889;2013;8;0.0;0.0;0.0;0.0;0.0;0.0;0.0;0.0;0.0;0.0;0.0;0.0;0.0;0.0;0.0;0.0;0.0;0.0;0.0;0.0;0.0;0.0;0.0;0.0;0.0;0.0;0.0;0.0;0.0;0.0;0.0;0.0
Barro;BREJINHO;-7.1713055555556;-38.920138888889;2013;9;0.0;0.0;0.0;0.0;0.0;0.0;0.0;0.0;0.0;0.0;0.0;0.0;0.0;0.0;0.0;0.0;0.0;0.0;0.0;0.0;0.0;0.0;0.0;0.0;0.0;0.0;0.0;0.0;0.0;0.0;0.0;888.0
Barro;BREJINHO;-7.1713055555556;-38.920138888889;2013;10;0.0;0.0;0.0;0.0;0.0;0.0;0.0;0.0;0.0;0.0;0.0;0.0;0.0;0.0;0.0;0.0;0.0;0.0;0.0;0.0;0.0;0.0;0.0;0.0;0.0;0.0;0.0;0.0;0.0;0.0;0.0;0.0
Barro;BREJINHO;-7.1713055555556;-38.920138888889;2013;11;0.0;0.0;0.0;0.0;0.0;0.0;0.0;0.0;0.0;0.0;0.0;0.0;0.0;0.0;0.0;0.0;0.0;0.0;0.0;0.0;0.0;0.0;0.0;0.0;0.0;0.0;0.0;0.0;0.0;0.0;0.0;888.0
Barro;BREJINHO;-7.1713055555556;-38.920138888889;2013;12;77.8;0.0;0.0;0.0;0.0;0.0;0.0;0.0;0.0;0.0;0.0;0.0;0.0;0.0;0.0;0.0;0.0;0.0;0.0;48.6;5.4;20.6;0.0;3.2;0.0;0.0;0.0;0.0;0.0;0.0;0.0;0.0
Barro;BREJINHO;-7.1713055555556;-38.920138888889;2014;1;89.0;0.0;0.0;0.0;0.0;0.0;0.0;0.0;0.0;3.8;0.0;0.0;0.0;9.0;4.6;0.0;0.0;0.0;0.0;22.6;19.0;0.0;0.0;0.0;0.0;0.0;0.0;0.0;0.0;0.0;0.0;30.0
Barro;BREJINHO;-7.1713055555556;-38.920138888889;2014;2;57.1;0.0;0.0;0.0;17.0;0.1;0.0;0.0;0.0;4.0;0.0;10.2;0.0;5.4;0.0;0.0;0.0;11.8;0.0;8.6;0.0;0.0;0.0;0.0;0.0;0.0;0.0;0.0;0.0;888.0;888.0;888.0
Barro;BREJINHO;-7.1713055555556;-38.920138888889;2014;3;364.7;0.0;0.0;0.0;19.0;32.6;0.0;0.0;0.0;0.0;125.2;0.0;0.0;0.0;0.0;9.2;40.0;4.6;2.0;5.0;0.0;0.0;0.0;0.0;0.0;0.0;0.0;18.0;33.0;2.8;0.0;73.3
Barro;BREJINHO;-7.1713055555556;-38.920138888889;2014;4;113.8;0.0;0.0;0.0;4.6;0.0;0.0;0.0;0.0;0.0;0.0;15.8;49.6;0.0;0.0;0.0;0.0;0.0;33.6;0.0;0.0;0.0;0.0;10.2;0.0;0.0;0.0;0.0;0.0;0.0;0.0;888.0
Barro;BREJINHO;-7.1713055555556;-38.920138888889;2014;5;41.0;0.0;17.0;0.8;17.6;0.0;0.0;0.0;0.0;0.0;0.0;0.0;0.0;0.0;0.0;4.0;1.6;0.0;0.0;0.0;0.0;0.0;0.0;0.0;0.0;0.0;0.0;0.0;0.0;0.0;0.0;0.0
Barro;BREJINHO;-7.1713055555556;-38.920138888889;2014;6;8.6;0.0;0.0;0.0;0.0;0.0;0.0;5.2;0.0;0.0;0.0;0.0;0.0;0.0;0.0;0.0;0.0;0.0;0.0;0.0;0.0;0.0;0.0;0.0;0.0;0.0;0.0;0.0;3.4;0.0;0.0;888.0
Barro;BREJINHO;-7.1713055555556;-38.920138888889;2014;7;26.2;0.0;0.0;0.0;0.0;0.0;0.0;0.0;0.0;0.0;0.0;0.0;0.0;8.0;0.0;0.0;0.0;0.0;0.0;0.0;0.0;0.0;0.0;0.0;0.0;0.0;0.0;0.0;0.0;18.2;0.0;0.0
Barro;BREJINHO;-7.1713055555556;-38.920138888889;2014;8;0.0;0.0;0.0;0.0;0.0;0.0;0.0;0.0;0.0;0.0;0.0;0.0;0.0;0.0;0.0;0.0;0.0;0.0;0.0;0.0;0.0;0.0;0.0;0.0;0.0;0.0;0.0;0.0;0.0;0.0;0.0;0.0
Barro;BREJINHO;-7.1713055555556;-38.920138888889;2014;9;2.4;0.0;0.0;0.0;0.0;0.0;0.0;0.0;0.0;0.0;0.0;0.0;0.0;0.0;0.0;0.0;0.0;0.0;0.0;2.4;0.0;0.0;0.0;0.0;0.0;0.0;0.0;0.0;0.0;0.0;0.0;888.0
Barro;BREJINHO;-7.1713055555556;-38.920138888889;2014;10;33.6;0.0;7.8;25.8;0.0;0.0;0.0;0.0;0.0;0.0;0.0;0.0;0.0;0.0;0.0;0.0;0.0;0.0;0.0;0.0;0.0;0.0;0.0;0.0;0.0;0.0;0.0;0.0;0.0;0.0;0.0;0.0
Barro;BREJINHO;-7.1713055555556;-38.920138888889;2014;11;216.2;0.0;0.0;0.0;0.0;0.0;0.0;0.0;0.0;0.0;0.0;0.0;7.6;0.0;0.0;0.0;0.0;4.2;27.0;87.8;35.4;0.0;0.0;0.0;0.0;0.0;54.2;0.0;0.0;0.0;0.0;888.0
Barro;BREJINHO;-7.1713055555556;-38.920138888889;2014;12;28.4;0.0;0.0;0.0;0.0;0.0;0.0;0.0;0.0;0.0;0.0;0.0;0.0;0.0;0.0;0.0;0.0;0.0;28.4;0.0;0.0;0.0;0.0;0.0;0.0;0.0;0.0;0.0;0.0;0.0;0.0;0.0
Barro;BREJINHO;-7.1713055555556;-38.920138888889;2015;1;34.4;0.0;0.0;0.0;2.0;0.0;0.0;5.6;0.0;0.0;0.0;0.0;0.0;0.0;0.0;0.0;0.0;0.0;0.0;0.0;8.4;0.0;16.4;0.0;0.0;2.0;0.0;0.0;0.0;0.0;0.0;0.0
Barro;BREJINHO;-7.1713055555556;-38.920138888889;2015;2;111.6;0.0;6.2;0.0;0.0;17.4;0.0;0.0;0.0;0.0;0.0;0.0;0.0;0.0;0.0;0.0;0.0;0.0;0.0;18.0;0.0;5.2;21.2;12.0;9.4;22.2;0.0;0.0;0.0;888.0;888.0;888.0
Barro;BREJINHO;-7.1713055555556;-38.920138888889;2015;3;254.6;2.6;53.0;17.6;0.0;0.0;42.0;3.6;0.0;4.4;19.6;0.0;2.0;0.0;2.0;0.0;16.2;0.0;0.0;0.0;0.0;0.0;0.0;15.8;5.8;30.8;27.2;7.2;0.0;0.0;2.2;2.6
Barro;BREJINHO;-7.1713055555556;-38.920138888889;2015;4;70.0;0.0;0.0;0.0;7.0;5.0;0.0;0.0;0.0;2.4;0.0;0.0;0.0;6.2;0.0;46.0;0.0;0.0;0.0;0.0;0.0;0.0;0.0;3.4;0.0;0.0;0.0;0.0;0.0;0.0;0.0;888.0
Barro;BREJINHO;-7.1713055555556;-38.920138888889;2015;5;61.6;0.0;0.0;4.6;12.6;0.0;0.0;1.4;0.0;17.2;0.0;9.6;0.0;0.0;0.0;0.0;0.0;0.0;0.0;0.0;9.4;6.8;0.0;0.0;0.0;0.0;0.0;0.0;0.0;0.0;0.0;0.0
Barro;BREJINHO;-7.1713055555556;-38.920138888889;2015;6;49.2;0.0;0.0;0.0;0.0;7.8;0.0;0.0;35.4;0.0;0.0;0.0;0.0;0.0;0.0;0.0;0.0;0.0;0.0;0.0;0.0;0.0;0.0;0.0;4.6;1.4;0.0;0.0;0.0;0.0;0.0;888.0
Barro;BREJINHO;-7.1713055555556;-38.920138888889;2015;7;64.3;9.5;0.0;2.6;0.0;44.4;0.0;0.0;2.6;0.0;0.0;0.0;0.0;0.0;0.0;0.0;0.0;0.0;0.0;0.0;0.0;0.0;0.0;0.0;5.2;0.0;0.0;0.0;0.0;0.0;0.0;0.0
Barro;BREJINHO;-7.1713055555556;-38.920138888889;2015;8;0.0;0.0;0.0;0.0;0.0;0.0;0.0;0.0;0.0;0.0;0.0;0.0;0.0;0.0;0.0;0.0;0.0;0.0;0.0;0.0;0.0;0.0;0.0;0.0;0.0;0.0;0.0;0.0;0.0;0.0;0.0;0.0
Barro;BREJINHO;-7.1713055555556;-38.920138888889;2015;9;0.0;0.0;0.0;0.0;0.0;0.0;0.0;0.0;0.0;0.0;0.0;0.0;0.0;0.0;0.0;0.0;0.0;0.0;0.0;0.0;0.0;0.0;0.0;0.0;0.0;0.0;0.0;0.0;0.0;0.0;0.0;888.0
Barro;BREJINHO;-7.1713055555556;-38.920138888889;2015;10;0.0;0.0;0.0;0.0;0.0;0.0;0.0;0.0;0.0;0.0;0.0;0.0;0.0;0.0;0.0;0.0;0.0;0.0;0.0;0.0;0.0;0.0;0.0;0.0;0.0;0.0;0.0;0.0;0.0;0.0;0.0;0.0
Barro;BREJINHO;-7.1713055555556;-38.920138888889;2015;11;0.0;0.0;0.0;0.0;0.0;0.0;0.0;0.0;0.0;0.0;0.0;0.0;0.0;0.0;0.0;0.0;0.0;0.0;0.0;0.0;0.0;0.0;0.0;0.0;0.0;0.0;0.0;0.0;0.0;0.0;0.0;888.0
Barro;BREJINHO;-7.1713055555556;-38.920138888889;2015;12;15.2;0.0;0.0;0.0;0.0;0.0;0.0;0.0;0.0;0.0;0.0;0.0;0.0;0.0;0.0;0.0;0.0;0.0;0.0;5.4;3.4;0.0;0.0;5.2;0.0;1.2;0.0;0.0;0.0;0.0;0.0;0.0
Barro;BREJINHO;-7.1713055555556;-38.920138888889;2016;1;284.0;0.0;0.0;0.0;0.0;0.0;0.0;1.8;6.2;0.0;57.2;43.2;0.0;12.2;20.2;0.0;0.0;0.0;0.0;8.2;0.0;0.0;58.8;15.6;13.2;0.0;18.4;0.0;0.0;0.0;0.0;29.0
Barro;BREJINHO;-7.1713055555556;-38.920138888889;2016;2;88.6;38.8;3.4;4.0;0.0;0.0;0.0;0.0;0.0;0.0;0.0;0.0;0.0;0.0;0.0;0.0;0.0;0.0;0.0;0.0;0.0;0.0;6.2;0.0;36.2;0.0;0.0;0.0;0.0;0.0;888.0;888.0
Barro;BREJINHO;-7.1713055555556;-38.920138888889;2016;3;231.4;0.0;0.0;0.0;0.0;0.0;0.0;0.0;0.0;9.8;0.0;75.6;0.0;0.0;0.0;0.0;0.0;0.0;54.0;0.0;2.4;7.2;20.0;0.0;0.0;0.0;0.0;16.0;0.0;7.4;39.0;0.0
Barro;BREJINHO;-7.1713055555556;-38.920138888889;2016;4;40.2;0.0;0.0;0.0;0.0;0.0;0.0;0.0;0.0;0.0;0.0;0.0;0.0;0.0;0.0;15.8;5.6;0.0;4.4;13.4;0.0;1.0;0.0;0.0;0.0;0.0;0.0;0.0;0.0;0.0;0.0;888.0
Barro;BREJINHO;-7.1713055555556;-38.920138888889;2016;5;63.4;0.0;39.6;11.8;0.0;0.0;0.0;0.0;0.0;0.0;0.0;0.0;9.0;3.0;0.0;0.0;0.0;0.0;0.0;0.0;0.0;0.0;0.0;0.0;0.0;0.0;0.0;0.0;0.0;0.0;0.0;0.0
Barro;BREJINHO;-7.1713055555556;-38.920138888889;2016;6;0.0;0.0;0.0;0.0;0.0;0.0;0.0;0.0;0.0;0.0;0.0;0.0;0.0;0.0;0.0;0.0;0.0;0.0;0.0;0.0;0.0;0.0;0.0;0.0;0.0;0.0;0.0;0.0;0.0;0.0;0.0;888.0
Barro;BREJINHO;-7.1713055555556;-38.920138888889;2016;7;0.0;0.0;0.0;0.0;0.0;0.0;0.0;0.0;0.0;0.0;0.0;0.0;0.0;0.0;0.0;0.0;0.0;0.0;0.0;0.0;0.0;0.0;0.0;0.0;0.0;0.0;0.0;0.0;0.0;0.0;0.0;0.0
Barro;BREJINHO;-7.1713055555556;-38.920138888889;2016;8;0.0;0.0;0.0;0.0;0.0;0.0;0.0;0.0;0.0;0.0;0.0;0.0;0.0;0.0;0.0;0.0;0.0;0.0;0.0;0.0;0.0;0.0;0.0;0.0;0.0;0.0;0.0;0.0;0.0;0.0;0.0;0.0
Barro;BREJINHO;-7.1713055555556;-38.920138888889;2016;9;9.2;0.0;0.0;0.0;0.0;0.0;0.0;0.0;0.0;0.0;0.0;0.0;0.0;0.0;0.0;0.0;0.0;0.0;0.0;0.0;0.0;0.0;0.0;9.2;0.0;0.0;0.0;0.0;0.0;0.0;0.0;888.0
Barro;BREJINHO;-7.1713055555556;-38.920138888889;2016;10;14.8;0.0;0.0;0.0;0.0;0.0;0.0;0.0;0.0;0.0;0.0;0.0;0.0;0.0;0.0;0.0;0.0;0.0;0.0;0.0;0.0;3.0;0.0;11.8;0.0;0.0;0.0;0.0;0.0;0.0;0.0;0.0
Barro;BREJINHO;-7.1713055555556;-38.920138888889;2016;11;0.0;0.0;0.0;0.0;0.0;0.0;0.0;0.0;0.0;0.0;0.0;0.0;0.0;0.0;0.0;0.0;0.0;0.0;0.0;0.0;0.0;0.0;0.0;0.0;0.0;0.0;0.0;0.0;0.0;0.0;0.0;888.0
Barro;BREJINHO;-7.1713055555556;-38.920138888889;2016;12;14.2;0.0;0.0;0.0;0.0;0.0;0.0;0.0;0.0;0.0;0.0;0.0;0.0;0.0;0.0;0.0;1.2;0.0;0.0;7.4;2.2;0.0;0.0;0.0;0.0;0.0;0.0;0.0;0.0;3.4;0.0;0.0
Barro;BREJINHO;-7.1713055555556;-38.920138888889;2017;1;203.2;0.0;0.0;0.0;0.0;0.0;0.0;0.0;0.0;0.0;5.4;0.0;0.0;0.0;3.4;0.0;4.2;27.8;0.0;8.0;0.0;0.0;0.0;26.4;50.8;0.0;31.8;41.0;0.0;0.0;0.0;4.4
Barro;BREJINHO;-7.1713055555556;-38.920138888889;2017;2;204.4;38.0;0.0;0.0;0.0;0.0;0.0;0.0;0.0;25.6;16.2;10.8;0.0;0.0;0.0;0.0;0.0;0.0;29.4;0.0;0.0;71.0;0.0;0.0;0.0;0.0;13.4;999.0;999.0;888.0;888.0;888.0
Barro;BREJINHO;-7.1713055555556;-38.920138888889;2017;3;223.4;0.0;1.8;0.0;5.6;59.0;11.2;0.0;0.0;25.0;20.4;11.4;0.0;15.4;20.6;6.8;0.0;4.0;0.0;0.0;0.0;0.0;32.4;9.8;0.0;0.0;0.0;0.0;0.0;0.0;0.0;0.0
Barro;BREJINHO;-7.1713055555556;-38.920138888889;2017;4;175.0;0.0;0.0;13.4;0.0;0.0;25.0;0.0;5.8;0.0;0.0;19.0;29.4;58.4;13.0;0.0;0.0;0.0;2.4;0.0;0.0;0.0;0.0;6.0;2.6;0.0;0.0;0.0;0.0;0.0;0.0;888.0
Barro;BREJINHO;-7.1713055555556;-38.920138888889;2017;5;24.8;0.0;0.0;0.0;0.0;0.0;0.0;0.0;0.0;0.0;17.4;0.0;0.0;0.0;0.0;0.0;0.0;0.0;0.0;0.0;0.0;0.0;0.0;0.0;0.0;7.4;0.0;0.0;0.0;0.0;0.0;0.0
Barro;BREJINHO;-7.1713055555556;-38.920138888889;2017;6;11.2;0.0;0.0;0.0;0.0;0.0;0.0;0.0;0.0;0.0;0.0;0.0;0.0;0.0;0.0;0.0;0.0;0.0;0.0;0.0;0.0;0.0;0.0;0.0;0.0;0.0;0.0;0.0;0.0;0.0;11.2;888.0
Barro;BREJINHO;-7.1713055555556;-38.920138888889;2017;7;0.0;0.0;0.0;0.0;0.0;0.0;0.0;0.0;0.0;0.0;0.0;0.0;0.0;0.0;0.0;0.0;0.0;0.0;0.0;0.0;0.0;0.0;0.0;0.0;0.0;0.0;0.0;0.0;0.0;0.0;0.0;0.0
Barro;BREJINHO;-7.1713055555556;-38.920138888889;2017;8;0.0;0.0;0.0;0.0;0.0;0.0;0.0;0.0;0.0;0.0;0.0;0.0;0.0;0.0;0.0;0.0;0.0;0.0;0.0;0.0;0.0;0.0;0.0;0.0;0.0;0.0;0.0;0.0;0.0;0.0;0.0;0.0
Barro;BREJINHO;-7.1713055555556;-38.920138888889;2017;9;0.0;0.0;0.0;0.0;0.0;0.0;0.0;0.0;0.0;0.0;0.0;0.0;0.0;0.0;0.0;0.0;0.0;0.0;0.0;0.0;0.0;0.0;0.0;0.0;0.0;0.0;0.0;0.0;0.0;0.0;0.0;888.0
Barro;BREJINHO;-7.1713055555556;-38.920138888889;2017;10;0.0;0.0;0.0;0.0;0.0;0.0;0.0;0.0;0.0;0.0;0.0;0.0;0.0;0.0;0.0;0.0;0.0;0.0;0.0;0.0;0.0;0.0;0.0;0.0;0.0;0.0;0.0;0.0;0.0;0.0;0.0;0.0
Barro;BREJINHO;-7.1713055555556;-38.920138888889;2017;11;21.4;0.0;0.0;0.0;0.0;0.0;0.0;0.0;0.0;0.0;0.0;0.0;0.0;0.0;0.0;0.0;0.0;0.0;0.0;0.0;0.0;0.0;0.0;0.0;2.0;19.4;0.0;0.0;0.0;0.0;0.0;888.0
Barro;BREJINHO;-7.1713055555556;-38.920138888889;2017;12;12.0;0.0;0.0;0.0;0.0;0.0;0.0;0.0;0.0;0.0;0.0;0.0;0.0;0.0;0.0;0.0;1.0;0.0;0.0;0.0;0.0;8.2;1.8;0.0;1.0;0.0;0.0;0.0;0.0;0.0;0.0;0.0
Barro;BREJINHO;-7.1713055555556;-38.920138888889;2018;1;63.6;0.0;0.0;0.0;0.0;0.0;0.0;0.0;0.0;0.0;0.0;8.0;0.0;0.0;10.6;0.0;0.0;0.0;0.0;0.0;0.0;1.4;7.6;0.0;0.0;0.0;0.0;36.0;0.0;0.0;0.0;0.0
Barro;BREJINHO;-7.1713055555556;-38.920138888889;2018;2;400.6;0.0;0.0;0.0;0.0;0.0;0.0;0.0;48.4;0.0;0.0;15.4;0.0;0.0;46.0;5.8;6.4;7.2;8.8;9.6;88.0;21.0;4.2;5.4;56.4;0.0;72.8;0.0;5.2;888.0;888.0;888.0
Barro;BREJINHO;-7.1713055555556;-38.920138888889;2018;3;153.8;22.8;2.0;0.0;11.2;10.4;0.0;0.0;0.0;0.0;0.0;0.0;0.0;0.0;0.0;0.0;0.0;0.0;0.0;0.0;0.0;0.0;0.0;32.6;0.0;0.0;4.0;0.0;0.0;0.0;31.6;39.2
Barro;BREJINHO;-7.1713055555556;-38.920138888889;2018;4;289.6;0.0;47.0;25.2;0.0;0.0;0.0;37.0;8.4;41.2;0.0;0.0;0.0;30.4;58.8;10.2;0.0;0.0;11.4;0.0;6.2;0.0;6.0;0.0;0.0;0.0;5.2;0.0;2.6;0.0;0.0;888.0
Barro;BREJINHO;-7.1713055555556;-38.920138888889;2018;5;44.2;2.4;10.0;0.0;0.0;0.0;0.0;0.0;0.0;0.0;0.0;0.0;0.0;0.0;0.0;0.0;21.4;0.0;2.4;0.0;0.0;0.0;0.0;0.0;0.0;0.0;0.0;0.0;0.0;8.0;0.0;0.0
Barro;BREJINHO;-7.1713055555556;-38.920138888889;2018;6;0.8;0.0;0.0;0.0;0.0;0.0;0.0;0.0;0.0;0.8;0.0;0.0;0.0;0.0;0.0;0.0;0.0;0.0;0.0;0.0;0.0;0.0;0.0;0.0;0.0;0.0;0.0;0.0;0.0;0.0;0.0;888.0
Barro;BREJINHO;-7.1713055555556;-38.920138888889;2018;7;1.6;0.0;0.0;0.0;0.0;0.0;0.0;0.0;0.0;0.0;0.0;0.0;1.6;0.0;0.0;0.0;0.0;0.0;0.0;0.0;0.0;0.0;0.0;0.0;0.0;0.0;0.0;0.0;0.0;0.0;0.0;0.0
Barro;BREJINHO;-7.1713055555556;-38.920138888889;2018;8;0.0;0.0;0.0;0.0;0.0;0.0;0.0;0.0;0.0;0.0;0.0;0.0;0.0;0.0;0.0;0.0;0.0;0.0;0.0;0.0;0.0;0.0;0.0;0.0;0.0;0.0;0.0;0.0;0.0;0.0;0.0;0.0
Barro;BREJINHO;-7.1713055555556;-38.920138888889;2018;9;0.0;0.0;0.0;0.0;0.0;0.0;0.0;0.0;0.0;0.0;0.0;0.0;0.0;0.0;0.0;0.0;0.0;0.0;0.0;0.0;0.0;0.0;0.0;0.0;0.0;0.0;0.0;0.0;0.0;0.0;0.0;888.0
Barro;BREJINHO;-7.1713055555556;-38.920138888889;2018;10;0.0;0.0;0.0;0.0;0.0;0.0;0.0;0.0;0.0;0.0;0.0;0.0;0.0;0.0;0.0;0.0;0.0;0.0;0.0;0.0;0.0;0.0;0.0;0.0;0.0;0.0;0.0;0.0;0.0;0.0;0.0;0.0
Barro;BREJINHO;-7.1713055555556;-38.920138888889;2018;11;113.2;0.0;0.0;0.0;0.0;0.0;0.0;0.0;0.0;0.0;0.0;0.0;0.0;0.0;0.0;0.0;0.0;0.0;0.0;0.0;0.0;0.0;0.0;0.0;85.6;0.0;0.0;26.6;0.0;0.0;1.0;888.0
Barro;BREJINHO;-7.1713055555556;-38.920138888889;2018;12;159.4;0.0;0.0;0.0;0.0;0.0;45.8;9.6;19.2;0.0;23.6;0.0;0.0;0.0;0.0;0.0;0.0;0.0;15.8;0.0;0.0;0.0;0.0;0.0;45.4;0.0;0.0;0.0;0.0;0.0;0.0;0.0
Barro;BREJINHO;-7.1713055555556;-38.920138888889;2019;1;106.2;0.0;0.0;0.0;0.0;0.0;0.0;1.6;0.0;0.0;12.4;0.0;0.0;0.0;0.0;0.0;0.0;11.8;45.0;0.0;13.4;6.6;0.0;5.8;0.0;0.0;0.0;0.0;0.0;9.6;0.0;0.0
Barro;BREJINHO;-7.1713055555556;-38.920138888889;2019;2;51.2;0.0;0.0;0.0;0.0;0.0;4.6;0.0;0.0;0.0;0.0;0.0;0.0;0.0;6.2;0.0;15.0;2.8;0.0;10.2;7.4;2.2;2.8;0.0;0.0;0.0;0.0;0.0;0.0;888.0;888.0;888.0
Barro;BREJINHO;-7.1713055555556;-38.920138888889;2019;3;219.8;0.0;0.0;7.8;0.0;18.4;1.4;0.0;0.0;0.0;0.0;0.0;0.0;0.0;8.2;4.0;10.2;0.0;0.0;0.0;0.0;0.0;0.0;0.0;49.0;31.2;0.0;36.0;14.4;0.0;2.6;36.6
Barro;BREJINHO;-7.1713055555556;-38.920138888889;2019;4;220.6;0.0;0.0;4.2;5.6;3.0;3.6;26.6;0.0;0.0;20.4;0.0;3.6;5.4;26.2;0.0;0.0;3.4;0.0;13.0;0.0;47.6;14.8;0.0;29.4;0.0;0.0;0.0;0.0;4.6;9.2;888.0
Barro;BREJINHO;-7.1713055555556;-38.920138888889;2019;5;71.6;2.8;7.0;0.0;0.0;0.0;0.0;0.0;0.0;0.0;0.0;0.0;0.0;0.0;0.0;41.6;0.0;9.6;2.2;0.0;4.4;0.0;0.0;0.0;0.0;0.0;0.0;0.0;0.0;0.0;0.0;4.0
Barro;BREJINHO;-7.1713055555556;-38.920138888889;2019;6;33.4;0.0;0.0;0.0;0.0;0.0;0.0;0.0;0.0;0.0;0.0;0.0;0.0;0.0;0.0;0.0;0.0;0.0;29.0;4.4;0.0;0.0;0.0;0.0;0.0;0.0;0.0;0.0;0.0;0.0;0.0;888.0
Barro;BREJINHO;-7.1713055555556;-38.920138888889;2019;7;0.6;0.0;0.0;0.0;0.0;0.0;0.0;0.0;0.0;0.0;0.0;0.0;0.0;0.0;0.0;0.0;0.0;0.0;0.0;0.0;0.0;0.0;0.0;0.0;0.0;0.6;0.0;0.0;0.0;0.0;0.0;0.0
Barro;BREJINHO;-7.1713055555556;-38.920138888889;2019;8;0.0;0.0;0.0;0.0;0.0;0.0;0.0;0.0;0.0;0.0;0.0;0.0;0.0;0.0;0.0;0.0;0.0;0.0;0.0;0.0;0.0;0.0;0.0;0.0;0.0;0.0;0.0;0.0;0.0;0.0;0.0;0.0
Barro;BREJINHO;-7.1713055555556;-38.920138888889;2019;9;3.0;0.0;0.0;0.0;0.0;0.0;0.0;0.0;0.0;0.0;0.0;0.0;0.0;0.0;0.0;0.0;0.0;0.0;0.0;0.0;0.0;0.0;0.0;0.0;3.0;0.0;0.0;0.0;0.0;0.0;0.0;888.0
Barro;BREJINHO;-7.1713055555556;-38.920138888889;2019;10;0.0;0.0;0.0;0.0;0.0;0.0;0.0;0.0;0.0;0.0;0.0;0.0;0.0;0.0;0.0;0.0;0.0;0.0;0.0;0.0;0.0;0.0;0.0;0.0;0.0;0.0;0.0;0.0;0.0;0.0;0.0;0.0
Barro;BREJINHO;-7.1713055555556;-38.920138888889;2019;11;22.4;0.0;0.0;15.4;0.0;0.0;0.0;0.0;0.0;0.0;0.0;0.0;0.0;0.0;0.0;0.0;0.0;0.0;0.0;0.0;0.0;0.0;0.0;0.0;0.0;0.0;0.0;7.0;0.0;0.0;0.0;888.0
Barro;BREJINHO;-7.1713055555556;-38.920138888889;2019;12;6.2;0.0;0.0;0.0;0.0;0.0;0.0;0.0;0.0;3.8;0.0;0.0;0.0;0.0;0.0;0.0;0.0;0.0;0.0;0.0;0.0;0.0;0.0;0.0;0.0;0.0;0.0;0.0;0.0;0.0;0.0;2.4
Barro;BREJINHO;-7.1713055555556;-38.920138888889;2020;1;174.2;17.6;4.6;0.0;0.0;0.0;0.0;22.0;5.2;6.4;10.4;16.0;0.0;0.0;0.0;52.2;0.0;0.0;0.0;5.6;0.0;0.0;17.6;0.0;10.2;0.0;0.0;0.0;0.0;0.0;6.4;0.0
Barro;BREJINHO;-7.1713055555556;-38.920138888889;2020;2;248.2;0.0;0.0;2.6;0.0;48.0;7.8;0.0;2.4;0.0;1.2;0.0;0.0;0.0;49.2;17.4;0.0;0.0;3.6;13.0;6.8;47.8;0.0;2.4;43.6;2.4;0.0;0.0;0.0;0.0;888.0;888.0
Barro;BREJINHO;-7.1713055555556;-38.920138888889;2020;3;407.8;20.0;0.0;10.2;5.6;40.8;0.0;2.8;34.8;18.6;0.0;0.0;0.0;25.4;21.6;4.8;38.0;8.2;97.2;0.0;0.0;0.0;0.0;0.0;17.0;33.8;0.0;9.6;3.0;1.0;0.0;15.4
Barro;BREJINHO;-7.1713055555556;-38.920138888889;2020;4;147.2;6.2;0.0;19.2;0.0;0.0;0.0;0.0;0.0;0.0;0.0;0.0;0.0;0.0;0.0;0.0;0.0;7.4;29.6;20.0;22.4;0.0;0.0;17.4;0.0;12.0;0.0;6.8;6.2;0.0;0.0;888.0
Barro;BREJINHO;-7.1713055555556;-38.920138888889;2020;5;128.2;0.0;19.2;0.0;0.0;0.0;3.0;0.0;0.0;0.0;0.0;0.0;0.0;0.0;0.0;0.0;0.0;0.0;39.4;2.4;6.2;0.0;21.6;0.0;0.0;0.0;35.4;0.0;1.0;0.0;0.0;0.0
Barro;BREJINHO;-7.1713055555556;-38.920138888889;2020;6;24.0;0.0;0.0;1.6;0.0;0.0;0.0;0.0;0.0;0.0;0.0;0.0;0.0;0.0;0.0;0.0;0.0;0.0;0.0;0.0;22.4;0.0;0.0;0.0;0.0;0.0;0.0;0.0;0.0;0.0;0.0;888.0
Barro;BREJINHO;-7.1713055555556;-38.920138888889;2020;7;0.0;0.0;0.0;0.0;0.0;0.0;0.0;0.0;0.0;0.0;0.0;0.0;0.0;0.0;0.0;0.0;0.0;0.0;0.0;0.0;0.0;0.0;0.0;0.0;0.0;0.0;0.0;0.0;0.0;0.0;0.0;0.0
Barro;BREJINHO;-7.1713055555556;-38.920138888889;2020;8;0.0;0.0;0.0;0.0;0.0;0.0;0.0;0.0;0.0;0.0;0.0;0.0;0.0;0.0;0.0;0.0;0.0;0.0;0.0;0.0;0.0;0.0;0.0;0.0;0.0;0.0;0.0;0.0;0.0;0.0;0.0;0.0
Barro;BREJINHO;-7.1713055555556;-38.920138888889;2020;9;4.0;0.0;0.0;0.0;0.0;0.0;0.0;0.0;0.0;0.0;0.0;0.0;0.0;0.0;0.0;0.0;0.0;0.0;0.0;0.0;0.0;0.0;0.0;0.0;0.0;0.0;0.0;0.0;0.0;4.0;0.0;888.0
Barro;BREJINHO;-7.1713055555556;-38.920138888889;2020;10;3.0;0.0;0.0;0.0;0.0;0.0;0.0;0.0;0.0;0.0;0.0;0.0;0.0;0.0;0.0;0.0;0.0;0.0;0.0;0.0;0.0;0.0;0.0;0.0;3.0;0.0;0.0;0.0;0.0;0.0;0.0;0.0
Barro;BREJINHO;-7.1713055555556;-38.920138888889;2020;11;34.6;0.0;3.2;10.2;19.2;0.0;0.0;0.0;0.0;0.0;2.0;0.0;0.0;0.0;0.0;0.0;0.0;0.0;0.0;0.0;0.0;0.0;0.0;0.0;0.0;0.0;0.0;0.0;0.0;0.0;0.0;888.0
Barro;BREJINHO;-7.1713055555556;-38.920138888889;2020;12;33.8;0.0;0.0;0.0;2.4;0.0;0.0;0.0;0.0;0.0;0.0;0.0;0.0;0.0;2.0;0.0;0.0;20.0;0.0;2.0;0.0;0.0;0.0;0.0;0.0;5.6;1.8;0.0;0.0;0.0;0.0;0.0
Barro;BREJINHO;-7.1713055555556;-38.920138888889;2021;1;90.6;0.0;5.8;0.0;5.2;0.0;0.0;0.0;0.0;0.0;0.0;0.0;8.6;0.0;5.6;0.0;0.0;0.0;1.6;1.4;7.2;0.0;0.0;0.0;0.0;0.0;0.0;0.0;0.0;55.2;0.0;0.0
Barro;BREJINHO;-7.1713055555556;-38.920138888889;2021;2;384.2;0.0;0.0;0.0;0.0;0.0;0.0;0.0;0.0;0.0;0.0;47.4;67.0;1.6;44.2;5.4;73.4;0.0;35.4;2.2;0.0;0.0;69.4;0.0;0.0;13.6;1.0;14.8;8.8;888.0;888.0;888.0
Barro;BREJINHO;-7.1713055555556;-38.920138888889;2021;3;180.0;1.2;32.0;3.4;0.0;9.0;0.0;0.0;0.0;0.0;0.0;0.0;0.0;15.2;5.0;23.4;0.0;0.0;0.0;12.8;0.0;0.0;20.8;0.0;3.0;6.0;12.4;22.0;0.0;12.4;1.4;0.0
Barro;BREJINHO;-7.1713055555556;-38.920138888889;2021;4;115.4;0.0;5.6;0.0;0.0;0.0;0.0;0.0;0.0;0.0;1.8;0.0;9.2;4.0;0.0;29.0;0.0;6.6;0.0;13.0;0.0;0.0;0.0;15.2;27.2;0.0;0.0;0.0;0.0;3.8;0.0;888.0
Barro;BREJINHO;-7.1713055555556;-38.920138888889;2021;5;9.4;0.0;0.0;0.0;0.0;3.4;0.0;0.0;0.0;0.0;0.0;0.0;0.0;0.0;3.0;3.0;0.0;0.0;0.0;0.0;0.0;0.0;0.0;0.0;0.0;0.0;0.0;0.0;0.0;0.0;0.0;0.0
Barro;BREJINHO;-7.1713055555556;-38.920138888889;2021;6;1.4;0.0;0.0;0.0;0.0;0.0;0.0;0.0;0.0;0.0;0.0;0.0;0.0;0.0;0.0;0.0;0.0;0.0;0.0;0.0;0.0;0.0;0.0;0.0;1.4;0.0;0.0;0.0;0.0;0.0;0.0;888.0
Barro;BREJINHO;-7.1713055555556;-38.920138888889;2021;7;88.4;0.0;86.2;0.0;1.6;0.0;0.0;0.0;0.0;0.0;0.0;0.0;0.0;0.0;0.0;0.0;0.0;0.0;0.0;0.6;0.0;0.0;0.0;0.0;0.0;0.0;0.0;0.0;0.0;0.0;0.0;0.0
Barro;BREJINHO;-7.1713055555556;-38.920138888889;2021;8;0.0;0.0;0.0;0.0;0.0;0.0;0.0;0.0;0.0;0.0;0.0;0.0;0.0;0.0;0.0;0.0;0.0;0.0;0.0;0.0;0.0;0.0;0.0;0.0;0.0;0.0;0.0;0.0;0.0;0.0;0.0;0.0
Barro;BREJINHO;-7.1713055555556;-38.920138888889;2021;9;14.2;0.0;0.0;0.0;0.0;0.0;0.0;0.0;0.0;0.0;0.0;0.0;0.0;0.0;0.0;5.0;0.0;0.0;0.0;0.0;0.0;0.0;0.0;0.0;9.2;0.0;0.0;0.0;0.0;0.0;0.0;888.0
Barro;BREJINHO;-7.1713055555556;-38.920138888889;2021;10;8.8;5.0;0.0;0.0;0.0;0.0;0.0;0.0;0.0;0.0;0.0;0.0;0.0;0.0;0.0;0.0;0.0;0.0;0.0;0.0;0.0;0.0;0.0;0.0;0.0;0.0;0.0;0.0;0.0;0.0;0.0;3.8
Barro;BREJINHO;-7.1713055555556;-38.920138888889;2021;11;35.6;35.6;0.0;0.0;0.0;0.0;0.0;0.0;0.0;0.0;0.0;0.0;0.0;0.0;0.0;0.0;0.0;0.0;0.0;0.0;0.0;0.0;0.0;0.0;0.0;0.0;0.0;0.0;0.0;0.0;0.0;888.0
Barro;BREJINHO;-7.1713055555556;-38.920138888889;2021;12;218.6;0.0;0.0;0.0;0.0;0.0;0.0;0.0;0.0;0.0;7.0;0.0;0.0;0.0;0.0;0.0;0.0;0.0;14.2;0.0;0.0;9.0;0.0;0.0;0.0;0.0;33.2;28.0;0.0;0.0;5.8;121.4
Barro;BREJINHO;-7.1713055555556;-38.920138888889;2022;1;261.2;34.6;10.0;32.8;0.0;6.2;65.2;0.0;0.0;0.0;0.0;22.6;0.0;5.4;0.0;0.0;0.0;6.6;0.0;0.0;0.0;0.0;8.4;0.0;0.0;0.0;0.0;1.6;32.4;35.4;0.0;0.0
Barro;BREJINHO;-7.1713055555556;-38.920138888889;2022;2;158.0;0.0;0.0;0.0;0.0;38.4;5.6;0.0;29.2;0.0;0.0;0.0;24.4;0.0;0.0;0.0;0.0;6.0;0.0;7.2;0.0;2.2;13.4;0.0;0.0;0.0;9.6;19.8;2.2;888.0;888.0;888.0
Barro;BREJINHO;-7.1713055555556;-38.920138888889;2022;3;384.6;0.0;0.0;31.0;2.0;0.0;0.0;20.0;0.0;17.4;2.0;0.0;11.8;0.0;0.0;0.0;60.6;14.4;0.0;0.0;0.0;1.6;52.4;62.4;44.0;38.6;0.0;14.6;0.0;11.8;0.0;0.0
Barro;BREJINHO;-7.1713055555556;-38.920138888889;2022;4;127.0;6.0;3.2;1.6;3.8;0.0;0.0;0.0;0.0;0.0;0.0;0.0;46.8;0.0;0.0;0.0;0.0;5.0;0.0;14.8;0.0;0.0;0.0;0.0;45.8;0.0;0.0;0.0;0.0;0.0;0.0;888.0
Barro;BREJINHO;-7.1713055555556;-38.920138888889;2022;5;100.0;0.0;0.0;6.8;2.8;0.0;0.0;0.0;10.4;0.0;0.0;0.0;2.2;12.8;0.0;0.0;2.6;1.0;0.0;0.0;0.0;8.8;0.0;0.0;0.0;0.0;0.0;1.6;0.0;0.0;1.0;50.0
Barro;BREJINHO;-7.1713055555556;-38.920138888889;2022;6;74.2;38.6;0.0;0.0;10.4;2.4;0.0;0.0;0.0;0.0;2.8;4.8;4.4;0.0;0.0;0.0;3.6;0.0;0.0;0.0;0.0;4.2;0.0;1.0;2.0;0.0;0.0;0.0;0.0;0.0;0.0;888.0
Barro;BREJINHO;-7.1713055555556;-38.920138888889;2022;7;20.0;0.0;0.0;0.0;0.0;0.0;0.0;0.0;8.6;0.0;11.4;0.0;0.0;0.0;0.0;0.0;0.0;0.0;0.0;0.0;0.0;0.0;0.0;0.0;0.0;0.0;0.0;0.0;0.0;0.0;0.0;0.0
Barro;BREJINHO;-7.1713055555556;-38.920138888889;2022;8;7.0;0.0;0.0;0.0;7.0;0.0;0.0;0.0;0.0;0.0;0.0;0.0;0.0;0.0;0.0;0.0;0.0;0.0;0.0;0.0;0.0;0.0;0.0;0.0;0.0;0.0;0.0;0.0;0.0;0.0;0.0;0.0
Barro;BREJINHO;-7.1713055555556;-38.920138888889;2022;9;2.2;0.0;0.0;0.0;0.0;0.0;0.0;0.0;0.0;0.0;0.0;0.0;0.0;0.0;0.0;2.2;0.0;0.0;0.0;0.0;0.0;0.0;0.0;0.0;0.0;0.0;0.0;0.0;0.0;0.0;0.0;888.0
Barro;BREJINHO;-7.1713055555556;-38.920138888889;2022;10;84.4;0.0;0.0;0.0;0.0;0.0;0.0;0.0;0.0;0.0;0.0;0.0;0.0;0.0;0.0;0.0;0.0;0.0;0.0;0.0;0.0;0.0;0.0;2.2;0.0;68.6;10.4;3.2;0.0;0.0;0.0;0.0
Barro;BREJINHO;-7.1713055555556;-38.920138888889;2022;11;53.8;0.0;0.0;0.0;6.0;19.6;0.0;0.0;13.0;0.0;0.0;0.0;0.0;14.2;0.0;0.0;0.0;0.0;0.0;0.0;0.0;0.0;0.0;0.0;1.0;0.0;0.0;0.0;0.0;0.0;0.0;888.0
Barro;BREJINHO;-7.1713055555556;-38.920138888889;2022;12;63.6;0.0;55.6;0.0;0.0;0.0;0.0;0.0;0.0;0.0;0.0;0.0;0.0;0.0;0.0;0.0;0.0;0.0;0.0;0.0;0.0;0.0;0.0;2.0;2.2;0.0;0.0;0.0;0.0;0.0;0.0;3.8
Barro;BREJINHO;-7.1713055555556;-38.920138888889;2023;1;245.0;0.0;15.2;0.0;0.0;0.0;0.0;0.0;0.0;0.0;2.2;1.0;2.6;0.0;23.2;1.6;75.0;0.0;4.6;16.4;36.8;0.0;15.4;17.0;14.4;2.8;3.2;0.0;1.2;0.0;0.0;12.4
Barro;BREJINHO;-7.1713055555556;-38.920138888889;2023;2;97.2;0.0;0.0;3.8;0.0;0.0;1.6;0.0;0.0;0.0;0.0;14.0;0.0;0.0;2.0;2.0;8.8;11.6;4.6;0.0;12.6;0.0;0.0;0.0;24.8;11.4;0.0;0.0;0.0;888.0;888.0;888.0
Barro;BREJINHO;-7.1713055555556;-38.920138888889;2023;3;465.5;0.0;0.0;16.8;0.0;0.0;0.0;0.0;0.0;0.0;0.0;0.0;0.0;97.6;49.6;30.5;0.0;0.0;0.0;3.2;1.4;35.0;24.8;4.2;0.0;28.2;0.0;110.4;24.6;34.6;0.0;4.6
Barro;BREJINHO;-7.1713055555556;-38.920138888889;2023;4;101.8;0.0;0.0;0.0;0.0;5.8;4.4;0.0;24.6;12.4;0.0;0.0;0.0;0.0;0.0;0.0;0.0;43.2;0.0;0.0;0.0;0.0;0.0;0.0;0.0;0.0;0.0;0.0;2.0;9.4;0.0;888.0
Barro;BREJINHO;-7.1713055555556;-38.920138888889;2023;5;48.6;3.2;0.0;0.0;7.6;14.6;1.2;0.0;0.0;0.0;0.0;0.0;0.0;2.2;14.2;3.6;0.0;0.0;0.0;0.0;0.0;999.0;0.0;0.0;0.0;0.0;0.0;0.0;0.0;0.0;2.0;0.0
Barro;BREJINHO;-7.1713055555556;-38.920138888889;2023;6;4.0;0.0;0.0;0.0;0.0;0.0;0.0;0.0;0.0;0.0;0.0;0.0;0.0;0.0;0.0;4.0;0.0;0.0;0.0;0.0;0.0;0.0;0.0;0.0;0.0;0.0;0.0;0.0;0.0;0.0;0.0;888.0
Barro;BREJINHO;-7.1713055555556;-38.920138888889;2023;7;23.0;0.0;0.0;0.0;0.0;0.0;0.0;0.0;1.8;18.0;1.8;0.0;0.0;0.0;0.0;0.0;0.0;0.0;0.0;0.0;0.0;1.4;0.0;0.0;0.0;0.0;0.0;0.0;0.0;0.0;0.0;0.0
Barro;BREJINHO;-7.1713055555556;-38.920138888889;2023;8;4.4;0.0;0.0;0.0;0.0;0.0;0.0;0.0;0.0;0.0;0.0;0.0;0.0;0.0;0.0;0.0;0.0;0.0;0.0;0.0;0.0;0.0;0.0;0.0;0.0;0.0;0.0;0.0;0.0;0.0;4.4;0.0
Barro;BREJINHO;-7.1713055555556;-38.920138888889;2023;9;27.8;0.0;0.0;3.4;0.0;0.0;0.0;0.0;0.0;0.0;0.0;0.0;0.0;0.0;0.0;0.0;0.0;0.0;0.0;0.0;24.4;0.0;0.0;0.0;0.0;0.0;0.0;0.0;0.0;0.0;0.0;888.0
Barro;BREJINHO;-7.1713055555556;-38.920138888889;2023;10;4.0;0.0;0.0;0.0;0.0;0.0;0.0;0.0;0.0;0.0;0.0;0.0;0.0;4.0;0.0;0.0;0.0;0.0;0.0;0.0;0.0;0.0;0.0;0.0;0.0;0.0;0.0;0.0;0.0;0.0;0.0;0.0
Barro;BREJINHO;-7.1713055555556;-38.920138888889;2023;11;13.4;0.0;0.0;0.0;0.0;0.0;13.4;0.0;0.0;0.0;0.0;0.0;0.0;0.0;0.0;0.0;0.0;0.0;0.0;0.0;0.0;0.0;0.0;0.0;0.0;0.0;0.0;0.0;0.0;0.0;0.0;888.0
Barro;BREJINHO;-7.1713055555556;-38.920138888889;2023;12;17.4;0.0;0.0;0.0;0.0;0.0;0.0;0.0;0.0;0.0;0.0;0.0;0.0;0.0;0.0;0.0;0.0;0.0;1.6;0.0;3.6;12.2;0.0;0.0;0.0;0.0;0.0;0.0;0.0;0.0;0.0;0.0
Barro;BREJINHO;-7.1713055555556;-38.920138888889;2024;1;161.4;86.4;0.0;0.0;0.0;0.0;0.0;0.0;0.0;0.0;0.0;18.8;56.2;0.0;0.0;0.0;0.0;0.0;0.0;0.0;0.0;0.0;0.0;0.0;0.0;0.0;0.0;0.0;0.0;0.0;0.0;0.0
Barro;BREJINHO;-7.1713055555556;-38.920138888889;2024;2;349.2;0.0;0.0;2.4;0.0;0.0;7.0;0.0;1.4;60.2;6.4;11.0;29.8;0.0;63.6;57.2;1.2;0.0;0.0;38.2;0.0;4.6;2.8;9.0;33.8;0.0;9.4;0.0;8.6;2.6;888.0;888.0
Barro;BREJINHO;-7.1713055555556;-38.920138888889;2024;3;121.7;2.4;8.4;1.1;9.0;3.4;0.0;0.0;0.0;0.0;0.0;0.0;1.0;4.6;46.2;7.4;0.0;0.0;16.2;0.0;0.0;1.8;0.0;0.0;0.0;0.0;0.0;17.6;0.0;0.0;2.6;0.0
Barro;BREJINHO;-7.1713055555556;-38.920138888889;2024;4;204.4;0.0;0.0;13.2;0.0;22.2;0.0;0.0;0.0;0.0;5.4;0.0;27.6;44.0;0.0;7.0;8.2;6.2;0.0;5.0;0.0;0.0;35.8;29.8;0.0;0.0;0.0;0.0;0.0;0.0;0.0;888.0
Barro;BREJINHO;-7.1713055555556;-38.920138888889;2024;5;18.8;0.0;0.0;2.2;0.0;0.0;0.0;0.0;0.0;7.8;0.0;0.0;0.0;0.0;0.0;2.0;0.0;0.0;0.0;6.8;0.0;0.0;0.0;0.0;0.0;0.0;0.0;0.0;0.0;0.0;0.0;0.0
Barro;BREJINHO;-7.1713055555556;-38.920138888889;2024;6;24.6;0.0;0.0;0.0;0.0;0.0;0.0;0.0;16.4;0.0;0.0;0.0;0.0;0.0;5.0;0.0;0.0;0.0;0.0;0.0;0.0;3.2;0.0;0.0;0.0;0.0;0.0;0.0;0.0;0.0;0.0;888.0
Barro;BREJINHO;-7.1713055555556;-38.920138888889;2024;7;20.0;0.0;0.0;0.0;0.0;0.0;5.2;8.8;1.0;0.0;0.0;5.0;0.0;0.0;0.0;0.0;0.0;0.0;0.0;0.0;0.0;0.0;0.0;0.0;0.0;0.0;0.0;0.0;0.0;0.0;0.0;0.0
Barro;BREJINHO;-7.1713055555556;-38.920138888889;2024;8;0.0;0.0;0.0;0.0;0.0;0.0;0.0;0.0;0.0;0.0;0.0;0.0;0.0;0.0;0.0;0.0;0.0;0.0;0.0;0.0;0.0;0.0;0.0;0.0;0.0;0.0;0.0;0.0;0.0;0.0;0.0;0.0
Barro;BREJINHO;-7.1713055555556;-38.920138888889;2024;9;0.0;0.0;0.0;0.0;0.0;0.0;0.0;0.0;0.0;0.0;0.0;0.0;0.0;0.0;0.0;0.0;0.0;0.0;0.0;0.0;0.0;0.0;0.0;0.0;0.0;0.0;0.0;0.0;0.0;0.0;0.0;888.0
Barro;BREJINHO;-7.1713055555556;-38.920138888889;2024;10;0.0;0.0;0.0;0.0;0.0;0.0;0.0;0.0;0.0;0.0;0.0;0.0;0.0;0.0;0.0;0.0;0.0;0.0;0.0;999.0;999.0;999.0;999.0;999.0;999.0;999.0;999.0;999.0;999.0;999.0;999.0;999.0
