Municipios;Postos;Latitude;Longitude;Anos;Meses;Total;Dia1;Dia2;Dia3;Dia4;Dia5;Dia6;Dia7;Dia8;Dia9;Dia10;Dia11;Dia12;Dia13;Dia14;Dia15;Dia16;Dia17;Dia18;Dia19;Dia20;Dia21;Dia22;Dia23;Dia24;Dia25;Dia26;Dia27;Dia28;Dia29;Dia30;Dia31
Barro;ENGENHO VELHO;-7.0501111111111;-38.701583333333;2000;7;21.8;0.0;0.0;0.0;0.0;0.0;0.0;0.0;0.0;0.0;0.0;7.4;0.0;0.0;0.0;0.0;0.0;0.0;0.0;0.0;0.0;3.4;7.0;0.0;4.0;0.0;0.0;0.0;0.0;0.0;0.0;0.0
Barro;ENGENHO VELHO;-7.0501111111111;-38.701583333333;2000;8;0.0;0.0;0.0;0.0;0.0;0.0;0.0;0.0;0.0;0.0;0.0;0.0;0.0;0.0;0.0;0.0;0.0;0.0;0.0;0.0;0.0;0.0;0.0;0.0;0.0;0.0;0.0;0.0;0.0;0.0;0.0;0.0
Barro;ENGENHO VELHO;-7.0501111111111;-38.701583333333;2000;9;0.0;0.0;0.0;0.0;0.0;0.0;0.0;0.0;0.0;0.0;0.0;0.0;0.0;0.0;0.0;0.0;0.0;0.0;0.0;0.0;0.0;0.0;0.0;0.0;0.0;0.0;0.0;0.0;0.0;0.0;0.0;888.0
Barro;ENGENHO VELHO;-7.0501111111111;-38.701583333333;2000;10;0.0;0.0;0.0;0.0;0.0;0.0;0.0;0.0;0.0;0.0;0.0;0.0;0.0;0.0;0.0;0.0;0.0;0.0;0.0;0.0;0.0;0.0;0.0;0.0;0.0;0.0;0.0;0.0;0.0;0.0;0.0;0.0
Barro;ENGENHO VELHO;-7.0501111111111;-38.701583333333;2000;11;0.0;0.0;0.0;0.0;0.0;0.0;0.0;0.0;0.0;0.0;0.0;0.0;0.0;0.0;0.0;0.0;0.0;0.0;0.0;0.0;0.0;0.0;0.0;0.0;0.0;0.0;0.0;0.0;0.0;0.0;0.0;888.0
Barro;ENGENHO VELHO;-7.0501111111111;-38.701583333333;2000;12;138.5;0.0;0.0;0.0;0.0;0.0;0.0;0.0;0.0;0.0;0.0;0.0;0.0;0.0;93.3;27.0;18.2;0.0;0.0;0.0;0.0;0.0;0.0;0.0;0.0;0.0;0.0;0.0;0.0;0.0;0.0;0.0
Barro;ENGENHO VELHO;-7.0501111111111;-38.701583333333;2001;1;88.4;0.0;0.0;0.0;0.0;0.0;0.0;0.0;47.4;0.0;0.0;0.0;0.0;0.0;0.0;0.0;0.0;0.0;0.0;0.0;0.0;0.0;0.0;0.0;0.0;0.0;0.0;0.0;0.0;0.0;0.0;41.0
Barro;ENGENHO VELHO;-7.0501111111111;-38.701583333333;2001;2;104.3;0.0;0.0;37.4;14.2;0.0;0.0;0.0;0.0;0.0;0.0;0.0;0.0;3.2;45.3;0.0;0.0;0.0;0.0;0.0;0.0;0.0;0.0;0.0;0.0;0.0;4.2;0.0;0.0;888.0;888.0;888.0
Barro;ENGENHO VELHO;-7.0501111111111;-38.701583333333;2001;3;245.6;27.0;20.0;12.0;0.0;3.2;0.0;0.0;0.0;0.0;0.0;0.0;0.0;30.0;15.2;39.0;28.0;0.0;0.0;43.0;0.0;10.0;10.2;0.0;0.0;0.0;7.0;0.0;0.0;0.0;1.0;0.0
Barro;ENGENHO VELHO;-7.0501111111111;-38.701583333333;2001;4;17.4;0.0;0.0;0.0;0.0;0.0;0.0;0.0;0.0;0.0;0.0;0.0;0.0;0.0;9.1;0.0;0.0;0.0;2.3;0.0;6.0;0.0;0.0;0.0;0.0;0.0;0.0;0.0;0.0;0.0;0.0;888.0
Barro;ENGENHO VELHO;-7.0501111111111;-38.701583333333;2001;5;3.1;0.0;0.0;0.0;0.0;0.0;0.0;0.0;0.0;0.0;0.0;0.0;0.0;0.0;0.0;0.0;0.0;0.0;0.0;0.0;0.0;0.0;0.0;0.0;0.0;3.1;0.0;0.0;0.0;0.0;0.0;0.0
Barro;ENGENHO VELHO;-7.0501111111111;-38.701583333333;2001;6;14.3;0.0;2.3;0.0;0.0;0.0;2.2;0.0;0.0;0.0;0.0;1.6;0.0;0.0;0.0;0.0;0.0;0.0;0.0;0.0;0.0;0.0;0.0;0.0;0.0;0.0;0.0;0.0;8.2;0.0;0.0;888.0
Barro;ENGENHO VELHO;-7.0501111111111;-38.701583333333;2001;7;5.0;0.0;0.0;0.0;0.0;0.0;0.0;0.0;0.0;0.0;0.0;0.0;0.0;0.0;0.0;0.0;0.0;0.0;0.0;0.0;0.0;0.0;5.0;0.0;0.0;0.0;0.0;0.0;0.0;0.0;0.0;0.0
Barro;ENGENHO VELHO;-7.0501111111111;-38.701583333333;2001;8;0.0;0.0;0.0;0.0;0.0;0.0;0.0;0.0;0.0;0.0;0.0;0.0;0.0;0.0;0.0;0.0;0.0;0.0;0.0;0.0;0.0;0.0;0.0;0.0;0.0;0.0;0.0;0.0;0.0;0.0;0.0;0.0
Barro;ENGENHO VELHO;-7.0501111111111;-38.701583333333;2001;9;0.0;0.0;0.0;0.0;0.0;0.0;0.0;0.0;0.0;0.0;0.0;0.0;0.0;0.0;0.0;0.0;0.0;0.0;0.0;0.0;0.0;0.0;0.0;0.0;0.0;0.0;0.0;0.0;0.0;0.0;0.0;888.0
Barro;ENGENHO VELHO;-7.0501111111111;-38.701583333333;2001;10;6.0;0.0;0.0;0.0;0.0;0.0;0.0;0.0;0.0;0.0;0.0;0.0;0.0;0.0;6.0;0.0;0.0;0.0;0.0;0.0;0.0;0.0;0.0;0.0;0.0;0.0;0.0;0.0;0.0;0.0;0.0;0.0
Barro;ENGENHO VELHO;-7.0501111111111;-38.701583333333;2001;11;0.0;0.0;0.0;0.0;0.0;0.0;0.0;0.0;0.0;0.0;0.0;0.0;0.0;0.0;0.0;0.0;0.0;0.0;0.0;0.0;0.0;0.0;0.0;0.0;0.0;0.0;0.0;0.0;0.0;0.0;0.0;888.0
Barro;ENGENHO VELHO;-7.0501111111111;-38.701583333333;2001;12;126.2;0.0;0.0;1.3;0.0;0.0;6.2;0.0;0.0;0.0;1.1;0.0;21.4;0.0;0.0;0.0;0.0;0.0;0.0;0.0;0.0;0.0;0.0;0.0;0.0;0.0;0.0;0.0;20.2;25.0;0.0;51.0
Barro;ENGENHO VELHO;-7.0501111111111;-38.701583333333;2002;1;220.7;0.0;0.0;10.0;0.0;0.0;37.0;0.0;0.0;4.0;35.1;5.0;0.0;23.0;7.0;0.0;0.0;0.0;28.0;20.0;21.4;0.0;0.0;0.0;0.0;0.0;0.0;26.0;0.0;0.0;0.0;4.2
Barro;ENGENHO VELHO;-7.0501111111111;-38.701583333333;2002;2;90.4;0.0;0.0;0.0;0.0;0.0;0.0;0.0;0.0;0.0;30.1;0.0;0.0;41.3;10.0;0.0;0.0;9.0;0.0;0.0;0.0;0.0;0.0;0.0;0.0;0.0;0.0;0.0;0.0;888.0;888.0;888.0
Barro;ENGENHO VELHO;-7.0501111111111;-38.701583333333;2002;3;169.0;0.0;0.0;0.0;25.0;15.0;61.0;0.0;0.0;0.0;0.0;0.0;0.0;0.0;0.0;0.0;0.0;0.0;0.0;4.0;35.0;0.0;0.0;0.0;20.0;9.0;0.0;0.0;0.0;0.0;0.0;0.0
Barro;ENGENHO VELHO;-7.0501111111111;-38.701583333333;2002;4;108.4;0.0;0.0;34.0;0.0;6.4;0.0;26.0;0.0;0.0;0.0;0.0;42.0;0.0;0.0;0.0;0.0;0.0;0.0;0.0;0.0;0.0;0.0;0.0;0.0;0.0;0.0;0.0;0.0;0.0;0.0;888.0
Barro;ENGENHO VELHO;-7.0501111111111;-38.701583333333;2002;5;146.7;0.0;26.0;10.3;0.0;0.0;0.0;70.0;0.0;0.0;0.0;0.0;0.0;0.0;0.0;22.0;0.0;0.0;0.0;0.0;0.0;0.0;0.0;0.0;18.4;0.0;0.0;0.0;0.0;0.0;0.0;0.0
Barro;ENGENHO VELHO;-7.0501111111111;-38.701583333333;2002;6;0.0;0.0;0.0;0.0;0.0;0.0;0.0;0.0;0.0;0.0;0.0;0.0;0.0;0.0;0.0;0.0;0.0;0.0;0.0;0.0;0.0;0.0;0.0;0.0;0.0;0.0;0.0;0.0;0.0;0.0;0.0;888.0
Barro;ENGENHO VELHO;-7.0501111111111;-38.701583333333;2002;7;0.0;0.0;0.0;0.0;0.0;0.0;0.0;0.0;0.0;0.0;0.0;0.0;0.0;0.0;0.0;0.0;0.0;0.0;0.0;0.0;0.0;0.0;0.0;0.0;0.0;0.0;0.0;0.0;0.0;0.0;0.0;0.0
Barro;ENGENHO VELHO;-7.0501111111111;-38.701583333333;2002;8;0.0;0.0;0.0;0.0;0.0;0.0;0.0;0.0;0.0;0.0;0.0;0.0;0.0;0.0;0.0;0.0;0.0;0.0;0.0;0.0;0.0;0.0;0.0;0.0;0.0;0.0;0.0;0.0;0.0;0.0;0.0;0.0
Barro;ENGENHO VELHO;-7.0501111111111;-38.701583333333;2002;9;0.0;0.0;0.0;0.0;0.0;0.0;0.0;0.0;0.0;0.0;0.0;0.0;0.0;0.0;0.0;0.0;0.0;0.0;0.0;0.0;0.0;0.0;0.0;0.0;0.0;0.0;0.0;0.0;0.0;0.0;0.0;888.0
Barro;ENGENHO VELHO;-7.0501111111111;-38.701583333333;2002;10;0.0;0.0;0.0;0.0;0.0;0.0;0.0;0.0;0.0;0.0;0.0;0.0;0.0;0.0;0.0;0.0;0.0;0.0;0.0;0.0;0.0;0.0;0.0;0.0;0.0;0.0;0.0;0.0;0.0;0.0;0.0;0.0
Barro;ENGENHO VELHO;-7.0501111111111;-38.701583333333;2002;11;0.0;0.0;0.0;0.0;0.0;0.0;0.0;0.0;0.0;0.0;0.0;0.0;0.0;0.0;0.0;0.0;0.0;0.0;0.0;0.0;0.0;0.0;0.0;0.0;0.0;0.0;0.0;0.0;0.0;0.0;0.0;888.0
Barro;ENGENHO VELHO;-7.0501111111111;-38.701583333333;2002;12;43.0;0.0;0.0;0.0;0.0;0.0;0.0;0.0;0.0;0.0;0.0;0.0;0.0;0.0;0.0;0.0;0.0;0.0;0.0;0.0;0.0;0.0;0.0;0.0;0.0;0.0;0.0;0.0;43.0;0.0;0.0;0.0
Barro;ENGENHO VELHO;-7.0501111111111;-38.701583333333;2003;1;74.5;0.0;0.0;0.0;0.0;0.0;0.0;0.0;0.0;0.0;0.0;0.0;0.0;0.0;0.0;0.0;0.0;0.0;0.0;0.0;12.2;13.3;0.0;17.0;32.0;0.0;0.0;0.0;0.0;0.0;0.0;0.0
Barro;ENGENHO VELHO;-7.0501111111111;-38.701583333333;2003;2;73.0;0.0;0.0;0.0;11.0;0.0;0.0;0.0;0.0;0.0;0.0;0.0;0.0;6.0;0.0;0.0;0.0;0.0;0.0;0.0;0.0;0.0;0.0;16.0;6.0;34.0;0.0;0.0;0.0;888.0;888.0;888.0
Barro;ENGENHO VELHO;-7.0501111111111;-38.701583333333;2003;3;161.7;0.0;0.0;0.0;20.0;7.0;0.0;0.0;0.0;0.0;0.0;0.0;0.0;0.0;0.0;12.0;6.2;14.1;14.0;45.0;10.4;0.0;0.0;0.0;0.0;0.0;0.0;0.0;0.0;0.0;18.0;15.0
Barro;ENGENHO VELHO;-7.0501111111111;-38.701583333333;2003;4;118.4;0.0;0.0;0.0;0.0;0.0;0.0;0.0;0.0;0.0;0.0;19.1;0.0;0.0;0.0;0.0;0.0;0.0;0.0;0.0;0.0;15.0;6.1;15.2;0.0;0.0;0.0;21.0;42.0;0.0;0.0;888.0
Barro;ENGENHO VELHO;-7.0501111111111;-38.701583333333;2003;5;88.0;0.0;0.0;0.0;0.0;0.0;12.0;11.0;0.0;0.0;0.0;0.0;0.0;0.0;0.0;0.0;0.0;0.0;0.0;0.0;0.0;0.0;0.0;0.0;0.0;0.0;0.0;0.0;0.0;65.0;0.0;0.0
Barro;ENGENHO VELHO;-7.0501111111111;-38.701583333333;2003;6;9.2;0.0;0.0;0.0;0.0;9.2;0.0;0.0;0.0;0.0;0.0;0.0;0.0;0.0;0.0;0.0;0.0;0.0;0.0;0.0;0.0;0.0;0.0;0.0;0.0;0.0;0.0;0.0;0.0;0.0;0.0;888.0
Barro;ENGENHO VELHO;-7.0501111111111;-38.701583333333;2003;7;0.0;0.0;0.0;0.0;0.0;0.0;0.0;0.0;0.0;0.0;0.0;0.0;0.0;0.0;0.0;0.0;0.0;0.0;0.0;0.0;0.0;0.0;0.0;0.0;0.0;0.0;0.0;0.0;0.0;0.0;0.0;0.0
Barro;ENGENHO VELHO;-7.0501111111111;-38.701583333333;2003;8;0.0;0.0;0.0;0.0;0.0;0.0;0.0;0.0;0.0;0.0;0.0;0.0;0.0;0.0;0.0;0.0;0.0;0.0;0.0;0.0;0.0;0.0;0.0;0.0;0.0;0.0;0.0;0.0;0.0;0.0;0.0;0.0
Barro;ENGENHO VELHO;-7.0501111111111;-38.701583333333;2003;9;0.0;0.0;0.0;0.0;0.0;0.0;0.0;0.0;0.0;0.0;0.0;0.0;0.0;0.0;0.0;0.0;0.0;0.0;0.0;0.0;0.0;0.0;0.0;0.0;0.0;0.0;0.0;0.0;0.0;0.0;0.0;888.0
Barro;ENGENHO VELHO;-7.0501111111111;-38.701583333333;2003;10;0.0;0.0;0.0;0.0;0.0;0.0;0.0;0.0;0.0;0.0;0.0;0.0;0.0;0.0;0.0;0.0;0.0;0.0;0.0;0.0;0.0;0.0;0.0;0.0;0.0;0.0;0.0;0.0;0.0;0.0;0.0;0.0
Barro;ENGENHO VELHO;-7.0501111111111;-38.701583333333;2003;11;0.0;0.0;0.0;0.0;0.0;0.0;0.0;0.0;0.0;0.0;0.0;0.0;0.0;0.0;0.0;0.0;0.0;0.0;0.0;0.0;0.0;0.0;0.0;0.0;0.0;0.0;0.0;0.0;0.0;0.0;0.0;888.0
Barro;ENGENHO VELHO;-7.0501111111111;-38.701583333333;2003;12;0.0;0.0;0.0;0.0;0.0;0.0;0.0;0.0;0.0;0.0;0.0;0.0;0.0;0.0;0.0;0.0;0.0;0.0;0.0;0.0;0.0;0.0;0.0;0.0;0.0;0.0;0.0;0.0;0.0;0.0;0.0;0.0
Barro;ENGENHO VELHO;-7.0501111111111;-38.701583333333;2004;1;509.3;0.0;0.0;0.0;0.0;0.0;0.0;0.0;0.0;0.0;0.0;0.0;0.0;0.0;27.0;25.0;0.0;11.0;0.0;40.0;20.0;15.0;120.0;0.0;64.0;0.0;40.0;72.0;60.3;0.0;0.0;15.0
Barro;ENGENHO VELHO;-7.0501111111111;-38.701583333333;2004;2;218.7;36.0;20.0;35.0;27.0;24.0;0.0;0.0;7.0;7.2;0.0;0.0;0.0;0.0;0.0;0.0;0.0;0.0;0.0;0.0;0.0;0.0;0.0;0.0;41.2;0.0;0.0;0.0;21.3;0.0;888.0;888.0
Barro;ENGENHO VELHO;-7.0501111111111;-38.701583333333;2004;3;119.8;0.0;0.0;0.0;11.1;10.1;0.0;0.0;29.2;0.0;39.1;0.0;0.0;0.0;0.0;0.0;11.0;0.0;0.0;0.0;0.0;0.0;0.0;0.0;19.3;0.0;0.0;0.0;0.0;0.0;0.0;0.0
Barro;ENGENHO VELHO;-7.0501111111111;-38.701583333333;2004;4;132.6;0.0;0.0;0.0;11.1;10.1;0.0;0.0;29.2;0.0;39.1;0.0;0.0;0.0;0.0;0.0;11.0;0.0;0.0;0.0;0.0;0.0;0.0;0.0;0.0;0.0;0.0;4.0;28.1;999.0;999.0;888.0
Barro;ENGENHO VELHO;-7.0501111111111;-38.701583333333;2004;5;0.0;0.0;0.0;0.0;0.0;0.0;0.0;0.0;0.0;0.0;0.0;0.0;0.0;0.0;0.0;0.0;0.0;0.0;0.0;0.0;0.0;0.0;0.0;0.0;0.0;0.0;0.0;0.0;0.0;0.0;0.0;0.0
Barro;ENGENHO VELHO;-7.0501111111111;-38.701583333333;2004;6;0.0;0.0;0.0;0.0;0.0;0.0;0.0;0.0;0.0;0.0;0.0;0.0;0.0;0.0;0.0;0.0;0.0;0.0;0.0;0.0;0.0;0.0;0.0;0.0;0.0;0.0;0.0;0.0;0.0;0.0;0.0;888.0
Barro;ENGENHO VELHO;-7.0501111111111;-38.701583333333;2004;7;0.0;0.0;0.0;0.0;0.0;0.0;0.0;0.0;0.0;0.0;0.0;0.0;0.0;0.0;0.0;0.0;0.0;0.0;0.0;0.0;0.0;0.0;0.0;0.0;0.0;0.0;0.0;0.0;0.0;0.0;0.0;0.0
Barro;ENGENHO VELHO;-7.0501111111111;-38.701583333333;2004;8;0.0;0.0;0.0;0.0;0.0;0.0;0.0;0.0;0.0;0.0;0.0;0.0;0.0;0.0;0.0;0.0;0.0;0.0;0.0;0.0;0.0;0.0;0.0;0.0;0.0;0.0;0.0;0.0;0.0;0.0;0.0;0.0
Barro;ENGENHO VELHO;-7.0501111111111;-38.701583333333;2004;9;0.0;0.0;0.0;0.0;0.0;0.0;0.0;0.0;0.0;0.0;0.0;0.0;0.0;0.0;0.0;0.0;0.0;0.0;0.0;0.0;0.0;0.0;0.0;0.0;0.0;0.0;0.0;0.0;0.0;0.0;0.0;888.0
Barro;ENGENHO VELHO;-7.0501111111111;-38.701583333333;2004;10;0.0;0.0;0.0;0.0;0.0;0.0;0.0;0.0;0.0;0.0;0.0;0.0;0.0;0.0;0.0;0.0;0.0;0.0;0.0;0.0;0.0;0.0;0.0;0.0;0.0;0.0;0.0;0.0;0.0;0.0;0.0;0.0
Barro;ENGENHO VELHO;-7.0501111111111;-38.701583333333;2004;11;0.0;0.0;0.0;0.0;0.0;0.0;0.0;0.0;0.0;0.0;0.0;0.0;0.0;0.0;0.0;0.0;0.0;0.0;0.0;0.0;0.0;0.0;0.0;0.0;0.0;0.0;0.0;0.0;0.0;0.0;0.0;888.0
Barro;ENGENHO VELHO;-7.0501111111111;-38.701583333333;2004;12;61.6;0.0;0.0;0.0;0.0;0.0;0.0;0.0;0.0;0.0;0.0;0.0;0.0;0.0;0.0;0.0;0.0;0.0;0.0;0.0;0.0;0.0;0.0;0.0;0.0;0.0;0.0;25.3;36.3;0.0;0.0;0.0
Barro;ENGENHO VELHO;-7.0501111111111;-38.701583333333;2005;1;51.7;0.0;0.0;0.0;0.0;0.0;0.0;0.0;0.0;0.0;0.0;0.0;0.0;0.0;0.0;21.3;0.0;4.4;0.0;0.0;0.0;0.0;0.0;0.0;0.0;11.4;10.2;0.0;4.4;0.0;0.0;0.0
Barro;ENGENHO VELHO;-7.0501111111111;-38.701583333333;2005;2;52.0;0.0;0.0;0.0;0.0;0.0;0.0;0.0;0.0;0.0;0.0;0.0;0.0;0.0;0.0;0.0;52.0;0.0;0.0;0.0;0.0;0.0;0.0;0.0;0.0;0.0;0.0;0.0;0.0;888.0;888.0;888.0
Barro;ENGENHO VELHO;-7.0501111111111;-38.701583333333;2005;3;282.1;0.0;0.0;0.0;0.0;0.0;0.0;0.0;0.0;0.0;0.0;0.0;44.2;0.0;12.0;3.0;0.0;9.4;0.0;5.2;23.2;0.0;16.4;38.3;28.0;9.4;28.1;20.4;28.4;3.0;13.1;0.0
Barro;ENGENHO VELHO;-7.0501111111111;-38.701583333333;2005;4;22.2;22.2;0.0;0.0;0.0;0.0;0.0;0.0;0.0;0.0;0.0;0.0;0.0;0.0;0.0;0.0;0.0;0.0;0.0;0.0;0.0;0.0;0.0;0.0;0.0;0.0;0.0;0.0;0.0;0.0;0.0;888.0
Barro;ENGENHO VELHO;-7.0501111111111;-38.701583333333;2005;5;20.7;0.0;0.0;0.0;0.0;0.0;0.0;0.0;0.0;0.0;0.0;4.2;11.3;0.0;0.0;5.2;0.0;0.0;0.0;0.0;0.0;0.0;0.0;0.0;0.0;0.0;0.0;0.0;0.0;0.0;0.0;0.0
Barro;ENGENHO VELHO;-7.0501111111111;-38.701583333333;2005;6;22.7;0.0;0.0;7.0;0.0;0.0;0.0;0.0;0.0;0.0;0.0;0.0;0.0;0.0;0.0;0.0;0.0;0.0;0.0;0.0;0.0;0.0;0.0;0.0;0.0;9.4;6.3;0.0;0.0;0.0;0.0;888.0
Barro;ENGENHO VELHO;-7.0501111111111;-38.701583333333;2005;7;0.0;0.0;0.0;0.0;0.0;0.0;0.0;0.0;0.0;0.0;0.0;0.0;0.0;0.0;0.0;0.0;0.0;0.0;0.0;0.0;0.0;0.0;0.0;0.0;0.0;0.0;0.0;0.0;0.0;0.0;0.0;0.0
Barro;ENGENHO VELHO;-7.0501111111111;-38.701583333333;2005;8;0.0;0.0;0.0;0.0;0.0;0.0;0.0;0.0;0.0;0.0;0.0;0.0;0.0;0.0;0.0;0.0;0.0;0.0;0.0;0.0;0.0;0.0;0.0;0.0;0.0;0.0;0.0;0.0;0.0;0.0;0.0;0.0
Barro;ENGENHO VELHO;-7.0501111111111;-38.701583333333;2005;9;0.0;0.0;0.0;0.0;0.0;0.0;0.0;0.0;0.0;0.0;0.0;0.0;0.0;0.0;0.0;0.0;0.0;0.0;0.0;0.0;0.0;0.0;0.0;0.0;0.0;0.0;0.0;0.0;0.0;0.0;0.0;888.0
Barro;ENGENHO VELHO;-7.0501111111111;-38.701583333333;2005;10;0.0;0.0;0.0;0.0;0.0;0.0;0.0;0.0;0.0;0.0;0.0;0.0;0.0;0.0;0.0;0.0;0.0;0.0;0.0;0.0;0.0;0.0;0.0;0.0;0.0;0.0;0.0;0.0;0.0;0.0;0.0;0.0
Barro;ENGENHO VELHO;-7.0501111111111;-38.701583333333;2005;11;0.0;0.0;0.0;0.0;0.0;0.0;0.0;0.0;0.0;0.0;0.0;0.0;0.0;0.0;0.0;0.0;0.0;0.0;0.0;0.0;0.0;0.0;0.0;0.0;0.0;0.0;0.0;0.0;0.0;0.0;0.0;888.0
Barro;ENGENHO VELHO;-7.0501111111111;-38.701583333333;2005;12;39.9;0.0;0.0;0.0;0.0;9.3;9.1;0.0;0.0;0.0;0.0;0.0;0.0;0.0;0.0;0.0;0.0;0.0;0.0;0.0;0.0;0.0;9.3;0.0;0.0;12.2;0.0;0.0;0.0;0.0;0.0;0.0
Barro;ENGENHO VELHO;-7.0501111111111;-38.701583333333;2006;1;66.0;0.0;0.0;0.0;0.0;0.0;0.0;0.0;0.0;0.0;66.0;0.0;0.0;0.0;0.0;0.0;0.0;0.0;0.0;0.0;0.0;0.0;0.0;0.0;0.0;0.0;0.0;0.0;0.0;0.0;0.0;0.0
Barro;ENGENHO VELHO;-7.0501111111111;-38.701583333333;2006;2;238.7;5.1;6.4;0.0;0.0;5.2;17.0;0.0;0.0;0.0;0.0;0.0;0.0;0.0;27.0;12.0;79.0;0.0;87.0;0.0;0.0;0.0;0.0;0.0;0.0;0.0;0.0;0.0;0.0;888.0;888.0;888.0
Barro;ENGENHO VELHO;-7.0501111111111;-38.701583333333;2006;3;226.4;49.0;7.0;0.0;0.0;0.0;0.0;0.0;0.0;0.0;0.0;0.0;0.0;21.2;8.2;0.0;32.2;0.0;6.0;0.0;2.2;0.0;0.0;0.0;60.0;0.0;11.4;0.0;7.4;0.0;15.4;6.4
Barro;ENGENHO VELHO;-7.0501111111111;-38.701583333333;2006;4;261.8;17.4;0.0;0.0;10.3;2.0;56.2;23.0;0.0;0.0;46.1;0.0;0.0;0.0;0.0;10.1;10.2;0.0;0.0;0.0;0.0;0.0;11.2;41.0;7.2;0.0;0.0;0.0;0.0;27.1;0.0;888.0
Barro;ENGENHO VELHO;-7.0501111111111;-38.701583333333;2006;5;76.0;0.0;7.1;6.1;0.0;0.0;7.2;13.3;10.1;0.0;0.0;0.0;0.0;0.0;18.0;0.0;10.1;4.1;0.0;0.0;0.0;0.0;0.0;0.0;0.0;0.0;0.0;0.0;0.0;0.0;0.0;0.0
Barro;ENGENHO VELHO;-7.0501111111111;-38.701583333333;2006;6;0.0;0.0;0.0;0.0;0.0;0.0;0.0;0.0;0.0;0.0;0.0;0.0;0.0;0.0;0.0;0.0;0.0;0.0;0.0;0.0;0.0;0.0;0.0;0.0;0.0;0.0;0.0;0.0;0.0;0.0;0.0;888.0
Barro;ENGENHO VELHO;-7.0501111111111;-38.701583333333;2006;7;10.0;0.0;0.0;0.0;0.0;0.0;0.0;0.0;0.0;0.0;0.0;0.0;0.0;0.0;0.0;0.0;0.0;0.0;10.0;0.0;0.0;0.0;0.0;0.0;0.0;0.0;0.0;0.0;0.0;0.0;0.0;0.0
Barro;ENGENHO VELHO;-7.0501111111111;-38.701583333333;2006;8;0.0;0.0;0.0;0.0;0.0;0.0;0.0;0.0;0.0;0.0;0.0;0.0;0.0;0.0;0.0;0.0;0.0;0.0;0.0;0.0;0.0;0.0;0.0;0.0;0.0;0.0;0.0;0.0;0.0;0.0;0.0;0.0
Barro;ENGENHO VELHO;-7.0501111111111;-38.701583333333;2006;9;0.0;0.0;0.0;0.0;0.0;0.0;0.0;0.0;0.0;0.0;0.0;0.0;0.0;0.0;0.0;0.0;0.0;0.0;0.0;0.0;0.0;0.0;0.0;0.0;0.0;0.0;0.0;0.0;0.0;0.0;0.0;888.0
Barro;ENGENHO VELHO;-7.0501111111111;-38.701583333333;2006;10;0.0;0.0;0.0;0.0;0.0;0.0;0.0;0.0;0.0;0.0;0.0;0.0;0.0;0.0;0.0;0.0;0.0;0.0;0.0;0.0;0.0;0.0;0.0;0.0;0.0;0.0;0.0;0.0;0.0;0.0;0.0;0.0
Barro;ENGENHO VELHO;-7.0501111111111;-38.701583333333;2006;11;0.0;0.0;0.0;0.0;0.0;0.0;0.0;0.0;0.0;0.0;0.0;0.0;0.0;0.0;0.0;0.0;0.0;0.0;0.0;0.0;0.0;0.0;0.0;0.0;0.0;0.0;0.0;0.0;0.0;0.0;0.0;888.0
Barro;ENGENHO VELHO;-7.0501111111111;-38.701583333333;2006;12;46.8;0.0;0.0;0.0;0.0;0.0;0.0;0.0;0.0;0.0;0.0;0.0;0.0;0.0;0.0;0.0;0.0;0.0;0.0;0.0;0.0;0.0;0.0;0.0;0.0;0.0;0.0;0.0;0.0;12.2;24.2;10.4
Barro;ENGENHO VELHO;-7.0501111111111;-38.701583333333;2007;1;17.2;5.2;12.0;0.0;0.0;0.0;0.0;0.0;0.0;0.0;0.0;0.0;0.0;0.0;0.0;0.0;0.0;0.0;0.0;0.0;0.0;0.0;0.0;0.0;0.0;0.0;0.0;0.0;0.0;0.0;0.0;0.0
Barro;ENGENHO VELHO;-7.0501111111111;-38.701583333333;2007;2;161.1;0.0;0.0;0.0;0.0;0.0;0.0;0.0;0.0;0.0;25.2;3.4;0.0;0.0;0.0;0.0;0.0;0.0;0.0;25.1;18.3;9.3;0.0;4.3;14.2;4.1;52.0;5.2;0.0;888.0;888.0;888.0
Barro;ENGENHO VELHO;-7.0501111111111;-38.701583333333;2007;3;69.4;13.3;4.2;0.0;0.0;5.3;0.0;0.0;0.0;0.0;0.0;0.0;0.0;0.0;0.0;0.0;4.3;22.0;11.3;0.0;6.0;0.0;3.0;0.0;0.0;0.0;0.0;0.0;0.0;0.0;0.0;0.0
Barro;ENGENHO VELHO;-7.0501111111111;-38.701583333333;2007;4;134.6;0.0;0.0;0.0;0.0;0.0;0.0;0.0;0.0;0.0;0.0;0.0;0.0;0.0;0.0;0.0;0.0;24.0;4.0;10.1;35.0;0.0;13.3;0.0;5.1;0.0;30.1;3.3;7.3;2.4;0.0;888.0
Barro;ENGENHO VELHO;-7.0501111111111;-38.701583333333;2007;5;20.7;15.4;5.3;0.0;0.0;0.0;0.0;0.0;0.0;0.0;0.0;0.0;0.0;0.0;0.0;0.0;0.0;0.0;0.0;0.0;0.0;0.0;0.0;0.0;0.0;0.0;0.0;0.0;0.0;0.0;0.0;0.0
Barro;ENGENHO VELHO;-7.0501111111111;-38.701583333333;2007;6;11.2;0.0;0.0;0.0;0.0;0.0;0.0;0.0;0.0;0.0;0.0;0.0;0.0;0.0;0.0;0.0;0.0;0.0;11.2;0.0;0.0;0.0;0.0;0.0;0.0;0.0;0.0;0.0;0.0;0.0;0.0;888.0
Barro;ENGENHO VELHO;-7.0501111111111;-38.701583333333;2007;7;0.0;0.0;0.0;0.0;0.0;0.0;0.0;0.0;0.0;0.0;0.0;0.0;0.0;0.0;0.0;0.0;0.0;0.0;0.0;0.0;0.0;0.0;0.0;0.0;0.0;0.0;0.0;0.0;0.0;0.0;0.0;0.0
Barro;ENGENHO VELHO;-7.0501111111111;-38.701583333333;2007;8;0.0;0.0;0.0;0.0;0.0;0.0;0.0;0.0;0.0;0.0;0.0;0.0;0.0;0.0;0.0;0.0;0.0;0.0;0.0;0.0;0.0;0.0;0.0;0.0;0.0;0.0;0.0;0.0;0.0;0.0;0.0;0.0
Barro;ENGENHO VELHO;-7.0501111111111;-38.701583333333;2007;9;0.0;0.0;0.0;0.0;0.0;0.0;0.0;0.0;0.0;0.0;0.0;0.0;0.0;0.0;0.0;0.0;0.0;0.0;0.0;0.0;0.0;0.0;0.0;0.0;0.0;0.0;0.0;0.0;0.0;0.0;0.0;888.0
Barro;ENGENHO VELHO;-7.0501111111111;-38.701583333333;2007;10;0.0;0.0;0.0;0.0;0.0;0.0;0.0;0.0;0.0;0.0;0.0;0.0;0.0;0.0;0.0;0.0;0.0;0.0;0.0;0.0;0.0;0.0;0.0;0.0;0.0;0.0;0.0;0.0;0.0;0.0;0.0;0.0
Barro;ENGENHO VELHO;-7.0501111111111;-38.701583333333;2007;11;0.0;0.0;0.0;0.0;0.0;0.0;0.0;0.0;0.0;0.0;0.0;0.0;0.0;0.0;0.0;0.0;0.0;0.0;0.0;0.0;0.0;0.0;0.0;0.0;0.0;0.0;0.0;0.0;0.0;0.0;0.0;888.0
Barro;ENGENHO VELHO;-7.0501111111111;-38.701583333333;2007;12;0.0;0.0;999.0;999.0;999.0;999.0;999.0;999.0;999.0;999.0;999.0;999.0;999.0;999.0;999.0;999.0;999.0;999.0;999.0;999.0;999.0;999.0;999.0;999.0;999.0;999.0;999.0;999.0;999.0;999.0;999.0;999.0
Barro;ENGENHO VELHO;-7.0501111111111;-38.701583333333;2008;1;283.8;0.0;0.0;0.0;0.0;0.0;0.0;0.0;0.0;0.0;0.0;0.0;0.0;0.0;0.0;0.0;0.0;0.0;0.0;63.0;4.0;0.0;0.0;0.0;25.0;10.2;37.2;46.0;11.2;0.0;4.2;83.0
Barro;ENGENHO VELHO;-7.0501111111111;-38.701583333333;2008;2;217.4;46.1;0.0;0.0;0.0;0.0;0.0;0.0;0.0;0.0;0.0;0.0;0.0;21.1;11.0;10.1;42.2;39.2;0.0;0.0;0.0;0.0;0.0;19.4;0.0;0.0;0.0;28.3;0.0;0.0;888.0;888.0
Barro;ENGENHO VELHO;-7.0501111111111;-38.701583333333;2008;3;577.4;11.2;0.0;0.0;0.0;12.1;0.0;4.2;0.0;29.4;0.0;0.0;26.5;27.1;0.0;29.1;25.3;17.0;51.2;57.0;0.0;1.3;31.1;5.2;56.1;24.4;59.3;23.2;32.2;10.3;26.1;18.1
Barro;ENGENHO VELHO;-7.0501111111111;-38.701583333333;2008;4;263.5;8.4;30.4;6.3;0.0;13.3;0.0;8.4;0.0;79.4;0.0;0.0;0.0;10.3;0.0;0.0;5.3;0.0;0.0;0.0;0.0;15.1;0.0;0.0;10.1;0.0;0.0;0.0;0.0;61.2;15.3;888.0
Barro;ENGENHO VELHO;-7.0501111111111;-38.701583333333;2008;5;77.0;9.1;0.0;0.0;0.0;0.0;9.3;0.0;0.0;7.1;4.0;12.2;0.0;0.0;0.0;0.0;0.0;0.0;0.0;0.0;18.0;0.0;0.0;17.3;0.0;0.0;0.0;999.0;999.0;999.0;999.0;999.0
Barro;ENGENHO VELHO;-7.0501111111111;-38.701583333333;2008;6;12.3;0.0;0.0;0.0;0.0;0.0;0.0;0.0;0.0;0.0;0.0;12.3;0.0;0.0;0.0;0.0;0.0;0.0;0.0;0.0;0.0;0.0;0.0;0.0;0.0;0.0;0.0;0.0;0.0;0.0;0.0;888.0
Barro;ENGENHO VELHO;-7.0501111111111;-38.701583333333;2008;7;13.3;0.0;0.0;0.0;0.0;0.0;0.0;0.0;0.0;0.0;0.0;0.0;0.0;0.0;0.0;0.0;0.0;0.0;0.0;0.0;0.0;0.0;13.3;0.0;0.0;0.0;0.0;0.0;0.0;0.0;0.0;0.0
Barro;ENGENHO VELHO;-7.0501111111111;-38.701583333333;2008;8;0.0;0.0;0.0;0.0;0.0;0.0;0.0;0.0;0.0;0.0;0.0;0.0;0.0;0.0;0.0;0.0;0.0;0.0;0.0;0.0;0.0;0.0;0.0;0.0;0.0;0.0;0.0;0.0;0.0;0.0;0.0;0.0
Barro;ENGENHO VELHO;-7.0501111111111;-38.701583333333;2008;9;0.0;0.0;0.0;0.0;0.0;0.0;0.0;0.0;0.0;0.0;0.0;0.0;0.0;0.0;0.0;0.0;0.0;0.0;0.0;0.0;0.0;0.0;0.0;0.0;0.0;0.0;0.0;0.0;0.0;0.0;0.0;888.0
Barro;ENGENHO VELHO;-7.0501111111111;-38.701583333333;2008;10;0.0;0.0;0.0;0.0;0.0;0.0;0.0;0.0;0.0;0.0;0.0;0.0;0.0;0.0;0.0;0.0;0.0;0.0;0.0;0.0;0.0;0.0;0.0;0.0;0.0;0.0;0.0;0.0;0.0;0.0;0.0;0.0
Barro;ENGENHO VELHO;-7.0501111111111;-38.701583333333;2008;11;0.0;0.0;0.0;0.0;0.0;0.0;0.0;0.0;0.0;0.0;0.0;0.0;0.0;0.0;0.0;0.0;0.0;0.0;0.0;0.0;0.0;0.0;0.0;0.0;0.0;0.0;0.0;0.0;0.0;0.0;0.0;888.0
Barro;ENGENHO VELHO;-7.0501111111111;-38.701583333333;2008;12;0.0;0.0;0.0;0.0;0.0;0.0;0.0;0.0;0.0;0.0;0.0;0.0;0.0;0.0;0.0;0.0;0.0;0.0;0.0;0.0;0.0;0.0;0.0;0.0;0.0;0.0;0.0;0.0;0.0;0.0;0.0;0.0
Barro;ENGENHO VELHO;-7.0501111111111;-38.701583333333;2009;1;105.8;0.0;0.0;0.0;0.0;0.0;0.0;0.0;0.0;0.0;0.0;0.0;0.0;0.0;0.0;0.0;0.0;29.3;0.0;0.0;0.0;0.0;30.0;36.1;0.0;0.0;0.0;0.0;0.0;0.0;0.0;10.4
Barro;ENGENHO VELHO;-7.0501111111111;-38.701583333333;2009;2;72.8;8.4;0.0;0.0;0.0;0.0;3.2;0.0;0.0;0.0;0.0;0.0;1.2;0.0;0.0;0.0;0.0;0.0;0.0;26.2;0.0;0.0;0.0;19.4;0.0;6.2;0.0;0.0;8.2;888.0;888.0;888.0
Barro;ENGENHO VELHO;-7.0501111111111;-38.701583333333;2009;3;191.2;11.4;15.3;36.1;29.3;0.0;0.0;0.0;0.0;0.0;0.0;10.1;0.0;0.0;35.3;0.0;0.0;0.0;18.1;0.0;0.0;0.0;0.0;0.0;0.0;7.4;28.2;0.0;0.0;0.0;0.0;0.0
Barro;ENGENHO VELHO;-7.0501111111111;-38.701583333333;2009;4;312.6;0.0;11.1;7.4;0.0;47.2;5.0;0.0;0.0;0.0;5.4;0.0;54.0;8.0;16.3;0.0;0.0;5.3;0.0;4.4;0.0;11.0;30.3;10.4;7.0;9.3;0.0;4.0;28.1;48.4;0.0;888.0
Barro;ENGENHO VELHO;-7.0501111111111;-38.701583333333;2009;5;277.2;10.3;30.3;0.0;0.0;75.1;21.0;27.1;21.1;13.0;18.2;2.4;0.0;12.2;0.0;0.0;0.0;15.4;7.4;0.0;0.0;1.1;0.0;0.0;0.0;0.0;0.0;17.2;5.4;0.0;0.0;0.0
Barro;ENGENHO VELHO;-7.0501111111111;-38.701583333333;2009;6;7.1;0.0;0.0;0.0;0.0;0.0;0.0;0.0;0.0;0.0;0.0;0.0;7.1;0.0;0.0;0.0;0.0;0.0;0.0;0.0;0.0;0.0;0.0;0.0;0.0;0.0;0.0;0.0;0.0;0.0;0.0;888.0
Barro;ENGENHO VELHO;-7.0501111111111;-38.701583333333;2009;8;15.2;0.0;0.0;0.0;0.0;0.0;0.0;0.0;0.0;0.0;0.0;0.0;0.0;0.0;0.0;0.0;0.0;0.0;0.0;0.0;0.0;0.0;0.0;0.0;0.0;0.0;0.0;15.2;0.0;0.0;0.0;0.0
Barro;ENGENHO VELHO;-7.0501111111111;-38.701583333333;2009;9;0.0;0.0;0.0;0.0;0.0;0.0;0.0;0.0;0.0;0.0;0.0;0.0;0.0;0.0;0.0;0.0;0.0;0.0;0.0;0.0;0.0;0.0;0.0;0.0;0.0;0.0;0.0;0.0;0.0;0.0;0.0;888.0
Barro;ENGENHO VELHO;-7.0501111111111;-38.701583333333;2009;10;0.0;0.0;0.0;0.0;0.0;0.0;0.0;0.0;0.0;0.0;0.0;0.0;0.0;0.0;0.0;0.0;0.0;0.0;0.0;0.0;0.0;0.0;0.0;0.0;0.0;0.0;0.0;0.0;0.0;0.0;0.0;0.0
Barro;ENGENHO VELHO;-7.0501111111111;-38.701583333333;2009;11;0.0;0.0;0.0;0.0;0.0;0.0;0.0;0.0;0.0;0.0;0.0;0.0;0.0;0.0;0.0;0.0;0.0;0.0;0.0;0.0;0.0;0.0;0.0;0.0;0.0;0.0;0.0;0.0;0.0;0.0;0.0;888.0
Barro;ENGENHO VELHO;-7.0501111111111;-38.701583333333;2009;12;0.0;0.0;0.0;0.0;0.0;0.0;0.0;0.0;0.0;0.0;0.0;0.0;0.0;0.0;0.0;0.0;0.0;0.0;0.0;0.0;0.0;0.0;0.0;0.0;0.0;0.0;0.0;0.0;0.0;0.0;0.0;0.0
Barro;ENGENHO VELHO;-7.0501111111111;-38.701583333333;2010;1;110.6;6.2;46.2;0.0;0.0;0.0;0.0;0.0;0.0;0.0;0.0;13.0;0.0;0.0;0.0;0.0;0.0;0.0;0.0;0.0;21.2;0.0;0.0;0.0;0.0;0.0;0.0;0.0;0.0;24.0;0.0;0.0
Barro;ENGENHO VELHO;-7.0501111111111;-38.701583333333;2010;2;27.1;0.0;0.0;0.0;0.0;0.0;0.0;0.0;0.0;0.0;0.0;0.0;0.0;0.0;27.1;0.0;0.0;0.0;0.0;0.0;0.0;0.0;0.0;0.0;0.0;0.0;0.0;0.0;0.0;888.0;888.0;888.0
Barro;ENGENHO VELHO;-7.0501111111111;-38.701583333333;2010;3;52.3;0.0;0.0;0.0;0.0;0.0;0.0;0.0;0.0;0.0;0.0;0.0;0.0;0.0;0.0;0.0;0.0;0.0;7.1;0.0;0.0;42.2;0.0;0.0;0.0;0.0;0.0;0.0;0.0;0.0;3.0;0.0
Barro;ENGENHO VELHO;-7.0501111111111;-38.701583333333;2010;4;282.5;0.0;0.0;0.0;0.0;0.0;0.0;0.0;0.0;102.0;14.1;70.0;0.0;0.0;70.0;0.0;0.0;21.2;0.0;0.0;0.0;0.0;0.0;5.2;0.0;0.0;0.0;0.0;0.0;0.0;0.0;888.0
Barro;ENGENHO VELHO;-7.0501111111111;-38.701583333333;2010;5;8.3;0.0;0.0;0.0;0.0;0.0;0.0;0.0;0.0;0.0;0.0;0.0;0.0;8.3;0.0;0.0;0.0;0.0;0.0;0.0;0.0;0.0;0.0;0.0;0.0;0.0;0.0;0.0;0.0;0.0;0.0;0.0
Barro;ENGENHO VELHO;-7.0501111111111;-38.701583333333;2010;6;47.7;0.0;0.0;0.0;0.0;0.0;0.0;0.0;0.0;0.0;0.0;0.0;0.0;0.0;0.0;0.0;0.0;0.0;0.0;0.0;6.4;0.0;0.0;0.0;11.0;0.0;0.0;0.0;30.3;0.0;0.0;888.0
Barro;ENGENHO VELHO;-7.0501111111111;-38.701583333333;2010;7;0.0;0.0;0.0;0.0;0.0;0.0;0.0;0.0;0.0;0.0;0.0;0.0;0.0;0.0;0.0;0.0;0.0;0.0;0.0;0.0;0.0;0.0;0.0;0.0;0.0;0.0;0.0;0.0;0.0;0.0;0.0;0.0
Barro;ENGENHO VELHO;-7.0501111111111;-38.701583333333;2010;8;0.0;0.0;0.0;0.0;0.0;0.0;0.0;0.0;0.0;0.0;0.0;0.0;0.0;0.0;0.0;0.0;0.0;0.0;0.0;0.0;0.0;0.0;0.0;0.0;0.0;0.0;0.0;0.0;0.0;0.0;0.0;0.0
Barro;ENGENHO VELHO;-7.0501111111111;-38.701583333333;2010;9;0.0;0.0;0.0;0.0;0.0;0.0;0.0;0.0;0.0;0.0;0.0;0.0;0.0;0.0;0.0;0.0;0.0;0.0;0.0;0.0;0.0;0.0;0.0;0.0;0.0;0.0;0.0;0.0;0.0;0.0;0.0;888.0
Barro;ENGENHO VELHO;-7.0501111111111;-38.701583333333;2010;10;0.0;0.0;0.0;0.0;0.0;0.0;0.0;0.0;0.0;0.0;0.0;0.0;0.0;0.0;0.0;0.0;0.0;0.0;0.0;0.0;0.0;0.0;0.0;0.0;0.0;0.0;0.0;0.0;0.0;0.0;0.0;0.0
Barro;ENGENHO VELHO;-7.0501111111111;-38.701583333333;2010;11;0.0;0.0;0.0;0.0;0.0;0.0;0.0;0.0;0.0;0.0;0.0;0.0;0.0;0.0;0.0;0.0;0.0;0.0;0.0;0.0;0.0;0.0;0.0;0.0;0.0;0.0;0.0;0.0;0.0;0.0;0.0;888.0
Barro;ENGENHO VELHO;-7.0501111111111;-38.701583333333;2010;12;92.2;0.0;0.0;0.0;0.0;0.0;0.0;0.0;0.0;0.0;0.0;0.0;0.0;0.0;0.0;0.0;0.0;0.0;0.0;0.0;81.0;11.2;0.0;0.0;0.0;0.0;0.0;0.0;0.0;0.0;0.0;0.0
Barro;ENGENHO VELHO;-7.0501111111111;-38.701583333333;2011;1;292.9;0.0;0.0;0.0;0.0;0.0;0.0;0.0;0.0;33.0;20.0;0.0;0.0;0.0;11.0;0.0;0.0;0.0;0.0;0.0;0.0;14.2;26.1;42.3;28.4;13.1;50.1;3.3;11.2;0.0;40.2;0.0
Barro;ENGENHO VELHO;-7.0501111111111;-38.701583333333;2011;2;342.8;27.3;22.3;0.0;6.0;34.0;2.0;27.3;0.0;0.0;0.0;0.0;0.0;0.0;0.0;0.0;0.0;68.1;0.0;0.0;74.2;6.0;0.0;0.0;0.0;0.0;22.2;11.2;42.2;888.0;888.0;888.0
Barro;ENGENHO VELHO;-7.0501111111111;-38.701583333333;2011;3;50.6;0.0;7.2;0.0;0.0;0.0;0.0;0.0;0.0;0.0;0.0;0.0;0.0;0.0;0.0;0.0;0.0;0.0;0.0;0.0;0.0;0.0;0.0;0.0;5.2;8.2;30.0;0.0;0.0;0.0;0.0;0.0
Barro;ENGENHO VELHO;-7.0501111111111;-38.701583333333;2011;4;72.8;0.0;0.0;0.0;0.0;0.0;0.0;0.0;0.0;6.4;9.0;0.0;6.2;4.4;0.0;2.4;0.0;4.4;0.0;0.0;21.0;0.0;0.0;4.2;7.2;0.0;0.0;5.2;0.0;0.0;2.4;888.0
Barro;ENGENHO VELHO;-7.0501111111111;-38.701583333333;2011;5;77.1;9.4;27.0;0.0;0.0;9.1;0.0;0.0;0.0;0.0;0.0;0.0;0.0;0.0;0.0;0.0;0.0;0.0;0.0;21.2;10.4;0.0;0.0;0.0;0.0;0.0;0.0;0.0;0.0;0.0;0.0;0.0
Barro;ENGENHO VELHO;-7.0501111111111;-38.701583333333;2011;6;0.0;0.0;0.0;0.0;0.0;0.0;0.0;0.0;0.0;0.0;0.0;0.0;0.0;0.0;0.0;0.0;0.0;0.0;0.0;0.0;0.0;0.0;0.0;0.0;0.0;0.0;0.0;0.0;0.0;0.0;0.0;888.0
Barro;ENGENHO VELHO;-7.0501111111111;-38.701583333333;2011;7;74.5;0.0;0.0;0.0;0.0;0.0;0.0;0.0;0.0;0.0;0.0;0.0;19.3;55.2;0.0;0.0;0.0;0.0;0.0;0.0;0.0;0.0;0.0;0.0;0.0;0.0;0.0;0.0;0.0;0.0;0.0;0.0
Barro;ENGENHO VELHO;-7.0501111111111;-38.701583333333;2011;8;0.0;0.0;0.0;0.0;0.0;0.0;0.0;0.0;0.0;0.0;0.0;0.0;0.0;0.0;0.0;0.0;0.0;0.0;0.0;0.0;0.0;0.0;0.0;0.0;0.0;0.0;0.0;0.0;0.0;0.0;0.0;0.0
Barro;ENGENHO VELHO;-7.0501111111111;-38.701583333333;2011;9;0.0;0.0;0.0;0.0;0.0;0.0;0.0;0.0;0.0;0.0;0.0;0.0;0.0;0.0;0.0;0.0;0.0;0.0;0.0;0.0;0.0;0.0;0.0;0.0;0.0;0.0;0.0;0.0;0.0;0.0;0.0;888.0
Barro;ENGENHO VELHO;-7.0501111111111;-38.701583333333;2011;10;0.0;0.0;0.0;0.0;0.0;0.0;0.0;0.0;0.0;0.0;0.0;0.0;0.0;0.0;0.0;0.0;0.0;0.0;0.0;0.0;0.0;0.0;0.0;0.0;0.0;0.0;0.0;0.0;0.0;0.0;0.0;0.0
Barro;ENGENHO VELHO;-7.0501111111111;-38.701583333333;2011;11;111.1;0.0;0.0;0.0;0.0;102.0;0.0;0.0;9.1;999.0;999.0;999.0;999.0;999.0;999.0;999.0;999.0;999.0;999.0;999.0;999.0;999.0;999.0;999.0;999.0;999.0;999.0;999.0;999.0;999.0;999.0;888.0
Barro;ENGENHO VELHO;-7.0501111111111;-38.701583333333;2012;1;104.7;0.0;0.0;0.0;0.0;0.0;0.0;0.0;0.0;0.0;0.0;0.0;0.0;0.0;0.0;0.0;0.0;0.0;0.0;0.0;12.0;999.0;28.0;0.0;0.0;0.0;0.0;3.2;0.0;16.3;45.2;0.0
Barro;ENGENHO VELHO;-7.0501111111111;-38.701583333333;2012;2;148.2;0.0;0.0;0.0;0.0;0.0;0.0;0.0;0.0;0.0;0.0;0.0;0.0;0.0;0.0;0.0;0.0;24.2;5.0;60.0;0.0;0.0;0.0;0.0;38.4;4.2;12.3;4.1;0.0;0.0;888.0;888.0
Barro;ENGENHO VELHO;-7.0501111111111;-38.701583333333;2012;3;176.8;0.0;0.0;0.0;0.0;2.4;0.0;5.0;7.2;0.0;0.0;12.3;0.0;0.0;0.0;0.0;0.0;0.0;0.0;6.0;2.4;2.1;0.0;0.0;0.0;0.0;24.4;0.0;105.0;10.0;0.0;0.0
Barro;ENGENHO VELHO;-7.0501111111111;-38.701583333333;2012;4;35.6;0.0;0.0;0.0;17.1;0.0;0.0;0.0;0.0;0.0;0.0;0.0;0.0;0.0;0.0;0.0;0.0;0.0;0.0;0.0;0.0;0.0;0.0;0.0;14.1;4.4;0.0;0.0;0.0;0.0;999.0;888.0
Barro;ENGENHO VELHO;-7.0501111111111;-38.701583333333;2012;5;28.5;0.0;0.0;0.0;0.0;0.0;0.0;0.0;0.0;0.0;0.0;0.0;0.0;0.0;0.0;0.0;0.0;0.0;0.0;0.0;0.0;0.0;0.0;9.4;0.0;19.1;0.0;0.0;0.0;0.0;0.0;0.0
Barro;ENGENHO VELHO;-7.0501111111111;-38.701583333333;2012;6;26.4;0.0;0.0;0.0;0.0;0.0;0.0;0.0;0.0;0.0;0.0;0.0;0.0;0.0;0.0;0.0;0.0;0.0;0.0;0.0;0.0;0.0;0.0;0.0;0.0;19.4;0.0;0.0;0.0;7.0;0.0;888.0
Barro;ENGENHO VELHO;-7.0501111111111;-38.701583333333;2012;7;0.0;0.0;0.0;0.0;0.0;0.0;0.0;0.0;0.0;0.0;0.0;0.0;0.0;0.0;0.0;0.0;0.0;0.0;0.0;0.0;0.0;0.0;0.0;0.0;0.0;0.0;0.0;0.0;0.0;0.0;0.0;0.0
Barro;ENGENHO VELHO;-7.0501111111111;-38.701583333333;2012;8;0.0;0.0;0.0;0.0;0.0;0.0;0.0;0.0;0.0;0.0;0.0;0.0;0.0;0.0;0.0;0.0;0.0;0.0;0.0;0.0;0.0;0.0;0.0;0.0;0.0;0.0;0.0;0.0;0.0;0.0;0.0;0.0
Barro;ENGENHO VELHO;-7.0501111111111;-38.701583333333;2012;9;0.0;0.0;0.0;0.0;0.0;0.0;0.0;0.0;0.0;0.0;0.0;0.0;0.0;0.0;0.0;0.0;0.0;0.0;0.0;0.0;0.0;0.0;0.0;0.0;0.0;0.0;0.0;0.0;0.0;0.0;0.0;888.0
Barro;ENGENHO VELHO;-7.0501111111111;-38.701583333333;2012;10;0.0;0.0;0.0;0.0;0.0;0.0;0.0;0.0;0.0;0.0;0.0;0.0;0.0;0.0;0.0;0.0;0.0;0.0;0.0;0.0;0.0;0.0;0.0;0.0;0.0;0.0;0.0;0.0;0.0;0.0;0.0;0.0
Barro;ENGENHO VELHO;-7.0501111111111;-38.701583333333;2012;11;0.0;0.0;0.0;0.0;0.0;0.0;0.0;0.0;0.0;0.0;0.0;0.0;0.0;0.0;0.0;0.0;0.0;0.0;0.0;0.0;0.0;0.0;0.0;0.0;0.0;0.0;0.0;0.0;0.0;0.0;0.0;888.0
Barro;ENGENHO VELHO;-7.0501111111111;-38.701583333333;2012;12;0.0;0.0;0.0;0.0;0.0;0.0;0.0;0.0;0.0;0.0;0.0;0.0;0.0;0.0;0.0;0.0;0.0;0.0;0.0;0.0;0.0;0.0;0.0;0.0;0.0;0.0;0.0;0.0;0.0;0.0;0.0;0.0
Barro;ENGENHO VELHO;-7.0501111111111;-38.701583333333;2013;1;43.3;0.0;0.0;0.0;0.0;0.0;0.0;0.0;0.0;0.0;0.0;0.0;0.0;0.0;0.0;0.0;0.0;0.0;0.0;0.0;0.0;18.1;25.2;999.0;999.0;999.0;999.0;999.0;999.0;999.0;999.0;999.0
Barro;ENGENHO VELHO;-7.0501111111111;-38.701583333333;2013;2;95.3;0.0;0.0;0.0;0.0;0.0;0.0;0.0;0.0;0.0;9.0;0.0;0.0;0.0;4.1;0.0;10.2;57.0;15.0;0.0;0.0;999.0;999.0;999.0;999.0;999.0;999.0;999.0;999.0;888.0;888.0;888.0
Barro;ENGENHO VELHO;-7.0501111111111;-38.701583333333;2013;3;160.8;0.0;0.0;0.0;0.0;0.0;0.0;0.0;0.0;0.0;0.0;0.0;0.0;0.0;0.0;0.0;0.0;0.0;11.4;0.0;38.4;0.0;0.0;0.0;20.2;41.2;0.0;0.0;0.0;0.0;25.4;24.2
Barro;ENGENHO VELHO;-7.0501111111111;-38.701583333333;2013;4;131.5;0.0;0.0;2.0;0.0;10.1;0.0;0.0;0.0;0.0;0.0;0.0;0.0;0.0;0.0;0.0;0.0;0.0;43.0;0.0;0.0;19.1;0.0;0.0;0.0;25.0;0.0;21.1;0.0;0.0;11.2;888.0
Barro;ENGENHO VELHO;-7.0501111111111;-38.701583333333;2013;5;54.2;0.0;0.0;0.0;0.0;0.0;0.0;0.0;0.0;34.2;20.0;0.0;0.0;0.0;0.0;0.0;0.0;0.0;0.0;0.0;0.0;0.0;0.0;0.0;0.0;0.0;0.0;0.0;0.0;0.0;0.0;0.0
Barro;ENGENHO VELHO;-7.0501111111111;-38.701583333333;2013;6;39.3;0.0;0.0;0.0;0.0;0.0;0.0;0.0;0.0;0.0;0.0;0.0;0.0;0.0;0.0;0.0;0.0;0.0;0.0;0.0;0.0;0.0;0.0;0.0;0.0;0.0;0.0;35.2;0.0;4.1;0.0;888.0
Barro;ENGENHO VELHO;-7.0501111111111;-38.701583333333;2013;7;0.0;0.0;0.0;0.0;0.0;0.0;0.0;0.0;0.0;0.0;0.0;0.0;0.0;0.0;0.0;0.0;0.0;0.0;0.0;0.0;0.0;0.0;0.0;0.0;0.0;0.0;0.0;0.0;0.0;0.0;0.0;0.0
Barro;ENGENHO VELHO;-7.0501111111111;-38.701583333333;2013;8;0.0;0.0;0.0;0.0;0.0;0.0;0.0;0.0;0.0;0.0;0.0;0.0;0.0;0.0;0.0;0.0;0.0;0.0;0.0;0.0;0.0;0.0;0.0;0.0;0.0;0.0;0.0;0.0;0.0;0.0;0.0;0.0
Barro;ENGENHO VELHO;-7.0501111111111;-38.701583333333;2013;9;0.0;0.0;0.0;0.0;0.0;0.0;0.0;0.0;0.0;0.0;0.0;0.0;0.0;0.0;0.0;0.0;0.0;0.0;0.0;0.0;0.0;0.0;0.0;0.0;0.0;0.0;0.0;0.0;0.0;0.0;0.0;888.0
Barro;ENGENHO VELHO;-7.0501111111111;-38.701583333333;2013;10;0.0;0.0;0.0;0.0;0.0;0.0;0.0;0.0;0.0;0.0;0.0;0.0;0.0;0.0;0.0;0.0;0.0;0.0;0.0;0.0;0.0;0.0;0.0;0.0;0.0;0.0;0.0;0.0;0.0;0.0;0.0;0.0
Barro;ENGENHO VELHO;-7.0501111111111;-38.701583333333;2013;11;0.0;0.0;0.0;0.0;0.0;0.0;0.0;0.0;0.0;0.0;0.0;0.0;0.0;0.0;0.0;0.0;0.0;0.0;0.0;0.0;0.0;0.0;0.0;0.0;0.0;0.0;0.0;0.0;0.0;0.0;0.0;888.0
Barro;ENGENHO VELHO;-7.0501111111111;-38.701583333333;2013;12;86.8;0.0;0.0;0.0;0.0;0.0;0.0;0.0;0.0;0.0;0.0;0.0;0.0;0.0;0.0;0.0;0.0;0.0;0.0;65.4;0.0;21.4;0.0;0.0;0.0;0.0;0.0;0.0;0.0;0.0;0.0;0.0
Barro;ENGENHO VELHO;-7.0501111111111;-38.701583333333;2014;1;45.7;0.0;0.0;0.0;0.0;0.0;0.0;0.0;0.0;0.0;0.0;0.0;0.0;0.0;0.0;0.0;0.0;0.0;0.0;0.0;29.4;0.0;0.0;0.0;0.0;0.0;0.0;0.0;0.0;0.0;16.3;0.0
Barro;ENGENHO VELHO;-7.0501111111111;-38.701583333333;2014;2;183.1;0.0;0.0;0.0;12.1;0.0;0.0;12.0;0.0;39.4;0.0;0.0;54.0;0.0;0.0;0.0;0.0;42.3;0.0;23.3;0.0;0.0;0.0;0.0;0.0;0.0;0.0;0.0;0.0;888.0;888.0;888.0
Barro;ENGENHO VELHO;-7.0501111111111;-38.701583333333;2014;3;172.8;0.0;0.0;0.0;4.1;44.3;13.0;0.0;0.0;0.0;19.4;0.0;0.0;0.0;0.0;13.1;19.3;3.0;4.0;2.0;0.0;0.0;0.0;0.0;0.0;0.0;0.0;8.4;20.5;7.3;0.0;14.4
Barro;ENGENHO VELHO;-7.0501111111111;-38.701583333333;2014;4;80.1;0.0;0.0;0.0;0.0;0.0;0.0;0.0;0.0;0.0;0.0;5.0;11.3;0.0;0.0;0.0;0.0;2.3;16.4;0.0;0.0;0.0;0.0;15.1;30.0;0.0;0.0;0.0;0.0;0.0;0.0;888.0
Barro;ENGENHO VELHO;-7.0501111111111;-38.701583333333;2014;5;18.4;0.0;0.0;0.0;0.0;0.0;0.0;0.0;0.0;0.0;0.0;0.0;0.0;0.0;0.0;0.0;0.0;0.0;0.0;0.0;0.0;0.0;0.0;0.0;0.0;0.0;0.0;0.0;0.0;18.4;0.0;0.0
Barro;ENGENHO VELHO;-7.0501111111111;-38.701583333333;2014;6;0.0;0.0;0.0;0.0;0.0;0.0;0.0;0.0;0.0;0.0;0.0;0.0;0.0;0.0;0.0;0.0;0.0;0.0;0.0;0.0;0.0;0.0;0.0;0.0;0.0;0.0;0.0;0.0;0.0;0.0;0.0;888.0
Barro;ENGENHO VELHO;-7.0501111111111;-38.701583333333;2014;7;0.0;0.0;0.0;0.0;0.0;0.0;0.0;0.0;0.0;0.0;0.0;0.0;0.0;0.0;0.0;0.0;0.0;0.0;0.0;0.0;0.0;0.0;0.0;0.0;0.0;0.0;0.0;0.0;0.0;0.0;0.0;0.0
Barro;ENGENHO VELHO;-7.0501111111111;-38.701583333333;2014;8;0.0;0.0;0.0;0.0;0.0;0.0;0.0;0.0;0.0;0.0;0.0;0.0;0.0;0.0;0.0;0.0;0.0;0.0;0.0;0.0;0.0;0.0;0.0;0.0;0.0;0.0;0.0;0.0;0.0;0.0;0.0;0.0
Barro;ENGENHO VELHO;-7.0501111111111;-38.701583333333;2014;9;0.0;0.0;0.0;0.0;0.0;0.0;0.0;0.0;0.0;0.0;0.0;0.0;0.0;0.0;0.0;0.0;0.0;0.0;0.0;0.0;999.0;999.0;999.0;999.0;999.0;999.0;999.0;999.0;999.0;999.0;999.0;888.0
Barro;ENGENHO VELHO;-7.0501111111111;-38.701583333333;2014;11;138.3;0.0;0.0;0.0;0.0;0.0;0.0;0.0;0.0;0.0;0.0;0.0;0.0;0.0;0.0;0.0;0.0;0.0;90.0;28.0;20.3;0.0;0.0;0.0;0.0;0.0;0.0;0.0;0.0;0.0;0.0;888.0
Barro;ENGENHO VELHO;-7.0501111111111;-38.701583333333;2014;12;0.0;0.0;0.0;0.0;0.0;0.0;0.0;0.0;0.0;0.0;0.0;0.0;0.0;0.0;0.0;0.0;0.0;0.0;0.0;0.0;0.0;0.0;0.0;0.0;0.0;0.0;0.0;0.0;0.0;0.0;0.0;0.0
Barro;ENGENHO VELHO;-7.0501111111111;-38.701583333333;2015;1;0.0;0.0;0.0;0.0;0.0;0.0;0.0;0.0;0.0;0.0;0.0;0.0;0.0;0.0;0.0;0.0;0.0;0.0;0.0;0.0;0.0;0.0;0.0;0.0;0.0;0.0;0.0;0.0;0.0;0.0;0.0;0.0
Barro;ENGENHO VELHO;-7.0501111111111;-38.701583333333;2015;2;67.7;0.0;0.0;34.0;0.0;0.0;0.0;0.0;999.0;0.0;0.0;0.0;0.0;0.0;0.0;0.0;0.0;0.0;0.0;0.0;0.0;22.3;0.0;0.0;0.0;2.3;9.1;0.0;0.0;888.0;888.0;888.0
Barro;ENGENHO VELHO;-7.0501111111111;-38.701583333333;2015;3;227.9;0.0;70.0;12.0;0.0;0.0;0.0;0.0;0.0;22.3;16.3;0.0;0.0;0.0;0.0;0.0;0.0;0.0;0.0;0.0;0.0;0.0;0.0;26.0;16.3;20.3;24.3;0.0;13.4;0.0;0.0;7.0
Barro;ENGENHO VELHO;-7.0501111111111;-38.701583333333;2015;4;26.3;0.0;0.0;0.0;10.3;0.0;0.0;0.0;0.0;16.0;0.0;0.0;0.0;0.0;0.0;0.0;0.0;0.0;0.0;0.0;0.0;0.0;0.0;0.0;0.0;0.0;0.0;0.0;0.0;0.0;0.0;888.0
Barro;ENGENHO VELHO;-7.0501111111111;-38.701583333333;2015;5;0.0;0.0;0.0;0.0;0.0;0.0;0.0;0.0;0.0;0.0;0.0;0.0;0.0;0.0;0.0;0.0;0.0;0.0;0.0;0.0;0.0;0.0;0.0;0.0;0.0;0.0;0.0;0.0;0.0;0.0;0.0;0.0
Barro;ENGENHO VELHO;-7.0501111111111;-38.701583333333;2015;6;59.1;0.0;0.0;0.0;0.0;0.0;13.0;14.0;32.1;0.0;0.0;0.0;0.0;0.0;0.0;0.0;0.0;0.0;0.0;0.0;0.0;0.0;0.0;0.0;0.0;0.0;0.0;0.0;0.0;0.0;0.0;888.0
Barro;ENGENHO VELHO;-7.0501111111111;-38.701583333333;2015;7;54.3;9.1;0.0;12.1;0.0;33.1;0.0;0.0;0.0;0.0;0.0;0.0;0.0;0.0;0.0;0.0;0.0;0.0;0.0;0.0;0.0;0.0;0.0;0.0;0.0;0.0;0.0;0.0;0.0;0.0;0.0;0.0
Barro;ENGENHO VELHO;-7.0501111111111;-38.701583333333;2015;8;0.0;0.0;0.0;0.0;0.0;0.0;0.0;0.0;0.0;0.0;0.0;0.0;0.0;0.0;0.0;0.0;0.0;0.0;0.0;0.0;0.0;0.0;0.0;0.0;0.0;0.0;0.0;0.0;0.0;0.0;0.0;0.0
Barro;ENGENHO VELHO;-7.0501111111111;-38.701583333333;2015;9;0.0;0.0;0.0;0.0;0.0;0.0;0.0;0.0;0.0;0.0;0.0;0.0;0.0;0.0;0.0;0.0;0.0;0.0;0.0;0.0;0.0;0.0;0.0;0.0;0.0;0.0;0.0;0.0;0.0;0.0;0.0;888.0
Barro;ENGENHO VELHO;-7.0501111111111;-38.701583333333;2015;10;0.0;0.0;0.0;0.0;0.0;0.0;0.0;0.0;0.0;0.0;0.0;0.0;0.0;0.0;0.0;0.0;0.0;0.0;0.0;0.0;0.0;0.0;0.0;0.0;0.0;0.0;0.0;0.0;0.0;0.0;0.0;0.0
Barro;ENGENHO VELHO;-7.0501111111111;-38.701583333333;2015;11;0.0;0.0;0.0;0.0;0.0;0.0;0.0;0.0;0.0;0.0;0.0;0.0;0.0;0.0;0.0;0.0;0.0;0.0;0.0;0.0;0.0;0.0;0.0;0.0;0.0;0.0;0.0;0.0;0.0;0.0;0.0;888.0
Barro;ENGENHO VELHO;-7.0501111111111;-38.701583333333;2015;12;49.2;0.0;0.0;0.0;0.0;0.0;0.0;0.0;0.0;0.0;0.0;0.0;0.0;0.0;0.0;0.0;0.0;0.0;0.0;0.0;0.0;0.0;0.0;0.0;0.0;0.0;0.0;0.0;0.0;49.2;0.0;0.0
Barro;ENGENHO VELHO;-7.0501111111111;-38.701583333333;2016;1;170.6;0.0;0.0;0.0;0.0;0.0;0.0;0.0;25.6;0.0;6.1;0.0;0.0;0.0;0.0;0.0;0.0;46.0;0.0;8.3;0.0;15.0;46.3;0.0;0.0;0.0;0.0;0.0;0.0;10.3;0.0;13.0
Barro;ENGENHO VELHO;-7.0501111111111;-38.701583333333;2016;2;13.1;13.1;0.0;0.0;0.0;0.0;0.0;0.0;0.0;0.0;0.0;0.0;0.0;0.0;0.0;0.0;0.0;0.0;0.0;0.0;0.0;0.0;0.0;0.0;0.0;0.0;0.0;0.0;0.0;0.0;888.0;888.0
Barro;ENGENHO VELHO;-7.0501111111111;-38.701583333333;2016;3;369.5;0.0;0.0;0.0;0.0;0.0;0.0;0.0;24.0;23.4;11.3;28.4;0.0;0.0;0.0;0.0;0.0;0.0;38.4;0.0;0.0;38.2;38.2;0.0;0.0;8.2;0.0;79.1;0.0;13.2;67.1;0.0
Barro;ENGENHO VELHO;-7.0501111111111;-38.701583333333;2016;4;46.2;0.0;0.0;0.0;29.0;0.0;0.0;0.0;0.0;0.0;0.0;0.0;17.2;0.0;0.0;0.0;0.0;0.0;0.0;0.0;0.0;0.0;0.0;0.0;0.0;0.0;0.0;0.0;0.0;0.0;0.0;888.0
Barro;ENGENHO VELHO;-7.0501111111111;-38.701583333333;2016;5;0.0;0.0;0.0;0.0;0.0;0.0;0.0;0.0;0.0;0.0;0.0;0.0;0.0;0.0;0.0;0.0;0.0;0.0;0.0;0.0;0.0;0.0;0.0;0.0;0.0;0.0;0.0;0.0;0.0;0.0;0.0;0.0
Barro;ENGENHO VELHO;-7.0501111111111;-38.701583333333;2016;6;0.0;0.0;0.0;0.0;0.0;0.0;0.0;0.0;0.0;0.0;0.0;0.0;0.0;0.0;0.0;0.0;0.0;0.0;0.0;0.0;0.0;0.0;0.0;0.0;0.0;0.0;0.0;0.0;0.0;0.0;0.0;888.0
Barro;ENGENHO VELHO;-7.0501111111111;-38.701583333333;2016;7;0.0;0.0;0.0;0.0;0.0;0.0;0.0;0.0;0.0;0.0;0.0;0.0;0.0;0.0;0.0;0.0;0.0;0.0;0.0;0.0;0.0;0.0;0.0;0.0;0.0;0.0;0.0;0.0;0.0;0.0;0.0;0.0
Barro;ENGENHO VELHO;-7.0501111111111;-38.701583333333;2016;8;0.0;0.0;0.0;0.0;0.0;0.0;0.0;0.0;0.0;0.0;0.0;0.0;0.0;0.0;0.0;0.0;0.0;0.0;0.0;0.0;0.0;0.0;0.0;0.0;0.0;0.0;0.0;0.0;0.0;0.0;0.0;0.0
Barro;ENGENHO VELHO;-7.0501111111111;-38.701583333333;2016;9;0.0;0.0;0.0;0.0;0.0;0.0;0.0;0.0;0.0;0.0;0.0;0.0;0.0;0.0;0.0;0.0;0.0;0.0;0.0;0.0;0.0;0.0;0.0;0.0;0.0;0.0;0.0;0.0;0.0;0.0;0.0;888.0
Barro;ENGENHO VELHO;-7.0501111111111;-38.701583333333;2016;10;0.0;0.0;0.0;0.0;0.0;0.0;0.0;0.0;0.0;0.0;0.0;0.0;0.0;0.0;0.0;0.0;0.0;0.0;0.0;0.0;0.0;0.0;0.0;0.0;0.0;0.0;0.0;0.0;0.0;0.0;0.0;0.0
Barro;ENGENHO VELHO;-7.0501111111111;-38.701583333333;2016;11;0.0;0.0;0.0;0.0;0.0;0.0;0.0;0.0;0.0;0.0;0.0;0.0;0.0;0.0;0.0;0.0;0.0;0.0;0.0;0.0;0.0;0.0;0.0;0.0;0.0;0.0;0.0;0.0;0.0;0.0;0.0;888.0
Barro;ENGENHO VELHO;-7.0501111111111;-38.701583333333;2016;12;0.0;0.0;0.0;0.0;0.0;0.0;0.0;0.0;0.0;0.0;0.0;0.0;0.0;0.0;0.0;0.0;0.0;0.0;0.0;0.0;0.0;0.0;0.0;0.0;0.0;0.0;0.0;0.0;0.0;0.0;0.0;0.0
Barro;ENGENHO VELHO;-7.0501111111111;-38.701583333333;2017;1;144.5;0.0;0.0;0.0;0.0;0.0;0.0;0.0;0.0;0.0;0.0;0.0;0.0;0.0;0.0;0.0;0.0;0.0;0.0;26.1;0.0;23.4;0.0;18.3;23.3;0.0;19.4;19.0;0.0;0.0;0.0;15.0
Barro;ENGENHO VELHO;-7.0501111111111;-38.701583333333;2017;2;245.0;38.4;1.2;0.0;0.0;0.0;0.0;0.0;0.0;27.3;9.3;5.1;18.1;0.0;0.0;0.0;0.0;0.0;61.3;0.0;18.1;12.3;2.1;0.0;0.0;8.4;15.3;0.0;28.1;888.0;888.0;888.0
Barro;ENGENHO VELHO;-7.0501111111111;-38.701583333333;2017;3;227.2;0.0;0.0;0.0;19.3;6.1;21.2;0.0;0.0;6.3;14.1;43.3;0.0;0.0;20.2;0.0;5.2;0.0;0.0;0.0;0.0;0.0;70.2;0.0;21.3;0.0;0.0;0.0;0.0;0.0;0.0;0.0
Barro;ENGENHO VELHO;-7.0501111111111;-38.701583333333;2017;4;95.1;0.0;0.0;0.0;0.0;3.1;20.1;0.0;0.0;0.0;0.0;9.4;12.1;27.3;0.0;0.0;0.0;0.0;0.0;0.0;0.0;0.0;0.0;23.1;0.0;0.0;0.0;0.0;0.0;0.0;0.0;888.0
Barro;ENGENHO VELHO;-7.0501111111111;-38.701583333333;2017;5;68.9;31.1;0.0;0.0;0.0;0.0;0.0;0.0;0.0;13.3;6.2;0.0;0.0;0.0;0.0;0.0;0.0;0.0;0.0;0.0;0.0;0.0;0.0;0.0;0.0;0.0;0.0;0.0;10.2;8.1;0.0;0.0
Barro;ENGENHO VELHO;-7.0501111111111;-38.701583333333;2017;6;47.2;47.2;0.0;0.0;0.0;0.0;0.0;0.0;0.0;0.0;0.0;0.0;0.0;0.0;0.0;0.0;0.0;0.0;0.0;0.0;0.0;0.0;0.0;0.0;0.0;0.0;0.0;0.0;0.0;0.0;0.0;888.0
Barro;ENGENHO VELHO;-7.0501111111111;-38.701583333333;2017;7;25.0;23.0;2.0;0.0;0.0;0.0;0.0;0.0;0.0;0.0;0.0;0.0;0.0;0.0;0.0;0.0;0.0;0.0;0.0;0.0;0.0;0.0;0.0;0.0;0.0;0.0;0.0;0.0;0.0;0.0;0.0;0.0
Barro;ENGENHO VELHO;-7.0501111111111;-38.701583333333;2017;8;0.0;0.0;0.0;0.0;0.0;0.0;0.0;0.0;0.0;0.0;0.0;0.0;0.0;0.0;0.0;0.0;0.0;0.0;0.0;0.0;0.0;0.0;0.0;0.0;0.0;0.0;0.0;0.0;0.0;0.0;0.0;0.0
Barro;ENGENHO VELHO;-7.0501111111111;-38.701583333333;2017;9;0.0;0.0;0.0;0.0;0.0;0.0;0.0;0.0;0.0;0.0;0.0;0.0;0.0;0.0;0.0;0.0;0.0;0.0;0.0;0.0;0.0;0.0;0.0;0.0;0.0;0.0;0.0;0.0;0.0;0.0;0.0;888.0
Barro;ENGENHO VELHO;-7.0501111111111;-38.701583333333;2017;10;0.0;0.0;0.0;0.0;0.0;0.0;0.0;0.0;0.0;0.0;0.0;0.0;0.0;0.0;0.0;0.0;0.0;0.0;0.0;0.0;0.0;0.0;0.0;0.0;0.0;0.0;0.0;0.0;0.0;0.0;0.0;0.0
Barro;ENGENHO VELHO;-7.0501111111111;-38.701583333333;2017;11;0.0;0.0;0.0;0.0;0.0;0.0;0.0;0.0;0.0;0.0;0.0;0.0;0.0;0.0;0.0;0.0;0.0;0.0;0.0;0.0;0.0;0.0;0.0;0.0;0.0;0.0;0.0;0.0;0.0;0.0;0.0;888.0
Barro;ENGENHO VELHO;-7.0501111111111;-38.701583333333;2017;12;0.0;0.0;0.0;0.0;0.0;0.0;0.0;0.0;0.0;0.0;0.0;0.0;0.0;0.0;0.0;0.0;0.0;0.0;0.0;0.0;0.0;0.0;0.0;0.0;0.0;0.0;0.0;0.0;0.0;0.0;0.0;0.0
Barro;ENGENHO VELHO;-7.0501111111111;-38.701583333333;2018;1;116.8;0.0;0.0;0.0;0.0;0.0;30.1;0.0;0.0;0.0;0.0;10.3;0.0;0.0;0.0;0.0;0.0;0.0;0.0;0.0;7.1;0.0;0.0;0.0;0.0;0.0;0.0;69.3;0.0;0.0;0.0;0.0
Barro;ENGENHO VELHO;-7.0501111111111;-38.701583333333;2018;2;319.3;0.0;0.0;0.0;0.0;0.0;0.0;25.2;73.0;0.0;0.0;8.4;0.0;0.0;25.4;21.1;2.0;39.1;33.2;22.3;26.2;0.0;3.2;4.2;36.0;0.0;0.0;0.0;0.0;888.0;888.0;888.0
Barro;ENGENHO VELHO;-7.0501111111111;-38.701583333333;2018;3;119.5;12.1;0.0;0.0;0.0;0.0;0.0;0.0;0.0;0.0;0.0;0.0;0.0;0.0;0.0;0.0;0.0;0.0;0.0;0.0;0.0;0.0;11.3;11.0;0.0;0.0;3.3;0.0;0.0;36.3;42.3;3.2
Barro;ENGENHO VELHO;-7.0501111111111;-38.701583333333;2018;4;176.8;0.0;25.0;5.1;0.0;0.0;0.0;0.0;14.3;0.0;0.0;0.0;0.0;48.0;25.1;29.1;0.0;0.0;0.0;0.0;14.0;0.0;16.2;0.0;0.0;0.0;0.0;0.0;0.0;0.0;0.0;888.0
Barro;ENGENHO VELHO;-7.0501111111111;-38.701583333333;2018;5;21.3;14.2;7.1;0.0;0.0;0.0;0.0;0.0;0.0;0.0;0.0;0.0;0.0;0.0;0.0;0.0;0.0;0.0;0.0;0.0;0.0;0.0;0.0;0.0;0.0;0.0;0.0;0.0;0.0;0.0;0.0;0.0
Barro;ENGENHO VELHO;-7.0501111111111;-38.701583333333;2018;6;0.0;0.0;0.0;0.0;0.0;0.0;0.0;0.0;0.0;0.0;0.0;0.0;0.0;0.0;0.0;0.0;0.0;0.0;0.0;0.0;0.0;0.0;0.0;0.0;0.0;0.0;0.0;0.0;0.0;0.0;0.0;888.0
Barro;ENGENHO VELHO;-7.0501111111111;-38.701583333333;2018;7;0.0;0.0;0.0;0.0;0.0;0.0;0.0;0.0;0.0;0.0;0.0;0.0;0.0;0.0;0.0;0.0;0.0;0.0;0.0;0.0;0.0;0.0;0.0;0.0;0.0;0.0;0.0;0.0;0.0;0.0;0.0;0.0
Barro;ENGENHO VELHO;-7.0501111111111;-38.701583333333;2018;8;0.0;0.0;0.0;0.0;0.0;0.0;0.0;0.0;0.0;0.0;0.0;0.0;0.0;0.0;0.0;0.0;0.0;0.0;0.0;0.0;0.0;0.0;0.0;0.0;0.0;0.0;0.0;0.0;0.0;0.0;0.0;0.0
Barro;ENGENHO VELHO;-7.0501111111111;-38.701583333333;2018;9;0.0;0.0;0.0;0.0;0.0;0.0;0.0;0.0;0.0;0.0;0.0;0.0;0.0;0.0;0.0;0.0;0.0;0.0;0.0;0.0;0.0;0.0;0.0;0.0;0.0;0.0;0.0;0.0;0.0;0.0;0.0;888.0
Barro;ENGENHO VELHO;-7.0501111111111;-38.701583333333;2018;10;0.0;0.0;0.0;0.0;0.0;0.0;0.0;0.0;0.0;0.0;0.0;0.0;0.0;0.0;0.0;0.0;0.0;0.0;0.0;0.0;0.0;0.0;0.0;0.0;0.0;0.0;0.0;0.0;0.0;0.0;0.0;0.0
Barro;ENGENHO VELHO;-7.0501111111111;-38.701583333333;2018;11;58.5;0.0;0.0;0.0;0.0;0.0;0.0;0.0;0.0;0.0;0.0;0.0;0.0;0.0;0.0;0.0;0.0;0.0;0.0;0.0;0.0;0.0;0.0;0.0;30.1;0.0;0.0;28.4;0.0;0.0;0.0;888.0
Barro;ENGENHO VELHO;-7.0501111111111;-38.701583333333;2018;12;121.6;0.0;0.0;0.0;0.0;0.0;12.4;9.1;16.2;0.0;0.0;0.0;0.0;0.0;0.0;0.0;4.2;0.0;0.0;12.1;0.0;21.4;0.0;0.0;46.2;0.0;0.0;0.0;0.0;0.0;0.0;0.0
Barro;ENGENHO VELHO;-7.0501111111111;-38.701583333333;2019;1;94.0;0.0;0.0;0.0;0.0;0.0;0.0;0.0;0.0;0.0;0.0;0.0;0.0;13.4;0.0;13.0;0.0;22.1;0.0;14.1;6.0;10.1;0.0;0.0;0.0;0.0;0.0;0.0;0.0;0.0;15.3;0.0
Barro;ENGENHO VELHO;-7.0501111111111;-38.701583333333;2019;2;153.3;0.0;0.0;0.0;0.0;0.0;0.0;0.0;0.0;0.0;0.0;0.0;0.0;0.0;13.4;14.0;25.0;13.4;0.0;0.0;17.0;39.1;0.0;0.0;0.0;0.0;18.0;0.0;13.4;888.0;888.0;888.0
Barro;ENGENHO VELHO;-7.0501111111111;-38.701583333333;2019;3;315.2;0.0;0.0;23.0;0.0;0.0;0.0;0.0;0.0;0.0;0.0;0.0;23.0;0.0;8.2;0.0;8.2;15.0;0.0;0.0;0.0;0.0;0.0;28.0;44.3;68.0;0.0;0.0;0.0;15.2;5.1;77.2
Barro;ENGENHO VELHO;-7.0501111111111;-38.701583333333;2019;4;136.9;0.0;0.0;0.0;0.0;5.2;6.1;5.2;0.0;0.0;16.3;0.0;0.0;0.0;22.1;0.0;0.0;0.0;0.0;0.0;7.1;26.1;0.0;0.0;0.0;0.0;0.0;0.0;6.1;12.4;30.3;888.0
Barro;ENGENHO VELHO;-7.0501111111111;-38.701583333333;2019;5;77.6;50.3;0.0;0.0;0.0;0.0;0.0;0.0;0.0;0.0;0.0;0.0;0.0;0.0;0.0;0.0;27.3;0.0;0.0;0.0;0.0;0.0;0.0;0.0;0.0;0.0;0.0;0.0;0.0;0.0;0.0;0.0
Barro;ENGENHO VELHO;-7.0501111111111;-38.701583333333;2019;6;11.0;0.0;0.0;0.0;0.0;0.0;0.0;0.0;0.0;0.0;0.0;0.0;0.0;0.0;0.0;0.0;0.0;0.0;11.0;0.0;0.0;0.0;0.0;0.0;0.0;0.0;0.0;0.0;0.0;0.0;0.0;888.0
Barro;ENGENHO VELHO;-7.0501111111111;-38.701583333333;2019;7;0.0;0.0;0.0;0.0;0.0;0.0;0.0;0.0;0.0;0.0;0.0;0.0;0.0;0.0;0.0;0.0;0.0;0.0;0.0;0.0;0.0;0.0;0.0;0.0;0.0;0.0;0.0;0.0;0.0;0.0;0.0;0.0
Barro;ENGENHO VELHO;-7.0501111111111;-38.701583333333;2019;8;0.0;0.0;0.0;0.0;0.0;0.0;0.0;0.0;0.0;0.0;0.0;0.0;0.0;0.0;0.0;0.0;0.0;0.0;0.0;0.0;0.0;0.0;0.0;0.0;0.0;0.0;0.0;0.0;0.0;0.0;0.0;0.0
Barro;ENGENHO VELHO;-7.0501111111111;-38.701583333333;2019;9;0.0;0.0;0.0;0.0;0.0;0.0;0.0;0.0;0.0;0.0;0.0;0.0;0.0;0.0;0.0;0.0;0.0;0.0;0.0;0.0;0.0;0.0;0.0;0.0;0.0;0.0;0.0;0.0;0.0;0.0;0.0;888.0
Barro;ENGENHO VELHO;-7.0501111111111;-38.701583333333;2019;10;0.0;0.0;0.0;0.0;0.0;0.0;0.0;0.0;0.0;0.0;0.0;0.0;0.0;0.0;0.0;0.0;0.0;0.0;0.0;0.0;0.0;0.0;0.0;0.0;0.0;0.0;0.0;0.0;0.0;0.0;0.0;0.0
Barro;ENGENHO VELHO;-7.0501111111111;-38.701583333333;2019;11;0.0;0.0;0.0;0.0;0.0;0.0;0.0;0.0;0.0;0.0;0.0;0.0;0.0;0.0;0.0;0.0;0.0;0.0;0.0;0.0;0.0;0.0;0.0;0.0;0.0;0.0;0.0;0.0;0.0;0.0;0.0;888.0
Barro;ENGENHO VELHO;-7.0501111111111;-38.701583333333;2019;12;85.2;0.0;0.0;0.0;0.0;7.0;0.0;13.0;0.0;55.0;0.0;0.0;0.0;0.0;0.0;0.0;0.0;0.0;0.0;0.0;0.0;0.0;0.0;0.0;0.0;0.0;0.0;0.0;0.0;0.0;0.0;10.2
Barro;ENGENHO VELHO;-7.0501111111111;-38.701583333333;2020;1;115.1;24.3;4.4;0.0;0.0;0.0;0.0;2.4;17.3;0.0;0.0;0.0;0.0;0.0;0.0;0.0;0.0;0.0;0.0;0.0;5.1;10.3;0.0;32.0;4.3;0.0;0.0;0.0;15.0;0.0;0.0;0.0
Barro;ENGENHO VELHO;-7.0501111111111;-38.701583333333;2020;2;294.8;0.0;0.0;0.0;13.4;83.0;0.0;10.0;0.0;0.0;0.0;0.0;0.0;0.0;0.0;38.1;3.0;78.2;14.2;0.0;0.0;21.3;8.0;15.3;0.0;0.0;10.3;0.0;0.0;0.0;888.0;888.0
Barro;ENGENHO VELHO;-7.0501111111111;-38.701583333333;2020;3;462.8;0.0;0.0;0.0;0.0;12.1;0.0;44.0;0.0;10.3;33.0;0.0;0.0;26.3;0.0;8.4;44.0;68.0;7.1;19.4;0.0;0.0;0.0;0.0;35.1;69.0;58.4;10.4;0.0;0.0;0.0;17.3
Barro;ENGENHO VELHO;-7.0501111111111;-38.701583333333;2020;4;101.9;0.0;10.3;20.1;0.0;0.0;0.0;0.0;0.0;0.0;0.0;0.0;0.0;0.0;0.0;0.0;0.0;0.0;0.0;0.0;12.1;47.1;0.0;0.0;0.0;0.0;0.0;0.0;0.0;0.0;12.3;888.0
Barro;ENGENHO VELHO;-7.0501111111111;-38.701583333333;2020;5;74.5;13.1;0.0;0.0;0.0;0.0;0.0;0.0;0.0;0.0;0.0;0.0;0.0;0.0;0.0;0.0;0.0;0.0;0.0;15.0;0.0;25.1;8.0;0.0;7.1;0.0;6.2;0.0;0.0;0.0;0.0;0.0
Barro;ENGENHO VELHO;-7.0501111111111;-38.701583333333;2020;6;60.7;0.0;0.0;0.0;0.0;0.0;0.0;0.0;0.0;0.0;0.0;0.0;0.0;0.0;0.0;0.0;0.0;0.0;0.0;7.4;53.3;0.0;0.0;0.0;0.0;0.0;0.0;0.0;0.0;0.0;0.0;888.0
Barro;ENGENHO VELHO;-7.0501111111111;-38.701583333333;2020;7;0.0;0.0;0.0;0.0;0.0;0.0;0.0;0.0;0.0;0.0;0.0;0.0;0.0;0.0;0.0;0.0;0.0;0.0;0.0;0.0;0.0;0.0;0.0;0.0;0.0;0.0;0.0;0.0;0.0;0.0;0.0;0.0
Barro;ENGENHO VELHO;-7.0501111111111;-38.701583333333;2020;8;0.0;0.0;0.0;0.0;0.0;0.0;0.0;0.0;0.0;0.0;0.0;0.0;0.0;0.0;0.0;0.0;0.0;0.0;0.0;0.0;0.0;0.0;0.0;0.0;0.0;0.0;0.0;0.0;0.0;0.0;0.0;0.0
Barro;ENGENHO VELHO;-7.0501111111111;-38.701583333333;2020;9;0.0;0.0;0.0;0.0;0.0;0.0;0.0;0.0;0.0;0.0;0.0;0.0;0.0;0.0;0.0;0.0;0.0;0.0;0.0;0.0;0.0;0.0;0.0;0.0;0.0;0.0;0.0;0.0;0.0;0.0;0.0;888.0
Barro;ENGENHO VELHO;-7.0501111111111;-38.701583333333;2020;10;0.0;0.0;0.0;0.0;0.0;0.0;0.0;0.0;0.0;0.0;0.0;0.0;0.0;0.0;0.0;0.0;0.0;0.0;0.0;0.0;0.0;0.0;0.0;0.0;0.0;0.0;0.0;0.0;0.0;0.0;0.0;0.0
Barro;ENGENHO VELHO;-7.0501111111111;-38.701583333333;2020;11;60.6;0.0;0.0;57.3;3.3;0.0;0.0;0.0;0.0;0.0;0.0;0.0;0.0;0.0;0.0;0.0;0.0;0.0;0.0;0.0;0.0;0.0;0.0;0.0;0.0;0.0;0.0;0.0;0.0;0.0;0.0;888.0
Barro;ENGENHO VELHO;-7.0501111111111;-38.701583333333;2020;12;0.0;0.0;0.0;0.0;0.0;0.0;0.0;0.0;0.0;0.0;0.0;0.0;0.0;0.0;0.0;0.0;0.0;0.0;0.0;0.0;0.0;0.0;0.0;0.0;0.0;0.0;0.0;0.0;0.0;0.0;0.0;0.0
Barro;ENGENHO VELHO;-7.0501111111111;-38.701583333333;2021;1;35.5;0.0;0.0;0.0;0.0;0.0;0.0;0.0;0.0;0.0;0.0;0.0;0.0;0.0;0.0;0.0;0.0;0.0;0.0;0.0;0.0;0.0;0.0;0.0;0.0;0.0;17.0;5.0;0.0;0.0;6.1;7.4
Barro;ENGENHO VELHO;-7.0501111111111;-38.701583333333;2021;2;127.8;0.0;0.0;0.0;0.0;0.0;0.0;0.0;0.0;10.2;0.0;0.0;0.0;0.0;24.2;0.0;56.2;0.0;0.0;0.0;0.0;0.0;0.0;0.0;4.2;3.0;0.0;30.0;0.0;888.0;888.0;888.0
Barro;ENGENHO VELHO;-7.0501111111111;-38.701583333333;2021;3;114.6;4.2;22.4;0.0;0.0;0.0;0.0;0.0;0.0;0.0;0.0;0.0;0.0;0.0;0.0;0.0;0.0;21.3;22.1;9.2;0.0;0.0;0.0;0.0;0.0;0.0;35.4;0.0;0.0;0.0;0.0;0.0
Barro;ENGENHO VELHO;-7.0501111111111;-38.701583333333;2021;4;273.4;0.0;0.0;0.0;0.0;12.4;10.2;0.0;0.0;0.0;0.0;0.0;0.0;26.2;0.0;0.0;0.0;17.2;0.0;16.3;0.0;5.2;2.1;28.2;9.3;0.0;0.0;8.2;0.0;138.1;0.0;888.0
Barro;ENGENHO VELHO;-7.0501111111111;-38.701583333333;2021;5;20.5;0.0;0.0;0.0;0.0;0.0;0.0;0.0;0.0;7.2;5.1;0.0;0.0;0.0;0.0;8.2;0.0;0.0;0.0;0.0;0.0;0.0;0.0;0.0;0.0;0.0;0.0;0.0;0.0;0.0;0.0;0.0
Barro;ENGENHO VELHO;-7.0501111111111;-38.701583333333;2021;6;0.0;0.0;0.0;0.0;0.0;0.0;0.0;0.0;0.0;0.0;0.0;0.0;0.0;0.0;0.0;0.0;0.0;0.0;0.0;0.0;0.0;0.0;0.0;0.0;0.0;0.0;0.0;0.0;0.0;0.0;0.0;888.0
Barro;ENGENHO VELHO;-7.0501111111111;-38.701583333333;2021;7;0.0;0.0;0.0;0.0;0.0;0.0;0.0;0.0;0.0;0.0;0.0;0.0;0.0;0.0;0.0;0.0;0.0;0.0;0.0;0.0;0.0;0.0;0.0;0.0;0.0;0.0;0.0;0.0;0.0;0.0;0.0;0.0
Barro;ENGENHO VELHO;-7.0501111111111;-38.701583333333;2021;8;0.0;0.0;0.0;0.0;0.0;0.0;0.0;0.0;0.0;0.0;0.0;0.0;0.0;0.0;0.0;0.0;0.0;0.0;0.0;0.0;0.0;0.0;0.0;0.0;0.0;0.0;0.0;0.0;0.0;0.0;0.0;0.0
Barro;ENGENHO VELHO;-7.0501111111111;-38.701583333333;2021;9;0.0;0.0;0.0;0.0;0.0;0.0;0.0;0.0;0.0;0.0;0.0;0.0;0.0;0.0;0.0;0.0;0.0;0.0;0.0;0.0;0.0;0.0;0.0;0.0;0.0;0.0;0.0;0.0;0.0;0.0;0.0;888.0
Barro;ENGENHO VELHO;-7.0501111111111;-38.701583333333;2021;10;0.0;0.0;0.0;0.0;0.0;0.0;0.0;0.0;0.0;0.0;0.0;0.0;0.0;0.0;0.0;0.0;0.0;0.0;0.0;0.0;0.0;0.0;0.0;0.0;0.0;0.0;0.0;0.0;0.0;0.0;0.0;0.0
Barro;ENGENHO VELHO;-7.0501111111111;-38.701583333333;2021;11;79.5;0.0;0.0;0.0;0.0;0.0;0.0;0.0;0.0;0.0;0.0;0.0;0.0;15.4;0.0;64.1;0.0;0.0;0.0;0.0;0.0;0.0;0.0;0.0;0.0;0.0;0.0;0.0;0.0;0.0;0.0;888.0
Barro;ENGENHO VELHO;-7.0501111111111;-38.701583333333;2021;12;157.1;0.0;0.0;0.0;0.0;0.0;0.0;0.0;0.0;0.0;0.0;0.0;0.0;0.0;0.0;0.0;0.0;0.0;0.0;24.1;0.0;0.0;20.0;5.0;0.0;0.0;0.0;24.0;0.0;0.0;0.0;84.0
Barro;ENGENHO VELHO;-7.0501111111111;-38.701583333333;2022;1;327.0;71.1;0.0;129.2;16.4;0.0;0.0;5.2;4.1;0.0;0.0;24.0;0.0;0.0;0.0;0.0;0.0;4.1;5.2;0.0;9.4;0.0;0.0;0.0;0.0;0.0;0.0;0.0;23.1;35.2;0.0;0.0
Barro;ENGENHO VELHO;-7.0501111111111;-38.701583333333;2022;2;92.9;0.0;0.0;0.0;0.0;0.0;0.0;0.0;3.2;5.0;24.2;0.0;23.2;0.0;0.0;0.0;0.0;0.0;0.0;0.0;0.0;0.0;0.0;23.1;0.0;0.0;0.0;7.2;7.0;888.0;888.0;888.0
Barro;ENGENHO VELHO;-7.0501111111111;-38.701583333333;2022;3;317.8;0.0;4.2;5.0;10.4;0.0;0.0;10.3;0.0;22.2;0.0;0.0;0.0;0.0;5.2;44.3;28.1;17.0;0.0;0.0;0.0;7.3;71.4;74.0;18.4;0.0;0.0;0.0;0.0;0.0;0.0;0.0
Barro;ENGENHO VELHO;-7.0501111111111;-38.701583333333;2022;4;166.3;0.0;0.0;0.0;0.0;4.4;12.3;6.3;0.0;0.0;0.0;0.0;0.0;0.0;0.0;0.0;25.1;40.0;9.4;0.0;33.4;1.1;0.0;0.0;0.0;30.3;4.0;0.0;0.0;0.0;0.0;888.0
Barro;ENGENHO VELHO;-7.0501111111111;-38.701583333333;2022;5;109.5;0.0;0.0;0.0;0.0;0.0;0.0;0.0;0.0;0.0;0.0;5.4;13.0;22.1;15.4;0.0;10.1;0.0;0.0;0.0;0.0;0.0;0.0;0.0;0.0;0.0;0.0;0.0;0.0;0.0;16.2;27.3
Barro;ENGENHO VELHO;-7.0501111111111;-38.701583333333;2022;6;77.5;0.0;0.0;0.0;4.3;27.2;0.0;0.0;0.0;0.0;14.4;0.0;18.2;0.0;0.0;0.0;13.4;0.0;0.0;0.0;0.0;0.0;0.0;0.0;0.0;0.0;0.0;0.0;0.0;0.0;0.0;888.0
Barro;ENGENHO VELHO;-7.0501111111111;-38.701583333333;2022;7;0.0;0.0;0.0;0.0;0.0;0.0;0.0;0.0;0.0;0.0;0.0;0.0;0.0;0.0;0.0;0.0;0.0;0.0;0.0;0.0;0.0;0.0;0.0;0.0;0.0;0.0;0.0;0.0;0.0;0.0;0.0;0.0
Barro;ENGENHO VELHO;-7.0501111111111;-38.701583333333;2022;8;26.7;0.0;0.0;0.0;0.0;14.4;12.3;0.0;0.0;0.0;0.0;0.0;0.0;0.0;0.0;0.0;0.0;0.0;0.0;0.0;0.0;0.0;0.0;0.0;0.0;0.0;0.0;0.0;0.0;0.0;0.0;0.0
Barro;ENGENHO VELHO;-7.0501111111111;-38.701583333333;2022;9;0.0;0.0;0.0;0.0;0.0;0.0;0.0;0.0;0.0;0.0;0.0;0.0;0.0;0.0;0.0;0.0;0.0;0.0;0.0;0.0;0.0;0.0;0.0;0.0;0.0;0.0;0.0;0.0;0.0;0.0;0.0;888.0
Barro;ENGENHO VELHO;-7.0501111111111;-38.701583333333;2022;10;23.1;0.0;0.0;0.0;0.0;0.0;0.0;0.0;0.0;0.0;0.0;0.0;0.0;0.0;0.0;0.0;0.0;0.0;0.0;0.0;0.0;0.0;0.0;0.0;0.0;0.0;23.1;0.0;0.0;0.0;0.0;0.0
Barro;ENGENHO VELHO;-7.0501111111111;-38.701583333333;2022;11;0.0;0.0;0.0;0.0;0.0;0.0;0.0;0.0;0.0;0.0;0.0;0.0;0.0;0.0;0.0;0.0;0.0;0.0;0.0;0.0;0.0;0.0;0.0;0.0;0.0;0.0;0.0;0.0;0.0;0.0;0.0;888.0
Barro;ENGENHO VELHO;-7.0501111111111;-38.701583333333;2022;12;0.0;0.0;0.0;0.0;0.0;0.0;0.0;0.0;0.0;0.0;0.0;0.0;0.0;0.0;0.0;0.0;0.0;0.0;0.0;0.0;0.0;0.0;0.0;0.0;0.0;0.0;0.0;0.0;0.0;0.0;0.0;0.0
Barro;ENGENHO VELHO;-7.0501111111111;-38.701583333333;2023;1;51.0;0.0;0.0;0.0;0.0;0.0;0.0;0.0;0.0;0.0;0.0;0.0;0.0;0.0;0.0;0.0;0.0;0.0;15.3;10.0;0.0;0.0;0.0;6.4;4.0;15.3;0.0;0.0;0.0;0.0;0.0;0.0
Barro;ENGENHO VELHO;-7.0501111111111;-38.701583333333;2023;2;83.3;0.0;0.0;24.1;0.0;0.0;0.0;0.0;0.0;0.0;0.0;0.0;0.0;0.0;0.0;0.0;13.1;0.0;0.0;0.0;0.0;0.0;20.1;0.0;9.0;0.0;0.0;0.0;17.0;888.0;888.0;888.0
Barro;ENGENHO VELHO;-7.0501111111111;-38.701583333333;2023;3;403.5;1.4;0.0;8.1;0.0;4.1;0.0;0.0;0.0;0.0;0.0;0.0;0.0;70.1;80.1;0.0;0.0;20.1;14.4;16.1;0.0;24.4;50.0;11.1;2.4;0.0;0.0;89.1;6.0;6.1;0.0;0.0
Barro;ENGENHO VELHO;-7.0501111111111;-38.701583333333;2023;4;83.2;0.0;0.0;0.0;0.0;22.4;0.0;0.0;1.4;53.3;0.0;0.0;0.0;0.0;0.0;0.0;0.0;0.0;3.1;3.0;0.0;0.0;0.0;0.0;0.0;0.0;0.0;0.0;0.0;0.0;0.0;888.0
Barro;ENGENHO VELHO;-7.0501111111111;-38.701583333333;2023;5;70.8;0.0;0.0;0.0;9.4;16.0;18.3;0.0;0.0;0.0;0.0;0.0;0.0;0.0;0.0;14.1;13.0;0.0;0.0;0.0;0.0;0.0;0.0;0.0;0.0;0.0;0.0;0.0;0.0;0.0;0.0;0.0
Barro;ENGENHO VELHO;-7.0501111111111;-38.701583333333;2023;6;0.0;0.0;0.0;0.0;0.0;0.0;0.0;0.0;0.0;0.0;0.0;0.0;0.0;0.0;0.0;0.0;0.0;0.0;0.0;0.0;0.0;0.0;0.0;0.0;0.0;0.0;0.0;0.0;0.0;0.0;0.0;888.0
Barro;ENGENHO VELHO;-7.0501111111111;-38.701583333333;2023;7;0.0;0.0;0.0;0.0;0.0;0.0;0.0;0.0;0.0;0.0;0.0;0.0;0.0;0.0;0.0;0.0;0.0;0.0;0.0;0.0;0.0;0.0;0.0;0.0;0.0;0.0;0.0;0.0;0.0;0.0;0.0;0.0
Barro;ENGENHO VELHO;-7.0501111111111;-38.701583333333;2023;8;0.0;0.0;0.0;0.0;0.0;0.0;0.0;0.0;0.0;0.0;0.0;0.0;0.0;0.0;0.0;0.0;0.0;0.0;0.0;0.0;0.0;0.0;0.0;0.0;0.0;0.0;0.0;0.0;0.0;0.0;0.0;0.0
Barro;ENGENHO VELHO;-7.0501111111111;-38.701583333333;2023;9;0.0;0.0;0.0;0.0;0.0;0.0;0.0;0.0;0.0;0.0;0.0;0.0;0.0;0.0;0.0;0.0;0.0;0.0;0.0;0.0;0.0;0.0;0.0;0.0;0.0;0.0;0.0;0.0;0.0;0.0;0.0;888.0
Barro;ENGENHO VELHO;-7.0501111111111;-38.701583333333;2023;10;0.0;0.0;0.0;0.0;0.0;0.0;0.0;0.0;0.0;0.0;0.0;0.0;0.0;0.0;0.0;0.0;0.0;0.0;0.0;0.0;0.0;0.0;0.0;0.0;0.0;0.0;0.0;0.0;0.0;0.0;0.0;0.0
Barro;ENGENHO VELHO;-7.0501111111111;-38.701583333333;2023;11;0.0;0.0;0.0;0.0;0.0;0.0;0.0;0.0;0.0;0.0;0.0;0.0;0.0;0.0;0.0;0.0;0.0;0.0;0.0;0.0;0.0;0.0;0.0;0.0;0.0;0.0;0.0;0.0;0.0;0.0;0.0;888.0
Barro;ENGENHO VELHO;-7.0501111111111;-38.701583333333;2023;12;11.1;0.0;0.0;0.0;0.0;0.0;0.0;0.0;0.0;0.0;0.0;0.0;0.0;0.0;0.0;0.0;0.0;0.0;0.0;0.0;0.0;0.0;0.0;0.0;0.0;0.0;0.0;0.0;11.1;0.0;0.0;0.0
Barro;ENGENHO VELHO;-7.0501111111111;-38.701583333333;2024;1;119.4;43.1;0.0;0.0;0.0;0.0;0.0;0.0;0.0;0.0;0.0;5.1;65.0;0.0;6.2;0.0;0.0;0.0;0.0;0.0;0.0;0.0;0.0;0.0;0.0;0.0;0.0;0.0;0.0;0.0;0.0;0.0
Barro;ENGENHO VELHO;-7.0501111111111;-38.701583333333;2024;2;159.9;0.0;0.0;0.0;0.0;0.0;0.0;0.0;0.0;11.0;0.0;20.3;0.0;0.0;0.0;15.4;10.0;15.1;0.0;32.0;0.0;12.3;0.0;0.0;0.0;0.0;6.2;5.0;14.3;18.3;888.0;888.0
Barro;ENGENHO VELHO;-7.0501111111111;-38.701583333333;2024;3;89.8;27.0;0.0;0.0;0.0;0.0;31.4;0.0;0.0;0.0;0.0;0.0;0.0;0.0;22.1;0.0;0.0;0.0;0.0;0.0;0.0;0.0;0.0;0.0;9.3;0.0;0.0;0.0;0.0;0.0;0.0;0.0
Barro;ENGENHO VELHO;-7.0501111111111;-38.701583333333;2024;4;386.0;0.0;0.0;0.0;9.3;88.1;6.3;0.0;0.0;0.0;52.1;0.0;74.3;31.4;8.3;23.2;0.0;0.0;0.0;17.4;0.0;0.0;41.4;34.2;0.0;0.0;0.0;0.0;0.0;0.0;0.0;888.0
Barro;ENGENHO VELHO;-7.0501111111111;-38.701583333333;2024;5;10.2;0.0;0.0;0.0;0.0;0.0;0.0;6.1;4.1;999.0;999.0;999.0;999.0;999.0;999.0;999.0;999.0;999.0;999.0;999.0;999.0;999.0;999.0;999.0;999.0;999.0;999.0;999.0;999.0;999.0;999.0;999.0
