Municipios;Postos;Latitude;Longitude;Anos;Meses;Total;Dia1;Dia2;Dia3;Dia4;Dia5;Dia6;Dia7;Dia8;Dia9;Dia10;Dia11;Dia12;Dia13;Dia14;Dia15;Dia16;Dia17;Dia18;Dia19;Dia20;Dia21;Dia22;Dia23;Dia24;Dia25;Dia26;Dia27;Dia28;Dia29;Dia30;Dia31
Potengi;BARREIROS DE BAIXO;-7.0377777777778;-40.123472222222;2000;11;0.0;0.0;0.0;0.0;0.0;0.0;0.0;0.0;0.0;0.0;0.0;0.0;0.0;0.0;0.0;0.0;0.0;0.0;0.0;0.0;0.0;0.0;0.0;0.0;0.0;0.0;0.0;0.0;0.0;0.0;0.0;888.0
Potengi;BARREIROS DE BAIXO;-7.0377777777778;-40.123472222222;2000;12;54.0;0.0;0.0;0.0;0.0;0.0;0.0;0.0;0.0;0.0;0.0;0.0;0.0;0.0;0.0;0.0;32.0;22.0;0.0;0.0;0.0;0.0;0.0;0.0;0.0;0.0;0.0;0.0;0.0;0.0;0.0;0.0
Potengi;BARREIROS DE BAIXO;-7.0377777777778;-40.123472222222;2001;1;49.0;0.0;0.0;0.0;0.0;0.0;0.0;0.0;0.0;0.0;0.0;0.0;0.0;27.0;0.0;0.0;0.0;0.0;0.0;0.0;0.0;0.0;0.0;0.0;0.0;0.0;0.0;0.0;0.0;22.0;0.0;0.0
Potengi;BARREIROS DE BAIXO;-7.0377777777778;-40.123472222222;2001;2;37.0;0.0;0.0;17.0;20.0;0.0;0.0;0.0;0.0;0.0;0.0;0.0;0.0;0.0;0.0;0.0;0.0;0.0;0.0;0.0;0.0;0.0;0.0;0.0;0.0;0.0;0.0;0.0;0.0;888.0;888.0;888.0
Potengi;BARREIROS DE BAIXO;-7.0377777777778;-40.123472222222;2001;3;106.0;0.0;0.0;0.0;0.0;0.0;0.0;0.0;0.0;0.0;0.0;0.0;0.0;0.0;15.0;31.0;0.0;0.0;0.0;0.0;0.0;0.0;0.0;0.0;22.0;13.0;0.0;0.0;0.0;25.0;0.0;0.0
Potengi;BARREIROS DE BAIXO;-7.0377777777778;-40.123472222222;2001;4;20.0;0.0;0.0;20.0;0.0;0.0;0.0;0.0;0.0;0.0;0.0;0.0;0.0;0.0;0.0;0.0;0.0;0.0;0.0;0.0;0.0;0.0;0.0;0.0;0.0;0.0;0.0;0.0;0.0;0.0;0.0;888.0
Potengi;BARREIROS DE BAIXO;-7.0377777777778;-40.123472222222;2001;5;0.0;0.0;0.0;0.0;0.0;0.0;0.0;0.0;0.0;0.0;0.0;0.0;0.0;0.0;0.0;0.0;0.0;0.0;0.0;0.0;0.0;0.0;0.0;0.0;0.0;0.0;0.0;0.0;0.0;0.0;0.0;0.0
Potengi;BARREIROS DE BAIXO;-7.0377777777778;-40.123472222222;2001;6;7.0;0.0;0.0;0.0;0.0;0.0;0.0;0.0;0.0;0.0;0.0;0.0;0.0;0.0;0.0;0.0;0.0;0.0;0.0;0.0;0.0;0.0;0.0;0.0;0.0;0.0;0.0;0.0;0.0;7.0;0.0;888.0
Potengi;BARREIROS DE BAIXO;-7.0377777777778;-40.123472222222;2001;7;0.0;0.0;0.0;0.0;0.0;0.0;0.0;0.0;0.0;0.0;0.0;0.0;0.0;0.0;0.0;0.0;0.0;0.0;0.0;0.0;0.0;0.0;0.0;0.0;0.0;0.0;0.0;0.0;0.0;0.0;0.0;0.0
Potengi;BARREIROS DE BAIXO;-7.0377777777778;-40.123472222222;2001;8;0.0;0.0;0.0;0.0;0.0;0.0;0.0;0.0;0.0;0.0;0.0;0.0;0.0;0.0;0.0;0.0;0.0;0.0;0.0;0.0;0.0;0.0;0.0;0.0;0.0;0.0;0.0;0.0;0.0;0.0;0.0;0.0
Potengi;BARREIROS DE BAIXO;-7.0377777777778;-40.123472222222;2001;9;0.0;0.0;0.0;0.0;0.0;0.0;0.0;0.0;0.0;0.0;0.0;0.0;0.0;0.0;0.0;0.0;0.0;0.0;0.0;0.0;0.0;0.0;0.0;0.0;0.0;0.0;0.0;0.0;0.0;0.0;0.0;888.0
Potengi;BARREIROS DE BAIXO;-7.0377777777778;-40.123472222222;2001;10;0.0;0.0;0.0;0.0;0.0;0.0;0.0;0.0;0.0;0.0;0.0;0.0;0.0;0.0;0.0;0.0;0.0;0.0;0.0;0.0;0.0;0.0;0.0;0.0;0.0;0.0;0.0;0.0;0.0;0.0;0.0;0.0
Potengi;BARREIROS DE BAIXO;-7.0377777777778;-40.123472222222;2001;11;0.0;0.0;0.0;0.0;0.0;0.0;0.0;0.0;0.0;0.0;0.0;0.0;0.0;0.0;0.0;0.0;0.0;0.0;0.0;0.0;0.0;0.0;0.0;0.0;0.0;0.0;0.0;0.0;0.0;0.0;0.0;888.0
Potengi;BARREIROS DE BAIXO;-7.0377777777778;-40.123472222222;2001;12;104.0;0.0;0.0;0.0;0.0;0.0;0.0;0.0;0.0;0.0;0.0;0.0;0.0;0.0;0.0;0.0;0.0;0.0;0.0;0.0;0.0;0.0;0.0;0.0;0.0;0.0;0.0;46.0;0.0;0.0;13.0;45.0
Potengi;BARREIROS DE BAIXO;-7.0377777777778;-40.123472222222;2002;1;151.0;0.0;0.0;0.0;0.0;0.0;0.0;10.0;0.0;37.0;26.0;19.0;0.0;0.0;0.0;0.0;0.0;0.0;0.0;0.0;20.0;0.0;29.0;0.0;0.0;10.0;0.0;0.0;0.0;0.0;0.0;0.0
Potengi;BARREIROS DE BAIXO;-7.0377777777778;-40.123472222222;2002;2;10.0;0.0;0.0;0.0;0.0;0.0;5.0;0.0;5.0;0.0;0.0;0.0;0.0;0.0;0.0;0.0;0.0;0.0;0.0;0.0;0.0;0.0;0.0;0.0;0.0;0.0;0.0;0.0;0.0;888.0;888.0;888.0
Potengi;BARREIROS DE BAIXO;-7.0377777777778;-40.123472222222;2002;3;144.0;0.0;5.0;0.0;5.0;5.0;0.0;0.0;0.0;0.0;0.0;30.0;0.0;0.0;0.0;0.0;0.0;29.0;0.0;0.0;45.0;0.0;0.0;0.0;5.0;0.0;0.0;0.0;0.0;0.0;0.0;20.0
Potengi;BARREIROS DE BAIXO;-7.0377777777778;-40.123472222222;2002;4;78.0;0.0;0.0;0.0;0.0;31.0;0.0;13.0;0.0;0.0;5.0;0.0;0.0;0.0;0.0;0.0;0.0;0.0;0.0;0.0;19.0;0.0;0.0;0.0;0.0;0.0;0.0;10.0;0.0;0.0;0.0;888.0
Potengi;BARREIROS DE BAIXO;-7.0377777777778;-40.123472222222;2002;5;15.0;0.0;0.0;0.0;0.0;15.0;0.0;0.0;0.0;0.0;0.0;0.0;0.0;0.0;0.0;0.0;0.0;0.0;0.0;0.0;0.0;0.0;0.0;0.0;0.0;0.0;0.0;0.0;0.0;0.0;0.0;0.0
Potengi;BARREIROS DE BAIXO;-7.0377777777778;-40.123472222222;2002;6;0.0;0.0;0.0;0.0;0.0;0.0;0.0;0.0;0.0;0.0;0.0;0.0;0.0;0.0;0.0;0.0;0.0;0.0;0.0;0.0;0.0;0.0;0.0;0.0;0.0;0.0;0.0;0.0;0.0;0.0;0.0;888.0
Potengi;BARREIROS DE BAIXO;-7.0377777777778;-40.123472222222;2002;7;0.0;0.0;0.0;0.0;0.0;0.0;0.0;0.0;0.0;0.0;0.0;0.0;0.0;0.0;0.0;0.0;0.0;0.0;0.0;0.0;0.0;0.0;0.0;0.0;0.0;0.0;0.0;0.0;0.0;0.0;0.0;0.0
Potengi;BARREIROS DE BAIXO;-7.0377777777778;-40.123472222222;2002;8;0.0;0.0;0.0;0.0;0.0;0.0;0.0;0.0;0.0;0.0;0.0;0.0;0.0;0.0;0.0;0.0;0.0;0.0;0.0;0.0;0.0;0.0;0.0;0.0;0.0;0.0;0.0;0.0;0.0;0.0;0.0;0.0
Potengi;BARREIROS DE BAIXO;-7.0377777777778;-40.123472222222;2002;9;0.0;0.0;0.0;0.0;0.0;0.0;0.0;0.0;0.0;0.0;0.0;0.0;0.0;0.0;0.0;0.0;0.0;0.0;0.0;0.0;0.0;0.0;0.0;0.0;0.0;0.0;0.0;0.0;0.0;0.0;0.0;888.0
Potengi;BARREIROS DE BAIXO;-7.0377777777778;-40.123472222222;2002;10;0.0;0.0;0.0;0.0;0.0;0.0;0.0;0.0;0.0;0.0;0.0;0.0;0.0;0.0;0.0;0.0;0.0;0.0;0.0;0.0;0.0;0.0;0.0;0.0;0.0;0.0;0.0;0.0;0.0;0.0;0.0;0.0
Potengi;BARREIROS DE BAIXO;-7.0377777777778;-40.123472222222;2002;11;0.0;0.0;0.0;0.0;0.0;0.0;0.0;0.0;0.0;0.0;0.0;0.0;0.0;0.0;0.0;0.0;0.0;0.0;0.0;0.0;0.0;0.0;0.0;0.0;0.0;0.0;0.0;0.0;0.0;0.0;0.0;888.0
Potengi;BARREIROS DE BAIXO;-7.0377777777778;-40.123472222222;2002;12;5.0;0.0;0.0;0.0;0.0;0.0;0.0;0.0;0.0;0.0;0.0;0.0;0.0;0.0;0.0;0.0;0.0;5.0;0.0;0.0;0.0;0.0;0.0;0.0;0.0;0.0;0.0;0.0;0.0;0.0;0.0;0.0
Potengi;BARREIROS DE BAIXO;-7.0377777777778;-40.123472222222;2003;1;50.0;0.0;0.0;0.0;0.0;0.0;0.0;0.0;0.0;0.0;0.0;0.0;0.0;0.0;0.0;0.0;0.0;0.0;0.0;0.0;0.0;3.0;0.0;0.0;22.0;0.0;0.0;0.0;0.0;25.0;0.0;0.0
Potengi;BARREIROS DE BAIXO;-7.0377777777778;-40.123472222222;2003;2;91.0;0.0;0.0;0.0;0.0;0.0;0.0;0.0;0.0;0.0;0.0;0.0;0.0;26.0;0.0;30.0;0.0;0.0;0.0;0.0;0.0;0.0;0.0;16.0;0.0;6.0;13.0;0.0;0.0;888.0;888.0;888.0
Potengi;BARREIROS DE BAIXO;-7.0377777777778;-40.123472222222;2003;3;104.0;0.0;16.0;0.0;0.0;0.0;0.0;0.0;0.0;0.0;0.0;0.0;0.0;33.0;0.0;0.0;19.0;0.0;22.0;0.0;0.0;0.0;0.0;0.0;0.0;0.0;0.0;0.0;0.0;0.0;0.0;14.0
Potengi;BARREIROS DE BAIXO;-7.0377777777778;-40.123472222222;2003;4;131.0;0.0;0.0;0.0;15.0;0.0;0.0;0.0;0.0;0.0;0.0;0.0;0.0;0.0;116.0;0.0;0.0;0.0;0.0;0.0;0.0;0.0;0.0;0.0;0.0;0.0;0.0;0.0;0.0;0.0;0.0;888.0
Potengi;BARREIROS DE BAIXO;-7.0377777777778;-40.123472222222;2003;5;48.0;0.0;0.0;0.0;48.0;0.0;0.0;0.0;0.0;0.0;0.0;0.0;0.0;0.0;0.0;0.0;0.0;0.0;0.0;0.0;0.0;0.0;0.0;0.0;0.0;0.0;0.0;0.0;0.0;0.0;0.0;0.0
Potengi;BARREIROS DE BAIXO;-7.0377777777778;-40.123472222222;2003;6;0.0;0.0;0.0;0.0;0.0;0.0;0.0;0.0;0.0;0.0;0.0;0.0;0.0;0.0;0.0;0.0;0.0;0.0;0.0;0.0;0.0;0.0;0.0;0.0;0.0;0.0;0.0;0.0;0.0;0.0;0.0;888.0
Potengi;BARREIROS DE BAIXO;-7.0377777777778;-40.123472222222;2003;7;0.0;0.0;0.0;0.0;0.0;0.0;0.0;0.0;0.0;0.0;0.0;0.0;0.0;0.0;0.0;0.0;0.0;0.0;0.0;0.0;0.0;0.0;0.0;0.0;0.0;0.0;0.0;0.0;0.0;0.0;0.0;0.0
Potengi;BARREIROS DE BAIXO;-7.0377777777778;-40.123472222222;2003;8;0.0;0.0;0.0;0.0;0.0;0.0;0.0;0.0;0.0;0.0;0.0;0.0;0.0;0.0;0.0;0.0;0.0;0.0;0.0;0.0;0.0;0.0;0.0;0.0;0.0;0.0;0.0;0.0;0.0;0.0;0.0;0.0
Potengi;BARREIROS DE BAIXO;-7.0377777777778;-40.123472222222;2003;9;0.0;0.0;0.0;0.0;0.0;0.0;0.0;0.0;0.0;0.0;0.0;0.0;0.0;0.0;0.0;0.0;0.0;0.0;0.0;0.0;0.0;0.0;0.0;0.0;0.0;0.0;0.0;0.0;0.0;0.0;0.0;888.0
Potengi;BARREIROS DE BAIXO;-7.0377777777778;-40.123472222222;2003;10;0.0;0.0;0.0;0.0;0.0;0.0;0.0;0.0;0.0;0.0;0.0;0.0;0.0;0.0;0.0;0.0;0.0;0.0;0.0;0.0;0.0;0.0;0.0;0.0;0.0;0.0;0.0;0.0;0.0;0.0;0.0;0.0
Potengi;BARREIROS DE BAIXO;-7.0377777777778;-40.123472222222;2003;11;0.0;0.0;0.0;0.0;0.0;0.0;0.0;0.0;0.0;0.0;0.0;0.0;0.0;0.0;0.0;0.0;0.0;0.0;0.0;0.0;0.0;0.0;0.0;0.0;0.0;0.0;0.0;0.0;0.0;0.0;0.0;888.0
Potengi;BARREIROS DE BAIXO;-7.0377777777778;-40.123472222222;2003;12;0.0;0.0;0.0;0.0;0.0;0.0;0.0;0.0;0.0;0.0;0.0;0.0;0.0;0.0;0.0;0.0;0.0;0.0;0.0;0.0;0.0;0.0;0.0;0.0;0.0;0.0;0.0;0.0;0.0;0.0;0.0;0.0
Potengi;BARREIROS DE BAIXO;-7.0377777777778;-40.123472222222;2004;1;319.0;0.0;0.0;0.0;0.0;0.0;0.0;0.0;0.0;0.0;0.0;0.0;0.0;0.0;18.0;0.0;0.0;54.0;0.0;28.0;23.0;0.0;38.0;0.0;0.0;0.0;50.0;7.0;70.0;6.0;0.0;25.0
Potengi;BARREIROS DE BAIXO;-7.0377777777778;-40.123472222222;2004;2;338.0;20.0;0.0;16.0;22.0;0.0;76.0;0.0;0.0;17.0;0.0;0.0;0.0;0.0;0.0;0.0;34.0;0.0;0.0;0.0;45.0;0.0;0.0;0.0;17.0;0.0;30.0;0.0;61.0;0.0;888.0;888.0
Potengi;BARREIROS DE BAIXO;-7.0377777777778;-40.123472222222;2004;3;151.0;0.0;21.0;0.0;0.0;20.0;0.0;0.0;0.0;0.0;10.0;0.0;0.0;0.0;0.0;0.0;0.0;0.0;0.0;0.0;0.0;0.0;0.0;70.0;0.0;0.0;30.0;0.0;0.0;0.0;0.0;0.0
Potengi;BARREIROS DE BAIXO;-7.0377777777778;-40.123472222222;2004;4;58.0;0.0;0.0;18.0;0.0;0.0;0.0;0.0;12.0;0.0;0.0;0.0;0.0;0.0;0.0;0.0;0.0;0.0;0.0;0.0;0.0;0.0;0.0;0.0;0.0;0.0;0.0;0.0;0.0;28.0;0.0;888.0
Potengi;BARREIROS DE BAIXO;-7.0377777777778;-40.123472222222;2004;5;8.0;0.0;0.0;0.0;0.0;0.0;0.0;0.0;0.0;0.0;0.0;0.0;0.0;0.0;0.0;0.0;0.0;0.0;0.0;0.0;0.0;0.0;0.0;0.0;0.0;0.0;0.0;0.0;8.0;0.0;0.0;0.0
Potengi;BARREIROS DE BAIXO;-7.0377777777778;-40.123472222222;2004;6;0.0;0.0;0.0;0.0;0.0;0.0;0.0;0.0;0.0;0.0;0.0;0.0;0.0;0.0;0.0;0.0;0.0;0.0;0.0;0.0;0.0;0.0;0.0;0.0;0.0;0.0;0.0;0.0;0.0;0.0;0.0;888.0
Potengi;BARREIROS DE BAIXO;-7.0377777777778;-40.123472222222;2004;7;0.0;0.0;0.0;0.0;0.0;0.0;0.0;0.0;0.0;0.0;0.0;0.0;0.0;0.0;0.0;0.0;0.0;0.0;0.0;0.0;0.0;0.0;0.0;0.0;0.0;0.0;0.0;0.0;0.0;0.0;0.0;0.0
Potengi;BARREIROS DE BAIXO;-7.0377777777778;-40.123472222222;2004;8;0.0;0.0;0.0;0.0;0.0;0.0;0.0;0.0;0.0;0.0;0.0;0.0;0.0;0.0;0.0;0.0;0.0;0.0;0.0;0.0;0.0;0.0;0.0;0.0;0.0;0.0;0.0;0.0;0.0;0.0;0.0;0.0
Potengi;BARREIROS DE BAIXO;-7.0377777777778;-40.123472222222;2004;9;0.0;0.0;0.0;0.0;0.0;0.0;0.0;0.0;0.0;0.0;0.0;0.0;0.0;0.0;0.0;0.0;0.0;0.0;0.0;0.0;0.0;0.0;0.0;0.0;0.0;0.0;0.0;0.0;0.0;0.0;0.0;888.0
Potengi;BARREIROS DE BAIXO;-7.0377777777778;-40.123472222222;2004;10;0.0;0.0;0.0;0.0;0.0;0.0;0.0;0.0;0.0;0.0;0.0;0.0;0.0;0.0;0.0;0.0;0.0;0.0;0.0;0.0;0.0;0.0;0.0;0.0;0.0;0.0;0.0;0.0;0.0;0.0;0.0;0.0
Potengi;BARREIROS DE BAIXO;-7.0377777777778;-40.123472222222;2004;11;0.0;0.0;0.0;0.0;0.0;0.0;0.0;0.0;0.0;0.0;0.0;0.0;0.0;0.0;0.0;0.0;0.0;0.0;0.0;0.0;0.0;0.0;0.0;0.0;0.0;0.0;0.0;0.0;0.0;0.0;0.0;888.0
Potengi;BARREIROS DE BAIXO;-7.0377777777778;-40.123472222222;2004;12;0.0;0.0;0.0;0.0;0.0;0.0;0.0;0.0;0.0;0.0;0.0;0.0;0.0;0.0;0.0;0.0;0.0;0.0;0.0;0.0;0.0;0.0;0.0;0.0;0.0;0.0;0.0;0.0;0.0;0.0;0.0;0.0
Potengi;BARREIROS DE BAIXO;-7.0377777777778;-40.123472222222;2005;1;0.0;0.0;0.0;0.0;0.0;0.0;0.0;0.0;0.0;0.0;0.0;0.0;0.0;0.0;0.0;0.0;0.0;0.0;0.0;0.0;0.0;0.0;0.0;0.0;0.0;0.0;0.0;0.0;0.0;0.0;0.0;0.0
Potengi;BARREIROS DE BAIXO;-7.0377777777778;-40.123472222222;2005;2;0.0;0.0;0.0;0.0;0.0;0.0;0.0;0.0;0.0;0.0;0.0;0.0;0.0;0.0;0.0;0.0;0.0;0.0;0.0;0.0;0.0;0.0;0.0;0.0;0.0;0.0;0.0;0.0;0.0;888.0;888.0;888.0
Potengi;BARREIROS DE BAIXO;-7.0377777777778;-40.123472222222;2005;3;0.0;0.0;0.0;0.0;0.0;0.0;0.0;0.0;0.0;999.0;999.0;999.0;999.0;999.0;999.0;999.0;999.0;999.0;999.0;999.0;999.0;999.0;999.0;999.0;999.0;999.0;999.0;999.0;999.0;999.0;999.0;999.0
Potengi;BARREIROS DE BAIXO;-7.0377777777778;-40.123472222222;2005;4;0.0;0.0;999.0;999.0;999.0;999.0;999.0;999.0;999.0;999.0;999.0;999.0;999.0;999.0;999.0;999.0;999.0;999.0;999.0;999.0;999.0;999.0;999.0;999.0;999.0;999.0;999.0;999.0;999.0;999.0;999.0;888.0
Potengi;BARREIROS DE BAIXO;-7.0377777777778;-40.123472222222;2006;1;0.0;0.0;999.0;999.0;999.0;999.0;999.0;999.0;999.0;999.0;999.0;999.0;999.0;999.0;999.0;999.0;999.0;999.0;999.0;999.0;999.0;999.0;999.0;999.0;999.0;999.0;999.0;999.0;999.0;999.0;999.0;999.0
Potengi;BARREIROS DE BAIXO;-7.0377777777778;-40.123472222222;2006;2;0.0;0.0;999.0;999.0;999.0;999.0;999.0;999.0;999.0;999.0;999.0;999.0;999.0;999.0;999.0;999.0;999.0;999.0;999.0;999.0;999.0;999.0;999.0;999.0;999.0;999.0;999.0;999.0;999.0;888.0;888.0;888.0
Potengi;BARREIROS DE BAIXO;-7.0377777777778;-40.123472222222;2006;3;0.0;0.0;999.0;999.0;999.0;999.0;999.0;999.0;999.0;999.0;999.0;999.0;999.0;999.0;999.0;999.0;999.0;999.0;999.0;999.0;999.0;999.0;999.0;999.0;999.0;999.0;999.0;999.0;999.0;999.0;999.0;999.0
Potengi;BARREIROS DE BAIXO;-7.0377777777778;-40.123472222222;2006;4;0.0;0.0;999.0;999.0;999.0;999.0;999.0;999.0;999.0;999.0;999.0;999.0;999.0;999.0;999.0;999.0;999.0;999.0;999.0;999.0;999.0;999.0;999.0;999.0;999.0;999.0;999.0;999.0;999.0;999.0;999.0;888.0
Potengi;BARREIROS DE BAIXO;-7.0377777777778;-40.123472222222;2006;5;0.0;0.0;999.0;999.0;999.0;999.0;999.0;999.0;999.0;999.0;999.0;999.0;999.0;999.0;999.0;999.0;999.0;999.0;999.0;999.0;999.0;999.0;999.0;999.0;999.0;999.0;999.0;999.0;999.0;999.0;999.0;999.0
Potengi;BARREIROS DE BAIXO;-7.0377777777778;-40.123472222222;2006;6;0.0;0.0;999.0;999.0;999.0;999.0;999.0;999.0;999.0;999.0;999.0;999.0;999.0;999.0;999.0;999.0;999.0;999.0;999.0;999.0;999.0;999.0;999.0;999.0;999.0;999.0;999.0;999.0;999.0;999.0;999.0;888.0
Potengi;BARREIROS DE BAIXO;-7.0377777777778;-40.123472222222;2006;8;0.0;0.0;999.0;999.0;999.0;999.0;999.0;999.0;999.0;999.0;999.0;999.0;999.0;999.0;999.0;999.0;999.0;999.0;999.0;999.0;999.0;999.0;999.0;999.0;999.0;999.0;999.0;999.0;999.0;999.0;999.0;999.0
Potengi;BARREIROS DE BAIXO;-7.0377777777778;-40.123472222222;2006;10;0.0;0.0;999.0;999.0;999.0;999.0;999.0;999.0;999.0;999.0;999.0;999.0;999.0;999.0;999.0;999.0;999.0;999.0;999.0;999.0;999.0;999.0;999.0;999.0;999.0;999.0;999.0;999.0;999.0;999.0;999.0;999.0
Potengi;BARREIROS DE BAIXO;-7.0377777777778;-40.123472222222;2006;11;0.0;0.0;999.0;999.0;999.0;999.0;999.0;999.0;999.0;999.0;999.0;999.0;999.0;999.0;999.0;999.0;999.0;999.0;999.0;999.0;999.0;999.0;999.0;999.0;999.0;999.0;999.0;999.0;999.0;999.0;999.0;888.0
Potengi;BARREIROS DE BAIXO;-7.0377777777778;-40.123472222222;2006;12;0.0;0.0;999.0;999.0;999.0;999.0;999.0;999.0;999.0;999.0;999.0;999.0;999.0;999.0;999.0;999.0;999.0;999.0;999.0;999.0;999.0;999.0;999.0;999.0;999.0;999.0;999.0;999.0;999.0;999.0;999.0;999.0
Potengi;BARREIROS DE BAIXO;-7.0377777777778;-40.123472222222;2007;1;0.0;0.0;0.0;0.0;0.0;0.0;0.0;0.0;0.0;0.0;0.0;0.0;0.0;0.0;0.0;0.0;0.0;0.0;0.0;0.0;0.0;0.0;0.0;0.0;0.0;0.0;0.0;0.0;0.0;0.0;0.0;0.0
Potengi;BARREIROS DE BAIXO;-7.0377777777778;-40.123472222222;2007;2;273.0;0.0;0.0;0.0;0.0;0.0;0.0;0.0;0.0;0.0;0.0;0.0;0.0;0.0;81.0;0.0;18.0;43.0;0.0;83.0;0.0;0.0;0.0;0.0;0.0;18.0;30.0;0.0;0.0;888.0;888.0;888.0
Potengi;BARREIROS DE BAIXO;-7.0377777777778;-40.123472222222;2007;3;98.0;0.0;0.0;0.0;0.0;0.0;0.0;0.0;38.0;0.0;0.0;0.0;0.0;0.0;0.0;0.0;0.0;0.0;0.0;60.0;0.0;0.0;0.0;0.0;0.0;0.0;0.0;0.0;0.0;0.0;0.0;0.0
Potengi;BARREIROS DE BAIXO;-7.0377777777778;-40.123472222222;2007;4;194.5;0.0;0.0;0.0;0.0;0.0;0.0;0.0;0.0;0.0;0.0;0.0;0.0;0.0;0.0;0.0;0.0;0.0;0.0;0.0;40.0;0.0;55.0;0.0;0.0;55.0;0.0;0.0;32.0;0.0;12.5;888.0
Potengi;BARREIROS DE BAIXO;-7.0377777777778;-40.123472222222;2007;5;15.3;0.0;12.0;0.0;0.0;3.3;0.0;0.0;0.0;0.0;0.0;0.0;0.0;0.0;0.0;0.0;0.0;0.0;0.0;0.0;0.0;0.0;0.0;0.0;0.0;0.0;0.0;0.0;0.0;0.0;0.0;0.0
Potengi;BARREIROS DE BAIXO;-7.0377777777778;-40.123472222222;2007;6;0.0;0.0;0.0;0.0;0.0;0.0;0.0;0.0;0.0;0.0;0.0;0.0;0.0;0.0;0.0;0.0;0.0;0.0;0.0;0.0;0.0;0.0;0.0;0.0;0.0;0.0;0.0;0.0;0.0;0.0;0.0;888.0
Potengi;BARREIROS DE BAIXO;-7.0377777777778;-40.123472222222;2007;7;0.0;0.0;0.0;0.0;0.0;0.0;0.0;0.0;0.0;0.0;0.0;0.0;0.0;0.0;0.0;0.0;0.0;0.0;0.0;0.0;0.0;0.0;0.0;0.0;0.0;0.0;0.0;0.0;0.0;0.0;0.0;0.0
Potengi;BARREIROS DE BAIXO;-7.0377777777778;-40.123472222222;2007;8;0.0;0.0;0.0;0.0;0.0;0.0;0.0;0.0;0.0;0.0;0.0;0.0;0.0;0.0;0.0;0.0;0.0;0.0;0.0;0.0;0.0;0.0;0.0;0.0;0.0;0.0;0.0;0.0;0.0;0.0;0.0;0.0
Potengi;BARREIROS DE BAIXO;-7.0377777777778;-40.123472222222;2007;10;0.0;0.0;0.0;0.0;0.0;0.0;0.0;0.0;0.0;0.0;0.0;0.0;0.0;0.0;0.0;0.0;0.0;0.0;0.0;0.0;0.0;0.0;0.0;0.0;0.0;0.0;0.0;0.0;0.0;0.0;0.0;0.0
Potengi;BARREIROS DE BAIXO;-7.0377777777778;-40.123472222222;2007;11;0.0;0.0;0.0;0.0;0.0;0.0;0.0;0.0;0.0;0.0;0.0;0.0;0.0;0.0;0.0;0.0;0.0;0.0;0.0;0.0;0.0;0.0;0.0;0.0;0.0;0.0;0.0;0.0;0.0;0.0;0.0;888.0
Potengi;BARREIROS DE BAIXO;-7.0377777777778;-40.123472222222;2007;12;34.0;0.0;0.0;0.0;26.0;0.0;0.0;0.0;0.0;0.0;0.0;0.0;0.0;0.0;0.0;0.0;0.0;0.0;0.0;0.0;0.0;0.0;0.0;0.0;0.0;0.0;0.0;0.0;0.0;0.0;0.0;8.0
Potengi;BARREIROS DE BAIXO;-7.0377777777778;-40.123472222222;2008;1;0.0;0.0;0.0;0.0;0.0;0.0;0.0;0.0;0.0;0.0;0.0;999.0;999.0;999.0;999.0;999.0;999.0;999.0;999.0;999.0;999.0;999.0;999.0;999.0;999.0;999.0;999.0;999.0;999.0;999.0;999.0;999.0
Potengi;BARREIROS DE BAIXO;-7.0377777777778;-40.123472222222;2008;12;0.0;0.0;999.0;999.0;999.0;999.0;999.0;999.0;999.0;999.0;999.0;999.0;999.0;999.0;999.0;999.0;999.0;999.0;999.0;999.0;999.0;999.0;999.0;999.0;999.0;999.0;999.0;999.0;999.0;999.0;999.0;999.0
Potengi;BARREIROS DE BAIXO;-7.0377777777778;-40.123472222222;2009;3;59.5;0.0;0.0;0.0;0.0;0.0;0.0;0.0;0.0;0.0;0.0;0.0;0.0;0.0;0.0;0.0;16.0;0.0;27.0;0.0;0.0;0.0;0.0;0.0;0.0;0.0;16.5;0.0;0.0;0.0;0.0;0.0
Potengi;BARREIROS DE BAIXO;-7.0377777777778;-40.123472222222;2009;4;254.0;0.0;0.0;0.0;0.0;0.0;0.0;0.0;0.0;0.0;57.0;0.0;33.0;28.0;0.0;0.0;47.0;0.0;0.0;0.0;0.0;27.0;10.0;24.0;0.0;9.0;0.0;0.0;0.0;19.0;0.0;888.0
Potengi;BARREIROS DE BAIXO;-7.0377777777778;-40.123472222222;2009;5;106.0;0.0;0.0;0.0;0.0;0.0;0.0;0.0;55.0;0.0;0.0;23.0;0.0;28.0;0.0;0.0;0.0;0.0;0.0;0.0;0.0;0.0;0.0;0.0;0.0;0.0;0.0;0.0;0.0;0.0;0.0;0.0
Potengi;BARREIROS DE BAIXO;-7.0377777777778;-40.123472222222;2009;6;0.0;0.0;0.0;0.0;0.0;0.0;0.0;0.0;0.0;0.0;0.0;0.0;0.0;0.0;0.0;0.0;0.0;0.0;0.0;0.0;0.0;0.0;0.0;0.0;0.0;0.0;0.0;0.0;0.0;0.0;0.0;888.0
Potengi;BARREIROS DE BAIXO;-7.0377777777778;-40.123472222222;2009;7;50.0;0.0;0.0;0.0;0.0;0.0;0.0;0.0;0.0;0.0;0.0;0.0;0.0;0.0;0.0;0.0;0.0;0.0;0.0;0.0;0.0;0.0;50.0;0.0;0.0;0.0;0.0;0.0;0.0;0.0;0.0;0.0
Potengi;BARREIROS DE BAIXO;-7.0377777777778;-40.123472222222;2009;8;0.0;0.0;0.0;0.0;0.0;0.0;0.0;0.0;0.0;0.0;0.0;0.0;0.0;0.0;0.0;0.0;0.0;0.0;0.0;0.0;0.0;0.0;0.0;0.0;0.0;0.0;0.0;0.0;0.0;0.0;0.0;0.0
Potengi;BARREIROS DE BAIXO;-7.0377777777778;-40.123472222222;2009;9;0.0;0.0;0.0;0.0;0.0;0.0;0.0;0.0;0.0;0.0;0.0;0.0;0.0;0.0;0.0;0.0;0.0;0.0;0.0;0.0;0.0;0.0;0.0;0.0;0.0;0.0;0.0;0.0;0.0;0.0;0.0;888.0
Potengi;BARREIROS DE BAIXO;-7.0377777777778;-40.123472222222;2009;10;0.0;0.0;0.0;0.0;0.0;0.0;0.0;0.0;0.0;0.0;0.0;0.0;0.0;0.0;0.0;0.0;0.0;0.0;0.0;0.0;0.0;0.0;0.0;0.0;0.0;0.0;0.0;0.0;0.0;0.0;0.0;0.0
Potengi;BARREIROS DE BAIXO;-7.0377777777778;-40.123472222222;2009;11;0.0;0.0;0.0;0.0;0.0;0.0;0.0;0.0;0.0;0.0;0.0;0.0;0.0;0.0;0.0;0.0;0.0;0.0;0.0;0.0;0.0;0.0;0.0;0.0;0.0;0.0;0.0;0.0;0.0;0.0;0.0;888.0
Potengi;BARREIROS DE BAIXO;-7.0377777777778;-40.123472222222;2009;12;0.0;0.0;0.0;0.0;0.0;0.0;0.0;0.0;0.0;0.0;0.0;0.0;0.0;0.0;0.0;0.0;0.0;0.0;0.0;0.0;0.0;0.0;0.0;0.0;0.0;0.0;0.0;0.0;0.0;0.0;0.0;0.0
Potengi;BARREIROS DE BAIXO;-7.0377777777778;-40.123472222222;2010;1;30.0;0.0;0.0;0.0;30.0;0.0;0.0;0.0;0.0;0.0;0.0;0.0;0.0;0.0;0.0;0.0;0.0;0.0;0.0;0.0;0.0;0.0;0.0;0.0;0.0;0.0;0.0;0.0;0.0;0.0;0.0;0.0
Potengi;BARREIROS DE BAIXO;-7.0377777777778;-40.123472222222;2010;2;95.0;0.0;0.0;0.0;0.0;0.0;0.0;0.0;0.0;0.0;0.0;0.0;0.0;0.0;0.0;0.0;0.0;0.0;0.0;0.0;0.0;0.0;0.0;0.0;95.0;0.0;0.0;0.0;0.0;888.0;888.0;888.0
Potengi;BARREIROS DE BAIXO;-7.0377777777778;-40.123472222222;2010;3;149.0;0.0;0.0;0.0;0.0;0.0;0.0;0.0;0.0;0.0;0.0;0.0;0.0;0.0;0.0;0.0;0.0;0.0;0.0;0.0;0.0;44.0;0.0;17.0;0.0;0.0;0.0;0.0;0.0;88.0;0.0;0.0
Potengi;BARREIROS DE BAIXO;-7.0377777777778;-40.123472222222;2010;4;184.0;0.0;0.0;21.0;22.0;0.0;0.0;0.0;0.0;105.0;0.0;36.0;0.0;0.0;0.0;0.0;0.0;0.0;0.0;0.0;0.0;0.0;0.0;0.0;0.0;0.0;0.0;0.0;0.0;0.0;0.0;888.0
Potengi;BARREIROS DE BAIXO;-7.0377777777778;-40.123472222222;2010;12;101.0;0.0;0.0;0.0;0.0;0.0;0.0;0.0;0.0;0.0;35.0;11.0;0.0;0.0;55.0;0.0;0.0;0.0;0.0;0.0;0.0;0.0;0.0;0.0;0.0;0.0;0.0;0.0;0.0;0.0;0.0;0.0
Potengi;BARREIROS DE BAIXO;-7.0377777777778;-40.123472222222;2011;1;93.0;0.0;0.0;0.0;0.0;0.0;0.0;0.0;0.0;0.0;0.0;0.0;0.0;0.0;0.0;0.0;0.0;0.0;0.0;0.0;0.0;0.0;0.0;0.0;17.0;20.0;35.0;0.0;13.0;0.0;8.0;0.0
Potengi;BARREIROS DE BAIXO;-7.0377777777778;-40.123472222222;2011;2;184.0;9.0;9.0;0.0;53.0;29.0;0.0;0.0;0.0;0.0;0.0;0.0;0.0;0.0;0.0;12.0;0.0;21.0;0.0;0.0;0.0;0.0;0.0;0.0;20.0;0.0;0.0;0.0;31.0;888.0;888.0;888.0
Potengi;BARREIROS DE BAIXO;-7.0377777777778;-40.123472222222;2011;3;200.0;0.0;0.0;0.0;0.0;0.0;10.0;0.0;0.0;98.0;0.0;0.0;0.0;0.0;0.0;0.0;0.0;0.0;0.0;0.0;0.0;17.0;0.0;0.0;75.0;0.0;0.0;0.0;0.0;0.0;0.0;0.0
Potengi;BARREIROS DE BAIXO;-7.0377777777778;-40.123472222222;2011;4;57.0;0.0;0.0;0.0;0.0;0.0;0.0;0.0;0.0;0.0;0.0;0.0;0.0;0.0;0.0;0.0;0.0;0.0;13.0;0.0;0.0;0.0;0.0;16.0;0.0;0.0;0.0;0.0;0.0;0.0;28.0;888.0
Potengi;BARREIROS DE BAIXO;-7.0377777777778;-40.123472222222;2011;5;98.5;0.0;0.0;51.0;15.5;0.0;0.0;0.0;0.0;15.0;0.0;0.0;0.0;0.0;0.0;0.0;0.0;0.0;17.0;0.0;0.0;0.0;0.0;0.0;0.0;0.0;0.0;0.0;0.0;0.0;0.0;0.0
Potengi;BARREIROS DE BAIXO;-7.0377777777778;-40.123472222222;2011;6;0.0;0.0;0.0;0.0;0.0;0.0;0.0;0.0;0.0;0.0;0.0;0.0;0.0;0.0;0.0;0.0;0.0;0.0;0.0;0.0;0.0;0.0;0.0;0.0;0.0;0.0;0.0;0.0;0.0;0.0;0.0;888.0
Potengi;BARREIROS DE BAIXO;-7.0377777777778;-40.123472222222;2012;1;0.0;0.0;999.0;999.0;999.0;999.0;999.0;999.0;999.0;999.0;999.0;999.0;999.0;999.0;999.0;999.0;999.0;999.0;999.0;999.0;999.0;999.0;999.0;999.0;999.0;999.0;999.0;999.0;999.0;999.0;999.0;999.0
Potengi;BARREIROS DE BAIXO;-7.0377777777778;-40.123472222222;2012;2;0.0;0.0;999.0;999.0;999.0;999.0;999.0;999.0;999.0;999.0;999.0;999.0;999.0;999.0;999.0;999.0;999.0;999.0;999.0;999.0;999.0;999.0;999.0;999.0;999.0;999.0;999.0;999.0;999.0;999.0;888.0;888.0
Potengi;BARREIROS DE BAIXO;-7.0377777777778;-40.123472222222;2012;3;0.0;0.0;999.0;999.0;999.0;999.0;999.0;999.0;999.0;999.0;999.0;999.0;999.0;999.0;999.0;999.0;999.0;999.0;999.0;999.0;999.0;999.0;999.0;999.0;999.0;999.0;999.0;999.0;999.0;999.0;999.0;999.0
Potengi;BARREIROS DE BAIXO;-7.0377777777778;-40.123472222222;2013;1;0.0;0.0;0.0;0.0;0.0;0.0;0.0;0.0;0.0;0.0;0.0;0.0;0.0;0.0;0.0;0.0;0.0;0.0;0.0;0.0;0.0;0.0;0.0;0.0;0.0;0.0;0.0;0.0;0.0;0.0;0.0;0.0
Potengi;BARREIROS DE BAIXO;-7.0377777777778;-40.123472222222;2013;2;0.0;0.0;0.0;0.0;0.0;0.0;0.0;0.0;0.0;0.0;0.0;0.0;0.0;0.0;0.0;0.0;0.0;0.0;0.0;0.0;0.0;0.0;0.0;0.0;0.0;0.0;0.0;0.0;0.0;888.0;888.0;888.0
Potengi;BARREIROS DE BAIXO;-7.0377777777778;-40.123472222222;2013;3;25.0;0.0;0.0;0.0;0.0;0.0;0.0;0.0;0.0;0.0;0.0;0.0;0.0;0.0;0.0;0.0;0.0;0.0;0.0;11.0;0.0;0.0;0.0;0.0;0.0;14.0;0.0;0.0;0.0;0.0;0.0;0.0
Potengi;BARREIROS DE BAIXO;-7.0377777777778;-40.123472222222;2013;4;0.0;0.0;0.0;0.0;0.0;0.0;0.0;0.0;0.0;0.0;0.0;0.0;0.0;0.0;0.0;0.0;0.0;0.0;0.0;0.0;0.0;0.0;0.0;0.0;0.0;0.0;0.0;0.0;0.0;0.0;0.0;888.0
Potengi;BARREIROS DE BAIXO;-7.0377777777778;-40.123472222222;2013;5;82.0;0.0;13.0;35.0;0.0;0.0;0.0;0.0;0.0;14.0;0.0;0.0;20.0;0.0;0.0;0.0;0.0;0.0;0.0;0.0;0.0;0.0;0.0;0.0;0.0;0.0;0.0;0.0;0.0;0.0;0.0;0.0
Potengi;BARREIROS DE BAIXO;-7.0377777777778;-40.123472222222;2013;6;14.0;0.0;0.0;0.0;0.0;0.0;0.0;0.0;0.0;0.0;0.0;0.0;0.0;0.0;0.0;0.0;0.0;0.0;0.0;0.0;0.0;0.0;0.0;0.0;0.0;0.0;14.0;0.0;0.0;0.0;0.0;888.0
Potengi;BARREIROS DE BAIXO;-7.0377777777778;-40.123472222222;2013;7;0.0;0.0;0.0;0.0;0.0;0.0;0.0;0.0;0.0;0.0;0.0;0.0;0.0;0.0;0.0;0.0;0.0;0.0;0.0;0.0;0.0;0.0;0.0;0.0;0.0;0.0;0.0;0.0;0.0;0.0;0.0;0.0
Potengi;BARREIROS DE BAIXO;-7.0377777777778;-40.123472222222;2013;8;0.0;0.0;0.0;999.0;999.0;999.0;999.0;999.0;999.0;999.0;999.0;999.0;999.0;999.0;999.0;999.0;999.0;999.0;999.0;999.0;999.0;999.0;999.0;999.0;999.0;999.0;999.0;999.0;999.0;999.0;999.0;999.0
Potengi;BARREIROS DE BAIXO;-7.0377777777778;-40.123472222222;2017;10;0.0;999.0;999.0;999.0;999.0;999.0;999.0;999.0;999.0;999.0;999.0;999.0;999.0;999.0;999.0;999.0;999.0;999.0;999.0;999.0;999.0;999.0;999.0;999.0;999.0;999.0;999.0;999.0;999.0;999.0;999.0;999.0
Potengi;BARREIROS DE BAIXO;-7.0377777777778;-40.123472222222;2018;1;47.0;0.0;0.0;0.0;0.0;0.0;0.0;0.0;0.0;0.0;0.0;0.0;0.0;0.0;0.0;47.0;0.0;0.0;0.0;0.0;0.0;0.0;0.0;0.0;0.0;0.0;0.0;0.0;0.0;0.0;0.0;0.0
Potengi;BARREIROS DE BAIXO;-7.0377777777778;-40.123472222222;2018;2;200.0;0.0;0.0;0.0;0.0;0.0;0.0;0.0;25.0;0.0;0.0;47.0;0.0;0.0;0.0;36.0;28.0;0.0;0.0;38.0;0.0;0.0;26.0;0.0;0.0;0.0;0.0;0.0;0.0;888.0;888.0;888.0
Potengi;BARREIROS DE BAIXO;-7.0377777777778;-40.123472222222;2018;3;65.0;40.0;0.0;0.0;0.0;0.0;0.0;0.0;0.0;0.0;0.0;0.0;0.0;0.0;0.0;0.0;0.0;0.0;0.0;0.0;0.0;0.0;0.0;0.0;0.0;0.0;0.0;25.0;0.0;0.0;0.0;0.0
Potengi;BARREIROS DE BAIXO;-7.0377777777778;-40.123472222222;2018;4;157.0;0.0;0.0;0.0;42.0;52.0;0.0;0.0;0.0;0.0;63.0;0.0;0.0;0.0;0.0;0.0;0.0;0.0;0.0;0.0;0.0;0.0;0.0;0.0;0.0;0.0;0.0;0.0;0.0;0.0;0.0;888.0
Potengi;BARREIROS DE BAIXO;-7.0377777777778;-40.123472222222;2018;5;0.0;0.0;0.0;0.0;0.0;0.0;0.0;0.0;0.0;0.0;0.0;0.0;0.0;0.0;0.0;0.0;0.0;0.0;0.0;0.0;0.0;0.0;0.0;0.0;0.0;0.0;0.0;0.0;0.0;0.0;0.0;0.0
Potengi;BARREIROS DE BAIXO;-7.0377777777778;-40.123472222222;2018;6;0.0;0.0;0.0;0.0;0.0;0.0;0.0;0.0;0.0;0.0;0.0;0.0;0.0;0.0;0.0;0.0;0.0;0.0;0.0;0.0;0.0;0.0;0.0;0.0;0.0;0.0;0.0;0.0;0.0;0.0;0.0;888.0
Potengi;BARREIROS DE BAIXO;-7.0377777777778;-40.123472222222;2018;7;0.0;0.0;0.0;0.0;0.0;0.0;0.0;0.0;0.0;0.0;0.0;0.0;0.0;0.0;0.0;0.0;0.0;0.0;0.0;0.0;0.0;0.0;0.0;0.0;0.0;0.0;0.0;0.0;0.0;0.0;0.0;0.0
Potengi;BARREIROS DE BAIXO;-7.0377777777778;-40.123472222222;2018;8;0.0;0.0;0.0;0.0;0.0;0.0;0.0;0.0;0.0;0.0;0.0;0.0;0.0;0.0;0.0;0.0;0.0;0.0;0.0;0.0;0.0;0.0;0.0;0.0;0.0;0.0;0.0;0.0;0.0;0.0;0.0;0.0
Potengi;BARREIROS DE BAIXO;-7.0377777777778;-40.123472222222;2018;9;0.0;0.0;0.0;0.0;0.0;0.0;0.0;0.0;0.0;0.0;0.0;0.0;0.0;0.0;0.0;0.0;0.0;0.0;0.0;0.0;0.0;0.0;0.0;0.0;0.0;0.0;0.0;0.0;0.0;0.0;0.0;888.0
Potengi;BARREIROS DE BAIXO;-7.0377777777778;-40.123472222222;2018;10;0.0;0.0;0.0;0.0;0.0;0.0;0.0;0.0;0.0;0.0;0.0;0.0;0.0;0.0;0.0;0.0;0.0;0.0;0.0;0.0;0.0;0.0;0.0;0.0;0.0;0.0;0.0;0.0;0.0;0.0;0.0;0.0
Potengi;BARREIROS DE BAIXO;-7.0377777777778;-40.123472222222;2018;11;27.0;0.0;0.0;0.0;0.0;0.0;0.0;0.0;0.0;0.0;0.0;0.0;0.0;0.0;0.0;0.0;0.0;0.0;0.0;0.0;0.0;0.0;0.0;0.0;0.0;0.0;0.0;0.0;0.0;0.0;27.0;888.0
Potengi;BARREIROS DE BAIXO;-7.0377777777778;-40.123472222222;2018;12;65.2;0.0;0.0;0.0;0.0;0.0;0.0;0.0;0.0;0.0;37.0;0.0;0.0;0.0;0.0;0.0;0.0;0.0;28.2;0.0;0.0;0.0;0.0;0.0;0.0;0.0;0.0;0.0;0.0;0.0;0.0;0.0
Potengi;BARREIROS DE BAIXO;-7.0377777777778;-40.123472222222;2019;1;49.0;0.0;0.0;0.0;0.0;0.0;0.0;0.0;0.0;0.0;0.0;0.0;0.0;0.0;0.0;0.0;0.0;0.0;22.0;0.0;0.0;14.0;0.0;0.0;0.0;0.0;13.0;0.0;0.0;0.0;0.0;0.0
Potengi;BARREIROS DE BAIXO;-7.0377777777778;-40.123472222222;2019;2;53.0;0.0;5.0;0.0;0.0;0.0;0.0;33.0;0.0;0.0;0.0;0.0;0.0;0.0;0.0;0.0;6.0;9.0;0.0;0.0;0.0;0.0;0.0;0.0;0.0;0.0;0.0;0.0;0.0;888.0;888.0;888.0
Potengi;BARREIROS DE BAIXO;-7.0377777777778;-40.123472222222;2019;3;207.0;0.0;0.0;19.0;0.0;21.0;0.0;11.0;0.0;37.0;0.0;0.0;0.0;0.0;0.0;0.0;0.0;0.0;0.0;0.0;0.0;0.0;84.0;0.0;12.0;0.0;0.0;0.0;23.0;0.0;0.0;0.0
Potengi;BARREIROS DE BAIXO;-7.0377777777778;-40.123472222222;2019;4;259.0;33.0;0.0;38.0;32.0;0.0;0.0;42.0;0.0;0.0;0.0;0.0;38.0;0.0;0.0;31.0;0.0;0.0;0.0;0.0;0.0;0.0;0.0;0.0;0.0;0.0;0.0;0.0;0.0;0.0;45.0;888.0
Potengi;BARREIROS DE BAIXO;-7.0377777777778;-40.123472222222;2019;5;15.0;0.0;15.0;0.0;0.0;0.0;0.0;0.0;0.0;0.0;0.0;0.0;0.0;0.0;0.0;0.0;0.0;0.0;0.0;0.0;0.0;0.0;0.0;0.0;0.0;0.0;0.0;0.0;0.0;0.0;0.0;0.0
Potengi;BARREIROS DE BAIXO;-7.0377777777778;-40.123472222222;2019;6;59.0;0.0;0.0;0.0;0.0;0.0;0.0;0.0;0.0;0.0;0.0;0.0;0.0;0.0;0.0;0.0;0.0;0.0;0.0;59.0;0.0;0.0;0.0;0.0;0.0;0.0;0.0;0.0;0.0;0.0;0.0;888.0
Potengi;BARREIROS DE BAIXO;-7.0377777777778;-40.123472222222;2019;7;0.0;0.0;0.0;0.0;0.0;0.0;0.0;0.0;0.0;0.0;0.0;0.0;0.0;0.0;0.0;0.0;0.0;0.0;0.0;0.0;0.0;0.0;0.0;0.0;0.0;0.0;0.0;0.0;0.0;0.0;0.0;0.0
Potengi;BARREIROS DE BAIXO;-7.0377777777778;-40.123472222222;2019;8;0.0;0.0;0.0;0.0;0.0;0.0;0.0;0.0;0.0;0.0;0.0;0.0;0.0;0.0;0.0;0.0;0.0;0.0;0.0;0.0;0.0;0.0;0.0;0.0;0.0;0.0;0.0;0.0;0.0;0.0;0.0;0.0
Potengi;BARREIROS DE BAIXO;-7.0377777777778;-40.123472222222;2019;9;0.0;0.0;0.0;0.0;0.0;0.0;0.0;0.0;0.0;0.0;0.0;0.0;0.0;0.0;0.0;0.0;0.0;0.0;0.0;0.0;0.0;0.0;0.0;0.0;0.0;0.0;0.0;0.0;0.0;0.0;0.0;888.0
Potengi;BARREIROS DE BAIXO;-7.0377777777778;-40.123472222222;2019;10;16.0;0.0;0.0;0.0;16.0;0.0;0.0;0.0;0.0;0.0;0.0;0.0;0.0;0.0;0.0;0.0;0.0;0.0;0.0;0.0;0.0;0.0;0.0;0.0;0.0;0.0;0.0;0.0;0.0;0.0;0.0;0.0
Potengi;BARREIROS DE BAIXO;-7.0377777777778;-40.123472222222;2019;11;0.0;0.0;0.0;0.0;0.0;0.0;0.0;0.0;0.0;0.0;0.0;0.0;0.0;0.0;0.0;0.0;0.0;0.0;0.0;0.0;0.0;0.0;0.0;0.0;0.0;0.0;0.0;0.0;0.0;0.0;0.0;888.0
Potengi;BARREIROS DE BAIXO;-7.0377777777778;-40.123472222222;2019;12;0.0;0.0;0.0;0.0;0.0;0.0;0.0;0.0;0.0;0.0;0.0;0.0;0.0;0.0;0.0;0.0;0.0;0.0;0.0;0.0;0.0;0.0;0.0;0.0;0.0;0.0;0.0;0.0;0.0;0.0;0.0;0.0
Potengi;BARREIROS DE BAIXO;-7.0377777777778;-40.123472222222;2020;1;175.0;34.0;0.0;0.0;0.0;0.0;0.0;0.0;0.0;53.0;12.0;0.0;0.0;0.0;0.0;0.0;0.0;0.0;71.0;0.0;0.0;0.0;0.0;0.0;5.0;0.0;0.0;0.0;0.0;0.0;0.0;0.0
Potengi;BARREIROS DE BAIXO;-7.0377777777778;-40.123472222222;2020;2;226.0;0.0;0.0;11.0;0.0;10.0;0.0;0.0;0.0;0.0;0.0;16.0;0.0;0.0;20.0;115.0;0.0;0.0;10.0;0.0;0.0;31.0;0.0;13.0;0.0;0.0;0.0;0.0;0.0;0.0;888.0;888.0
Potengi;BARREIROS DE BAIXO;-7.0377777777778;-40.123472222222;2020;3;258.0;18.0;15.0;19.0;0.0;0.0;0.0;0.0;0.0;0.0;0.0;0.0;0.0;13.0;0.0;40.0;0.0;0.0;0.0;0.0;0.0;0.0;0.0;0.0;130.0;0.0;23.0;0.0;0.0;0.0;0.0;0.0
Potengi;BARREIROS DE BAIXO;-7.0377777777778;-40.123472222222;2020;4;149.0;0.0;0.0;28.0;0.0;0.0;0.0;0.0;0.0;0.0;0.0;0.0;0.0;0.0;0.0;0.0;0.0;24.0;28.0;0.0;0.0;29.0;0.0;0.0;23.0;0.0;0.0;17.0;0.0;0.0;0.0;888.0
Potengi;BARREIROS DE BAIXO;-7.0377777777778;-40.123472222222;2020;5;0.0;0.0;0.0;0.0;0.0;0.0;0.0;0.0;0.0;0.0;0.0;0.0;0.0;999.0;999.0;999.0;999.0;999.0;999.0;999.0;999.0;999.0;999.0;999.0;999.0;999.0;999.0;999.0;999.0;999.0;999.0;999.0
Potengi;BARREIROS DE BAIXO;-7.0377777777778;-40.123472222222;2024;8;0.0;999.0;999.0;999.0;999.0;999.0;999.0;999.0;999.0;999.0;999.0;999.0;999.0;999.0;999.0;999.0;999.0;999.0;999.0;999.0;999.0;999.0;999.0;999.0;999.0;999.0;999.0;999.0;999.0;999.0;999.0;999.0
