Municipios;Postos;Latitude;Longitude;Anos;Meses;Total;Dia1;Dia2;Dia3;Dia4;Dia5;Dia6;Dia7;Dia8;Dia9;Dia10;Dia11;Dia12;Dia13;Dia14;Dia15;Dia16;Dia17;Dia18;Dia19;Dia20;Dia21;Dia22;Dia23;Dia24;Dia25;Dia26;Dia27;Dia28;Dia29;Dia30;Dia31
Juazeiro do Norte;VILA SAO GONCALO-MARROCOS;-7.1833611111111;-39.23125;2000;12;53.0;0.0;0.0;0.0;0.0;0.0;0.0;0.0;0.0;0.0;0.0;0.0;0.0;5.0;38.0;10.0;0.0;0.0;0.0;0.0;0.0;0.0;0.0;0.0;0.0;0.0;0.0;0.0;0.0;0.0;0.0;0.0
Juazeiro do Norte;VILA SAO GONCALO-MARROCOS;-7.1833611111111;-39.23125;2001;1;42.0;0.0;0.0;0.0;0.0;0.0;0.0;4.0;7.0;0.0;0.0;0.0;0.0;5.0;0.0;0.0;0.0;0.0;0.0;0.0;0.0;0.0;21.0;0.0;0.0;0.0;0.0;0.0;0.0;0.0;0.0;5.0
Juazeiro do Norte;VILA SAO GONCALO-MARROCOS;-7.1833611111111;-39.23125;2001;2;89.0;0.0;0.0;44.0;32.0;8.0;0.0;0.0;0.0;0.0;0.0;0.0;0.0;5.0;0.0;0.0;0.0;0.0;0.0;0.0;0.0;0.0;0.0;0.0;0.0;0.0;0.0;0.0;0.0;888.0;888.0;888.0
Juazeiro do Norte;VILA SAO GONCALO-MARROCOS;-7.1833611111111;-39.23125;2001;3;207.0;0.0;44.0;18.0;0.0;0.0;0.0;0.0;0.0;0.0;0.0;0.0;26.0;13.0;0.0;35.0;43.0;0.0;0.0;0.0;0.0;0.0;0.0;0.0;0.0;0.0;0.0;0.0;0.0;0.0;20.0;8.0
Juazeiro do Norte;VILA SAO GONCALO-MARROCOS;-7.1833611111111;-39.23125;2001;4;33.0;9.0;0.0;11.0;0.0;0.0;0.0;0.0;0.0;0.0;0.0;0.0;0.0;0.0;9.0;4.0;0.0;0.0;0.0;0.0;0.0;0.0;0.0;0.0;0.0;0.0;0.0;0.0;0.0;0.0;0.0;888.0
Juazeiro do Norte;VILA SAO GONCALO-MARROCOS;-7.1833611111111;-39.23125;2001;5;28.0;0.0;0.0;0.0;0.0;0.0;0.0;0.0;0.0;0.0;0.0;0.0;0.0;0.0;0.0;0.0;0.0;0.0;0.0;0.0;0.0;0.0;0.0;0.0;0.0;13.0;7.0;0.0;0.0;8.0;0.0;0.0
Juazeiro do Norte;VILA SAO GONCALO-MARROCOS;-7.1833611111111;-39.23125;2001;6;0.0;0.0;0.0;0.0;0.0;0.0;0.0;0.0;0.0;0.0;0.0;0.0;0.0;0.0;0.0;0.0;0.0;0.0;0.0;0.0;0.0;0.0;0.0;0.0;0.0;0.0;0.0;0.0;0.0;0.0;0.0;888.0
Juazeiro do Norte;VILA SAO GONCALO-MARROCOS;-7.1833611111111;-39.23125;2001;7;0.0;0.0;0.0;0.0;0.0;0.0;0.0;0.0;0.0;0.0;0.0;0.0;0.0;0.0;0.0;0.0;0.0;0.0;0.0;0.0;0.0;0.0;0.0;0.0;0.0;0.0;0.0;0.0;0.0;0.0;0.0;0.0
Juazeiro do Norte;VILA SAO GONCALO-MARROCOS;-7.1833611111111;-39.23125;2001;8;0.0;0.0;0.0;0.0;0.0;0.0;0.0;0.0;0.0;0.0;0.0;0.0;0.0;0.0;0.0;0.0;0.0;0.0;0.0;0.0;0.0;0.0;0.0;0.0;0.0;0.0;0.0;0.0;0.0;0.0;0.0;0.0
Juazeiro do Norte;VILA SAO GONCALO-MARROCOS;-7.1833611111111;-39.23125;2001;9;0.0;0.0;0.0;0.0;0.0;0.0;0.0;0.0;0.0;0.0;0.0;0.0;0.0;0.0;0.0;0.0;0.0;0.0;0.0;0.0;0.0;0.0;0.0;0.0;0.0;0.0;0.0;0.0;0.0;0.0;0.0;888.0
Juazeiro do Norte;VILA SAO GONCALO-MARROCOS;-7.1833611111111;-39.23125;2001;10;0.0;0.0;0.0;0.0;0.0;0.0;0.0;0.0;0.0;0.0;0.0;0.0;0.0;0.0;0.0;0.0;0.0;0.0;0.0;0.0;0.0;0.0;0.0;0.0;0.0;0.0;0.0;0.0;0.0;0.0;0.0;0.0
Juazeiro do Norte;VILA SAO GONCALO-MARROCOS;-7.1833611111111;-39.23125;2001;11;0.0;0.0;0.0;0.0;0.0;0.0;0.0;0.0;0.0;0.0;0.0;0.0;0.0;0.0;0.0;0.0;0.0;0.0;0.0;0.0;0.0;0.0;0.0;0.0;0.0;0.0;0.0;0.0;0.0;0.0;0.0;888.0
Juazeiro do Norte;VILA SAO GONCALO-MARROCOS;-7.1833611111111;-39.23125;2001;12;171.0;0.0;0.0;0.0;0.0;34.0;29.0;0.0;0.0;0.0;0.0;0.0;0.0;0.0;0.0;0.0;0.0;0.0;0.0;0.0;0.0;0.0;0.0;0.0;0.0;0.0;0.0;0.0;0.0;20.0;39.0;49.0
Juazeiro do Norte;VILA SAO GONCALO-MARROCOS;-7.1833611111111;-39.23125;2002;1;271.4;0.0;69.0;0.0;0.0;0.0;0.0;72.0;0.0;0.0;14.0;5.0;0.0;30.0;0.0;0.0;0.0;2.0;31.6;0.0;10.8;0.0;0.0;0.0;0.0;4.0;0.0;23.0;10.0;0.0;0.0;0.0
Juazeiro do Norte;VILA SAO GONCALO-MARROCOS;-7.1833611111111;-39.23125;2002;2;55.0;0.0;0.0;0.0;0.0;0.0;10.0;0.0;0.0;0.0;0.0;0.0;0.0;26.0;0.0;0.0;0.0;0.0;0.0;0.0;0.0;0.0;0.0;0.0;0.0;0.0;19.0;0.0;0.0;888.0;888.0;888.0
Juazeiro do Norte;VILA SAO GONCALO-MARROCOS;-7.1833611111111;-39.23125;2002;3;111.0;0.0;0.0;0.0;0.0;0.0;0.0;0.0;0.0;0.0;0.0;0.0;0.0;5.0;0.0;0.0;0.0;6.2;34.0;5.8;60.0;0.0;0.0;0.0;0.0;0.0;0.0;0.0;0.0;0.0;0.0;0.0
Juazeiro do Norte;VILA SAO GONCALO-MARROCOS;-7.1833611111111;-39.23125;2002;4;22.0;0.0;0.0;0.0;22.0;0.0;0.0;0.0;0.0;0.0;0.0;0.0;0.0;0.0;0.0;0.0;0.0;0.0;0.0;0.0;0.0;0.0;0.0;0.0;0.0;0.0;0.0;0.0;0.0;0.0;0.0;888.0
Juazeiro do Norte;VILA SAO GONCALO-MARROCOS;-7.1833611111111;-39.23125;2002;5;36.0;0.0;0.0;0.0;13.0;0.0;0.0;0.0;12.0;0.0;0.0;0.0;0.0;0.0;0.0;0.0;0.0;0.0;0.0;0.0;0.0;0.0;0.0;0.0;0.0;0.0;11.0;0.0;0.0;0.0;0.0;0.0
Juazeiro do Norte;VILA SAO GONCALO-MARROCOS;-7.1833611111111;-39.23125;2002;6;7.0;0.0;0.0;0.0;0.0;0.0;0.0;0.0;0.0;0.0;4.0;0.0;0.0;0.0;3.0;0.0;0.0;0.0;0.0;0.0;0.0;0.0;0.0;0.0;0.0;0.0;0.0;0.0;0.0;0.0;0.0;888.0
Juazeiro do Norte;VILA SAO GONCALO-MARROCOS;-7.1833611111111;-39.23125;2002;7;59.0;0.0;0.0;0.0;0.0;0.0;0.0;0.0;0.0;0.0;0.0;59.0;0.0;0.0;0.0;0.0;0.0;0.0;0.0;0.0;0.0;0.0;0.0;0.0;0.0;0.0;0.0;0.0;0.0;0.0;0.0;0.0
Juazeiro do Norte;VILA SAO GONCALO-MARROCOS;-7.1833611111111;-39.23125;2002;8;0.0;0.0;0.0;0.0;0.0;0.0;0.0;0.0;0.0;0.0;0.0;0.0;0.0;0.0;0.0;0.0;0.0;0.0;0.0;0.0;0.0;0.0;0.0;0.0;0.0;0.0;0.0;0.0;0.0;0.0;0.0;0.0
Juazeiro do Norte;VILA SAO GONCALO-MARROCOS;-7.1833611111111;-39.23125;2002;9;18.0;0.0;0.0;0.0;11.0;0.0;0.0;0.0;0.0;0.0;0.0;0.0;0.0;0.0;0.0;0.0;0.0;0.0;0.0;0.0;0.0;0.0;0.0;0.0;0.0;0.0;0.0;0.0;7.0;0.0;0.0;888.0
Juazeiro do Norte;VILA SAO GONCALO-MARROCOS;-7.1833611111111;-39.23125;2002;10;0.0;0.0;0.0;0.0;0.0;0.0;0.0;0.0;0.0;0.0;0.0;0.0;0.0;0.0;0.0;0.0;0.0;0.0;0.0;0.0;0.0;0.0;0.0;0.0;0.0;0.0;0.0;0.0;0.0;0.0;0.0;0.0
Juazeiro do Norte;VILA SAO GONCALO-MARROCOS;-7.1833611111111;-39.23125;2002;11;0.0;0.0;0.0;0.0;0.0;0.0;0.0;0.0;0.0;0.0;0.0;0.0;0.0;0.0;0.0;0.0;0.0;0.0;0.0;0.0;0.0;0.0;0.0;0.0;0.0;0.0;0.0;0.0;0.0;0.0;0.0;888.0
Juazeiro do Norte;VILA SAO GONCALO-MARROCOS;-7.1833611111111;-39.23125;2002;12;19.0;0.0;0.0;0.0;0.0;0.0;0.0;0.0;0.0;0.0;0.0;19.0;0.0;0.0;0.0;0.0;0.0;0.0;0.0;0.0;0.0;0.0;0.0;0.0;0.0;0.0;0.0;0.0;0.0;0.0;0.0;0.0
Juazeiro do Norte;VILA SAO GONCALO-MARROCOS;-7.1833611111111;-39.23125;2003;1;190.0;0.0;0.0;0.0;0.0;0.0;0.0;0.0;0.0;0.0;0.0;0.0;0.0;0.0;0.0;0.0;0.0;0.0;0.0;81.0;26.0;0.0;0.0;24.0;0.0;0.0;0.0;0.0;19.0;0.0;40.0;0.0
Juazeiro do Norte;VILA SAO GONCALO-MARROCOS;-7.1833611111111;-39.23125;2003;2;185.0;0.0;0.0;0.0;0.0;0.0;0.0;26.0;0.0;0.0;2.0;31.0;16.0;0.0;0.0;0.0;0.0;0.0;0.0;0.0;0.0;0.0;7.0;34.0;0.0;24.0;45.0;0.0;0.0;888.0;888.0;888.0
Juazeiro do Norte;VILA SAO GONCALO-MARROCOS;-7.1833611111111;-39.23125;2003;3;268.0;0.0;0.0;0.0;0.0;0.0;45.0;0.0;0.0;0.0;0.0;0.0;0.0;0.0;0.0;20.0;0.0;64.0;0.0;22.0;9.0;8.0;0.0;55.0;9.0;0.0;0.0;0.0;0.0;0.0;31.0;5.0
Juazeiro do Norte;VILA SAO GONCALO-MARROCOS;-7.1833611111111;-39.23125;2003;4;115.0;0.0;0.0;0.0;0.0;0.0;0.0;0.0;0.0;0.0;0.0;0.0;0.0;0.0;70.0;0.0;0.0;0.0;0.0;0.0;0.0;0.0;0.0;0.0;0.0;0.0;0.0;0.0;45.0;0.0;0.0;888.0
Juazeiro do Norte;VILA SAO GONCALO-MARROCOS;-7.1833611111111;-39.23125;2003;5;27.0;0.0;0.0;0.0;0.0;0.0;22.0;5.0;0.0;0.0;0.0;0.0;0.0;0.0;0.0;0.0;0.0;0.0;0.0;0.0;0.0;0.0;0.0;0.0;0.0;0.0;0.0;0.0;0.0;0.0;0.0;0.0
Juazeiro do Norte;VILA SAO GONCALO-MARROCOS;-7.1833611111111;-39.23125;2003;6;0.0;0.0;0.0;0.0;0.0;0.0;0.0;0.0;0.0;0.0;0.0;0.0;0.0;0.0;0.0;0.0;0.0;0.0;0.0;0.0;0.0;0.0;0.0;0.0;0.0;0.0;0.0;0.0;0.0;0.0;0.0;888.0
Juazeiro do Norte;VILA SAO GONCALO-MARROCOS;-7.1833611111111;-39.23125;2003;7;0.0;0.0;0.0;0.0;0.0;0.0;0.0;0.0;0.0;0.0;0.0;0.0;0.0;0.0;0.0;0.0;0.0;0.0;0.0;0.0;0.0;0.0;0.0;0.0;0.0;0.0;0.0;0.0;0.0;0.0;0.0;0.0
Juazeiro do Norte;VILA SAO GONCALO-MARROCOS;-7.1833611111111;-39.23125;2003;8;0.0;0.0;0.0;0.0;0.0;0.0;0.0;0.0;0.0;0.0;0.0;0.0;0.0;0.0;0.0;0.0;0.0;0.0;0.0;0.0;0.0;0.0;0.0;0.0;0.0;0.0;0.0;0.0;0.0;0.0;0.0;0.0
Juazeiro do Norte;VILA SAO GONCALO-MARROCOS;-7.1833611111111;-39.23125;2003;9;0.0;0.0;0.0;0.0;0.0;0.0;0.0;0.0;0.0;0.0;0.0;0.0;0.0;0.0;0.0;0.0;0.0;0.0;0.0;0.0;0.0;0.0;0.0;0.0;0.0;0.0;0.0;0.0;0.0;0.0;0.0;888.0
Juazeiro do Norte;VILA SAO GONCALO-MARROCOS;-7.1833611111111;-39.23125;2003;10;0.0;0.0;0.0;0.0;0.0;0.0;0.0;0.0;0.0;0.0;0.0;0.0;0.0;0.0;0.0;0.0;0.0;0.0;0.0;0.0;0.0;0.0;0.0;0.0;0.0;0.0;0.0;0.0;0.0;0.0;0.0;0.0
Juazeiro do Norte;VILA SAO GONCALO-MARROCOS;-7.1833611111111;-39.23125;2003;11;0.0;0.0;0.0;0.0;0.0;0.0;0.0;0.0;0.0;0.0;0.0;0.0;0.0;0.0;0.0;0.0;0.0;0.0;0.0;0.0;0.0;0.0;0.0;0.0;0.0;0.0;0.0;0.0;0.0;0.0;0.0;888.0
Juazeiro do Norte;VILA SAO GONCALO-MARROCOS;-7.1833611111111;-39.23125;2003;12;0.0;0.0;0.0;0.0;0.0;0.0;0.0;0.0;0.0;0.0;0.0;0.0;0.0;0.0;0.0;0.0;0.0;0.0;0.0;0.0;0.0;0.0;0.0;0.0;0.0;0.0;0.0;0.0;0.0;0.0;0.0;0.0
Juazeiro do Norte;VILA SAO GONCALO-MARROCOS;-7.1833611111111;-39.23125;2004;1;496.0;0.0;0.0;0.0;0.0;0.0;0.0;0.0;0.0;0.0;0.0;0.0;0.0;7.0;97.0;0.0;0.0;43.0;24.0;0.0;63.0;0.0;0.0;70.0;18.0;35.0;0.0;16.0;95.0;14.0;14.0;0.0
Juazeiro do Norte;VILA SAO GONCALO-MARROCOS;-7.1833611111111;-39.23125;2004;2;440.0;0.0;20.0;34.0;87.0;18.0;18.0;0.0;0.0;0.0;0.0;32.0;0.0;0.0;0.0;0.0;121.0;0.0;0.0;0.0;0.0;0.0;13.0;0.0;29.0;31.0;37.0;0.0;0.0;0.0;888.0;888.0
Juazeiro do Norte;VILA SAO GONCALO-MARROCOS;-7.1833611111111;-39.23125;2004;3;151.0;0.0;0.0;0.0;0.0;32.0;0.0;0.0;51.0;0.0;0.0;0.0;0.0;25.0;0.0;0.0;43.0;0.0;0.0;0.0;0.0;0.0;0.0;0.0;0.0;0.0;0.0;0.0;0.0;0.0;0.0;0.0
Juazeiro do Norte;VILA SAO GONCALO-MARROCOS;-7.1833611111111;-39.23125;2004;4;43.0;0.0;0.0;0.0;0.0;0.0;27.0;0.0;0.0;0.0;16.0;0.0;0.0;0.0;0.0;0.0;0.0;0.0;0.0;0.0;0.0;0.0;0.0;0.0;0.0;0.0;0.0;0.0;0.0;0.0;0.0;888.0
Juazeiro do Norte;VILA SAO GONCALO-MARROCOS;-7.1833611111111;-39.23125;2004;5;0.0;0.0;0.0;0.0;0.0;0.0;0.0;0.0;0.0;0.0;0.0;0.0;0.0;0.0;0.0;0.0;0.0;0.0;0.0;0.0;0.0;0.0;0.0;0.0;0.0;0.0;0.0;0.0;0.0;0.0;0.0;0.0
Juazeiro do Norte;VILA SAO GONCALO-MARROCOS;-7.1833611111111;-39.23125;2004;6;18.0;0.0;0.0;18.0;0.0;0.0;0.0;0.0;0.0;0.0;0.0;0.0;0.0;0.0;0.0;0.0;0.0;0.0;0.0;0.0;0.0;0.0;0.0;0.0;0.0;0.0;0.0;0.0;0.0;0.0;0.0;888.0
Juazeiro do Norte;VILA SAO GONCALO-MARROCOS;-7.1833611111111;-39.23125;2004;7;0.0;0.0;0.0;0.0;0.0;0.0;0.0;0.0;0.0;0.0;0.0;0.0;0.0;0.0;0.0;0.0;0.0;0.0;0.0;0.0;0.0;0.0;0.0;0.0;0.0;0.0;0.0;0.0;0.0;0.0;0.0;0.0
Juazeiro do Norte;VILA SAO GONCALO-MARROCOS;-7.1833611111111;-39.23125;2004;8;0.0;0.0;0.0;0.0;0.0;0.0;0.0;0.0;0.0;0.0;0.0;0.0;0.0;0.0;0.0;0.0;0.0;0.0;0.0;0.0;0.0;0.0;0.0;0.0;0.0;0.0;0.0;0.0;0.0;0.0;0.0;0.0
Juazeiro do Norte;VILA SAO GONCALO-MARROCOS;-7.1833611111111;-39.23125;2004;9;0.0;0.0;0.0;0.0;0.0;0.0;0.0;0.0;0.0;0.0;0.0;0.0;0.0;0.0;0.0;0.0;0.0;0.0;0.0;0.0;0.0;0.0;0.0;0.0;0.0;0.0;0.0;0.0;0.0;0.0;0.0;888.0
Juazeiro do Norte;VILA SAO GONCALO-MARROCOS;-7.1833611111111;-39.23125;2004;10;0.0;0.0;0.0;0.0;0.0;0.0;0.0;0.0;0.0;0.0;0.0;0.0;0.0;0.0;0.0;0.0;0.0;0.0;0.0;0.0;0.0;0.0;0.0;0.0;0.0;0.0;0.0;0.0;0.0;0.0;0.0;0.0
Juazeiro do Norte;VILA SAO GONCALO-MARROCOS;-7.1833611111111;-39.23125;2004;11;13.3;0.0;0.0;0.0;0.0;0.0;0.0;0.0;0.0;0.0;0.0;0.0;0.0;0.0;0.0;0.0;0.0;0.0;0.0;0.0;0.0;0.0;0.0;0.0;0.0;0.0;13.3;0.0;0.0;0.0;0.0;888.0
Juazeiro do Norte;VILA SAO GONCALO-MARROCOS;-7.1833611111111;-39.23125;2004;12;0.0;0.0;0.0;0.0;0.0;0.0;0.0;0.0;0.0;0.0;0.0;0.0;0.0;0.0;0.0;0.0;0.0;0.0;0.0;0.0;0.0;0.0;0.0;0.0;0.0;0.0;0.0;0.0;0.0;0.0;0.0;0.0
Juazeiro do Norte;VILA SAO GONCALO-MARROCOS;-7.1833611111111;-39.23125;2005;1;86.2;0.0;0.0;0.0;0.0;8.0;0.0;0.0;0.0;0.0;0.0;0.0;0.0;0.0;0.0;10.2;8.0;0.0;0.0;0.0;46.0;0.0;0.0;6.0;0.0;0.0;0.0;0.0;0.0;8.0;0.0;0.0
Juazeiro do Norte;VILA SAO GONCALO-MARROCOS;-7.1833611111111;-39.23125;2005;2;55.0;0.0;0.0;0.0;0.0;0.0;0.0;0.0;0.0;38.0;0.0;0.0;0.0;0.0;0.0;0.0;17.0;0.0;0.0;0.0;0.0;0.0;0.0;0.0;0.0;0.0;0.0;0.0;0.0;888.0;888.0;888.0
Juazeiro do Norte;VILA SAO GONCALO-MARROCOS;-7.1833611111111;-39.23125;2005;3;244.0;0.0;0.0;0.0;0.0;0.0;0.0;0.0;0.0;0.0;0.0;0.0;35.0;0.0;0.0;0.0;0.0;0.0;17.0;18.0;16.0;0.0;0.0;0.0;95.0;0.0;27.0;0.0;16.0;3.0;0.0;17.0
Juazeiro do Norte;VILA SAO GONCALO-MARROCOS;-7.1833611111111;-39.23125;2005;4;80.0;0.0;7.0;0.0;0.0;0.0;0.0;0.0;0.0;0.0;0.0;0.0;0.0;0.0;0.0;0.0;15.0;0.0;0.0;0.0;9.0;0.0;0.0;0.0;0.0;0.0;0.0;0.0;49.0;0.0;0.0;888.0
Juazeiro do Norte;VILA SAO GONCALO-MARROCOS;-7.1833611111111;-39.23125;2005;5;17.0;0.0;0.0;0.0;0.0;0.0;0.0;0.0;0.0;0.0;17.0;0.0;0.0;0.0;0.0;0.0;0.0;0.0;0.0;0.0;0.0;0.0;0.0;0.0;0.0;0.0;0.0;0.0;0.0;0.0;0.0;0.0
Juazeiro do Norte;VILA SAO GONCALO-MARROCOS;-7.1833611111111;-39.23125;2005;6;16.0;0.0;0.0;0.0;0.0;0.0;0.0;0.0;0.0;0.0;0.0;0.0;0.0;0.0;0.0;0.0;0.0;0.0;0.0;0.0;0.0;0.0;0.0;0.0;0.0;0.0;0.0;0.0;16.0;0.0;0.0;888.0
Juazeiro do Norte;VILA SAO GONCALO-MARROCOS;-7.1833611111111;-39.23125;2005;7;0.0;0.0;0.0;0.0;0.0;0.0;0.0;0.0;0.0;0.0;0.0;0.0;0.0;0.0;0.0;0.0;0.0;0.0;0.0;0.0;0.0;0.0;0.0;0.0;0.0;0.0;0.0;0.0;0.0;0.0;0.0;0.0
Juazeiro do Norte;VILA SAO GONCALO-MARROCOS;-7.1833611111111;-39.23125;2005;8;0.0;0.0;0.0;0.0;0.0;0.0;0.0;0.0;0.0;0.0;0.0;0.0;0.0;0.0;0.0;0.0;0.0;0.0;0.0;0.0;0.0;0.0;0.0;0.0;0.0;0.0;0.0;0.0;0.0;0.0;0.0;0.0
Juazeiro do Norte;VILA SAO GONCALO-MARROCOS;-7.1833611111111;-39.23125;2005;9;0.0;0.0;0.0;0.0;0.0;0.0;0.0;0.0;0.0;0.0;0.0;0.0;0.0;0.0;0.0;0.0;0.0;0.0;0.0;0.0;0.0;0.0;0.0;0.0;0.0;0.0;0.0;0.0;0.0;0.0;0.0;888.0
Juazeiro do Norte;VILA SAO GONCALO-MARROCOS;-7.1833611111111;-39.23125;2005;10;0.0;0.0;0.0;0.0;0.0;0.0;0.0;0.0;0.0;0.0;0.0;0.0;0.0;0.0;0.0;0.0;0.0;0.0;0.0;0.0;0.0;0.0;0.0;0.0;0.0;0.0;0.0;0.0;0.0;0.0;0.0;0.0
Juazeiro do Norte;VILA SAO GONCALO-MARROCOS;-7.1833611111111;-39.23125;2005;11;0.0;0.0;0.0;0.0;0.0;0.0;0.0;0.0;0.0;0.0;0.0;0.0;0.0;0.0;0.0;0.0;0.0;0.0;0.0;0.0;0.0;0.0;0.0;0.0;0.0;0.0;0.0;0.0;0.0;0.0;0.0;888.0
Juazeiro do Norte;VILA SAO GONCALO-MARROCOS;-7.1833611111111;-39.23125;2005;12;41.0;0.0;0.0;0.0;0.0;0.0;38.0;3.0;0.0;0.0;0.0;0.0;0.0;0.0;0.0;0.0;0.0;0.0;0.0;0.0;0.0;0.0;0.0;0.0;0.0;0.0;0.0;0.0;0.0;0.0;0.0;0.0
Juazeiro do Norte;VILA SAO GONCALO-MARROCOS;-7.1833611111111;-39.23125;2006;1;0.0;0.0;0.0;0.0;0.0;0.0;0.0;0.0;0.0;0.0;0.0;0.0;0.0;0.0;0.0;0.0;0.0;0.0;0.0;0.0;0.0;0.0;0.0;0.0;0.0;0.0;0.0;0.0;0.0;0.0;0.0;0.0
Juazeiro do Norte;VILA SAO GONCALO-MARROCOS;-7.1833611111111;-39.23125;2006;2;228.0;36.0;12.0;0.0;0.0;0.0;34.0;0.0;0.0;0.0;0.0;0.0;0.0;0.0;69.0;0.0;14.0;2.0;3.0;18.0;0.0;0.0;0.0;20.0;0.0;6.0;0.0;0.0;14.0;888.0;888.0;888.0
Juazeiro do Norte;VILA SAO GONCALO-MARROCOS;-7.1833611111111;-39.23125;2006;3;220.0;0.0;0.0;0.0;0.0;0.0;0.0;0.0;0.0;0.0;0.0;0.0;0.0;0.0;16.0;8.0;0.0;0.0;108.0;0.0;0.0;13.0;0.0;0.0;29.0;7.0;0.0;0.0;0.0;0.0;21.0;18.0
Juazeiro do Norte;VILA SAO GONCALO-MARROCOS;-7.1833611111111;-39.23125;2006;4;172.0;0.0;0.0;0.0;19.0;0.0;14.0;14.0;0.0;52.0;0.0;10.0;0.0;0.0;0.0;0.0;0.0;0.0;0.0;30.0;0.0;33.0;0.0;0.0;0.0;0.0;0.0;0.0;0.0;0.0;0.0;888.0
Juazeiro do Norte;VILA SAO GONCALO-MARROCOS;-7.1833611111111;-39.23125;2006;5;0.0;0.0;0.0;0.0;0.0;0.0;0.0;0.0;0.0;0.0;0.0;0.0;0.0;0.0;0.0;0.0;0.0;0.0;0.0;0.0;0.0;0.0;0.0;0.0;0.0;0.0;0.0;0.0;0.0;0.0;0.0;0.0
Juazeiro do Norte;VILA SAO GONCALO-MARROCOS;-7.1833611111111;-39.23125;2006;6;0.0;0.0;0.0;0.0;0.0;0.0;0.0;0.0;0.0;0.0;0.0;0.0;0.0;0.0;0.0;0.0;0.0;0.0;0.0;0.0;0.0;0.0;0.0;0.0;0.0;0.0;0.0;0.0;0.0;0.0;0.0;888.0
Juazeiro do Norte;VILA SAO GONCALO-MARROCOS;-7.1833611111111;-39.23125;2006;7;7.0;0.0;0.0;0.0;0.0;0.0;0.0;0.0;0.0;0.0;0.0;0.0;0.0;0.0;0.0;0.0;0.0;0.0;0.0;0.0;0.0;0.0;0.0;0.0;7.0;0.0;0.0;0.0;0.0;0.0;0.0;0.0
Juazeiro do Norte;VILA SAO GONCALO-MARROCOS;-7.1833611111111;-39.23125;2006;8;0.0;0.0;0.0;0.0;0.0;0.0;0.0;0.0;0.0;0.0;0.0;0.0;0.0;0.0;0.0;0.0;0.0;0.0;0.0;0.0;0.0;0.0;0.0;0.0;0.0;0.0;0.0;0.0;0.0;0.0;0.0;0.0
Juazeiro do Norte;VILA SAO GONCALO-MARROCOS;-7.1833611111111;-39.23125;2006;9;0.0;0.0;0.0;0.0;0.0;0.0;0.0;0.0;0.0;0.0;0.0;0.0;0.0;0.0;0.0;0.0;0.0;0.0;0.0;0.0;0.0;0.0;0.0;0.0;0.0;0.0;0.0;0.0;0.0;0.0;0.0;888.0
Juazeiro do Norte;VILA SAO GONCALO-MARROCOS;-7.1833611111111;-39.23125;2006;10;0.0;0.0;0.0;0.0;0.0;0.0;0.0;0.0;0.0;0.0;0.0;0.0;0.0;0.0;0.0;0.0;0.0;0.0;0.0;0.0;0.0;0.0;0.0;0.0;0.0;0.0;0.0;0.0;0.0;0.0;0.0;0.0
Juazeiro do Norte;VILA SAO GONCALO-MARROCOS;-7.1833611111111;-39.23125;2006;11;0.0;0.0;0.0;0.0;0.0;0.0;0.0;0.0;0.0;0.0;0.0;0.0;0.0;0.0;0.0;0.0;0.0;0.0;0.0;0.0;0.0;0.0;0.0;0.0;0.0;0.0;0.0;0.0;0.0;0.0;0.0;888.0
Juazeiro do Norte;VILA SAO GONCALO-MARROCOS;-7.1833611111111;-39.23125;2006;12;45.0;0.0;0.0;0.0;0.0;0.0;0.0;0.0;0.0;0.0;0.0;0.0;0.0;0.0;0.0;0.0;0.0;0.0;0.0;0.0;0.0;0.0;0.0;0.0;0.0;0.0;0.0;0.0;0.0;0.0;0.0;45.0
Juazeiro do Norte;VILA SAO GONCALO-MARROCOS;-7.1833611111111;-39.23125;2007;1;87.0;65.0;0.0;0.0;0.0;0.0;0.0;22.0;0.0;0.0;0.0;0.0;0.0;0.0;0.0;0.0;0.0;0.0;0.0;0.0;0.0;0.0;0.0;0.0;0.0;0.0;0.0;0.0;0.0;0.0;0.0;0.0
Juazeiro do Norte;VILA SAO GONCALO-MARROCOS;-7.1833611111111;-39.23125;2007;2;300.0;0.0;0.0;41.0;36.0;0.0;0.0;0.0;0.0;0.0;0.0;0.0;0.0;0.0;56.0;0.0;0.0;0.0;56.0;32.0;27.0;0.0;30.0;0.0;0.0;0.0;22.0;0.0;0.0;888.0;888.0;888.0
Juazeiro do Norte;VILA SAO GONCALO-MARROCOS;-7.1833611111111;-39.23125;2007;3;23.0;0.0;0.0;0.0;0.0;0.0;0.0;0.0;0.0;0.0;0.0;0.0;0.0;0.0;0.0;0.0;0.0;0.0;0.0;0.0;23.0;0.0;0.0;0.0;0.0;0.0;0.0;0.0;0.0;0.0;0.0;0.0
Juazeiro do Norte;VILA SAO GONCALO-MARROCOS;-7.1833611111111;-39.23125;2007;4;110.0;0.0;0.0;0.0;0.0;0.0;0.0;0.0;0.0;0.0;0.0;0.0;0.0;0.0;0.0;0.0;0.0;0.0;0.0;0.0;0.0;0.0;110.0;999.0;999.0;999.0;999.0;999.0;999.0;999.0;999.0;888.0
Juazeiro do Norte;VILA SAO GONCALO-MARROCOS;-7.1833611111111;-39.23125;2007;5;0.0;999.0;999.0;999.0;999.0;999.0;999.0;999.0;999.0;999.0;999.0;999.0;999.0;999.0;999.0;999.0;999.0;999.0;999.0;999.0;999.0;999.0;999.0;999.0;999.0;999.0;999.0;999.0;999.0;999.0;999.0;999.0
Juazeiro do Norte;VILA SAO GONCALO-MARROCOS;-7.1833611111111;-39.23125;2007;6;0.0;0.0;999.0;999.0;999.0;999.0;999.0;999.0;999.0;999.0;999.0;999.0;999.0;999.0;999.0;999.0;999.0;999.0;999.0;999.0;999.0;999.0;999.0;999.0;999.0;999.0;999.0;999.0;999.0;999.0;999.0;888.0
Juazeiro do Norte;VILA SAO GONCALO-MARROCOS;-7.1833611111111;-39.23125;2007;11;50.0;0.0;0.0;0.0;0.0;0.0;0.0;0.0;0.0;0.0;0.0;0.0;0.0;0.0;0.0;0.0;0.0;0.0;0.0;0.0;0.0;0.0;0.0;0.0;50.0;0.0;0.0;0.0;0.0;0.0;0.0;888.0
Juazeiro do Norte;VILA SAO GONCALO-MARROCOS;-7.1833611111111;-39.23125;2007;12;162.0;0.0;0.0;0.0;0.0;0.0;0.0;0.0;0.0;0.0;0.0;0.0;0.0;0.0;0.0;0.0;60.0;0.0;0.0;0.0;0.0;0.0;0.0;0.0;0.0;0.0;0.0;22.0;0.0;18.0;0.0;62.0
Juazeiro do Norte;VILA SAO GONCALO-MARROCOS;-7.1833611111111;-39.23125;2008;1;272.0;0.0;0.0;18.0;0.0;0.0;0.0;0.0;0.0;0.0;0.0;0.0;28.0;29.0;0.0;0.0;20.0;0.0;0.0;0.0;0.0;5.0;0.0;9.0;0.0;12.0;25.0;26.0;34.0;0.0;0.0;66.0
Juazeiro do Norte;VILA SAO GONCALO-MARROCOS;-7.1833611111111;-39.23125;2008;2;119.0;80.0;0.0;0.0;0.0;0.0;0.0;0.0;0.0;13.0;0.0;0.0;15.0;0.0;0.0;0.0;0.0;0.0;0.0;0.0;0.0;0.0;0.0;4.0;0.0;3.0;0.0;4.0;0.0;0.0;888.0;888.0
Juazeiro do Norte;VILA SAO GONCALO-MARROCOS;-7.1833611111111;-39.23125;2008;3;303.1;7.0;0.0;0.0;0.0;0.0;0.0;30.0;0.0;13.5;13.3;0.0;0.0;22.1;0.0;9.2;0.0;33.5;5.5;0.0;0.0;28.0;0.0;21.0;45.0;23.0;0.0;31.0;0.0;0.0;21.0;0.0
Juazeiro do Norte;VILA SAO GONCALO-MARROCOS;-7.1833611111111;-39.23125;2008;4;142.0;0.0;15.0;0.0;4.0;0.0;0.0;21.0;0.0;36.0;0.0;0.0;7.0;12.0;0.0;0.0;36.0;0.0;0.0;0.0;0.0;0.0;11.0;0.0;0.0;0.0;0.0;0.0;0.0;0.0;0.0;888.0
Juazeiro do Norte;VILA SAO GONCALO-MARROCOS;-7.1833611111111;-39.23125;2008;5;56.0;28.0;0.0;0.0;0.0;0.0;28.0;0.0;0.0;0.0;0.0;0.0;0.0;0.0;0.0;0.0;0.0;0.0;0.0;0.0;0.0;0.0;0.0;0.0;0.0;0.0;0.0;0.0;0.0;0.0;0.0;0.0
Juazeiro do Norte;VILA SAO GONCALO-MARROCOS;-7.1833611111111;-39.23125;2008;6;0.0;0.0;0.0;0.0;0.0;0.0;0.0;0.0;0.0;0.0;0.0;0.0;0.0;0.0;0.0;0.0;0.0;0.0;0.0;0.0;0.0;0.0;0.0;0.0;0.0;0.0;0.0;0.0;0.0;0.0;0.0;888.0
Juazeiro do Norte;VILA SAO GONCALO-MARROCOS;-7.1833611111111;-39.23125;2008;7;0.0;0.0;0.0;0.0;0.0;0.0;0.0;0.0;0.0;0.0;0.0;0.0;0.0;0.0;0.0;0.0;0.0;0.0;0.0;0.0;0.0;0.0;0.0;0.0;0.0;0.0;0.0;0.0;0.0;0.0;0.0;0.0
Juazeiro do Norte;VILA SAO GONCALO-MARROCOS;-7.1833611111111;-39.23125;2008;8;0.0;0.0;0.0;0.0;0.0;0.0;0.0;0.0;0.0;0.0;0.0;0.0;0.0;0.0;0.0;0.0;0.0;0.0;0.0;0.0;0.0;0.0;0.0;0.0;0.0;0.0;0.0;0.0;0.0;0.0;0.0;0.0
Juazeiro do Norte;VILA SAO GONCALO-MARROCOS;-7.1833611111111;-39.23125;2008;9;0.0;0.0;0.0;0.0;0.0;0.0;0.0;0.0;0.0;0.0;0.0;0.0;0.0;0.0;0.0;0.0;0.0;0.0;0.0;0.0;0.0;0.0;0.0;0.0;0.0;0.0;0.0;0.0;0.0;0.0;0.0;888.0
Juazeiro do Norte;VILA SAO GONCALO-MARROCOS;-7.1833611111111;-39.23125;2008;10;0.0;0.0;0.0;0.0;0.0;0.0;0.0;0.0;0.0;0.0;0.0;0.0;0.0;0.0;0.0;0.0;0.0;0.0;0.0;0.0;0.0;0.0;0.0;0.0;0.0;0.0;0.0;0.0;0.0;0.0;0.0;0.0
Juazeiro do Norte;VILA SAO GONCALO-MARROCOS;-7.1833611111111;-39.23125;2008;11;0.0;0.0;0.0;0.0;0.0;0.0;0.0;0.0;0.0;0.0;0.0;0.0;0.0;0.0;0.0;0.0;0.0;0.0;0.0;0.0;0.0;0.0;0.0;0.0;0.0;0.0;0.0;0.0;0.0;0.0;0.0;888.0
Juazeiro do Norte;VILA SAO GONCALO-MARROCOS;-7.1833611111111;-39.23125;2008;12;26.0;0.0;0.0;0.0;0.0;0.0;0.0;0.0;0.0;0.0;0.0;26.0;0.0;0.0;0.0;0.0;0.0;0.0;0.0;0.0;0.0;0.0;0.0;0.0;0.0;0.0;0.0;0.0;0.0;0.0;0.0;0.0
Juazeiro do Norte;VILA SAO GONCALO-MARROCOS;-7.1833611111111;-39.23125;2009;1;22.0;0.0;0.0;0.0;0.0;0.0;0.0;0.0;0.0;0.0;0.0;0.0;0.0;0.0;0.0;0.0;0.0;0.0;0.0;0.0;0.0;0.0;0.0;0.0;0.0;0.0;0.0;0.0;0.0;22.0;0.0;0.0
Juazeiro do Norte;VILA SAO GONCALO-MARROCOS;-7.1833611111111;-39.23125;2009;2;98.0;0.0;0.0;0.0;0.0;0.0;0.0;0.0;0.0;0.0;0.0;0.0;0.0;27.0;0.0;0.0;0.0;0.0;0.0;0.0;0.0;0.0;0.0;0.0;26.0;20.0;25.0;0.0;0.0;888.0;888.0;888.0
Juazeiro do Norte;VILA SAO GONCALO-MARROCOS;-7.1833611111111;-39.23125;2009;3;179.0;31.0;0.0;31.0;43.0;0.0;0.0;0.0;0.0;0.0;0.0;0.0;0.0;0.0;0.0;0.0;0.0;0.0;0.0;32.0;42.0;0.0;0.0;0.0;0.0;0.0;0.0;0.0;0.0;0.0;0.0;0.0
Juazeiro do Norte;VILA SAO GONCALO-MARROCOS;-7.1833611111111;-39.23125;2009;4;231.0;0.0;0.0;0.0;15.0;0.0;0.0;0.0;0.0;0.0;0.0;0.0;36.0;0.0;0.0;0.0;15.0;11.0;42.0;0.0;0.0;0.0;34.0;0.0;36.0;0.0;0.0;0.0;0.0;0.0;42.0;888.0
Juazeiro do Norte;VILA SAO GONCALO-MARROCOS;-7.1833611111111;-39.23125;2009;5;103.0;15.0;0.0;0.0;0.0;0.0;50.0;0.0;17.0;0.0;0.0;0.0;0.0;0.0;0.0;0.0;0.0;0.0;0.0;0.0;0.0;0.0;10.0;0.0;0.0;0.0;0.0;0.0;11.0;0.0;0.0;0.0
Juazeiro do Norte;VILA SAO GONCALO-MARROCOS;-7.1833611111111;-39.23125;2009;6;0.0;0.0;0.0;0.0;0.0;0.0;0.0;0.0;0.0;0.0;0.0;0.0;0.0;0.0;0.0;0.0;0.0;0.0;0.0;0.0;0.0;0.0;0.0;0.0;0.0;0.0;0.0;0.0;0.0;0.0;0.0;888.0
Juazeiro do Norte;VILA SAO GONCALO-MARROCOS;-7.1833611111111;-39.23125;2009;7;69.0;0.0;0.0;0.0;0.0;0.0;0.0;0.0;0.0;0.0;0.0;0.0;0.0;0.0;0.0;0.0;0.0;0.0;0.0;0.0;0.0;0.0;0.0;69.0;0.0;0.0;0.0;0.0;0.0;0.0;0.0;0.0
Juazeiro do Norte;VILA SAO GONCALO-MARROCOS;-7.1833611111111;-39.23125;2009;8;0.0;0.0;0.0;0.0;0.0;0.0;0.0;0.0;0.0;0.0;0.0;0.0;0.0;0.0;0.0;0.0;0.0;0.0;0.0;0.0;0.0;0.0;0.0;0.0;0.0;0.0;0.0;0.0;0.0;0.0;0.0;0.0
Juazeiro do Norte;VILA SAO GONCALO-MARROCOS;-7.1833611111111;-39.23125;2009;9;0.0;0.0;0.0;0.0;0.0;0.0;0.0;0.0;0.0;0.0;0.0;0.0;0.0;0.0;0.0;0.0;0.0;0.0;0.0;0.0;0.0;0.0;0.0;0.0;0.0;0.0;0.0;0.0;0.0;0.0;0.0;888.0
Juazeiro do Norte;VILA SAO GONCALO-MARROCOS;-7.1833611111111;-39.23125;2009;10;0.0;0.0;0.0;0.0;0.0;0.0;0.0;0.0;0.0;0.0;0.0;0.0;0.0;0.0;0.0;0.0;0.0;0.0;0.0;0.0;0.0;0.0;0.0;0.0;0.0;0.0;0.0;0.0;0.0;0.0;0.0;0.0
Juazeiro do Norte;VILA SAO GONCALO-MARROCOS;-7.1833611111111;-39.23125;2009;11;0.0;0.0;0.0;0.0;0.0;0.0;0.0;0.0;0.0;0.0;0.0;0.0;0.0;0.0;0.0;0.0;0.0;0.0;0.0;0.0;0.0;0.0;0.0;0.0;0.0;0.0;0.0;0.0;0.0;0.0;0.0;888.0
Juazeiro do Norte;VILA SAO GONCALO-MARROCOS;-7.1833611111111;-39.23125;2009;12;19.0;0.0;0.0;0.0;0.0;0.0;0.0;0.0;0.0;0.0;0.0;0.0;0.0;0.0;0.0;0.0;0.0;0.0;0.0;0.0;0.0;0.0;0.0;0.0;0.0;0.0;0.0;0.0;0.0;19.0;0.0;0.0
Juazeiro do Norte;VILA SAO GONCALO-MARROCOS;-7.1833611111111;-39.23125;2010;1;117.0;42.0;0.0;0.0;0.0;0.0;0.0;0.0;0.0;0.0;0.0;0.0;0.0;0.0;0.0;0.0;0.0;0.0;0.0;0.0;0.0;0.0;0.0;0.0;0.0;0.0;0.0;0.0;22.0;53.0;0.0;0.0
Juazeiro do Norte;VILA SAO GONCALO-MARROCOS;-7.1833611111111;-39.23125;2010;2;183.7;0.0;0.0;0.0;0.0;0.0;0.0;0.0;0.0;110.7;0.0;0.0;0.0;0.0;0.0;0.0;0.0;0.0;0.0;0.0;0.0;0.0;0.0;0.0;73.0;0.0;0.0;0.0;0.0;888.0;888.0;888.0
Juazeiro do Norte;VILA SAO GONCALO-MARROCOS;-7.1833611111111;-39.23125;2010;3;0.0;0.0;0.0;0.0;0.0;0.0;0.0;0.0;0.0;0.0;0.0;0.0;0.0;0.0;0.0;0.0;0.0;0.0;0.0;999.0;0.0;0.0;0.0;0.0;0.0;0.0;0.0;0.0;0.0;0.0;0.0;0.0
Juazeiro do Norte;VILA SAO GONCALO-MARROCOS;-7.1833611111111;-39.23125;2010;4;138.0;0.0;45.0;0.0;0.0;0.0;0.0;0.0;0.0;93.0;999.0;999.0;999.0;999.0;999.0;999.0;999.0;999.0;999.0;999.0;999.0;999.0;999.0;999.0;999.0;999.0;999.0;999.0;999.0;999.0;999.0;888.0
Juazeiro do Norte;VILA SAO GONCALO-MARROCOS;-7.1833611111111;-39.23125;2012;1;0.0;0.0;999.0;999.0;999.0;999.0;999.0;999.0;999.0;999.0;999.0;999.0;999.0;999.0;999.0;999.0;999.0;999.0;999.0;999.0;999.0;999.0;999.0;999.0;999.0;999.0;999.0;999.0;999.0;999.0;999.0;999.0
Juazeiro do Norte;VILA SAO GONCALO-MARROCOS;-7.1833611111111;-39.23125;2012;2;0.0;0.0;999.0;999.0;999.0;999.0;999.0;999.0;999.0;999.0;999.0;999.0;999.0;999.0;999.0;999.0;999.0;999.0;999.0;999.0;999.0;999.0;999.0;999.0;999.0;999.0;999.0;999.0;999.0;999.0;888.0;888.0
Juazeiro do Norte;VILA SAO GONCALO-MARROCOS;-7.1833611111111;-39.23125;2012;3;0.0;0.0;999.0;999.0;999.0;999.0;999.0;999.0;999.0;999.0;999.0;999.0;999.0;999.0;999.0;999.0;999.0;999.0;999.0;999.0;999.0;999.0;999.0;999.0;999.0;999.0;999.0;999.0;999.0;999.0;999.0;999.0
Juazeiro do Norte;VILA SAO GONCALO-MARROCOS;-7.1833611111111;-39.23125;2012;11;25.0;999.0;999.0;999.0;999.0;999.0;999.0;999.0;999.0;999.0;999.0;999.0;999.0;999.0;999.0;999.0;999.0;999.0;999.0;999.0;999.0;999.0;999.0;999.0;999.0;999.0;999.0;0.0;25.0;999.0;999.0;888.0
Juazeiro do Norte;VILA SAO GONCALO-MARROCOS;-7.1833611111111;-39.23125;2012;12;30.0;0.0;0.0;0.0;0.0;18.0;0.0;0.0;0.0;0.0;0.0;0.0;0.0;0.0;0.0;0.0;0.0;0.0;0.0;0.0;0.0;0.0;0.0;0.0;0.0;0.0;0.0;0.0;0.0;0.0;12.0;0.0
Juazeiro do Norte;VILA SAO GONCALO-MARROCOS;-7.1833611111111;-39.23125;2013;1;89.5;0.0;0.0;0.0;9.0;8.0;0.0;0.0;0.0;0.0;0.0;0.0;0.0;0.0;0.0;5.5;0.0;0.0;10.0;0.0;13.0;21.0;23.0;0.0;0.0;0.0;0.0;0.0;0.0;0.0;0.0;0.0
Juazeiro do Norte;VILA SAO GONCALO-MARROCOS;-7.1833611111111;-39.23125;2013;2;96.5;0.0;0.0;0.0;0.0;0.0;0.0;37.0;0.0;0.0;0.0;0.0;0.0;0.0;0.0;0.0;14.0;38.0;0.0;7.5;0.0;0.0;0.0;0.0;0.0;0.0;0.0;0.0;0.0;888.0;888.0;888.0
Juazeiro do Norte;VILA SAO GONCALO-MARROCOS;-7.1833611111111;-39.23125;2013;3;215.5;0.0;0.0;0.0;0.0;0.0;0.0;0.0;0.0;0.0;0.0;0.0;0.0;0.0;0.0;0.0;6.0;0.0;0.0;24.0;34.0;0.0;15.0;0.0;0.0;31.0;0.0;0.0;0.0;19.5;86.0;0.0
Juazeiro do Norte;VILA SAO GONCALO-MARROCOS;-7.1833611111111;-39.23125;2013;4;136.5;0.0;0.0;8.5;45.0;15.0;0.0;0.0;6.5;0.0;0.0;0.0;33.0;0.0;0.0;0.0;0.0;0.0;0.0;0.0;0.0;13.0;0.0;0.0;0.0;7.5;0.0;8.0;0.0;0.0;0.0;888.0
Juazeiro do Norte;VILA SAO GONCALO-MARROCOS;-7.1833611111111;-39.23125;2013;5;19.0;0.0;15.0;0.0;0.0;0.0;0.0;0.0;0.0;0.0;0.0;0.0;0.0;0.0;0.0;0.0;0.0;0.0;0.0;0.0;0.0;0.0;0.0;0.0;0.0;0.0;0.0;0.0;0.0;0.0;0.0;4.0
Juazeiro do Norte;VILA SAO GONCALO-MARROCOS;-7.1833611111111;-39.23125;2013;6;93.0;0.0;0.0;0.0;0.0;0.0;0.0;0.0;0.0;0.0;0.0;0.0;0.0;0.0;0.0;0.0;0.0;0.0;0.0;0.0;0.0;0.0;48.0;45.0;999.0;999.0;999.0;999.0;999.0;999.0;999.0;888.0
Juazeiro do Norte;VILA SAO GONCALO-MARROCOS;-7.1833611111111;-39.23125;2013;10;22.0;0.0;0.0;0.0;0.0;0.0;0.0;0.0;22.0;0.0;0.0;0.0;0.0;0.0;0.0;0.0;0.0;0.0;0.0;0.0;0.0;0.0;0.0;0.0;0.0;0.0;0.0;0.0;0.0;0.0;0.0;0.0
Juazeiro do Norte;VILA SAO GONCALO-MARROCOS;-7.1833611111111;-39.23125;2013;11;0.0;0.0;0.0;0.0;0.0;0.0;0.0;0.0;0.0;0.0;0.0;0.0;0.0;0.0;0.0;0.0;0.0;0.0;0.0;0.0;0.0;0.0;0.0;0.0;0.0;0.0;0.0;0.0;0.0;0.0;0.0;888.0
Juazeiro do Norte;VILA SAO GONCALO-MARROCOS;-7.1833611111111;-39.23125;2013;12;84.0;0.0;0.0;0.0;0.0;0.0;0.0;0.0;0.0;0.0;0.0;0.0;0.0;0.0;0.0;0.0;0.0;0.0;0.0;7.0;67.0;10.0;0.0;0.0;0.0;0.0;0.0;0.0;0.0;0.0;0.0;0.0
Juazeiro do Norte;VILA SAO GONCALO-MARROCOS;-7.1833611111111;-39.23125;2014;1;58.0;0.0;0.0;0.0;0.0;0.0;0.0;0.0;0.0;0.0;0.0;0.0;0.0;15.0;0.0;0.0;0.0;0.0;0.0;13.0;17.0;0.0;0.0;0.0;0.0;0.0;0.0;0.0;13.0;0.0;0.0;0.0
Juazeiro do Norte;VILA SAO GONCALO-MARROCOS;-7.1833611111111;-39.23125;2014;2;234.0;0.0;0.0;0.0;11.0;0.0;0.0;0.0;0.0;125.0;5.0;10.0;25.0;0.0;0.0;0.0;0.0;25.0;5.0;28.0;0.0;0.0;0.0;0.0;0.0;0.0;0.0;0.0;0.0;888.0;888.0;888.0
Juazeiro do Norte;VILA SAO GONCALO-MARROCOS;-7.1833611111111;-39.23125;2014;3;263.0;0.0;0.0;0.0;36.0;21.0;0.0;0.0;0.0;0.0;89.0;0.0;0.0;0.0;0.0;0.0;22.0;2.0;9.0;0.0;0.0;0.0;0.0;0.0;0.0;0.0;0.0;0.0;15.0;0.0;0.0;69.0
Juazeiro do Norte;VILA SAO GONCALO-MARROCOS;-7.1833611111111;-39.23125;2014;4;91.0;0.0;0.0;0.0;0.0;0.0;0.0;0.0;0.0;0.0;0.0;0.0;65.0;0.0;0.0;0.0;0.0;0.0;0.0;26.0;0.0;0.0;0.0;0.0;0.0;0.0;0.0;0.0;0.0;0.0;0.0;888.0
Juazeiro do Norte;VILA SAO GONCALO-MARROCOS;-7.1833611111111;-39.23125;2014;5;37.0;0.0;0.0;0.0;0.0;0.0;0.0;0.0;0.0;0.0;0.0;0.0;0.0;0.0;0.0;0.0;0.0;0.0;0.0;0.0;0.0;0.0;0.0;0.0;0.0;0.0;0.0;0.0;0.0;37.0;0.0;0.0
Juazeiro do Norte;VILA SAO GONCALO-MARROCOS;-7.1833611111111;-39.23125;2014;9;0.0;0.0;0.0;0.0;0.0;0.0;0.0;0.0;0.0;0.0;0.0;0.0;0.0;0.0;0.0;0.0;0.0;0.0;0.0;0.0;0.0;0.0;0.0;0.0;0.0;0.0;0.0;0.0;0.0;0.0;0.0;888.0
Juazeiro do Norte;VILA SAO GONCALO-MARROCOS;-7.1833611111111;-39.23125;2014;10;27.0;0.0;0.0;27.0;0.0;0.0;0.0;0.0;0.0;0.0;0.0;0.0;0.0;0.0;0.0;0.0;0.0;0.0;0.0;0.0;0.0;0.0;0.0;0.0;0.0;0.0;0.0;0.0;0.0;0.0;0.0;0.0
Juazeiro do Norte;VILA SAO GONCALO-MARROCOS;-7.1833611111111;-39.23125;2014;11;32.0;0.0;0.0;0.0;0.0;0.0;0.0;0.0;0.0;0.0;0.0;0.0;0.0;0.0;0.0;0.0;0.0;0.0;0.0;27.0;5.0;0.0;0.0;0.0;0.0;0.0;0.0;0.0;0.0;0.0;0.0;888.0
Juazeiro do Norte;VILA SAO GONCALO-MARROCOS;-7.1833611111111;-39.23125;2014;12;29.0;0.0;0.0;0.0;0.0;0.0;0.0;0.0;0.0;0.0;0.0;0.0;0.0;0.0;0.0;0.0;0.0;0.0;0.0;0.0;0.0;0.0;0.0;29.0;0.0;0.0;0.0;0.0;0.0;0.0;0.0;0.0
Juazeiro do Norte;VILA SAO GONCALO-MARROCOS;-7.1833611111111;-39.23125;2015;1;32.0;0.0;0.0;0.0;32.0;0.0;0.0;0.0;0.0;0.0;0.0;0.0;0.0;0.0;0.0;0.0;0.0;0.0;0.0;0.0;0.0;0.0;0.0;0.0;0.0;0.0;0.0;0.0;0.0;0.0;0.0;0.0
Juazeiro do Norte;VILA SAO GONCALO-MARROCOS;-7.1833611111111;-39.23125;2015;2;103.0;0.0;0.0;35.0;25.0;0.0;0.0;0.0;0.0;0.0;0.0;17.0;0.0;0.0;0.0;0.0;0.0;0.0;0.0;0.0;0.0;20.0;0.0;6.0;0.0;0.0;0.0;0.0;0.0;888.0;888.0;888.0
Juazeiro do Norte;VILA SAO GONCALO-MARROCOS;-7.1833611111111;-39.23125;2015;3;106.0;0.0;37.0;0.0;0.0;0.0;19.0;0.0;0.0;15.0;0.0;0.0;0.0;0.0;0.0;0.0;8.0;0.0;0.0;0.0;0.0;0.0;0.0;0.0;15.0;12.0;0.0;0.0;0.0;0.0;0.0;0.0
Juazeiro do Norte;VILA SAO GONCALO-MARROCOS;-7.1833611111111;-39.23125;2015;4;38.0;0.0;0.0;0.0;0.0;0.0;0.0;0.0;0.0;0.0;0.0;0.0;0.0;0.0;0.0;0.0;0.0;0.0;0.0;0.0;0.0;0.0;0.0;38.0;0.0;0.0;0.0;0.0;0.0;0.0;0.0;888.0
Juazeiro do Norte;VILA SAO GONCALO-MARROCOS;-7.1833611111111;-39.23125;2015;5;89.5;0.0;0.0;0.0;57.5;0.0;0.0;0.0;0.0;32.0;0.0;0.0;0.0;0.0;0.0;0.0;0.0;0.0;0.0;0.0;0.0;0.0;0.0;0.0;0.0;0.0;0.0;0.0;0.0;0.0;0.0;0.0
Juazeiro do Norte;VILA SAO GONCALO-MARROCOS;-7.1833611111111;-39.23125;2015;6;0.0;0.0;0.0;0.0;0.0;0.0;0.0;0.0;0.0;0.0;0.0;0.0;0.0;0.0;0.0;0.0;0.0;0.0;0.0;0.0;0.0;0.0;0.0;0.0;0.0;0.0;0.0;0.0;0.0;0.0;0.0;888.0
Juazeiro do Norte;VILA SAO GONCALO-MARROCOS;-7.1833611111111;-39.23125;2015;7;0.0;0.0;0.0;0.0;0.0;0.0;0.0;0.0;0.0;0.0;0.0;0.0;0.0;0.0;0.0;0.0;0.0;0.0;0.0;0.0;0.0;0.0;0.0;0.0;0.0;0.0;0.0;0.0;0.0;0.0;0.0;0.0
Juazeiro do Norte;VILA SAO GONCALO-MARROCOS;-7.1833611111111;-39.23125;2015;8;0.0;0.0;0.0;0.0;0.0;0.0;0.0;0.0;0.0;0.0;0.0;0.0;0.0;0.0;0.0;0.0;0.0;0.0;0.0;0.0;0.0;0.0;0.0;0.0;0.0;0.0;0.0;0.0;0.0;0.0;0.0;0.0
Juazeiro do Norte;VILA SAO GONCALO-MARROCOS;-7.1833611111111;-39.23125;2015;9;0.0;0.0;0.0;0.0;0.0;0.0;0.0;0.0;0.0;0.0;0.0;0.0;0.0;0.0;0.0;0.0;0.0;0.0;0.0;0.0;0.0;0.0;0.0;0.0;0.0;0.0;0.0;0.0;0.0;0.0;0.0;888.0
Juazeiro do Norte;VILA SAO GONCALO-MARROCOS;-7.1833611111111;-39.23125;2015;10;0.0;0.0;0.0;0.0;0.0;0.0;0.0;0.0;0.0;0.0;0.0;0.0;0.0;0.0;0.0;0.0;0.0;0.0;0.0;0.0;0.0;0.0;0.0;0.0;0.0;0.0;0.0;0.0;0.0;0.0;0.0;0.0
Juazeiro do Norte;VILA SAO GONCALO-MARROCOS;-7.1833611111111;-39.23125;2015;11;0.0;0.0;0.0;0.0;0.0;0.0;0.0;0.0;0.0;0.0;0.0;0.0;0.0;0.0;0.0;0.0;0.0;0.0;0.0;0.0;0.0;0.0;0.0;0.0;0.0;0.0;0.0;0.0;0.0;0.0;0.0;888.0
Juazeiro do Norte;VILA SAO GONCALO-MARROCOS;-7.1833611111111;-39.23125;2015;12;0.0;0.0;0.0;0.0;0.0;0.0;0.0;0.0;0.0;0.0;0.0;0.0;0.0;0.0;0.0;0.0;0.0;0.0;0.0;0.0;0.0;0.0;0.0;0.0;0.0;0.0;0.0;0.0;0.0;0.0;0.0;0.0
Juazeiro do Norte;VILA SAO GONCALO-MARROCOS;-7.1833611111111;-39.23125;2016;1;140.5;0.0;0.0;0.0;0.0;0.0;0.0;0.0;0.0;0.0;0.0;0.0;0.0;0.0;0.0;0.0;0.0;0.0;22.0;0.0;0.0;42.5;20.0;23.0;0.0;0.0;0.0;0.0;0.0;0.0;0.0;33.0
Juazeiro do Norte;VILA SAO GONCALO-MARROCOS;-7.1833611111111;-39.23125;2016;2;34.0;34.0;0.0;0.0;0.0;0.0;0.0;0.0;0.0;0.0;0.0;0.0;0.0;0.0;0.0;0.0;0.0;0.0;0.0;0.0;0.0;0.0;0.0;0.0;0.0;0.0;0.0;0.0;0.0;0.0;888.0;888.0
Juazeiro do Norte;VILA SAO GONCALO-MARROCOS;-7.1833611111111;-39.23125;2016;3;204.0;0.0;0.0;0.0;0.0;0.0;0.0;0.0;0.0;0.0;52.0;0.0;0.0;35.0;0.0;0.0;0.0;0.0;0.0;0.0;22.0;25.0;45.0;0.0;0.0;0.0;0.0;0.0;0.0;0.0;25.0;0.0
Juazeiro do Norte;VILA SAO GONCALO-MARROCOS;-7.1833611111111;-39.23125;2016;4;23.0;0.0;0.0;0.0;6.0;0.0;0.0;0.0;0.0;0.0;0.0;0.0;0.0;0.0;0.0;0.0;17.0;0.0;0.0;0.0;0.0;0.0;0.0;0.0;0.0;0.0;0.0;0.0;0.0;0.0;0.0;888.0
Juazeiro do Norte;VILA SAO GONCALO-MARROCOS;-7.1833611111111;-39.23125;2016;5;56.0;0.0;56.0;0.0;0.0;0.0;0.0;0.0;0.0;0.0;0.0;0.0;0.0;0.0;0.0;0.0;0.0;0.0;0.0;0.0;0.0;0.0;0.0;0.0;0.0;0.0;0.0;0.0;0.0;0.0;0.0;0.0
Juazeiro do Norte;VILA SAO GONCALO-MARROCOS;-7.1833611111111;-39.23125;2016;6;7.5;0.0;0.0;3.5;0.0;0.0;4.0;0.0;0.0;0.0;0.0;0.0;0.0;0.0;0.0;0.0;0.0;0.0;0.0;0.0;0.0;0.0;0.0;0.0;0.0;0.0;0.0;0.0;0.0;0.0;0.0;888.0
Juazeiro do Norte;VILA SAO GONCALO-MARROCOS;-7.1833611111111;-39.23125;2016;7;0.0;0.0;0.0;0.0;0.0;0.0;0.0;0.0;0.0;0.0;0.0;0.0;0.0;0.0;0.0;0.0;0.0;0.0;0.0;0.0;0.0;0.0;0.0;0.0;0.0;0.0;0.0;0.0;0.0;0.0;0.0;0.0
Juazeiro do Norte;VILA SAO GONCALO-MARROCOS;-7.1833611111111;-39.23125;2016;8;0.0;0.0;0.0;0.0;0.0;0.0;0.0;0.0;0.0;0.0;0.0;0.0;0.0;0.0;0.0;0.0;0.0;0.0;0.0;0.0;0.0;0.0;0.0;0.0;0.0;0.0;0.0;0.0;0.0;0.0;0.0;0.0
Juazeiro do Norte;VILA SAO GONCALO-MARROCOS;-7.1833611111111;-39.23125;2016;9;22.0;0.0;0.0;0.0;0.0;0.0;0.0;0.0;0.0;0.0;0.0;0.0;0.0;0.0;0.0;0.0;0.0;0.0;0.0;0.0;0.0;0.0;0.0;22.0;0.0;0.0;0.0;0.0;0.0;0.0;0.0;888.0
Juazeiro do Norte;VILA SAO GONCALO-MARROCOS;-7.1833611111111;-39.23125;2016;10;0.0;0.0;0.0;0.0;0.0;0.0;0.0;0.0;0.0;0.0;0.0;0.0;0.0;0.0;0.0;0.0;0.0;0.0;0.0;0.0;0.0;0.0;0.0;0.0;0.0;0.0;0.0;0.0;0.0;0.0;0.0;0.0
Juazeiro do Norte;VILA SAO GONCALO-MARROCOS;-7.1833611111111;-39.23125;2016;11;0.0;0.0;0.0;0.0;0.0;0.0;0.0;0.0;0.0;0.0;0.0;0.0;0.0;0.0;0.0;0.0;0.0;0.0;0.0;0.0;0.0;0.0;0.0;0.0;0.0;0.0;0.0;0.0;0.0;0.0;0.0;888.0
Juazeiro do Norte;VILA SAO GONCALO-MARROCOS;-7.1833611111111;-39.23125;2016;12;50.5;0.0;0.0;0.0;0.0;0.0;0.0;0.0;0.0;0.0;0.0;0.0;0.0;0.0;0.0;0.0;26.0;0.0;0.0;8.0;0.0;0.0;0.0;0.0;0.0;0.0;0.0;0.0;0.0;16.5;0.0;0.0
Juazeiro do Norte;VILA SAO GONCALO-MARROCOS;-7.1833611111111;-39.23125;2017;1;203.0;0.0;0.0;0.0;0.0;0.0;0.0;0.0;0.0;0.0;0.0;0.0;0.0;0.0;0.0;0.0;0.0;0.0;35.0;7.0;0.0;0.0;0.0;0.0;95.0;0.0;0.0;10.0;39.0;0.0;8.0;9.0
Juazeiro do Norte;VILA SAO GONCALO-MARROCOS;-7.1833611111111;-39.23125;2017;2;248.0;21.0;0.0;0.0;0.0;0.0;0.0;0.0;0.0;0.0;14.0;45.0;21.0;0.0;0.0;0.0;0.0;0.0;0.0;0.0;11.0;73.0;10.0;3.0;0.0;30.0;0.0;15.0;5.0;888.0;888.0;888.0
Juazeiro do Norte;VILA SAO GONCALO-MARROCOS;-7.1833611111111;-39.23125;2017;3;198.4;0.0;10.0;0.0;41.0;9.0;0.0;0.0;0.0;50.0;0.0;0.0;0.0;0.0;0.0;18.0;0.0;30.0;7.4;0.0;0.0;0.0;0.0;33.0;0.0;0.0;0.0;0.0;0.0;0.0;0.0;0.0
Juazeiro do Norte;VILA SAO GONCALO-MARROCOS;-7.1833611111111;-39.23125;2017;4;112.0;0.0;0.0;45.0;0.0;0.0;0.0;0.0;0.0;0.0;0.0;0.0;30.0;30.0;0.0;0.0;0.0;0.0;0.0;0.0;0.0;0.0;0.0;7.0;0.0;0.0;0.0;0.0;0.0;0.0;0.0;888.0
Juazeiro do Norte;VILA SAO GONCALO-MARROCOS;-7.1833611111111;-39.23125;2017;5;11.0;0.0;0.0;0.0;0.0;0.0;0.0;0.0;0.0;0.0;0.0;0.0;0.0;0.0;0.0;0.0;0.0;0.0;0.0;0.0;0.0;0.0;0.0;0.0;0.0;0.0;11.0;0.0;0.0;0.0;0.0;0.0
Juazeiro do Norte;VILA SAO GONCALO-MARROCOS;-7.1833611111111;-39.23125;2017;6;6.0;6.0;0.0;0.0;0.0;0.0;0.0;0.0;0.0;0.0;0.0;0.0;0.0;0.0;0.0;0.0;0.0;0.0;0.0;0.0;0.0;0.0;0.0;0.0;0.0;0.0;0.0;0.0;0.0;0.0;0.0;888.0
Juazeiro do Norte;VILA SAO GONCALO-MARROCOS;-7.1833611111111;-39.23125;2017;7;0.0;0.0;0.0;0.0;0.0;0.0;0.0;0.0;0.0;0.0;0.0;0.0;0.0;0.0;0.0;0.0;0.0;0.0;0.0;0.0;0.0;0.0;0.0;0.0;0.0;0.0;0.0;0.0;0.0;0.0;0.0;0.0
Juazeiro do Norte;VILA SAO GONCALO-MARROCOS;-7.1833611111111;-39.23125;2017;8;0.0;0.0;0.0;0.0;0.0;0.0;0.0;0.0;0.0;0.0;0.0;0.0;0.0;0.0;0.0;0.0;0.0;0.0;0.0;0.0;0.0;0.0;0.0;0.0;0.0;0.0;0.0;0.0;0.0;0.0;0.0;0.0
Juazeiro do Norte;VILA SAO GONCALO-MARROCOS;-7.1833611111111;-39.23125;2017;9;0.0;0.0;0.0;0.0;0.0;0.0;0.0;0.0;0.0;0.0;0.0;0.0;0.0;0.0;0.0;0.0;0.0;0.0;0.0;0.0;0.0;0.0;0.0;0.0;0.0;0.0;0.0;0.0;0.0;0.0;0.0;888.0
Juazeiro do Norte;VILA SAO GONCALO-MARROCOS;-7.1833611111111;-39.23125;2017;10;0.0;0.0;0.0;0.0;0.0;0.0;0.0;0.0;0.0;0.0;0.0;0.0;0.0;0.0;0.0;0.0;0.0;0.0;0.0;0.0;0.0;0.0;0.0;0.0;0.0;0.0;0.0;0.0;0.0;0.0;0.0;0.0
Juazeiro do Norte;VILA SAO GONCALO-MARROCOS;-7.1833611111111;-39.23125;2017;11;0.0;0.0;0.0;0.0;0.0;0.0;0.0;0.0;0.0;0.0;0.0;0.0;0.0;0.0;0.0;0.0;0.0;0.0;0.0;0.0;0.0;0.0;0.0;0.0;0.0;0.0;0.0;0.0;0.0;0.0;0.0;888.0
Juazeiro do Norte;VILA SAO GONCALO-MARROCOS;-7.1833611111111;-39.23125;2017;12;0.0;0.0;0.0;0.0;0.0;0.0;0.0;0.0;0.0;0.0;0.0;0.0;0.0;0.0;0.0;0.0;0.0;0.0;0.0;0.0;0.0;0.0;0.0;0.0;0.0;0.0;0.0;0.0;0.0;0.0;0.0;0.0
Juazeiro do Norte;VILA SAO GONCALO-MARROCOS;-7.1833611111111;-39.23125;2018;1;112.0;0.0;0.0;0.0;0.0;0.0;35.0;40.0;0.0;0.0;0.0;0.0;0.0;0.0;0.0;0.0;0.0;0.0;0.0;0.0;0.0;0.0;0.0;0.0;0.0;10.0;0.0;27.0;0.0;0.0;0.0;0.0
Juazeiro do Norte;VILA SAO GONCALO-MARROCOS;-7.1833611111111;-39.23125;2018;2;266.0;0.0;0.0;0.0;0.0;0.0;0.0;0.0;70.0;0.0;0.0;56.0;0.0;0.0;0.0;11.0;0.0;0.0;30.0;13.0;0.0;0.0;10.0;16.0;40.0;0.0;5.0;0.0;15.0;888.0;888.0;888.0
Juazeiro do Norte;VILA SAO GONCALO-MARROCOS;-7.1833611111111;-39.23125;2018;3;129.0;0.0;0.0;0.0;0.0;0.0;0.0;0.0;0.0;0.0;0.0;0.0;0.0;0.0;0.0;0.0;0.0;0.0;0.0;14.0;20.0;0.0;0.0;0.0;0.0;0.0;0.0;0.0;0.0;0.0;95.0;0.0
Juazeiro do Norte;VILA SAO GONCALO-MARROCOS;-7.1833611111111;-39.23125;2018;4;224.0;1.0;55.0;0.0;0.0;20.0;44.0;0.0;0.0;60.0;0.0;0.0;0.0;20.0;15.0;0.0;0.0;0.0;0.0;9.0;0.0;0.0;0.0;0.0;0.0;0.0;0.0;0.0;0.0;0.0;0.0;888.0
Juazeiro do Norte;VILA SAO GONCALO-MARROCOS;-7.1833611111111;-39.23125;2018;5;25.0;4.0;4.0;0.0;0.0;0.0;0.0;0.0;0.0;0.0;0.0;0.0;0.0;2.0;0.0;0.0;15.0;0.0;0.0;0.0;0.0;0.0;0.0;0.0;0.0;0.0;0.0;0.0;0.0;0.0;0.0;0.0
Juazeiro do Norte;VILA SAO GONCALO-MARROCOS;-7.1833611111111;-39.23125;2018;6;21.0;0.0;0.0;0.0;0.0;0.0;0.0;0.0;0.0;21.0;0.0;0.0;0.0;0.0;0.0;0.0;0.0;0.0;0.0;0.0;0.0;0.0;0.0;0.0;0.0;0.0;0.0;0.0;0.0;0.0;0.0;888.0
Juazeiro do Norte;VILA SAO GONCALO-MARROCOS;-7.1833611111111;-39.23125;2018;7;0.0;0.0;0.0;0.0;0.0;0.0;0.0;0.0;0.0;0.0;0.0;0.0;0.0;0.0;0.0;0.0;0.0;0.0;0.0;0.0;0.0;0.0;0.0;0.0;0.0;0.0;0.0;0.0;0.0;0.0;0.0;0.0
Juazeiro do Norte;VILA SAO GONCALO-MARROCOS;-7.1833611111111;-39.23125;2018;8;0.0;0.0;0.0;0.0;0.0;0.0;0.0;0.0;0.0;0.0;0.0;0.0;0.0;0.0;0.0;0.0;0.0;0.0;0.0;0.0;0.0;0.0;0.0;0.0;0.0;0.0;0.0;0.0;0.0;0.0;0.0;0.0
Juazeiro do Norte;VILA SAO GONCALO-MARROCOS;-7.1833611111111;-39.23125;2018;9;0.0;0.0;0.0;0.0;0.0;0.0;0.0;0.0;0.0;0.0;0.0;0.0;0.0;0.0;0.0;0.0;0.0;0.0;0.0;0.0;0.0;0.0;0.0;0.0;0.0;0.0;0.0;0.0;0.0;0.0;0.0;888.0
Juazeiro do Norte;VILA SAO GONCALO-MARROCOS;-7.1833611111111;-39.23125;2018;10;0.0;0.0;0.0;0.0;0.0;0.0;0.0;0.0;0.0;0.0;0.0;0.0;0.0;0.0;0.0;0.0;0.0;0.0;0.0;0.0;0.0;0.0;0.0;0.0;0.0;0.0;0.0;0.0;0.0;0.0;0.0;0.0
Juazeiro do Norte;VILA SAO GONCALO-MARROCOS;-7.1833611111111;-39.23125;2018;11;62.5;0.0;0.0;0.0;0.0;0.0;0.0;0.0;0.0;0.0;0.0;0.0;0.0;0.0;0.0;0.0;0.0;0.0;0.0;0.0;0.0;0.0;0.0;0.0;24.5;16.0;0.0;22.0;0.0;0.0;0.0;888.0
Juazeiro do Norte;VILA SAO GONCALO-MARROCOS;-7.1833611111111;-39.23125;2018;12;85.5;0.0;0.0;0.0;0.0;0.0;32.0;13.5;40.0;0.0;0.0;0.0;0.0;0.0;0.0;0.0;0.0;0.0;0.0;0.0;0.0;0.0;0.0;0.0;0.0;0.0;0.0;0.0;0.0;0.0;0.0;0.0
Juazeiro do Norte;VILA SAO GONCALO-MARROCOS;-7.1833611111111;-39.23125;2019;1;58.1;0.0;0.0;0.0;0.0;0.0;0.0;0.0;0.0;0.0;0.0;0.0;0.0;7.5;0.0;0.0;0.0;12.0;9.3;16.3;5.5;5.0;0.0;0.0;2.5;0.0;0.0;0.0;0.0;0.0;0.0;0.0
Juazeiro do Norte;VILA SAO GONCALO-MARROCOS;-7.1833611111111;-39.23125;2019;2;65.1;0.0;3.0;0.0;0.0;0.0;4.0;11.0;0.0;0.0;0.0;0.0;0.0;0.0;12.0;0.0;9.0;3.1;0.0;0.0;0.0;2.0;12.0;0.0;9.0;0.0;0.0;0.0;0.0;888.0;888.0;888.0
Juazeiro do Norte;VILA SAO GONCALO-MARROCOS;-7.1833611111111;-39.23125;2019;3;252.0;0.0;0.0;0.0;0.0;6.0;15.5;4.0;0.0;0.0;0.0;0.0;0.0;0.0;25.0;0.0;0.0;0.0;0.0;0.0;0.0;0.0;0.0;0.0;78.5;33.0;0.0;5.0;35.0;1.0;5.0;44.0
Juazeiro do Norte;VILA SAO GONCALO-MARROCOS;-7.1833611111111;-39.23125;2019;4;116.7;2.0;0.0;0.0;31.0;0.0;0.0;20.0;2.0;0.0;9.0;0.0;0.0;0.0;0.0;0.0;12.0;0.0;0.0;0.0;0.0;0.0;18.0;0.0;12.0;0.0;0.0;0.0;0.0;0.0;10.7;888.0
Juazeiro do Norte;VILA SAO GONCALO-MARROCOS;-7.1833611111111;-39.23125;2019;5;25.5;10.0;7.0;0.0;0.0;0.0;0.0;0.0;0.0;0.0;0.0;0.0;0.0;0.0;0.0;0.0;0.0;0.0;0.0;0.0;0.0;0.0;0.0;0.0;0.0;0.0;0.0;0.0;0.0;0.0;0.0;8.5
Juazeiro do Norte;VILA SAO GONCALO-MARROCOS;-7.1833611111111;-39.23125;2019;6;41.0;0.0;0.0;0.0;0.0;0.0;0.0;0.0;0.0;0.0;0.0;0.0;0.0;0.0;0.0;0.0;0.0;0.0;31.0;10.0;0.0;0.0;0.0;0.0;0.0;0.0;0.0;0.0;0.0;0.0;0.0;888.0
Juazeiro do Norte;VILA SAO GONCALO-MARROCOS;-7.1833611111111;-39.23125;2019;7;0.0;0.0;0.0;0.0;0.0;0.0;0.0;0.0;0.0;0.0;0.0;0.0;0.0;0.0;0.0;0.0;0.0;0.0;0.0;0.0;0.0;0.0;0.0;0.0;0.0;0.0;0.0;0.0;0.0;0.0;0.0;0.0
Juazeiro do Norte;VILA SAO GONCALO-MARROCOS;-7.1833611111111;-39.23125;2019;8;0.0;0.0;0.0;0.0;0.0;0.0;0.0;0.0;0.0;0.0;0.0;0.0;0.0;0.0;0.0;0.0;0.0;0.0;0.0;0.0;0.0;0.0;0.0;0.0;0.0;0.0;0.0;0.0;0.0;0.0;0.0;0.0
Juazeiro do Norte;VILA SAO GONCALO-MARROCOS;-7.1833611111111;-39.23125;2019;9;0.0;0.0;0.0;0.0;0.0;0.0;0.0;0.0;0.0;0.0;0.0;0.0;0.0;0.0;0.0;0.0;0.0;0.0;0.0;0.0;0.0;0.0;0.0;0.0;0.0;0.0;0.0;0.0;0.0;0.0;0.0;888.0
Juazeiro do Norte;VILA SAO GONCALO-MARROCOS;-7.1833611111111;-39.23125;2019;10;0.0;0.0;0.0;0.0;0.0;0.0;0.0;0.0;0.0;0.0;0.0;0.0;0.0;0.0;0.0;0.0;0.0;0.0;0.0;0.0;0.0;0.0;0.0;0.0;0.0;0.0;0.0;0.0;0.0;0.0;0.0;0.0
Juazeiro do Norte;VILA SAO GONCALO-MARROCOS;-7.1833611111111;-39.23125;2019;11;20.5;0.0;0.0;0.0;0.0;0.0;0.0;0.0;0.0;0.0;0.0;0.0;0.0;0.0;0.0;0.0;0.0;0.0;0.0;0.0;0.0;0.0;0.0;0.0;0.0;0.0;2.5;18.0;0.0;0.0;0.0;888.0
Juazeiro do Norte;VILA SAO GONCALO-MARROCOS;-7.1833611111111;-39.23125;2019;12;55.0;0.0;0.0;0.0;0.0;0.0;0.0;0.0;0.0;44.0;0.0;0.0;0.0;0.0;0.0;0.0;0.0;0.0;11.0;0.0;0.0;0.0;0.0;0.0;0.0;0.0;0.0;0.0;0.0;0.0;0.0;0.0
Juazeiro do Norte;VILA SAO GONCALO-MARROCOS;-7.1833611111111;-39.23125;2020;1;119.0;20.0;0.0;0.0;0.0;0.0;0.0;0.0;0.0;0.0;0.0;21.0;0.0;0.0;0.0;23.0;0.0;0.0;0.0;25.0;0.0;0.0;0.0;0.0;18.0;0.0;0.0;0.0;12.0;0.0;0.0;0.0
Juazeiro do Norte;VILA SAO GONCALO-MARROCOS;-7.1833611111111;-39.23125;2020;2;224.5;0.0;0.0;24.0;0.0;83.0;0.0;0.0;14.0;0.0;0.0;0.0;0.0;0.0;37.0;0.0;10.0;0.0;0.0;20.0;0.0;9.5;17.0;10.0;0.0;0.0;0.0;0.0;0.0;0.0;888.0;888.0
Juazeiro do Norte;VILA SAO GONCALO-MARROCOS;-7.1833611111111;-39.23125;2020;3;294.7;0.0;0.0;0.0;10.0;40.0;0.0;0.0;11.0;0.0;0.0;0.0;0.0;34.7;0.0;0.0;38.0;74.0;0.0;15.0;5.0;0.0;0.0;0.0;0.0;22.0;25.0;4.0;0.0;0.0;0.0;16.0
Juazeiro do Norte;VILA SAO GONCALO-MARROCOS;-7.1833611111111;-39.23125;2020;4;140.0;10.0;0.0;45.0;0.0;0.0;0.0;0.0;0.0;0.0;0.0;21.0;0.0;0.0;0.0;0.0;30.0;0.0;20.0;0.0;4.0;0.0;0.0;10.0;0.0;0.0;0.0;0.0;0.0;0.0;0.0;888.0
Juazeiro do Norte;VILA SAO GONCALO-MARROCOS;-7.1833611111111;-39.23125;2020;5;41.0;0.0;0.0;0.0;0.0;0.0;10.0;0.0;0.0;0.0;0.0;0.0;0.0;0.0;0.0;0.0;0.0;0.0;20.0;0.0;0.0;0.0;11.0;0.0;0.0;0.0;0.0;0.0;0.0;0.0;0.0;0.0
Juazeiro do Norte;VILA SAO GONCALO-MARROCOS;-7.1833611111111;-39.23125;2020;6;17.7;0.0;0.0;0.0;0.0;0.0;0.0;0.0;0.0;0.0;0.0;1.7;0.0;0.0;0.0;0.0;0.0;0.0;0.0;0.0;16.0;0.0;0.0;0.0;0.0;0.0;0.0;0.0;0.0;0.0;0.0;888.0
Juazeiro do Norte;VILA SAO GONCALO-MARROCOS;-7.1833611111111;-39.23125;2020;7;0.0;0.0;0.0;0.0;0.0;0.0;0.0;0.0;0.0;0.0;0.0;0.0;0.0;0.0;0.0;0.0;0.0;0.0;0.0;0.0;0.0;0.0;0.0;0.0;0.0;0.0;0.0;0.0;0.0;0.0;0.0;0.0
Juazeiro do Norte;VILA SAO GONCALO-MARROCOS;-7.1833611111111;-39.23125;2020;8;0.0;0.0;0.0;0.0;0.0;0.0;0.0;0.0;0.0;0.0;0.0;0.0;0.0;0.0;0.0;0.0;0.0;0.0;0.0;0.0;0.0;0.0;0.0;0.0;0.0;0.0;0.0;0.0;0.0;0.0;0.0;0.0
Juazeiro do Norte;VILA SAO GONCALO-MARROCOS;-7.1833611111111;-39.23125;2020;9;0.0;0.0;0.0;0.0;0.0;0.0;0.0;0.0;0.0;0.0;0.0;0.0;0.0;0.0;0.0;0.0;0.0;0.0;0.0;0.0;0.0;0.0;0.0;0.0;0.0;0.0;0.0;0.0;0.0;0.0;0.0;888.0
Juazeiro do Norte;VILA SAO GONCALO-MARROCOS;-7.1833611111111;-39.23125;2020;10;18.0;0.0;0.0;0.0;0.0;0.0;0.0;0.0;0.0;0.0;0.0;0.0;0.0;0.0;0.0;0.0;0.0;0.0;0.0;0.0;0.0;0.0;0.0;14.0;4.0;0.0;0.0;0.0;0.0;0.0;0.0;0.0
Juazeiro do Norte;VILA SAO GONCALO-MARROCOS;-7.1833611111111;-39.23125;2020;11;61.1;0.0;0.0;50.0;4.0;0.0;0.0;7.1;0.0;0.0;0.0;0.0;0.0;0.0;0.0;0.0;0.0;0.0;0.0;0.0;0.0;0.0;0.0;0.0;0.0;0.0;0.0;0.0;0.0;0.0;0.0;888.0
Juazeiro do Norte;VILA SAO GONCALO-MARROCOS;-7.1833611111111;-39.23125;2020;12;13.0;0.0;0.0;0.0;13.0;0.0;0.0;0.0;0.0;0.0;0.0;0.0;0.0;0.0;0.0;0.0;0.0;0.0;0.0;0.0;0.0;0.0;0.0;0.0;0.0;0.0;0.0;0.0;0.0;0.0;0.0;0.0
Juazeiro do Norte;VILA SAO GONCALO-MARROCOS;-7.1833611111111;-39.23125;2021;1;130.4;27.0;3.5;0.0;25.0;0.0;0.0;0.0;0.0;0.0;0.0;0.0;0.0;0.0;0.0;0.0;0.0;0.0;24.0;4.4;0.0;0.0;0.0;0.0;0.0;0.0;0.0;0.0;38.0;8.5;0.0;0.0
Juazeiro do Norte;VILA SAO GONCALO-MARROCOS;-7.1833611111111;-39.23125;2021;2;294.0;0.0;0.0;0.0;0.0;0.0;0.0;0.0;0.0;22.5;22.0;25.0;10.0;10.0;74.5;10.0;10.0;21.0;0.0;0.0;0.0;0.0;27.0;0.0;0.0;0.0;10.0;30.0;22.0;888.0;888.0;888.0
Juazeiro do Norte;VILA SAO GONCALO-MARROCOS;-7.1833611111111;-39.23125;2021;3;201.5;6.0;30.0;0.0;0.0;0.0;0.0;0.0;0.0;0.0;0.0;0.0;0.0;57.0;35.0;15.5;0.0;0.0;15.0;0.0;0.0;0.0;17.0;0.0;16.0;0.0;10.0;0.0;0.0;0.0;0.0;0.0
Juazeiro do Norte;VILA SAO GONCALO-MARROCOS;-7.1833611111111;-39.23125;2021;4;173.0;0.0;0.0;0.0;0.0;3.0;0.0;0.0;0.0;0.0;0.0;0.0;0.0;0.0;0.0;35.0;0.0;5.0;6.0;25.0;0.0;0.0;0.0;20.0;5.0;0.0;0.0;0.0;0.0;63.0;11.0;888.0
Juazeiro do Norte;VILA SAO GONCALO-MARROCOS;-7.1833611111111;-39.23125;2021;5;22.0;18.0;0.0;0.0;0.0;0.0;1.0;0.0;0.0;0.0;0.0;0.0;0.0;0.0;0.0;3.0;0.0;0.0;0.0;0.0;0.0;0.0;0.0;0.0;0.0;0.0;0.0;0.0;0.0;0.0;0.0;0.0
Juazeiro do Norte;VILA SAO GONCALO-MARROCOS;-7.1833611111111;-39.23125;2021;6;0.0;0.0;0.0;0.0;0.0;0.0;0.0;0.0;0.0;0.0;0.0;0.0;0.0;0.0;0.0;0.0;0.0;0.0;0.0;0.0;0.0;0.0;0.0;0.0;0.0;0.0;0.0;0.0;0.0;0.0;0.0;888.0
Juazeiro do Norte;VILA SAO GONCALO-MARROCOS;-7.1833611111111;-39.23125;2021;7;48.0;0.0;48.0;0.0;0.0;0.0;0.0;0.0;0.0;0.0;0.0;0.0;0.0;0.0;0.0;0.0;0.0;0.0;0.0;0.0;0.0;0.0;0.0;0.0;0.0;0.0;0.0;0.0;0.0;0.0;0.0;0.0
Juazeiro do Norte;VILA SAO GONCALO-MARROCOS;-7.1833611111111;-39.23125;2021;8;0.0;0.0;0.0;0.0;0.0;0.0;0.0;0.0;0.0;0.0;0.0;0.0;0.0;0.0;0.0;0.0;0.0;0.0;0.0;0.0;0.0;0.0;0.0;0.0;0.0;0.0;0.0;0.0;0.0;0.0;0.0;0.0
Juazeiro do Norte;VILA SAO GONCALO-MARROCOS;-7.1833611111111;-39.23125;2021;9;25.7;0.0;0.0;0.0;0.0;0.0;0.0;0.0;0.0;0.0;0.0;0.0;0.0;0.0;0.0;20.0;0.0;0.0;0.0;0.0;0.0;0.0;0.0;0.0;5.7;0.0;0.0;0.0;0.0;0.0;0.0;888.0
Juazeiro do Norte;VILA SAO GONCALO-MARROCOS;-7.1833611111111;-39.23125;2021;10;1.5;0.0;0.0;0.0;0.0;0.0;0.0;0.0;0.0;0.0;0.0;0.0;0.0;0.0;0.0;0.0;0.0;0.0;0.0;1.5;0.0;0.0;0.0;0.0;0.0;0.0;0.0;0.0;0.0;0.0;0.0;0.0
Juazeiro do Norte;VILA SAO GONCALO-MARROCOS;-7.1833611111111;-39.23125;2021;11;45.6;0.0;0.0;0.0;0.0;0.0;0.0;0.0;0.0;11.5;0.0;0.0;0.0;0.0;16.5;0.0;5.6;0.0;0.0;0.0;0.0;0.0;0.0;0.0;0.0;0.0;5.0;7.0;0.0;0.0;0.0;888.0
Juazeiro do Norte;VILA SAO GONCALO-MARROCOS;-7.1833611111111;-39.23125;2021;12;219.0;0.0;0.0;0.0;30.0;0.0;0.0;0.0;0.0;0.0;7.5;0.0;0.0;0.0;5.5;4.5;0.0;0.0;8.0;15.0;0.0;0.0;0.0;0.0;0.0;0.0;4.5;41.0;0.0;0.0;0.0;103.0
Juazeiro do Norte;VILA SAO GONCALO-MARROCOS;-7.1833611111111;-39.23125;2022;1;158.0;57.0;2.5;14.5;0.0;0.0;0.0;0.0;0.0;0.0;0.0;24.0;0.0;0.0;0.0;0.0;0.0;0.0;0.0;0.0;0.0;0.0;0.0;0.0;0.0;0.0;0.0;16.5;43.0;0.5;0.0;0.0
Juazeiro do Norte;VILA SAO GONCALO-MARROCOS;-7.1833611111111;-39.23125;2022;2;126.8;0.0;0.0;0.0;0.0;70.0;0.0;5.0;7.0;0.0;0.0;0.0;8.5;0.0;0.0;0.0;0.0;6.3;0.0;0.0;0.0;0.0;30.0;0.0;0.0;0.0;0.0;0.0;0.0;888.0;888.0;888.0
Juazeiro do Norte;VILA SAO GONCALO-MARROCOS;-7.1833611111111;-39.23125;2022;3;341.3;0.0;40.0;35.0;0.0;0.0;0.0;0.0;0.0;0.0;0.0;0.0;25.0;0.0;2.3;38.0;37.0;0.0;0.0;0.0;0.0;0.0;30.0;50.0;20.0;22.0;0.0;0.0;0.0;42.0;0.0;0.0
Juazeiro do Norte;VILA SAO GONCALO-MARROCOS;-7.1833611111111;-39.23125;2022;4;296.5;0.0;0.0;0.0;0.0;0.0;0.0;0.0;23.0;0.0;0.0;0.0;43.0;0.0;0.0;0.0;0.0;10.5;50.0;0.0;0.0;26.0;0.0;86.0;58.0;0.0;0.0;0.0;0.0;0.0;0.0;888.0
Juazeiro do Norte;VILA SAO GONCALO-MARROCOS;-7.1833611111111;-39.23125;2022;5;94.9;0.0;0.0;4.0;0.5;0.0;0.0;0.0;18.5;0.0;0.0;0.0;0.0;3.9;15.0;0.0;0.0;0.0;0.0;0.0;0.0;0.0;0.0;0.0;0.0;0.0;0.0;1.0;0.0;0.0;0.0;52.0
Juazeiro do Norte;VILA SAO GONCALO-MARROCOS;-7.1833611111111;-39.23125;2022;6;16.3;7.8;0.0;8.5;0.0;0.0;0.0;0.0;0.0;0.0;0.0;0.0;0.0;0.0;0.0;0.0;0.0;0.0;0.0;0.0;0.0;0.0;0.0;0.0;0.0;0.0;0.0;0.0;0.0;0.0;0.0;888.0
Juazeiro do Norte;VILA SAO GONCALO-MARROCOS;-7.1833611111111;-39.23125;2022;7;0.0;0.0;0.0;0.0;0.0;0.0;0.0;0.0;0.0;0.0;0.0;0.0;0.0;0.0;0.0;0.0;0.0;0.0;0.0;0.0;0.0;0.0;0.0;0.0;0.0;0.0;0.0;0.0;0.0;0.0;0.0;0.0
Juazeiro do Norte;VILA SAO GONCALO-MARROCOS;-7.1833611111111;-39.23125;2022;8;0.0;0.0;0.0;0.0;0.0;0.0;0.0;0.0;0.0;0.0;0.0;0.0;0.0;0.0;0.0;0.0;0.0;0.0;0.0;0.0;0.0;0.0;0.0;0.0;0.0;0.0;0.0;0.0;0.0;0.0;0.0;0.0
Juazeiro do Norte;VILA SAO GONCALO-MARROCOS;-7.1833611111111;-39.23125;2022;9;0.0;0.0;0.0;0.0;0.0;0.0;0.0;0.0;0.0;0.0;0.0;0.0;0.0;0.0;0.0;0.0;0.0;0.0;0.0;0.0;0.0;0.0;0.0;0.0;0.0;0.0;0.0;0.0;0.0;0.0;0.0;888.0
Juazeiro do Norte;VILA SAO GONCALO-MARROCOS;-7.1833611111111;-39.23125;2022;10;0.0;0.0;0.0;0.0;0.0;0.0;0.0;0.0;0.0;0.0;0.0;0.0;0.0;0.0;0.0;0.0;0.0;0.0;0.0;0.0;0.0;0.0;0.0;0.0;0.0;0.0;0.0;0.0;0.0;0.0;0.0;0.0
Juazeiro do Norte;VILA SAO GONCALO-MARROCOS;-7.1833611111111;-39.23125;2022;11;60.5;0.0;0.0;0.0;29.0;19.0;4.5;0.0;0.0;0.0;0.0;0.0;0.0;0.0;8.0;0.0;0.0;0.0;0.0;0.0;0.0;0.0;0.0;0.0;0.0;0.0;0.0;0.0;0.0;0.0;0.0;888.0
Juazeiro do Norte;VILA SAO GONCALO-MARROCOS;-7.1833611111111;-39.23125;2022;12;60.0;0.0;0.0;0.0;0.0;0.0;0.0;0.0;0.0;0.0;0.0;0.0;0.0;0.0;0.0;0.0;0.0;0.0;0.0;0.0;0.0;0.0;0.0;25.0;10.0;0.0;0.0;0.0;0.0;0.0;6.0;19.0
Juazeiro do Norte;VILA SAO GONCALO-MARROCOS;-7.1833611111111;-39.23125;2023;1;242.5;0.0;55.0;15.0;0.0;0.0;0.0;0.0;0.0;0.0;12.0;0.0;0.0;0.0;20.0;0.0;29.0;0.0;0.0;5.0;33.0;3.5;0.0;13.0;11.0;0.0;5.0;0.0;16.0;0.0;0.0;25.0
Juazeiro do Norte;VILA SAO GONCALO-MARROCOS;-7.1833611111111;-39.23125;2023;2;116.0;0.0;11.0;20.0;0.0;0.0;0.0;0.0;0.0;0.0;0.0;32.0;0.0;0.0;2.0;5.0;0.0;0.0;0.0;5.0;32.0;0.0;0.0;0.0;2.5;6.5;0.0;0.0;0.0;888.0;888.0;888.0
Juazeiro do Norte;VILA SAO GONCALO-MARROCOS;-7.1833611111111;-39.23125;2023;3;320.0;0.0;4.9;0.0;0.0;4.9;0.0;0.0;0.0;0.0;0.0;0.0;0.0;75.3;35.0;47.0;0.0;0.0;14.0;0.0;0.0;0.0;45.0;0.0;0.0;13.0;0.0;63.9;0.0;0.0;5.0;12.0
Juazeiro do Norte;VILA SAO GONCALO-MARROCOS;-7.1833611111111;-39.23125;2023;4;39.8;0.0;0.0;0.0;0.0;7.8;0.0;0.0;15.0;13.0;0.0;0.0;0.0;0.0;0.0;0.0;0.0;0.0;0.0;0.0;0.0;0.0;0.0;0.0;0.0;0.0;0.0;0.0;0.0;4.0;0.0;888.0
Juazeiro do Norte;VILA SAO GONCALO-MARROCOS;-7.1833611111111;-39.23125;2023;5;68.7;0.0;0.0;0.0;18.0;16.0;0.0;0.0;0.0;0.0;0.0;0.0;0.0;12.0;18.2;0.0;0.0;0.0;4.5;0.0;0.0;0.0;0.0;0.0;0.0;0.0;0.0;0.0;0.0;0.0;0.0;0.0
Juazeiro do Norte;VILA SAO GONCALO-MARROCOS;-7.1833611111111;-39.23125;2023;6;3.5;0.0;0.0;0.0;0.0;0.0;0.0;0.0;0.0;0.0;0.0;0.0;0.0;0.0;0.0;0.0;3.5;0.0;0.0;0.0;0.0;0.0;0.0;0.0;0.0;0.0;0.0;0.0;0.0;0.0;0.0;888.0
Juazeiro do Norte;VILA SAO GONCALO-MARROCOS;-7.1833611111111;-39.23125;2023;7;38.0;0.0;0.0;0.0;0.0;0.0;0.0;0.0;0.0;0.0;38.0;0.0;0.0;0.0;0.0;0.0;0.0;0.0;0.0;0.0;0.0;0.0;0.0;0.0;0.0;0.0;0.0;0.0;0.0;0.0;0.0;0.0
Juazeiro do Norte;VILA SAO GONCALO-MARROCOS;-7.1833611111111;-39.23125;2023;8;0.0;0.0;0.0;0.0;0.0;0.0;0.0;0.0;0.0;0.0;0.0;0.0;0.0;0.0;0.0;0.0;0.0;0.0;0.0;0.0;0.0;0.0;0.0;0.0;0.0;0.0;0.0;0.0;0.0;0.0;0.0;0.0
Juazeiro do Norte;VILA SAO GONCALO-MARROCOS;-7.1833611111111;-39.23125;2023;9;0.0;0.0;0.0;0.0;0.0;0.0;0.0;0.0;0.0;0.0;0.0;0.0;0.0;0.0;0.0;0.0;0.0;0.0;0.0;0.0;0.0;0.0;0.0;0.0;0.0;0.0;0.0;0.0;0.0;0.0;0.0;888.0
Juazeiro do Norte;VILA SAO GONCALO-MARROCOS;-7.1833611111111;-39.23125;2023;10;0.0;0.0;0.0;0.0;0.0;0.0;0.0;0.0;0.0;0.0;0.0;0.0;0.0;0.0;0.0;0.0;0.0;0.0;0.0;0.0;0.0;0.0;0.0;0.0;0.0;0.0;0.0;0.0;0.0;0.0;0.0;0.0
Juazeiro do Norte;VILA SAO GONCALO-MARROCOS;-7.1833611111111;-39.23125;2023;11;27.8;0.0;0.0;0.0;0.0;0.0;9.8;0.0;0.0;0.0;0.0;0.0;0.0;0.0;0.0;0.0;0.0;0.0;0.0;0.0;0.0;0.0;0.0;0.0;0.0;0.0;0.0;0.0;11.5;6.5;0.0;888.0
Juazeiro do Norte;VILA SAO GONCALO-MARROCOS;-7.1833611111111;-39.23125;2023;12;34.0;0.0;0.0;0.0;0.0;0.0;0.0;0.0;0.0;0.0;0.0;0.0;0.0;0.0;0.0;0.0;0.0;0.0;34.0;0.0;0.0;0.0;0.0;0.0;0.0;0.0;0.0;0.0;0.0;0.0;0.0;0.0
Juazeiro do Norte;VILA SAO GONCALO-MARROCOS;-7.1833611111111;-39.23125;2024;1;110.0;0.0;65.0;0.0;0.0;0.0;0.0;0.0;0.0;0.0;0.0;22.0;23.0;0.0;0.0;0.0;0.0;0.0;0.0;0.0;0.0;0.0;0.0;0.0;0.0;0.0;0.0;0.0;0.0;0.0;0.0;0.0
Juazeiro do Norte;VILA SAO GONCALO-MARROCOS;-7.1833611111111;-39.23125;2024;2;370.3;0.0;0.0;7.5;0.0;0.0;39.0;0.0;35.0;58.0;7.5;0.0;0.0;0.0;27.0;61.0;9.0;0.0;0.0;29.0;0.0;5.3;0.0;16.0;18.0;0.0;2.0;0.0;47.0;9.0;888.0;888.0
Juazeiro do Norte;VILA SAO GONCALO-MARROCOS;-7.1833611111111;-39.23125;2024;3;164.0;13.0;13.0;0.0;0.0;13.0;0.0;0.0;0.0;0.0;0.0;0.0;30.2;14.5;23.0;18.5;0.0;0.0;0.0;8.4;0.0;0.0;0.0;0.0;0.0;7.5;0.0;22.9;0.0;0.0;0.0;0.0
Juazeiro do Norte;VILA SAO GONCALO-MARROCOS;-7.1833611111111;-39.23125;2024;4;298.7;19.0;0.0;29.0;0.0;0.0;20.0;0.0;0.0;0.0;0.0;0.0;38.6;40.0;7.0;0.0;33.1;0.0;0.0;0.0;0.0;0.0;30.0;82.0;0.0;0.0;0.0;0.0;0.0;0.0;0.0;888.0
Juazeiro do Norte;VILA SAO GONCALO-MARROCOS;-7.1833611111111;-39.23125;2024;5;34.3;0.0;0.0;14.0;0.0;0.0;0.0;0.0;0.0;5.3;10.0;0.0;0.0;0.0;0.0;0.0;0.0;0.0;0.0;5.0;0.0;0.0;0.0;0.0;0.0;0.0;0.0;0.0;0.0;0.0;0.0;0.0
Juazeiro do Norte;VILA SAO GONCALO-MARROCOS;-7.1833611111111;-39.23125;2024;6;18.0;0.0;0.0;0.0;0.0;0.0;0.0;0.0;11.7;0.0;0.0;0.0;0.0;0.0;0.0;6.3;0.0;0.0;0.0;0.0;0.0;0.0;0.0;0.0;0.0;0.0;0.0;0.0;0.0;0.0;0.0;888.0
Juazeiro do Norte;VILA SAO GONCALO-MARROCOS;-7.1833611111111;-39.23125;2024;7;13.0;0.0;0.0;0.0;0.0;0.0;0.0;13.0;0.0;0.0;0.0;0.0;0.0;0.0;0.0;0.0;0.0;0.0;0.0;0.0;0.0;0.0;0.0;0.0;0.0;0.0;0.0;0.0;0.0;0.0;0.0;0.0
Juazeiro do Norte;VILA SAO GONCALO-MARROCOS;-7.1833611111111;-39.23125;2024;8;0.0;0.0;0.0;0.0;0.0;0.0;0.0;0.0;0.0;0.0;0.0;0.0;0.0;0.0;0.0;0.0;0.0;0.0;0.0;0.0;0.0;0.0;0.0;0.0;0.0;0.0;0.0;0.0;0.0;0.0;0.0;0.0
Juazeiro do Norte;VILA SAO GONCALO-MARROCOS;-7.1833611111111;-39.23125;2024;9;0.0;0.0;0.0;0.0;0.0;0.0;0.0;0.0;0.0;0.0;0.0;0.0;0.0;0.0;0.0;0.0;0.0;0.0;0.0;0.0;0.0;0.0;0.0;0.0;0.0;0.0;0.0;0.0;0.0;0.0;0.0;888.0
Juazeiro do Norte;VILA SAO GONCALO-MARROCOS;-7.1833611111111;-39.23125;2024;10;15.0;0.0;0.0;0.0;0.0;0.0;0.0;0.0;0.0;0.0;0.0;0.0;0.0;0.0;0.0;0.0;0.0;0.0;0.0;15.0;999.0;999.0;999.0;999.0;999.0;999.0;999.0;999.0;999.0;999.0;999.0;999.0
