Municipios;Postos;Latitude;Longitude;Anos;Meses;Total;Dia1;Dia2;Dia3;Dia4;Dia5;Dia6;Dia7;Dia8;Dia9;Dia10;Dia11;Dia12;Dia13;Dia14;Dia15;Dia16;Dia17;Dia18;Dia19;Dia20;Dia21;Dia22;Dia23;Dia24;Dia25;Dia26;Dia27;Dia28;Dia29;Dia30;Dia31
Cariús;SAO SEBASTIAO;-6.6093611111111;-39.601138888889;2000;12;39.8;0.0;0.0;0.0;0.0;0.0;0.0;0.0;0.0;0.0;0.0;0.0;0.0;0.0;0.0;21.8;18.0;0.0;0.0;0.0;0.0;0.0;0.0;0.0;0.0;0.0;0.0;0.0;0.0;0.0;0.0;0.0
Cariús;SAO SEBASTIAO;-6.6093611111111;-39.601138888889;2001;1;45.4;0.0;0.0;0.0;0.0;0.0;0.0;0.0;29.0;0.0;5.4;0.0;11.0;0.0;0.0;0.0;0.0;0.0;0.0;0.0;0.0;0.0;0.0;0.0;0.0;0.0;0.0;0.0;0.0;0.0;0.0;0.0
Cariús;SAO SEBASTIAO;-6.6093611111111;-39.601138888889;2001;2;104.4;0.0;0.0;0.0;28.0;0.0;0.0;0.0;0.0;28.0;0.0;0.0;0.0;0.0;13.4;0.0;0.0;0.0;0.0;0.0;0.0;0.0;0.0;0.0;0.0;0.0;0.0;0.0;35.0;888.0;888.0;888.0
Cariús;SAO SEBASTIAO;-6.6093611111111;-39.601138888889;2001;3;178.4;20.8;28.6;0.0;0.0;0.0;0.0;0.0;0.0;0.0;0.0;0.0;0.0;20.4;0.0;28.6;22.0;0.0;0.0;0.0;0.0;0.0;0.0;47.0;0.0;0.0;0.0;0.0;0.0;11.0;0.0;0.0
Cariús;SAO SEBASTIAO;-6.6093611111111;-39.601138888889;2001;4;67.0;0.0;0.0;27.0;0.0;0.0;0.0;0.0;0.0;0.0;0.0;0.0;11.0;0.0;0.0;0.0;0.0;29.0;0.0;0.0;0.0;0.0;0.0;0.0;0.0;0.0;0.0;0.0;0.0;0.0;0.0;888.0
Cariús;SAO SEBASTIAO;-6.6093611111111;-39.601138888889;2001;5;98.0;0.0;0.0;0.0;0.0;0.0;98.0;0.0;0.0;0.0;0.0;0.0;0.0;0.0;0.0;0.0;0.0;0.0;0.0;0.0;0.0;0.0;0.0;0.0;0.0;0.0;0.0;0.0;0.0;0.0;0.0;0.0
Cariús;SAO SEBASTIAO;-6.6093611111111;-39.601138888889;2001;6;0.0;0.0;0.0;0.0;0.0;0.0;0.0;0.0;0.0;0.0;0.0;0.0;0.0;0.0;0.0;0.0;0.0;0.0;0.0;0.0;0.0;0.0;0.0;0.0;0.0;0.0;0.0;0.0;0.0;0.0;0.0;888.0
Cariús;SAO SEBASTIAO;-6.6093611111111;-39.601138888889;2001;7;0.0;0.0;0.0;0.0;0.0;0.0;0.0;0.0;0.0;0.0;0.0;0.0;0.0;0.0;0.0;0.0;0.0;0.0;0.0;0.0;0.0;0.0;0.0;0.0;0.0;0.0;0.0;0.0;0.0;0.0;0.0;0.0
Cariús;SAO SEBASTIAO;-6.6093611111111;-39.601138888889;2001;8;0.0;0.0;0.0;0.0;0.0;0.0;0.0;0.0;0.0;0.0;0.0;0.0;0.0;0.0;0.0;0.0;0.0;0.0;0.0;0.0;0.0;0.0;0.0;0.0;0.0;0.0;0.0;0.0;0.0;0.0;0.0;0.0
Cariús;SAO SEBASTIAO;-6.6093611111111;-39.601138888889;2001;9;0.0;0.0;0.0;0.0;0.0;0.0;0.0;0.0;0.0;0.0;0.0;0.0;0.0;0.0;0.0;0.0;0.0;0.0;0.0;0.0;0.0;0.0;0.0;0.0;0.0;0.0;0.0;0.0;0.0;0.0;0.0;888.0
Cariús;SAO SEBASTIAO;-6.6093611111111;-39.601138888889;2001;10;0.0;0.0;0.0;0.0;0.0;0.0;0.0;0.0;0.0;0.0;0.0;0.0;0.0;0.0;0.0;0.0;0.0;0.0;0.0;0.0;0.0;0.0;0.0;0.0;0.0;0.0;0.0;0.0;0.0;0.0;0.0;0.0
Cariús;SAO SEBASTIAO;-6.6093611111111;-39.601138888889;2001;11;0.0;0.0;0.0;0.0;0.0;0.0;0.0;0.0;0.0;0.0;0.0;0.0;0.0;0.0;0.0;0.0;0.0;0.0;0.0;0.0;0.0;0.0;0.0;0.0;0.0;0.0;0.0;0.0;0.0;0.0;0.0;888.0
Cariús;SAO SEBASTIAO;-6.6093611111111;-39.601138888889;2001;12;139.2;0.0;0.0;0.0;22.0;0.0;0.0;0.0;0.0;0.0;0.0;18.0;0.0;0.0;10.0;0.0;0.0;0.0;0.0;0.0;0.0;0.0;5.2;0.0;0.0;0.0;0.0;0.0;0.0;8.0;76.0;0.0
Cariús;SAO SEBASTIAO;-6.6093611111111;-39.601138888889;2002;1;262.4;0.0;0.0;0.0;0.0;0.0;0.0;10.4;17.0;0.0;12.0;0.0;0.0;17.0;12.0;0.0;0.0;73.0;43.0;0.0;46.0;0.0;0.0;0.0;32.0;0.0;0.0;0.0;0.0;0.0;0.0;0.0
Cariús;SAO SEBASTIAO;-6.6093611111111;-39.601138888889;2002;2;35.0;0.0;0.0;0.0;0.0;0.0;0.0;0.0;0.0;0.0;0.0;0.0;35.0;0.0;0.0;0.0;0.0;0.0;0.0;0.0;0.0;0.0;0.0;0.0;0.0;0.0;0.0;0.0;0.0;888.0;888.0;888.0
Cariús;SAO SEBASTIAO;-6.6093611111111;-39.601138888889;2002;3;167.0;0.0;0.0;0.0;0.0;0.0;0.0;20.0;21.0;0.0;0.0;0.0;0.0;0.0;0.0;0.0;0.0;0.0;33.6;6.8;19.0;0.0;0.0;0.0;0.0;0.0;0.0;0.0;0.0;24.0;0.0;42.6
Cariús;SAO SEBASTIAO;-6.6093611111111;-39.601138888889;2002;4;0.0;0.0;0.0;0.0;0.0;0.0;0.0;0.0;0.0;0.0;0.0;0.0;0.0;0.0;0.0;0.0;0.0;0.0;0.0;0.0;0.0;0.0;0.0;0.0;0.0;0.0;0.0;0.0;0.0;0.0;0.0;888.0
Cariús;SAO SEBASTIAO;-6.6093611111111;-39.601138888889;2002;5;134.0;0.0;0.0;45.0;0.0;55.0;0.0;0.0;0.0;0.0;0.0;0.0;0.0;0.0;0.0;0.0;0.0;0.0;0.0;0.0;0.0;0.0;0.0;0.0;9.0;25.0;0.0;0.0;0.0;0.0;0.0;0.0
Cariús;SAO SEBASTIAO;-6.6093611111111;-39.601138888889;2002;6;0.0;0.0;0.0;0.0;0.0;0.0;0.0;0.0;0.0;0.0;0.0;0.0;0.0;0.0;0.0;0.0;0.0;0.0;0.0;0.0;0.0;0.0;0.0;0.0;0.0;0.0;0.0;0.0;0.0;0.0;0.0;888.0
Cariús;SAO SEBASTIAO;-6.6093611111111;-39.601138888889;2002;7;0.0;0.0;0.0;0.0;0.0;0.0;0.0;0.0;0.0;0.0;0.0;0.0;0.0;0.0;0.0;0.0;0.0;0.0;0.0;0.0;0.0;0.0;0.0;0.0;0.0;0.0;0.0;0.0;0.0;0.0;0.0;0.0
Cariús;SAO SEBASTIAO;-6.6093611111111;-39.601138888889;2002;8;0.0;0.0;0.0;0.0;0.0;0.0;0.0;0.0;0.0;0.0;0.0;0.0;0.0;0.0;0.0;0.0;0.0;0.0;0.0;0.0;0.0;0.0;0.0;0.0;0.0;0.0;0.0;0.0;0.0;0.0;0.0;0.0
Cariús;SAO SEBASTIAO;-6.6093611111111;-39.601138888889;2002;9;0.0;0.0;0.0;0.0;0.0;0.0;0.0;0.0;0.0;0.0;0.0;0.0;0.0;0.0;0.0;0.0;0.0;0.0;0.0;0.0;0.0;0.0;0.0;0.0;0.0;0.0;0.0;0.0;0.0;0.0;0.0;888.0
Cariús;SAO SEBASTIAO;-6.6093611111111;-39.601138888889;2002;10;0.0;0.0;0.0;0.0;0.0;0.0;0.0;0.0;0.0;0.0;0.0;0.0;0.0;0.0;0.0;0.0;0.0;0.0;0.0;0.0;0.0;0.0;0.0;0.0;0.0;0.0;0.0;0.0;0.0;0.0;0.0;0.0
Cariús;SAO SEBASTIAO;-6.6093611111111;-39.601138888889;2002;11;0.0;0.0;0.0;0.0;0.0;0.0;0.0;0.0;0.0;0.0;0.0;0.0;0.0;0.0;0.0;0.0;0.0;0.0;0.0;0.0;0.0;0.0;0.0;0.0;0.0;0.0;0.0;0.0;0.0;0.0;0.0;888.0
Cariús;SAO SEBASTIAO;-6.6093611111111;-39.601138888889;2002;12;0.0;0.0;0.0;0.0;0.0;0.0;0.0;0.0;0.0;0.0;0.0;0.0;0.0;0.0;0.0;0.0;0.0;0.0;0.0;0.0;0.0;0.0;0.0;0.0;0.0;0.0;0.0;0.0;0.0;0.0;0.0;0.0
Cariús;SAO SEBASTIAO;-6.6093611111111;-39.601138888889;2003;1;115.0;0.0;0.0;0.0;0.0;0.0;0.0;0.0;0.0;0.0;0.0;0.0;0.0;0.0;0.0;0.0;0.0;0.0;0.0;74.0;0.0;0.0;0.0;0.0;0.0;0.0;0.0;11.0;0.0;0.0;30.0;0.0
Cariús;SAO SEBASTIAO;-6.6093611111111;-39.601138888889;2003;2;185.0;0.0;0.0;0.0;0.0;0.0;0.0;24.0;0.0;0.0;0.0;0.0;0.0;0.0;0.0;0.0;0.0;0.0;0.0;0.0;0.0;46.0;0.0;44.0;36.0;0.0;26.0;0.0;9.0;888.0;888.0;888.0
Cariús;SAO SEBASTIAO;-6.6093611111111;-39.601138888889;2003;3;107.0;0.0;18.0;0.0;0.0;0.0;0.0;0.0;0.0;0.0;0.0;0.0;0.0;0.0;0.0;17.0;0.0;36.0;0.0;0.0;36.0;0.0;0.0;0.0;0.0;0.0;0.0;0.0;0.0;0.0;0.0;0.0
Cariús;SAO SEBASTIAO;-6.6093611111111;-39.601138888889;2003;4;11.0;0.0;0.0;0.0;0.0;0.0;11.0;0.0;0.0;0.0;0.0;0.0;0.0;0.0;0.0;0.0;0.0;0.0;0.0;0.0;0.0;0.0;0.0;0.0;0.0;0.0;0.0;0.0;0.0;0.0;0.0;888.0
Cariús;SAO SEBASTIAO;-6.6093611111111;-39.601138888889;2003;5;14.0;0.0;0.0;0.0;0.0;0.0;14.0;0.0;0.0;0.0;0.0;0.0;0.0;0.0;0.0;0.0;0.0;0.0;0.0;0.0;0.0;0.0;0.0;0.0;0.0;0.0;0.0;0.0;0.0;0.0;0.0;0.0
Cariús;SAO SEBASTIAO;-6.6093611111111;-39.601138888889;2003;6;0.0;0.0;0.0;0.0;0.0;0.0;0.0;0.0;0.0;0.0;0.0;0.0;0.0;0.0;0.0;0.0;0.0;0.0;0.0;0.0;0.0;0.0;0.0;0.0;0.0;0.0;0.0;0.0;0.0;0.0;0.0;888.0
Cariús;SAO SEBASTIAO;-6.6093611111111;-39.601138888889;2003;7;0.0;0.0;0.0;0.0;0.0;0.0;0.0;0.0;0.0;0.0;0.0;0.0;0.0;0.0;0.0;0.0;0.0;0.0;0.0;0.0;0.0;0.0;0.0;0.0;0.0;0.0;0.0;0.0;0.0;0.0;0.0;0.0
Cariús;SAO SEBASTIAO;-6.6093611111111;-39.601138888889;2003;8;0.0;0.0;0.0;0.0;0.0;0.0;0.0;0.0;0.0;0.0;0.0;0.0;0.0;0.0;0.0;0.0;0.0;0.0;0.0;0.0;0.0;0.0;0.0;0.0;0.0;0.0;0.0;0.0;0.0;0.0;0.0;0.0
Cariús;SAO SEBASTIAO;-6.6093611111111;-39.601138888889;2003;9;0.0;0.0;0.0;0.0;0.0;0.0;0.0;0.0;0.0;0.0;0.0;0.0;0.0;0.0;0.0;0.0;0.0;0.0;0.0;0.0;0.0;0.0;0.0;0.0;0.0;0.0;0.0;0.0;0.0;0.0;0.0;888.0
Cariús;SAO SEBASTIAO;-6.6093611111111;-39.601138888889;2003;10;0.0;0.0;0.0;0.0;0.0;0.0;0.0;0.0;0.0;0.0;0.0;0.0;0.0;0.0;0.0;0.0;0.0;0.0;0.0;0.0;0.0;0.0;0.0;0.0;0.0;0.0;0.0;0.0;0.0;0.0;0.0;0.0
Cariús;SAO SEBASTIAO;-6.6093611111111;-39.601138888889;2003;11;0.0;0.0;0.0;0.0;0.0;0.0;0.0;0.0;0.0;0.0;0.0;0.0;0.0;0.0;0.0;0.0;0.0;0.0;0.0;0.0;0.0;0.0;0.0;0.0;0.0;0.0;0.0;0.0;0.0;0.0;0.0;888.0
Cariús;SAO SEBASTIAO;-6.6093611111111;-39.601138888889;2003;12;0.0;0.0;0.0;0.0;0.0;0.0;0.0;0.0;0.0;0.0;0.0;0.0;0.0;0.0;0.0;0.0;0.0;0.0;0.0;0.0;0.0;0.0;0.0;0.0;0.0;0.0;0.0;0.0;0.0;0.0;0.0;0.0
Cariús;SAO SEBASTIAO;-6.6093611111111;-39.601138888889;2004;1;529.2;0.0;0.0;0.0;0.0;0.0;0.0;0.0;0.0;0.0;0.0;0.0;19.6;0.0;0.0;0.0;0.0;39.0;0.0;28.0;68.0;0.0;0.0;37.0;77.6;0.0;0.0;82.0;74.0;19.0;70.0;15.0
Cariús;SAO SEBASTIAO;-6.6093611111111;-39.601138888889;2004;2;250.4;0.0;0.0;33.0;13.6;0.0;0.0;0.0;0.0;46.0;0.0;0.0;0.0;0.0;0.0;0.0;94.8;0.0;0.0;0.0;0.0;0.0;19.0;44.0;0.0;0.0;0.0;0.0;0.0;0.0;888.0;888.0
Cariús;SAO SEBASTIAO;-6.6093611111111;-39.601138888889;2004;3;187.2;0.0;0.0;0.0;0.0;0.0;55.0;0.0;72.2;0.0;0.0;0.0;0.0;0.0;0.0;0.0;0.0;0.0;0.0;0.0;0.0;0.0;20.0;15.0;0.0;0.0;0.0;25.0;0.0;0.0;0.0;0.0
Cariús;SAO SEBASTIAO;-6.6093611111111;-39.601138888889;2004;4;0.0;0.0;0.0;0.0;0.0;0.0;0.0;0.0;0.0;0.0;0.0;0.0;0.0;0.0;0.0;0.0;0.0;0.0;0.0;0.0;0.0;0.0;0.0;0.0;0.0;0.0;0.0;0.0;0.0;0.0;0.0;888.0
Cariús;SAO SEBASTIAO;-6.6093611111111;-39.601138888889;2004;5;151.0;0.0;0.0;0.0;0.0;0.0;0.0;0.0;0.0;0.0;0.0;0.0;0.0;0.0;0.0;0.0;0.0;26.0;100.0;0.0;0.0;0.0;25.0;0.0;0.0;0.0;0.0;0.0;0.0;0.0;0.0;0.0
Cariús;SAO SEBASTIAO;-6.6093611111111;-39.601138888889;2004;6;0.0;0.0;0.0;0.0;0.0;0.0;0.0;0.0;0.0;0.0;0.0;0.0;0.0;0.0;0.0;0.0;0.0;0.0;0.0;0.0;0.0;0.0;0.0;0.0;0.0;0.0;0.0;0.0;0.0;0.0;0.0;888.0
Cariús;SAO SEBASTIAO;-6.6093611111111;-39.601138888889;2004;7;0.0;0.0;0.0;0.0;0.0;0.0;0.0;0.0;0.0;0.0;0.0;0.0;0.0;0.0;0.0;0.0;0.0;0.0;0.0;0.0;0.0;0.0;0.0;0.0;0.0;0.0;0.0;0.0;0.0;0.0;0.0;0.0
Cariús;SAO SEBASTIAO;-6.6093611111111;-39.601138888889;2004;8;0.0;0.0;0.0;0.0;0.0;0.0;0.0;0.0;0.0;0.0;0.0;0.0;0.0;0.0;0.0;0.0;0.0;0.0;0.0;0.0;0.0;0.0;0.0;0.0;0.0;0.0;0.0;0.0;0.0;0.0;0.0;0.0
Cariús;SAO SEBASTIAO;-6.6093611111111;-39.601138888889;2004;9;0.0;0.0;0.0;0.0;0.0;0.0;0.0;0.0;0.0;0.0;0.0;0.0;0.0;0.0;0.0;0.0;0.0;0.0;0.0;0.0;0.0;0.0;0.0;0.0;0.0;0.0;0.0;0.0;0.0;0.0;0.0;888.0
Cariús;SAO SEBASTIAO;-6.6093611111111;-39.601138888889;2004;10;0.0;0.0;0.0;0.0;0.0;0.0;0.0;0.0;0.0;0.0;0.0;0.0;0.0;0.0;0.0;0.0;0.0;0.0;0.0;0.0;0.0;0.0;0.0;0.0;0.0;0.0;0.0;0.0;0.0;0.0;0.0;0.0
Cariús;SAO SEBASTIAO;-6.6093611111111;-39.601138888889;2004;11;0.0;0.0;0.0;0.0;0.0;0.0;0.0;0.0;0.0;0.0;0.0;0.0;0.0;0.0;0.0;0.0;0.0;0.0;0.0;0.0;0.0;0.0;0.0;0.0;0.0;0.0;0.0;0.0;0.0;0.0;0.0;888.0
Cariús;SAO SEBASTIAO;-6.6093611111111;-39.601138888889;2004;12;0.0;0.0;0.0;0.0;0.0;0.0;0.0;0.0;0.0;0.0;0.0;0.0;0.0;0.0;0.0;0.0;0.0;0.0;0.0;0.0;0.0;0.0;0.0;0.0;0.0;0.0;0.0;0.0;0.0;0.0;0.0;0.0
Cariús;SAO SEBASTIAO;-6.6093611111111;-39.601138888889;2005;1;64.4;0.0;0.0;0.0;0.0;0.0;0.0;0.0;0.0;0.0;0.0;0.0;0.0;0.0;27.6;0.0;0.0;0.0;0.0;19.8;0.0;0.0;0.0;0.0;0.0;0.0;17.0;0.0;0.0;0.0;0.0;0.0
Cariús;SAO SEBASTIAO;-6.6093611111111;-39.601138888889;2005;2;52.6;0.0;0.0;0.0;0.0;0.0;0.0;0.0;0.0;0.0;0.0;0.0;16.6;0.0;0.0;0.0;20.0;0.0;0.0;0.0;0.0;0.0;0.0;0.0;0.0;0.0;16.0;0.0;0.0;888.0;888.0;888.0
Cariús;SAO SEBASTIAO;-6.6093611111111;-39.601138888889;2005;3;272.6;0.0;0.0;0.0;0.0;25.0;0.0;0.0;0.0;0.0;0.0;0.0;0.0;0.0;29.0;0.0;0.0;0.0;0.0;8.0;15.0;0.0;0.0;69.0;0.0;0.0;23.0;0.0;43.0;0.0;35.8;24.8
Cariús;SAO SEBASTIAO;-6.6093611111111;-39.601138888889;2005;4;5.2;0.0;0.0;0.0;0.0;0.0;0.0;0.0;0.0;0.0;0.0;0.0;0.0;0.0;0.0;0.0;5.2;0.0;0.0;0.0;0.0;0.0;0.0;0.0;0.0;0.0;0.0;0.0;0.0;0.0;0.0;888.0
Cariús;SAO SEBASTIAO;-6.6093611111111;-39.601138888889;2005;5;54.0;0.0;0.0;0.0;0.0;0.0;0.0;0.0;0.0;0.0;0.0;0.0;0.0;0.0;0.0;0.0;0.0;0.0;0.0;0.0;0.0;0.0;54.0;0.0;0.0;0.0;0.0;0.0;0.0;0.0;0.0;0.0
Cariús;SAO SEBASTIAO;-6.6093611111111;-39.601138888889;2005;6;0.0;0.0;0.0;0.0;0.0;0.0;0.0;0.0;0.0;0.0;0.0;0.0;0.0;0.0;0.0;0.0;0.0;0.0;0.0;0.0;0.0;0.0;0.0;0.0;0.0;0.0;0.0;0.0;0.0;0.0;0.0;888.0
Cariús;SAO SEBASTIAO;-6.6093611111111;-39.601138888889;2005;7;0.0;0.0;0.0;0.0;0.0;0.0;0.0;0.0;0.0;0.0;0.0;0.0;0.0;0.0;0.0;0.0;0.0;0.0;0.0;0.0;0.0;0.0;0.0;0.0;0.0;0.0;0.0;0.0;0.0;0.0;0.0;0.0
Cariús;SAO SEBASTIAO;-6.6093611111111;-39.601138888889;2005;8;0.0;0.0;0.0;0.0;0.0;0.0;0.0;0.0;0.0;0.0;0.0;0.0;0.0;0.0;0.0;0.0;0.0;0.0;0.0;0.0;0.0;0.0;0.0;0.0;0.0;0.0;0.0;0.0;0.0;0.0;0.0;0.0
Cariús;SAO SEBASTIAO;-6.6093611111111;-39.601138888889;2005;9;0.0;0.0;0.0;0.0;0.0;0.0;0.0;0.0;0.0;0.0;0.0;0.0;0.0;0.0;0.0;0.0;0.0;0.0;0.0;0.0;0.0;0.0;0.0;0.0;0.0;0.0;0.0;0.0;0.0;0.0;0.0;888.0
Cariús;SAO SEBASTIAO;-6.6093611111111;-39.601138888889;2005;10;0.0;0.0;0.0;0.0;0.0;0.0;0.0;0.0;0.0;0.0;0.0;0.0;0.0;0.0;0.0;0.0;0.0;0.0;0.0;0.0;0.0;0.0;0.0;0.0;0.0;0.0;0.0;0.0;0.0;0.0;0.0;0.0
Cariús;SAO SEBASTIAO;-6.6093611111111;-39.601138888889;2005;11;0.0;0.0;0.0;0.0;0.0;0.0;0.0;0.0;0.0;0.0;0.0;0.0;0.0;0.0;0.0;0.0;0.0;0.0;0.0;0.0;0.0;0.0;0.0;0.0;0.0;0.0;0.0;0.0;0.0;0.0;0.0;888.0
Cariús;SAO SEBASTIAO;-6.6093611111111;-39.601138888889;2005;12;101.8;0.0;0.0;0.0;0.0;72.6;0.0;0.0;0.0;0.0;0.0;0.0;0.0;0.0;0.0;0.0;0.0;0.0;0.0;0.0;0.0;0.0;0.0;0.0;0.0;0.0;0.0;0.0;14.2;0.0;0.0;15.0
Cariús;SAO SEBASTIAO;-6.6093611111111;-39.601138888889;2006;1;4.0;0.0;0.0;0.0;4.0;0.0;0.0;0.0;0.0;0.0;0.0;0.0;0.0;0.0;0.0;0.0;0.0;0.0;0.0;0.0;0.0;0.0;0.0;0.0;0.0;0.0;0.0;0.0;0.0;0.0;0.0;0.0
Cariús;SAO SEBASTIAO;-6.6093611111111;-39.601138888889;2006;2;154.0;0.0;0.0;0.0;0.0;0.0;0.0;0.0;10.0;0.0;0.0;0.0;0.0;12.0;0.0;75.0;0.0;34.0;0.0;0.0;0.0;0.0;0.0;0.0;23.0;0.0;0.0;0.0;0.0;888.0;888.0;888.0
Cariús;SAO SEBASTIAO;-6.6093611111111;-39.601138888889;2006;3;188.0;28.0;0.0;0.0;0.0;0.0;0.0;0.0;0.0;0.0;0.0;0.0;0.0;0.0;0.0;0.0;0.0;22.0;0.0;0.0;0.0;0.0;0.0;54.0;0.0;34.0;0.0;0.0;0.0;0.0;0.0;50.0
Cariús;SAO SEBASTIAO;-6.6093611111111;-39.601138888889;2006;4;229.4;0.0;0.0;0.0;0.0;0.0;0.0;0.0;0.0;35.0;0.0;0.0;0.0;0.0;0.0;7.0;0.0;0.0;0.0;0.0;0.0;49.0;0.0;0.0;0.0;0.0;0.0;17.0;0.0;0.0;121.4;888.0
Cariús;SAO SEBASTIAO;-6.6093611111111;-39.601138888889;2006;5;19.0;0.0;0.0;0.0;0.0;0.0;0.0;0.0;0.0;0.0;0.0;0.0;0.0;0.0;0.0;19.0;0.0;0.0;0.0;0.0;0.0;0.0;0.0;0.0;0.0;0.0;0.0;0.0;0.0;0.0;0.0;0.0
Cariús;SAO SEBASTIAO;-6.6093611111111;-39.601138888889;2006;6;0.0;0.0;0.0;0.0;0.0;0.0;0.0;0.0;0.0;0.0;0.0;0.0;0.0;0.0;0.0;0.0;0.0;0.0;0.0;0.0;0.0;0.0;0.0;0.0;0.0;0.0;0.0;0.0;0.0;0.0;0.0;888.0
Cariús;SAO SEBASTIAO;-6.6093611111111;-39.601138888889;2006;7;0.0;0.0;0.0;0.0;0.0;0.0;0.0;0.0;0.0;0.0;0.0;0.0;0.0;0.0;0.0;0.0;0.0;0.0;0.0;0.0;0.0;0.0;0.0;0.0;0.0;0.0;0.0;0.0;0.0;0.0;0.0;0.0
Cariús;SAO SEBASTIAO;-6.6093611111111;-39.601138888889;2006;8;0.0;0.0;0.0;0.0;0.0;0.0;0.0;0.0;0.0;0.0;0.0;0.0;0.0;0.0;0.0;0.0;0.0;0.0;0.0;0.0;0.0;0.0;0.0;0.0;0.0;0.0;0.0;0.0;0.0;0.0;0.0;0.0
Cariús;SAO SEBASTIAO;-6.6093611111111;-39.601138888889;2006;9;0.0;0.0;0.0;0.0;0.0;0.0;0.0;0.0;0.0;0.0;0.0;0.0;0.0;0.0;0.0;0.0;0.0;0.0;0.0;0.0;0.0;0.0;0.0;0.0;0.0;0.0;0.0;0.0;0.0;0.0;0.0;888.0
Cariús;SAO SEBASTIAO;-6.6093611111111;-39.601138888889;2006;10;0.0;0.0;0.0;0.0;0.0;0.0;0.0;0.0;0.0;0.0;0.0;0.0;0.0;0.0;0.0;0.0;0.0;0.0;0.0;0.0;0.0;0.0;0.0;0.0;0.0;0.0;0.0;0.0;0.0;0.0;0.0;0.0
Cariús;SAO SEBASTIAO;-6.6093611111111;-39.601138888889;2006;11;0.0;0.0;0.0;0.0;0.0;0.0;0.0;0.0;0.0;0.0;0.0;0.0;0.0;0.0;0.0;0.0;0.0;0.0;0.0;0.0;0.0;0.0;0.0;0.0;0.0;0.0;0.0;0.0;0.0;0.0;0.0;888.0
Cariús;SAO SEBASTIAO;-6.6093611111111;-39.601138888889;2006;12;122.0;0.0;0.0;0.0;0.0;0.0;0.0;0.0;0.0;0.0;0.0;0.0;0.0;0.0;0.0;0.0;0.0;0.0;0.0;0.0;0.0;0.0;0.0;0.0;0.0;0.0;6.0;0.0;0.0;0.0;0.0;116.0
Cariús;SAO SEBASTIAO;-6.6093611111111;-39.601138888889;2007;1;43.0;14.8;20.2;8.0;0.0;0.0;0.0;0.0;0.0;0.0;0.0;0.0;0.0;0.0;0.0;0.0;0.0;0.0;0.0;0.0;0.0;0.0;0.0;0.0;0.0;0.0;0.0;0.0;0.0;0.0;0.0;0.0
Cariús;SAO SEBASTIAO;-6.6093611111111;-39.601138888889;2007;2;0.0;0.0;999.0;999.0;999.0;999.0;999.0;999.0;999.0;999.0;999.0;999.0;999.0;999.0;999.0;999.0;999.0;999.0;999.0;999.0;999.0;999.0;999.0;999.0;999.0;999.0;999.0;999.0;999.0;888.0;888.0;888.0
Cariús;SAO SEBASTIAO;-6.6093611111111;-39.601138888889;2007;3;0.0;0.0;999.0;999.0;999.0;999.0;999.0;999.0;999.0;999.0;999.0;999.0;999.0;999.0;999.0;999.0;999.0;999.0;999.0;999.0;999.0;999.0;999.0;999.0;999.0;999.0;999.0;999.0;999.0;999.0;999.0;999.0
Cariús;SAO SEBASTIAO;-6.6093611111111;-39.601138888889;2007;4;0.0;0.0;999.0;999.0;999.0;999.0;999.0;999.0;999.0;999.0;999.0;999.0;999.0;999.0;999.0;999.0;999.0;999.0;999.0;999.0;999.0;999.0;999.0;999.0;999.0;999.0;999.0;999.0;999.0;999.0;999.0;888.0
Cariús;SAO SEBASTIAO;-6.6093611111111;-39.601138888889;2008;12;0.0;0.0;999.0;999.0;999.0;999.0;999.0;999.0;999.0;999.0;999.0;999.0;999.0;999.0;999.0;999.0;999.0;999.0;999.0;999.0;999.0;999.0;999.0;999.0;999.0;999.0;999.0;999.0;999.0;999.0;999.0;999.0
Cariús;SAO SEBASTIAO;-6.6093611111111;-39.601138888889;2009;3;32.0;0.0;0.0;0.0;0.0;0.0;0.0;0.0;0.0;0.0;0.0;0.0;0.0;0.0;18.0;0.0;8.0;0.0;6.0;0.0;0.0;0.0;0.0;0.0;0.0;0.0;0.0;0.0;0.0;0.0;0.0;0.0
Cariús;SAO SEBASTIAO;-6.6093611111111;-39.601138888889;2009;4;308.0;0.0;25.0;0.0;20.0;0.0;0.0;0.0;14.0;0.0;9.0;0.0;0.0;24.0;0.0;33.0;0.0;0.0;5.0;0.0;0.0;0.0;43.0;68.0;21.0;7.0;0.0;0.0;27.0;0.0;12.0;888.0
Cariús;SAO SEBASTIAO;-6.6093611111111;-39.601138888889;2009;5;200.0;0.0;47.0;0.0;0.0;0.0;0.0;0.0;14.0;25.0;32.0;4.0;0.0;0.0;0.0;0.0;0.0;0.0;11.0;7.0;0.0;0.0;0.0;0.0;0.0;0.0;0.0;0.0;60.0;0.0;0.0;0.0
Cariús;SAO SEBASTIAO;-6.6093611111111;-39.601138888889;2009;6;30.0;0.0;0.0;0.0;30.0;0.0;0.0;0.0;0.0;0.0;0.0;0.0;0.0;0.0;0.0;0.0;0.0;0.0;0.0;0.0;0.0;0.0;0.0;0.0;0.0;0.0;0.0;0.0;0.0;0.0;0.0;888.0
Cariús;SAO SEBASTIAO;-6.6093611111111;-39.601138888889;2009;7;17.0;0.0;0.0;0.0;0.0;0.0;0.0;0.0;0.0;0.0;0.0;0.0;0.0;0.0;0.0;0.0;0.0;0.0;0.0;0.0;0.0;0.0;5.0;0.0;12.0;0.0;0.0;0.0;0.0;0.0;0.0;0.0
Cariús;SAO SEBASTIAO;-6.6093611111111;-39.601138888889;2009;8;0.0;0.0;0.0;0.0;0.0;0.0;0.0;0.0;0.0;0.0;0.0;0.0;0.0;0.0;0.0;0.0;0.0;0.0;0.0;0.0;0.0;0.0;0.0;0.0;0.0;0.0;0.0;0.0;0.0;0.0;0.0;0.0
Cariús;SAO SEBASTIAO;-6.6093611111111;-39.601138888889;2009;9;0.0;0.0;0.0;0.0;0.0;0.0;0.0;0.0;0.0;0.0;0.0;0.0;0.0;0.0;0.0;0.0;0.0;0.0;0.0;0.0;0.0;0.0;0.0;0.0;0.0;0.0;0.0;0.0;0.0;0.0;0.0;888.0
Cariús;SAO SEBASTIAO;-6.6093611111111;-39.601138888889;2009;10;0.0;0.0;0.0;0.0;0.0;0.0;0.0;0.0;0.0;0.0;0.0;0.0;0.0;0.0;0.0;0.0;0.0;0.0;0.0;0.0;0.0;0.0;0.0;0.0;0.0;0.0;0.0;0.0;0.0;0.0;0.0;0.0
Cariús;SAO SEBASTIAO;-6.6093611111111;-39.601138888889;2009;11;0.0;0.0;0.0;0.0;0.0;0.0;0.0;0.0;0.0;0.0;0.0;0.0;0.0;0.0;0.0;0.0;0.0;0.0;0.0;0.0;0.0;0.0;0.0;0.0;0.0;0.0;0.0;0.0;0.0;0.0;0.0;888.0
Cariús;SAO SEBASTIAO;-6.6093611111111;-39.601138888889;2009;12;0.0;0.0;0.0;0.0;0.0;0.0;0.0;0.0;0.0;0.0;0.0;0.0;0.0;0.0;0.0;0.0;0.0;0.0;0.0;0.0;0.0;0.0;0.0;0.0;0.0;0.0;0.0;0.0;0.0;0.0;0.0;0.0
Cariús;SAO SEBASTIAO;-6.6093611111111;-39.601138888889;2010;1;125.0;0.0;60.0;2.0;6.0;0.0;0.0;0.0;0.0;0.0;0.0;18.0;0.0;0.0;0.0;0.0;0.0;0.0;0.0;0.0;39.0;0.0;0.0;0.0;0.0;0.0;0.0;0.0;0.0;0.0;0.0;0.0
Cariús;SAO SEBASTIAO;-6.6093611111111;-39.601138888889;2010;2;41.0;0.0;0.0;0.0;0.0;0.0;0.0;0.0;4.0;0.0;20.0;0.0;0.0;0.0;0.0;12.0;5.0;0.0;0.0;0.0;0.0;0.0;0.0;0.0;0.0;0.0;0.0;0.0;0.0;888.0;888.0;888.0
Cariús;SAO SEBASTIAO;-6.6093611111111;-39.601138888889;2010;3;86.0;0.0;0.0;0.0;0.0;0.0;0.0;0.0;0.0;0.0;0.0;0.0;0.0;0.0;0.0;0.0;0.0;0.0;1.0;0.0;0.0;38.0;0.0;0.0;4.0;0.0;0.0;0.0;18.0;25.0;0.0;0.0
Cariús;SAO SEBASTIAO;-6.6093611111111;-39.601138888889;2010;4;183.0;0.0;21.0;0.0;0.0;0.0;0.0;0.0;0.0;0.0;0.0;79.0;0.0;0.0;0.0;14.0;36.0;0.0;0.0;33.0;0.0;0.0;0.0;0.0;0.0;0.0;0.0;0.0;0.0;0.0;0.0;888.0
Cariús;SAO SEBASTIAO;-6.6093611111111;-39.601138888889;2010;5;105.0;0.0;0.0;0.0;0.0;53.0;0.0;0.0;0.0;0.0;0.0;0.0;0.0;0.0;52.0;0.0;0.0;0.0;0.0;0.0;0.0;0.0;0.0;0.0;0.0;0.0;0.0;0.0;0.0;0.0;0.0;0.0
Cariús;SAO SEBASTIAO;-6.6093611111111;-39.601138888889;2010;6;41.0;0.0;16.0;0.0;0.0;3.0;0.0;0.0;0.0;0.0;0.0;0.0;0.0;0.0;0.0;0.0;0.0;0.0;7.0;0.0;0.0;0.0;0.0;0.0;12.0;0.0;0.0;3.0;0.0;0.0;0.0;888.0
Cariús;SAO SEBASTIAO;-6.6093611111111;-39.601138888889;2010;7;0.0;0.0;0.0;0.0;0.0;0.0;0.0;0.0;0.0;0.0;0.0;0.0;0.0;0.0;0.0;0.0;0.0;0.0;0.0;0.0;0.0;0.0;0.0;0.0;0.0;0.0;0.0;0.0;0.0;0.0;0.0;0.0
Cariús;SAO SEBASTIAO;-6.6093611111111;-39.601138888889;2010;8;0.0;0.0;0.0;0.0;0.0;0.0;0.0;0.0;0.0;0.0;0.0;0.0;0.0;0.0;0.0;0.0;0.0;0.0;0.0;0.0;0.0;0.0;0.0;0.0;0.0;0.0;0.0;0.0;0.0;0.0;0.0;0.0
Cariús;SAO SEBASTIAO;-6.6093611111111;-39.601138888889;2010;9;0.0;0.0;0.0;0.0;0.0;0.0;0.0;0.0;0.0;0.0;0.0;0.0;0.0;0.0;0.0;0.0;0.0;0.0;0.0;0.0;0.0;0.0;0.0;0.0;0.0;0.0;0.0;0.0;0.0;0.0;0.0;888.0
Cariús;SAO SEBASTIAO;-6.6093611111111;-39.601138888889;2010;10;90.0;0.0;0.0;0.0;0.0;0.0;0.0;0.0;0.0;0.0;0.0;0.0;0.0;0.0;0.0;0.0;0.0;0.0;0.0;0.0;0.0;0.0;0.0;0.0;40.0;0.0;0.0;50.0;999.0;999.0;999.0;999.0
Cariús;SAO SEBASTIAO;-6.6093611111111;-39.601138888889;2010;12;46.0;0.0;0.0;0.0;0.0;0.0;0.0;0.0;0.0;0.0;0.0;6.0;0.0;0.0;28.0;12.0;0.0;0.0;0.0;0.0;0.0;0.0;0.0;0.0;0.0;0.0;0.0;0.0;0.0;0.0;0.0;0.0
Cariús;SAO SEBASTIAO;-6.6093611111111;-39.601138888889;2011;1;246.0;0.0;0.0;0.0;0.0;0.0;0.0;0.0;0.0;0.0;23.0;0.0;0.0;0.0;0.0;0.0;0.0;28.0;0.0;0.0;0.0;8.0;36.0;0.0;12.0;0.0;28.0;0.0;66.0;0.0;9.0;36.0
Cariús;SAO SEBASTIAO;-6.6093611111111;-39.601138888889;2011;2;224.0;0.0;19.0;19.0;18.0;9.0;0.0;0.0;0.0;16.0;0.0;0.0;0.0;4.0;8.0;0.0;0.0;0.0;0.0;0.0;3.0;11.0;0.0;0.0;0.0;0.0;0.0;75.0;42.0;888.0;888.0;888.0
Cariús;SAO SEBASTIAO;-6.6093611111111;-39.601138888889;2011;3;46.0;0.0;0.0;0.0;0.0;0.0;0.0;0.0;22.0;0.0;0.0;2.0;0.0;0.0;10.0;0.0;0.0;0.0;0.0;0.0;0.0;0.0;0.0;0.0;2.0;0.0;7.0;0.0;0.0;0.0;3.0;0.0
Cariús;SAO SEBASTIAO;-6.6093611111111;-39.601138888889;2011;4;260.0;0.0;0.0;3.0;0.0;0.0;5.0;0.0;6.0;11.0;3.0;15.0;2.0;12.0;0.0;0.0;0.0;37.0;11.0;28.0;14.0;0.0;0.0;63.0;0.0;20.0;0.0;0.0;0.0;0.0;30.0;888.0
Cariús;SAO SEBASTIAO;-6.6093611111111;-39.601138888889;2011;5;224.0;0.0;35.0;2.0;5.0;103.0;9.0;0.0;0.0;0.0;0.0;2.0;0.0;0.0;0.0;0.0;0.0;0.0;0.0;35.0;22.0;0.0;0.0;0.0;8.0;3.0;0.0;0.0;0.0;0.0;0.0;0.0
Cariús;SAO SEBASTIAO;-6.6093611111111;-39.601138888889;2011;6;0.0;0.0;0.0;0.0;0.0;0.0;0.0;0.0;0.0;0.0;0.0;0.0;0.0;0.0;0.0;0.0;0.0;0.0;0.0;0.0;0.0;0.0;0.0;0.0;0.0;0.0;0.0;0.0;0.0;0.0;0.0;888.0
Cariús;SAO SEBASTIAO;-6.6093611111111;-39.601138888889;2011;7;35.0;0.0;0.0;0.0;0.0;0.0;0.0;0.0;0.0;35.0;0.0;0.0;0.0;0.0;0.0;0.0;0.0;0.0;0.0;0.0;0.0;0.0;0.0;0.0;0.0;0.0;0.0;0.0;0.0;0.0;0.0;0.0
Cariús;SAO SEBASTIAO;-6.6093611111111;-39.601138888889;2011;8;0.0;0.0;0.0;0.0;0.0;0.0;0.0;0.0;0.0;0.0;0.0;0.0;0.0;0.0;0.0;0.0;0.0;0.0;0.0;0.0;0.0;0.0;0.0;0.0;0.0;0.0;0.0;0.0;0.0;0.0;0.0;0.0
Cariús;SAO SEBASTIAO;-6.6093611111111;-39.601138888889;2011;9;0.0;0.0;0.0;0.0;0.0;0.0;0.0;0.0;0.0;0.0;0.0;0.0;0.0;0.0;0.0;0.0;0.0;0.0;0.0;0.0;0.0;0.0;0.0;0.0;0.0;0.0;0.0;0.0;0.0;0.0;0.0;888.0
Cariús;SAO SEBASTIAO;-6.6093611111111;-39.601138888889;2011;10;106.0;0.0;0.0;0.0;0.0;0.0;0.0;0.0;0.0;0.0;0.0;0.0;0.0;0.0;0.0;0.0;0.0;0.0;0.0;0.0;0.0;106.0;0.0;0.0;0.0;0.0;0.0;0.0;0.0;0.0;0.0;0.0
Cariús;SAO SEBASTIAO;-6.6093611111111;-39.601138888889;2011;11;90.0;0.0;0.0;0.0;33.0;0.0;0.0;0.0;0.0;0.0;0.0;57.0;0.0;0.0;0.0;999.0;999.0;999.0;999.0;999.0;999.0;999.0;999.0;999.0;999.0;999.0;999.0;999.0;999.0;999.0;999.0;888.0
Cariús;SAO SEBASTIAO;-6.6093611111111;-39.601138888889;2012;1;189.0;0.0;0.0;0.0;0.0;0.0;0.0;0.0;0.0;0.0;0.0;0.0;0.0;0.0;0.0;0.0;0.0;0.0;0.0;0.0;0.0;10.0;80.0;57.0;42.0;0.0;0.0;0.0;0.0;0.0;0.0;0.0
Cariús;SAO SEBASTIAO;-6.6093611111111;-39.601138888889;2012;2;202.0;0.0;0.0;0.0;0.0;0.0;0.0;0.0;0.0;0.0;0.0;0.0;0.0;0.0;0.0;0.0;24.0;10.0;50.0;61.0;0.0;18.0;0.0;0.0;0.0;17.0;0.0;0.0;22.0;0.0;888.0;888.0
Cariús;SAO SEBASTIAO;-6.6093611111111;-39.601138888889;2012;3;252.0;0.0;0.0;0.0;0.0;0.0;0.0;0.0;30.0;0.0;0.0;49.0;0.0;0.0;52.0;31.0;0.0;0.0;0.0;0.0;20.0;0.0;0.0;0.0;0.0;6.0;6.0;58.0;0.0;0.0;0.0;0.0
Cariús;SAO SEBASTIAO;-6.6093611111111;-39.601138888889;2012;4;68.0;0.0;0.0;0.0;0.0;0.0;0.0;0.0;10.0;0.0;0.0;30.0;0.0;0.0;0.0;0.0;0.0;0.0;0.0;0.0;0.0;14.0;14.0;0.0;0.0;0.0;0.0;0.0;0.0;0.0;0.0;888.0
Cariús;SAO SEBASTIAO;-6.6093611111111;-39.601138888889;2012;5;14.0;0.0;0.0;0.0;0.0;0.0;0.0;0.0;0.0;0.0;0.0;0.0;0.0;0.0;0.0;5.0;0.0;0.0;1.0;0.0;0.0;0.0;0.0;0.0;0.0;0.0;5.0;0.0;0.0;3.0;0.0;0.0
Cariús;SAO SEBASTIAO;-6.6093611111111;-39.601138888889;2012;6;16.0;0.0;0.0;0.0;0.0;0.0;0.0;0.0;0.0;0.0;0.0;0.0;0.0;0.0;0.0;0.0;0.0;0.0;0.0;12.0;0.0;0.0;0.0;0.0;4.0;0.0;0.0;0.0;0.0;0.0;0.0;888.0
Cariús;SAO SEBASTIAO;-6.6093611111111;-39.601138888889;2012;7;0.0;0.0;0.0;0.0;0.0;0.0;0.0;0.0;0.0;0.0;0.0;0.0;0.0;0.0;0.0;0.0;0.0;0.0;0.0;0.0;0.0;0.0;0.0;0.0;0.0;0.0;0.0;0.0;0.0;0.0;0.0;0.0
Cariús;SAO SEBASTIAO;-6.6093611111111;-39.601138888889;2012;8;0.0;0.0;0.0;0.0;0.0;0.0;0.0;0.0;0.0;0.0;0.0;0.0;0.0;0.0;0.0;0.0;0.0;0.0;0.0;0.0;0.0;0.0;0.0;0.0;0.0;0.0;0.0;0.0;0.0;0.0;0.0;0.0
Cariús;SAO SEBASTIAO;-6.6093611111111;-39.601138888889;2012;9;0.0;0.0;0.0;0.0;0.0;0.0;0.0;0.0;0.0;0.0;0.0;0.0;0.0;0.0;0.0;0.0;0.0;0.0;0.0;0.0;0.0;0.0;0.0;0.0;0.0;0.0;0.0;0.0;0.0;0.0;0.0;888.0
Cariús;SAO SEBASTIAO;-6.6093611111111;-39.601138888889;2012;10;0.0;0.0;0.0;0.0;0.0;0.0;0.0;0.0;0.0;0.0;0.0;0.0;0.0;0.0;0.0;0.0;0.0;0.0;0.0;0.0;0.0;0.0;0.0;0.0;0.0;0.0;0.0;0.0;0.0;0.0;0.0;0.0
Cariús;SAO SEBASTIAO;-6.6093611111111;-39.601138888889;2012;11;30.0;0.0;0.0;0.0;0.0;0.0;0.0;0.0;0.0;0.0;0.0;0.0;0.0;0.0;0.0;0.0;0.0;0.0;0.0;0.0;0.0;0.0;0.0;0.0;0.0;0.0;0.0;0.0;0.0;0.0;30.0;888.0
Cariús;SAO SEBASTIAO;-6.6093611111111;-39.601138888889;2012;12;21.0;0.0;0.0;0.0;0.0;5.0;1.0;0.0;0.0;0.0;0.0;0.0;0.0;0.0;0.0;0.0;0.0;0.0;0.0;0.0;0.0;0.0;0.0;0.0;0.0;0.0;0.0;0.0;0.0;0.0;15.0;0.0
Cariús;SAO SEBASTIAO;-6.6093611111111;-39.601138888889;2013;1;51.0;0.0;0.0;0.0;0.0;0.0;0.0;0.0;0.0;18.0;0.0;0.0;0.0;0.0;12.0;0.0;0.0;0.0;0.0;0.0;0.0;0.0;21.0;0.0;0.0;0.0;0.0;0.0;0.0;0.0;0.0;0.0
Cariús;SAO SEBASTIAO;-6.6093611111111;-39.601138888889;2013;2;33.0;0.0;0.0;0.0;0.0;0.0;0.0;6.0;0.0;0.0;0.0;2.0;0.0;0.0;0.0;0.0;20.0;5.0;0.0;0.0;0.0;0.0;0.0;0.0;0.0;0.0;0.0;0.0;0.0;888.0;888.0;888.0
Cariús;SAO SEBASTIAO;-6.6093611111111;-39.601138888889;2013;3;110.0;0.0;0.0;0.0;0.0;0.0;0.0;0.0;0.0;0.0;0.0;0.0;0.0;0.0;0.0;0.0;12.0;0.0;0.0;47.0;0.0;5.0;0.0;1.0;0.0;0.0;14.0;0.0;0.0;1.0;0.0;30.0
Cariús;SAO SEBASTIAO;-6.6093611111111;-39.601138888889;2013;4;54.0;0.0;0.0;0.0;3.0;0.0;0.0;0.0;0.0;0.0;0.0;0.0;0.0;0.0;0.0;0.0;0.0;0.0;0.0;26.0;0.0;0.0;3.0;0.0;0.0;9.0;8.0;5.0;0.0;0.0;0.0;888.0
Cariús;SAO SEBASTIAO;-6.6093611111111;-39.601138888889;2013;5;109.0;0.0;0.0;0.0;0.0;0.0;0.0;0.0;32.0;42.0;6.0;0.0;0.0;0.0;0.0;0.0;0.0;0.0;0.0;0.0;0.0;0.0;0.0;0.0;0.0;10.0;19.0;0.0;0.0;0.0;0.0;0.0
Cariús;SAO SEBASTIAO;-6.6093611111111;-39.601138888889;2013;6;35.0;0.0;0.0;0.0;0.0;15.0;0.0;0.0;0.0;0.0;0.0;0.0;0.0;0.0;0.0;0.0;0.0;0.0;0.0;0.0;0.0;0.0;0.0;20.0;0.0;0.0;0.0;0.0;0.0;0.0;0.0;888.0
Cariús;SAO SEBASTIAO;-6.6093611111111;-39.601138888889;2013;7;39.0;0.0;0.0;0.0;0.0;0.0;0.0;0.0;0.0;0.0;0.0;0.0;0.0;25.0;5.0;0.0;0.0;0.0;0.0;0.0;0.0;0.0;9.0;0.0;0.0;0.0;0.0;0.0;0.0;0.0;0.0;0.0
Cariús;SAO SEBASTIAO;-6.6093611111111;-39.601138888889;2013;8;0.0;0.0;0.0;0.0;0.0;0.0;0.0;0.0;0.0;0.0;0.0;0.0;0.0;0.0;0.0;0.0;0.0;0.0;0.0;0.0;0.0;0.0;0.0;0.0;0.0;0.0;0.0;0.0;0.0;0.0;0.0;0.0
Cariús;SAO SEBASTIAO;-6.6093611111111;-39.601138888889;2013;9;0.0;0.0;0.0;0.0;0.0;0.0;0.0;0.0;0.0;0.0;0.0;0.0;0.0;0.0;0.0;0.0;0.0;0.0;0.0;0.0;0.0;0.0;0.0;0.0;0.0;0.0;0.0;0.0;0.0;0.0;0.0;888.0
Cariús;SAO SEBASTIAO;-6.6093611111111;-39.601138888889;2013;10;31.0;0.0;0.0;0.0;0.0;0.0;0.0;0.0;16.0;0.0;0.0;0.0;0.0;0.0;0.0;0.0;0.0;0.0;0.0;0.0;0.0;0.0;0.0;0.0;0.0;0.0;0.0;15.0;0.0;0.0;0.0;0.0
Cariús;SAO SEBASTIAO;-6.6093611111111;-39.601138888889;2013;11;19.0;0.0;0.0;0.0;19.0;0.0;0.0;0.0;0.0;0.0;0.0;0.0;0.0;0.0;0.0;0.0;0.0;0.0;0.0;0.0;0.0;0.0;0.0;0.0;0.0;0.0;0.0;0.0;0.0;0.0;0.0;888.0
Cariús;SAO SEBASTIAO;-6.6093611111111;-39.601138888889;2013;12;73.0;0.0;0.0;0.0;0.0;0.0;0.0;0.0;0.0;0.0;0.0;0.0;0.0;0.0;0.0;0.0;0.0;0.0;0.0;0.0;45.0;0.0;0.0;28.0;0.0;0.0;0.0;0.0;0.0;0.0;0.0;0.0
Cariús;SAO SEBASTIAO;-6.6093611111111;-39.601138888889;2014;1;42.0;0.0;0.0;0.0;0.0;0.0;0.0;8.0;0.0;0.0;0.0;0.0;0.0;0.0;12.0;0.0;0.0;0.0;0.0;0.0;17.0;0.0;0.0;0.0;0.0;0.0;0.0;0.0;0.0;0.0;5.0;0.0
Cariús;SAO SEBASTIAO;-6.6093611111111;-39.601138888889;2014;2;187.0;0.0;0.0;5.0;54.0;0.0;11.0;0.0;0.0;54.0;12.0;14.0;20.0;17.0;0.0;0.0;0.0;0.0;0.0;0.0;0.0;0.0;0.0;0.0;0.0;0.0;0.0;0.0;0.0;888.0;888.0;888.0
Cariús;SAO SEBASTIAO;-6.6093611111111;-39.601138888889;2014;3;194.0;0.0;0.0;0.0;0.0;26.0;57.0;0.0;0.0;11.0;3.0;0.0;5.0;18.0;0.0;0.0;0.0;0.0;23.0;20.0;0.0;0.0;0.0;0.0;0.0;0.0;0.0;0.0;8.0;0.0;0.0;23.0
Cariús;SAO SEBASTIAO;-6.6093611111111;-39.601138888889;2014;4;113.0;0.0;0.0;14.0;2.0;0.0;0.0;0.0;0.0;10.0;0.0;0.0;42.0;0.0;3.0;30.0;0.0;0.0;0.0;0.0;0.0;0.0;0.0;12.0;0.0;0.0;0.0;0.0;0.0;0.0;0.0;888.0
Cariús;SAO SEBASTIAO;-6.6093611111111;-39.601138888889;2014;5;61.0;0.0;0.0;0.0;0.0;0.0;0.0;0.0;0.0;0.0;0.0;0.0;0.0;0.0;0.0;0.0;0.0;7.0;0.0;0.0;0.0;0.0;11.0;0.0;0.0;0.0;0.0;0.0;0.0;43.0;0.0;0.0
Cariús;SAO SEBASTIAO;-6.6093611111111;-39.601138888889;2014;6;0.0;0.0;0.0;0.0;0.0;0.0;0.0;0.0;0.0;0.0;0.0;0.0;0.0;0.0;0.0;0.0;0.0;0.0;0.0;0.0;0.0;0.0;0.0;0.0;0.0;0.0;0.0;0.0;0.0;0.0;0.0;888.0
Cariús;SAO SEBASTIAO;-6.6093611111111;-39.601138888889;2014;7;0.0;0.0;0.0;0.0;0.0;0.0;0.0;0.0;0.0;0.0;0.0;0.0;0.0;0.0;0.0;0.0;0.0;0.0;0.0;0.0;0.0;0.0;0.0;0.0;0.0;0.0;0.0;0.0;0.0;0.0;0.0;0.0
Cariús;SAO SEBASTIAO;-6.6093611111111;-39.601138888889;2014;8;0.0;0.0;0.0;0.0;0.0;0.0;0.0;0.0;0.0;0.0;0.0;0.0;0.0;0.0;0.0;0.0;0.0;0.0;0.0;0.0;0.0;0.0;0.0;0.0;0.0;0.0;0.0;0.0;0.0;0.0;0.0;0.0
Cariús;SAO SEBASTIAO;-6.6093611111111;-39.601138888889;2014;9;22.0;0.0;0.0;0.0;0.0;0.0;0.0;0.0;0.0;0.0;0.0;0.0;0.0;14.0;0.0;0.0;0.0;0.0;0.0;8.0;0.0;0.0;0.0;0.0;0.0;0.0;0.0;0.0;0.0;0.0;0.0;888.0
Cariús;SAO SEBASTIAO;-6.6093611111111;-39.601138888889;2014;10;50.0;0.0;0.0;50.0;999.0;999.0;999.0;999.0;999.0;999.0;999.0;999.0;999.0;999.0;999.0;999.0;999.0;999.0;999.0;999.0;999.0;999.0;999.0;999.0;999.0;999.0;999.0;999.0;999.0;999.0;999.0;999.0
Cariús;SAO SEBASTIAO;-6.6093611111111;-39.601138888889;2014;12;3.0;0.0;0.0;0.0;0.0;0.0;0.0;0.0;0.0;0.0;0.0;0.0;0.0;0.0;0.0;0.0;0.0;0.0;0.0;0.0;0.0;0.0;0.0;0.0;0.0;0.0;0.0;0.0;0.0;0.0;3.0;0.0
Cariús;SAO SEBASTIAO;-6.6093611111111;-39.601138888889;2015;1;27.0;0.0;0.0;16.0;5.0;0.0;0.0;6.0;0.0;0.0;0.0;0.0;0.0;0.0;0.0;0.0;0.0;0.0;0.0;0.0;0.0;0.0;0.0;0.0;0.0;0.0;0.0;0.0;0.0;0.0;0.0;0.0
Cariús;SAO SEBASTIAO;-6.6093611111111;-39.601138888889;2015;2;50.0;0.0;6.0;0.0;0.0;9.0;0.0;0.0;0.0;0.0;0.0;25.0;0.0;0.0;0.0;0.0;4.0;0.0;0.0;2.0;2.0;0.0;0.0;1.0;1.0;0.0;0.0;0.0;0.0;888.0;888.0;888.0
Cariús;SAO SEBASTIAO;-6.6093611111111;-39.601138888889;2015;3;210.0;0.0;24.0;0.0;0.0;0.0;78.0;0.0;0.0;12.0;5.0;0.0;0.0;0.0;0.0;0.0;0.0;0.0;0.0;0.0;0.0;0.0;0.0;76.0;0.0;0.0;0.0;0.0;0.0;0.0;0.0;15.0
Cariús;SAO SEBASTIAO;-6.6093611111111;-39.601138888889;2015;4;108.0;0.0;0.0;0.0;0.0;0.0;0.0;0.0;0.0;2.0;1.0;0.0;5.0;62.0;0.0;6.0;0.0;0.0;0.0;2.0;0.0;0.0;0.0;21.0;9.0;0.0;0.0;0.0;0.0;0.0;0.0;888.0
Cariús;SAO SEBASTIAO;-6.6093611111111;-39.601138888889;2015;5;36.0;0.0;0.0;0.0;9.0;0.0;0.0;1.0;0.0;0.0;0.0;0.0;0.0;0.0;0.0;0.0;0.0;0.0;0.0;0.0;4.0;16.0;0.0;0.0;0.0;0.0;0.0;6.0;0.0;0.0;0.0;0.0
Cariús;SAO SEBASTIAO;-6.6093611111111;-39.601138888889;2015;6;30.0;0.0;0.0;0.0;0.0;0.0;0.0;0.0;12.0;0.0;0.0;0.0;0.0;0.0;0.0;0.0;0.0;0.0;0.0;0.0;0.0;0.0;0.0;0.0;6.0;10.0;2.0;0.0;0.0;0.0;0.0;888.0
Cariús;SAO SEBASTIAO;-6.6093611111111;-39.601138888889;2015;7;6.0;0.0;0.0;0.0;0.0;6.0;0.0;0.0;0.0;0.0;0.0;0.0;0.0;0.0;0.0;0.0;0.0;0.0;0.0;0.0;0.0;0.0;0.0;0.0;0.0;0.0;0.0;0.0;0.0;0.0;0.0;0.0
Cariús;SAO SEBASTIAO;-6.6093611111111;-39.601138888889;2015;8;0.0;0.0;0.0;0.0;0.0;0.0;0.0;0.0;0.0;0.0;0.0;0.0;0.0;0.0;0.0;0.0;0.0;0.0;0.0;0.0;0.0;0.0;0.0;0.0;0.0;0.0;0.0;0.0;0.0;0.0;0.0;0.0
Cariús;SAO SEBASTIAO;-6.6093611111111;-39.601138888889;2015;9;0.0;0.0;0.0;0.0;0.0;0.0;0.0;0.0;0.0;0.0;0.0;0.0;0.0;0.0;0.0;0.0;0.0;0.0;0.0;0.0;0.0;0.0;0.0;0.0;0.0;0.0;0.0;0.0;0.0;0.0;0.0;888.0
Cariús;SAO SEBASTIAO;-6.6093611111111;-39.601138888889;2015;10;0.0;0.0;0.0;0.0;0.0;0.0;0.0;0.0;0.0;0.0;0.0;0.0;0.0;0.0;0.0;0.0;0.0;0.0;0.0;0.0;0.0;0.0;0.0;0.0;0.0;0.0;0.0;0.0;0.0;0.0;0.0;0.0
Cariús;SAO SEBASTIAO;-6.6093611111111;-39.601138888889;2015;11;0.0;0.0;0.0;0.0;0.0;0.0;0.0;0.0;0.0;0.0;0.0;0.0;0.0;0.0;0.0;0.0;0.0;0.0;0.0;0.0;0.0;0.0;0.0;0.0;0.0;0.0;0.0;0.0;0.0;0.0;0.0;888.0
Cariús;SAO SEBASTIAO;-6.6093611111111;-39.601138888889;2015;12;20.0;0.0;0.0;0.0;0.0;0.0;0.0;0.0;0.0;0.0;0.0;0.0;0.0;0.0;0.0;0.0;0.0;0.0;0.0;9.0;0.0;0.0;0.0;0.0;0.0;10.0;1.0;0.0;0.0;0.0;0.0;0.0
Cariús;SAO SEBASTIAO;-6.6093611111111;-39.601138888889;2016;1;144.0;0.0;0.0;0.0;0.0;0.0;0.0;71.0;0.0;0.0;7.0;0.0;4.0;0.0;0.0;10.0;0.0;0.0;0.0;15.0;0.0;3.0;28.0;0.0;0.0;0.0;0.0;6.0;0.0;0.0;0.0;0.0
Cariús;SAO SEBASTIAO;-6.6093611111111;-39.601138888889;2016;2;11.0;0.0;0.0;2.0;0.0;0.0;0.0;0.0;0.0;0.0;7.0;0.0;0.0;0.0;0.0;0.0;0.0;0.0;0.0;0.0;0.0;0.0;0.0;0.0;2.0;0.0;0.0;0.0;0.0;0.0;888.0;888.0
Cariús;SAO SEBASTIAO;-6.6093611111111;-39.601138888889;2016;3;223.0;4.0;0.0;0.0;0.0;0.0;0.0;0.0;0.0;37.0;24.0;6.0;0.0;4.0;0.0;0.0;4.0;14.0;36.0;0.0;0.0;7.0;12.0;0.0;0.0;4.0;8.0;6.0;17.0;0.0;40.0;0.0
Cariús;SAO SEBASTIAO;-6.6093611111111;-39.601138888889;2016;4;52.8;0.0;0.0;0.0;0.0;29.0;5.8;0.0;0.0;0.0;0.0;0.0;0.0;0.0;0.0;11.0;0.0;0.0;0.0;0.0;0.0;0.0;0.0;0.0;0.0;0.0;7.0;0.0;0.0;0.0;0.0;888.0
Cariús;SAO SEBASTIAO;-6.6093611111111;-39.601138888889;2016;5;33.0;0.0;15.0;3.0;0.0;0.0;0.0;0.0;0.0;0.0;0.0;2.0;0.0;0.0;0.0;0.0;0.0;0.0;0.0;0.0;0.0;0.0;0.0;0.0;0.0;7.0;6.0;0.0;0.0;0.0;0.0;0.0
Cariús;SAO SEBASTIAO;-6.6093611111111;-39.601138888889;2016;6;15.0;0.0;0.0;0.0;0.0;0.0;0.0;0.0;0.0;0.0;0.0;0.0;0.0;0.0;0.0;0.0;0.0;0.0;0.0;0.0;0.0;0.0;0.0;15.0;0.0;0.0;0.0;0.0;0.0;0.0;0.0;888.0
Cariús;SAO SEBASTIAO;-6.6093611111111;-39.601138888889;2016;7;0.0;0.0;0.0;0.0;0.0;0.0;0.0;0.0;0.0;0.0;0.0;0.0;0.0;0.0;0.0;0.0;0.0;0.0;0.0;0.0;0.0;0.0;0.0;0.0;0.0;0.0;0.0;0.0;0.0;0.0;0.0;0.0
Cariús;SAO SEBASTIAO;-6.6093611111111;-39.601138888889;2016;8;0.0;0.0;0.0;0.0;0.0;0.0;0.0;0.0;0.0;0.0;0.0;0.0;0.0;0.0;0.0;0.0;0.0;0.0;0.0;0.0;0.0;0.0;0.0;0.0;0.0;0.0;0.0;0.0;0.0;0.0;0.0;0.0
Cariús;SAO SEBASTIAO;-6.6093611111111;-39.601138888889;2016;9;0.0;0.0;0.0;0.0;0.0;0.0;0.0;0.0;0.0;0.0;0.0;0.0;0.0;0.0;0.0;0.0;0.0;0.0;0.0;0.0;0.0;0.0;0.0;0.0;0.0;0.0;0.0;0.0;0.0;0.0;0.0;888.0
Cariús;SAO SEBASTIAO;-6.6093611111111;-39.601138888889;2016;10;0.0;0.0;0.0;0.0;0.0;0.0;0.0;0.0;0.0;0.0;0.0;0.0;0.0;0.0;0.0;0.0;0.0;0.0;0.0;0.0;0.0;0.0;0.0;0.0;0.0;0.0;0.0;0.0;0.0;0.0;0.0;0.0
Cariús;SAO SEBASTIAO;-6.6093611111111;-39.601138888889;2016;11;3.0;0.0;0.0;0.0;0.0;0.0;0.0;0.0;3.0;0.0;0.0;0.0;0.0;0.0;0.0;0.0;0.0;0.0;0.0;0.0;0.0;0.0;0.0;0.0;0.0;0.0;0.0;0.0;0.0;0.0;0.0;888.0
Cariús;SAO SEBASTIAO;-6.6093611111111;-39.601138888889;2016;12;5.0;0.0;0.0;0.0;0.0;0.0;0.0;0.0;0.0;0.0;0.0;0.0;0.0;0.0;0.0;0.0;0.0;0.0;0.0;0.0;0.0;0.0;5.0;0.0;0.0;0.0;0.0;0.0;0.0;0.0;0.0;0.0
Cariús;SAO SEBASTIAO;-6.6093611111111;-39.601138888889;2017;1;47.0;0.0;0.0;0.0;0.0;0.0;0.0;0.0;0.0;0.0;5.0;0.0;0.0;0.0;0.0;0.0;0.0;14.0;6.0;0.0;0.0;0.0;0.0;4.0;12.0;0.0;6.0;0.0;0.0;0.0;0.0;0.0
Cariús;SAO SEBASTIAO;-6.6093611111111;-39.601138888889;2017;2;141.0;0.0;0.0;0.0;0.0;0.0;0.0;0.0;0.0;0.0;15.0;0.0;17.0;0.0;0.0;8.0;0.0;0.0;3.0;0.0;15.0;0.0;3.0;0.0;0.0;78.0;0.0;0.0;2.0;888.0;888.0;888.0
Cariús;SAO SEBASTIAO;-6.6093611111111;-39.601138888889;2017;3;159.0;0.0;0.0;0.0;3.0;38.0;0.0;0.0;0.0;0.0;11.0;10.0;3.0;0.0;0.0;9.0;9.0;7.0;7.0;0.0;0.0;0.0;0.0;4.0;0.0;18.0;0.0;0.0;0.0;0.0;0.0;40.0
Cariús;SAO SEBASTIAO;-6.6093611111111;-39.601138888889;2017;4;85.0;5.0;0.0;2.0;0.0;1.0;9.0;0.0;0.0;5.0;35.0;4.0;0.0;9.0;6.0;8.0;1.0;0.0;0.0;0.0;0.0;0.0;0.0;0.0;0.0;0.0;0.0;0.0;0.0;0.0;0.0;888.0
Cariús;SAO SEBASTIAO;-6.6093611111111;-39.601138888889;2017;5;49.0;0.0;0.0;0.0;0.0;0.0;0.0;0.0;0.0;6.0;27.0;5.0;0.0;0.0;0.0;2.0;0.0;0.0;2.0;7.0;0.0;0.0;0.0;0.0;0.0;0.0;0.0;0.0;0.0;0.0;0.0;0.0
Cariús;SAO SEBASTIAO;-6.6093611111111;-39.601138888889;2017;6;162.0;126.0;0.0;31.0;0.0;0.0;0.0;0.0;0.0;0.0;0.0;5.0;0.0;0.0;0.0;0.0;0.0;0.0;0.0;0.0;0.0;0.0;0.0;0.0;0.0;0.0;0.0;0.0;0.0;0.0;0.0;888.0
Cariús;SAO SEBASTIAO;-6.6093611111111;-39.601138888889;2017;7;5.0;5.0;0.0;0.0;0.0;0.0;0.0;0.0;0.0;0.0;0.0;0.0;0.0;0.0;0.0;0.0;0.0;0.0;0.0;0.0;0.0;0.0;0.0;0.0;0.0;0.0;0.0;0.0;0.0;0.0;0.0;0.0
Cariús;SAO SEBASTIAO;-6.6093611111111;-39.601138888889;2017;8;0.0;0.0;0.0;0.0;0.0;0.0;0.0;0.0;0.0;0.0;0.0;0.0;0.0;0.0;0.0;0.0;0.0;0.0;0.0;0.0;0.0;0.0;0.0;0.0;0.0;0.0;0.0;0.0;0.0;0.0;0.0;0.0
Cariús;SAO SEBASTIAO;-6.6093611111111;-39.601138888889;2017;9;0.0;0.0;0.0;0.0;0.0;0.0;0.0;0.0;0.0;0.0;0.0;0.0;0.0;0.0;0.0;0.0;0.0;0.0;0.0;0.0;0.0;0.0;0.0;0.0;0.0;0.0;0.0;0.0;0.0;0.0;0.0;888.0
Cariús;SAO SEBASTIAO;-6.6093611111111;-39.601138888889;2017;10;3.0;0.0;0.0;0.0;0.0;0.0;0.0;0.0;0.0;0.0;0.0;0.0;0.0;0.0;0.0;0.0;0.0;0.0;0.0;3.0;0.0;0.0;0.0;0.0;0.0;0.0;0.0;0.0;0.0;0.0;0.0;0.0
Cariús;SAO SEBASTIAO;-6.6093611111111;-39.601138888889;2017;11;12.0;0.0;0.0;0.0;0.0;0.0;0.0;0.0;0.0;1.0;0.0;0.0;0.0;0.0;0.0;0.0;0.0;0.0;0.0;0.0;0.0;0.0;0.0;0.0;0.0;11.0;0.0;0.0;0.0;0.0;0.0;888.0
Cariús;SAO SEBASTIAO;-6.6093611111111;-39.601138888889;2017;12;42.0;0.0;0.0;0.0;0.0;0.0;0.0;0.0;0.0;0.0;0.0;0.0;0.0;0.0;0.0;0.0;0.0;0.0;0.0;0.0;0.0;0.0;0.0;2.0;40.0;0.0;0.0;0.0;0.0;0.0;0.0;0.0
Cariús;SAO SEBASTIAO;-6.6093611111111;-39.601138888889;2018;1;61.0;0.0;0.0;0.0;0.0;0.0;0.0;4.0;0.0;7.0;0.0;8.0;0.0;1.0;0.0;9.0;0.0;0.0;24.0;0.0;0.0;0.0;0.0;0.0;0.0;3.0;0.0;5.0;0.0;0.0;0.0;0.0
Cariús;SAO SEBASTIAO;-6.6093611111111;-39.601138888889;2018;2;210.0;0.0;0.0;0.0;0.0;0.0;0.0;0.0;0.0;4.0;0.0;20.0;0.0;0.0;20.0;13.0;13.0;23.0;20.0;8.0;6.0;37.0;0.0;0.0;0.0;17.0;19.0;0.0;10.0;888.0;888.0;888.0
Cariús;SAO SEBASTIAO;-6.6093611111111;-39.601138888889;2018;3;129.0;2.0;0.0;8.0;0.0;0.0;0.0;0.0;0.0;0.0;0.0;0.0;0.0;0.0;0.0;0.0;0.0;0.0;0.0;0.0;0.0;17.0;0.0;0.0;0.0;10.0;45.0;0.0;0.0;23.0;18.0;6.0
Cariús;SAO SEBASTIAO;-6.6093611111111;-39.601138888889;2018;4;184.0;2.0;22.0;15.0;0.0;34.0;0.0;1.0;0.0;0.0;17.0;0.0;0.0;69.0;1.0;4.0;0.0;0.0;1.0;10.0;3.0;0.0;0.0;5.0;0.0;0.0;0.0;0.0;0.0;0.0;0.0;888.0
Cariús;SAO SEBASTIAO;-6.6093611111111;-39.601138888889;2018;5;5.0;2.0;0.0;0.0;0.0;0.0;0.0;0.0;0.0;0.0;0.0;0.0;0.0;1.0;0.0;0.0;2.0;0.0;0.0;0.0;0.0;0.0;0.0;0.0;0.0;0.0;0.0;0.0;0.0;0.0;0.0;0.0
Cariús;SAO SEBASTIAO;-6.6093611111111;-39.601138888889;2018;6;9.0;0.0;0.0;0.0;0.0;0.0;0.0;0.0;0.0;9.0;0.0;0.0;0.0;0.0;0.0;0.0;0.0;0.0;0.0;0.0;0.0;0.0;0.0;0.0;0.0;0.0;0.0;0.0;0.0;0.0;0.0;888.0
Cariús;SAO SEBASTIAO;-6.6093611111111;-39.601138888889;2018;7;1.0;0.0;0.0;0.0;0.0;0.0;0.0;0.0;0.0;0.0;0.0;0.0;1.0;0.0;0.0;0.0;0.0;0.0;0.0;0.0;0.0;0.0;0.0;0.0;0.0;0.0;0.0;0.0;0.0;0.0;0.0;0.0
Cariús;SAO SEBASTIAO;-6.6093611111111;-39.601138888889;2018;8;3.0;0.0;3.0;0.0;0.0;0.0;0.0;0.0;0.0;0.0;0.0;0.0;0.0;0.0;0.0;0.0;0.0;0.0;0.0;0.0;0.0;0.0;0.0;0.0;0.0;0.0;0.0;0.0;0.0;0.0;0.0;0.0
Cariús;SAO SEBASTIAO;-6.6093611111111;-39.601138888889;2018;9;0.0;0.0;0.0;0.0;0.0;0.0;0.0;0.0;0.0;0.0;0.0;0.0;0.0;0.0;0.0;0.0;0.0;0.0;0.0;0.0;0.0;0.0;0.0;0.0;0.0;0.0;0.0;0.0;0.0;0.0;0.0;888.0
Cariús;SAO SEBASTIAO;-6.6093611111111;-39.601138888889;2018;10;0.0;0.0;0.0;0.0;0.0;0.0;0.0;0.0;0.0;0.0;0.0;0.0;0.0;0.0;0.0;0.0;0.0;0.0;0.0;0.0;0.0;0.0;0.0;0.0;0.0;0.0;0.0;0.0;0.0;0.0;0.0;0.0
Cariús;SAO SEBASTIAO;-6.6093611111111;-39.601138888889;2018;11;60.0;0.0;0.0;0.0;0.0;0.0;0.0;0.0;0.0;0.0;0.0;0.0;0.0;0.0;0.0;0.0;0.0;0.0;0.0;0.0;0.0;0.0;0.0;0.0;18.0;1.0;0.0;16.0;0.0;0.0;25.0;888.0
Cariús;SAO SEBASTIAO;-6.6093611111111;-39.601138888889;2018;12;97.0;0.0;0.0;0.0;0.0;0.0;2.0;4.0;0.0;0.0;61.0;0.0;0.0;0.0;0.0;2.0;0.0;0.0;14.0;0.0;0.0;0.0;0.0;0.0;14.0;0.0;0.0;0.0;0.0;0.0;0.0;0.0
Cariús;SAO SEBASTIAO;-6.6093611111111;-39.601138888889;2019;1;88.2;0.0;0.0;0.0;0.0;0.0;2.0;0.0;0.0;11.0;32.0;0.0;0.0;0.0;2.2;6.0;0.0;5.0;5.0;25.0;0.0;0.0;0.0;0.0;0.0;0.0;0.0;0.0;0.0;0.0;0.0;0.0
Cariús;SAO SEBASTIAO;-6.6093611111111;-39.601138888889;2019;2;72.0;9.0;0.0;0.0;5.0;0.0;10.0;3.0;5.0;0.0;0.0;0.0;0.0;0.0;0.0;0.0;1.0;0.0;7.0;0.0;0.0;12.0;18.0;0.0;2.0;0.0;0.0;0.0;0.0;888.0;888.0;888.0
Cariús;SAO SEBASTIAO;-6.6093611111111;-39.601138888889;2019;3;291.0;0.0;0.0;10.0;0.0;16.0;0.0;0.0;0.0;0.0;0.0;0.0;0.0;0.0;17.0;0.0;0.0;0.0;0.0;0.0;0.0;0.0;16.0;0.0;55.0;35.0;0.0;0.0;13.0;47.0;0.0;82.0
Cariús;SAO SEBASTIAO;-6.6093611111111;-39.601138888889;2019;4;236.0;0.0;0.0;13.0;15.0;58.0;1.0;13.0;0.0;0.0;4.0;0.0;26.0;0.0;7.0;0.0;2.0;0.0;0.0;0.0;0.0;11.0;0.0;0.0;40.0;0.0;0.0;6.0;0.0;0.0;40.0;888.0
Cariús;SAO SEBASTIAO;-6.6093611111111;-39.601138888889;2019;5;15.0;0.0;13.0;0.0;0.0;0.0;0.0;0.0;0.0;0.0;0.0;0.0;0.0;0.0;0.0;0.0;0.0;0.0;0.0;0.0;2.0;0.0;0.0;0.0;0.0;0.0;0.0;0.0;0.0;0.0;0.0;0.0
Cariús;SAO SEBASTIAO;-6.6093611111111;-39.601138888889;2019;6;26.0;0.0;0.0;0.0;0.0;0.0;0.0;0.0;0.0;0.0;0.0;0.0;0.0;0.0;0.0;0.0;0.0;0.0;25.0;1.0;0.0;0.0;0.0;0.0;0.0;0.0;0.0;0.0;0.0;0.0;0.0;888.0
Cariús;SAO SEBASTIAO;-6.6093611111111;-39.601138888889;2019;7;0.0;0.0;0.0;0.0;0.0;0.0;0.0;0.0;0.0;0.0;0.0;0.0;0.0;0.0;0.0;0.0;0.0;0.0;0.0;0.0;0.0;0.0;0.0;0.0;0.0;0.0;0.0;0.0;0.0;0.0;0.0;0.0
Cariús;SAO SEBASTIAO;-6.6093611111111;-39.601138888889;2019;8;0.0;0.0;0.0;0.0;0.0;0.0;0.0;0.0;0.0;0.0;0.0;0.0;0.0;0.0;0.0;0.0;0.0;0.0;0.0;0.0;0.0;0.0;0.0;0.0;0.0;0.0;0.0;0.0;0.0;0.0;0.0;0.0
Cariús;SAO SEBASTIAO;-6.6093611111111;-39.601138888889;2019;9;2.0;0.0;0.0;0.0;0.0;0.0;0.0;0.0;0.0;0.0;0.0;0.0;0.0;0.0;0.0;0.0;0.0;0.0;0.0;0.0;0.0;0.0;0.0;0.0;2.0;0.0;0.0;0.0;0.0;0.0;0.0;888.0
Cariús;SAO SEBASTIAO;-6.6093611111111;-39.601138888889;2019;10;0.0;0.0;0.0;0.0;0.0;0.0;0.0;0.0;0.0;0.0;0.0;0.0;0.0;0.0;0.0;0.0;0.0;0.0;0.0;0.0;0.0;0.0;0.0;0.0;0.0;0.0;0.0;0.0;0.0;0.0;0.0;0.0
Cariús;SAO SEBASTIAO;-6.6093611111111;-39.601138888889;2019;11;5.0;1.0;0.0;0.0;0.0;0.0;0.0;0.0;0.0;0.0;0.0;0.0;0.0;0.0;0.0;0.0;0.0;0.0;0.0;0.0;4.0;0.0;0.0;0.0;0.0;0.0;0.0;0.0;0.0;0.0;0.0;888.0
Cariús;SAO SEBASTIAO;-6.6093611111111;-39.601138888889;2019;12;4.0;0.0;0.0;0.0;0.0;0.0;0.0;0.0;0.0;0.0;0.0;0.0;0.0;0.0;0.0;0.0;4.0;0.0;0.0;0.0;0.0;0.0;0.0;0.0;0.0;0.0;0.0;0.0;0.0;0.0;0.0;0.0
Cariús;SAO SEBASTIAO;-6.6093611111111;-39.601138888889;2020;1;174.0;8.0;0.0;0.0;10.0;0.0;0.0;0.0;0.0;0.0;46.0;4.0;0.0;0.0;0.0;11.0;8.0;0.0;0.0;50.0;0.0;0.0;0.0;0.0;0.0;0.0;0.0;12.0;0.0;12.0;13.0;0.0
Cariús;SAO SEBASTIAO;-6.6093611111111;-39.601138888889;2020;2;212.0;10.0;0.0;19.0;2.0;25.0;0.0;0.0;0.0;0.0;2.0;0.0;0.0;0.0;11.0;0.0;10.0;0.0;22.0;47.0;0.0;22.0;6.0;10.0;15.0;5.0;6.0;0.0;0.0;0.0;888.0;888.0
Cariús;SAO SEBASTIAO;-6.6093611111111;-39.601138888889;2020;3;385.0;2.0;0.0;0.0;4.0;17.0;0.0;0.0;0.0;0.0;5.0;12.0;0.0;52.0;2.0;13.0;158.0;0.0;0.0;0.0;23.0;2.0;0.0;0.0;0.0;0.0;1.0;87.0;0.0;0.0;0.0;7.0
Cariús;SAO SEBASTIAO;-6.6093611111111;-39.601138888889;2020;4;243.0;6.0;3.0;0.0;2.0;2.0;0.0;0.0;0.0;0.0;0.0;0.0;4.0;0.0;0.0;0.0;0.0;10.0;10.0;0.0;79.0;0.0;0.0;50.0;41.0;5.0;0.0;19.0;0.0;0.0;12.0;888.0
Cariús;SAO SEBASTIAO;-6.6093611111111;-39.601138888889;2020;5;67.0;0.0;0.0;0.0;0.0;0.0;0.0;0.0;0.0;0.0;0.0;0.0;0.0;0.0;0.0;0.0;5.0;13.0;0.0;0.0;3.0;0.0;40.0;0.0;6.0;0.0;0.0;0.0;0.0;0.0;0.0;0.0
Cariús;SAO SEBASTIAO;-6.6093611111111;-39.601138888889;2020;6;12.0;0.0;0.0;0.0;0.0;0.0;0.0;0.0;0.0;0.0;0.0;5.0;0.0;0.0;0.0;0.0;0.0;0.0;0.0;0.0;7.0;0.0;0.0;0.0;0.0;0.0;0.0;0.0;0.0;0.0;0.0;888.0
Cariús;SAO SEBASTIAO;-6.6093611111111;-39.601138888889;2020;7;0.0;0.0;0.0;0.0;0.0;0.0;0.0;0.0;0.0;0.0;0.0;0.0;0.0;0.0;0.0;0.0;0.0;0.0;0.0;0.0;0.0;0.0;0.0;0.0;0.0;0.0;0.0;0.0;0.0;0.0;0.0;0.0
Cariús;SAO SEBASTIAO;-6.6093611111111;-39.601138888889;2020;8;0.0;0.0;0.0;0.0;0.0;0.0;0.0;0.0;0.0;0.0;0.0;0.0;0.0;0.0;0.0;0.0;0.0;0.0;0.0;0.0;0.0;0.0;0.0;0.0;0.0;0.0;0.0;0.0;0.0;0.0;0.0;0.0
Cariús;SAO SEBASTIAO;-6.6093611111111;-39.601138888889;2020;9;3.0;0.0;0.0;0.0;0.0;0.0;0.0;0.0;0.0;0.0;0.0;0.0;0.0;0.0;0.0;0.0;0.0;0.0;0.0;0.0;0.0;0.0;0.0;0.0;0.0;0.0;0.0;0.0;0.0;3.0;0.0;888.0
Cariús;SAO SEBASTIAO;-6.6093611111111;-39.601138888889;2020;10;42.0;0.0;0.0;0.0;0.0;0.0;0.0;0.0;0.0;0.0;0.0;0.0;0.0;0.0;0.0;0.0;0.0;0.0;0.0;0.0;0.0;0.0;0.0;0.0;42.0;0.0;0.0;0.0;0.0;0.0;0.0;0.0
Cariús;SAO SEBASTIAO;-6.6093611111111;-39.601138888889;2020;11;59.0;0.0;0.0;0.0;0.0;0.0;0.0;0.0;0.0;0.0;43.0;1.0;1.0;0.0;0.0;0.0;0.0;0.0;0.0;0.0;0.0;14.0;0.0;0.0;0.0;0.0;0.0;0.0;0.0;0.0;0.0;888.0
Cariús;SAO SEBASTIAO;-6.6093611111111;-39.601138888889;2020;12;22.0;0.0;3.0;0.0;4.0;0.0;0.0;0.0;0.0;0.0;0.0;0.0;0.0;0.0;8.0;0.0;0.0;0.0;5.0;0.0;0.0;2.0;0.0;0.0;0.0;0.0;0.0;0.0;0.0;0.0;0.0;0.0
Cariús;SAO SEBASTIAO;-6.6093611111111;-39.601138888889;2021;1;110.0;7.0;0.0;0.0;0.0;11.0;0.0;0.0;0.0;0.0;0.0;0.0;0.0;0.0;0.0;0.0;0.0;0.0;0.0;12.0;1.0;1.0;4.0;0.0;0.0;0.0;0.0;12.0;16.0;10.0;0.0;36.0
Cariús;SAO SEBASTIAO;-6.6093611111111;-39.601138888889;2021;2;213.0;0.0;0.0;0.0;0.0;0.0;0.0;0.0;0.0;0.0;0.0;12.0;30.0;15.0;47.0;8.0;10.0;4.0;0.0;0.0;0.0;1.0;0.0;0.0;0.0;3.0;5.0;33.0;45.0;888.0;888.0;888.0
Cariús;SAO SEBASTIAO;-6.6093611111111;-39.601138888889;2021;3;300.0;25.0;37.0;14.0;0.0;6.0;0.0;0.0;0.0;0.0;0.0;0.0;0.0;0.0;6.0;0.0;0.0;0.0;20.0;21.0;0.0;5.0;70.0;7.0;22.0;10.0;47.0;0.0;9.0;0.0;1.0;0.0
Cariús;SAO SEBASTIAO;-6.6093611111111;-39.601138888889;2021;4;155.0;0.0;0.0;0.0;0.0;0.0;0.0;0.0;0.0;0.0;0.0;0.0;23.0;1.0;0.0;30.0;0.0;0.0;30.0;4.0;0.0;0.0;0.0;11.0;0.0;9.0;0.0;0.0;0.0;47.0;0.0;888.0
Cariús;SAO SEBASTIAO;-6.6093611111111;-39.601138888889;2021;5;27.0;0.0;0.0;0.0;0.0;1.0;5.0;1.0;7.0;0.0;0.0;0.0;0.0;0.0;0.0;11.0;0.0;0.0;0.0;0.0;2.0;0.0;0.0;0.0;0.0;0.0;0.0;0.0;0.0;0.0;0.0;0.0
Cariús;SAO SEBASTIAO;-6.6093611111111;-39.601138888889;2021;6;0.0;0.0;0.0;0.0;0.0;0.0;0.0;0.0;0.0;0.0;0.0;0.0;0.0;0.0;0.0;0.0;0.0;0.0;0.0;0.0;0.0;0.0;0.0;0.0;0.0;0.0;0.0;0.0;0.0;0.0;0.0;888.0
Cariús;SAO SEBASTIAO;-6.6093611111111;-39.601138888889;2021;7;13.0;0.0;13.0;0.0;0.0;0.0;0.0;0.0;0.0;0.0;0.0;0.0;0.0;0.0;0.0;0.0;0.0;0.0;0.0;0.0;0.0;0.0;0.0;0.0;0.0;0.0;0.0;0.0;0.0;0.0;0.0;0.0
Cariús;SAO SEBASTIAO;-6.6093611111111;-39.601138888889;2021;8;0.0;0.0;0.0;0.0;0.0;0.0;0.0;0.0;0.0;0.0;0.0;0.0;0.0;0.0;0.0;0.0;0.0;0.0;0.0;0.0;0.0;0.0;0.0;0.0;0.0;0.0;0.0;0.0;0.0;0.0;0.0;0.0
Cariús;SAO SEBASTIAO;-6.6093611111111;-39.601138888889;2021;9;0.5;0.0;0.0;0.0;0.0;0.0;0.0;0.0;0.0;0.0;0.0;0.0;0.0;0.0;0.0;0.0;0.0;0.0;0.0;0.0;0.0;0.0;0.0;0.0;0.5;0.0;0.0;0.0;0.0;0.0;0.0;888.0
Cariús;SAO SEBASTIAO;-6.6093611111111;-39.601138888889;2021;10;8.0;0.0;0.0;0.0;0.0;0.0;0.0;0.0;0.0;0.0;0.0;0.0;0.0;0.0;0.0;0.0;0.0;0.0;0.0;0.0;7.0;0.0;0.0;0.0;0.0;0.0;0.0;0.0;0.0;0.0;0.0;1.0
Cariús;SAO SEBASTIAO;-6.6093611111111;-39.601138888889;2021;11;107.0;0.0;0.0;0.0;0.0;0.0;0.0;0.0;0.0;6.0;0.0;0.0;3.0;0.0;60.0;27.0;11.0;0.0;0.0;0.0;0.0;0.0;0.0;0.0;0.0;0.0;0.0;0.0;0.0;0.0;0.0;888.0
Cariús;SAO SEBASTIAO;-6.6093611111111;-39.601138888889;2021;12;105.0;0.0;0.0;0.0;0.0;53.0;0.0;0.0;0.0;0.0;0.0;0.0;1.0;0.0;5.0;0.0;0.0;0.0;0.0;0.0;0.0;0.0;0.0;0.0;0.0;0.0;6.0;37.0;1.0;0.0;2.0;0.0
Cariús;SAO SEBASTIAO;-6.6093611111111;-39.601138888889;2022;1;251.0;11.0;31.0;24.0;0.0;8.0;9.0;0.0;0.0;0.0;0.0;12.0;14.0;13.0;23.0;22.0;2.0;0.0;21.0;0.0;0.0;0.0;4.0;0.0;0.0;0.0;0.0;46.0;11.0;0.0;0.0;0.0
Cariús;SAO SEBASTIAO;-6.6093611111111;-39.601138888889;2022;2;164.0;0.0;0.0;1.0;0.0;1.0;0.0;0.0;0.0;18.0;0.0;0.0;0.0;0.0;0.0;15.0;1.0;0.0;0.0;0.0;0.0;58.0;43.0;0.0;0.0;0.0;0.0;7.0;20.0;888.0;888.0;888.0
Cariús;SAO SEBASTIAO;-6.6093611111111;-39.601138888889;2022;3;426.0;33.0;0.0;9.0;45.0;10.0;0.0;8.0;0.0;30.0;44.0;16.0;10.0;7.0;1.0;23.0;48.0;6.0;16.0;22.0;0.0;2.0;35.0;2.0;26.0;15.0;0.0;8.0;10.0;0.0;0.0;0.0
Cariús;SAO SEBASTIAO;-6.6093611111111;-39.601138888889;2022;4;249.0;11.0;13.0;13.0;11.0;0.0;0.0;0.0;0.0;0.0;1.0;0.0;27.0;80.0;0.0;0.0;0.0;61.0;0.0;1.0;0.0;2.0;0.0;8.0;20.0;0.0;0.0;0.0;1.0;0.0;0.0;888.0
Cariús;SAO SEBASTIAO;-6.6093611111111;-39.601138888889;2022;5;102.0;0.0;0.0;0.0;5.0;0.0;0.0;15.0;2.0;0.0;0.0;0.0;0.0;20.0;10.0;2.0;0.0;0.0;0.0;0.0;30.0;0.0;0.0;0.0;0.0;0.0;0.0;10.0;0.0;0.0;0.0;8.0
Cariús;SAO SEBASTIAO;-6.6093611111111;-39.601138888889;2022;6;69.0;19.0;3.0;4.0;15.0;2.0;0.0;0.0;0.0;0.0;5.0;19.0;0.0;0.0;0.0;0.0;0.0;0.0;0.0;0.0;0.0;1.0;0.0;0.0;1.0;0.0;0.0;0.0;0.0;0.0;0.0;888.0
Cariús;SAO SEBASTIAO;-6.6093611111111;-39.601138888889;2022;7;2.0;0.0;0.0;0.0;0.0;0.0;0.0;0.0;1.0;0.0;0.0;1.0;0.0;0.0;0.0;0.0;0.0;0.0;0.0;0.0;0.0;0.0;0.0;0.0;0.0;0.0;0.0;0.0;0.0;0.0;0.0;0.0
Cariús;SAO SEBASTIAO;-6.6093611111111;-39.601138888889;2022;8;27.0;0.0;0.0;0.0;2.0;25.0;0.0;0.0;0.0;0.0;0.0;0.0;0.0;0.0;0.0;0.0;0.0;0.0;0.0;0.0;0.0;0.0;0.0;0.0;0.0;0.0;0.0;0.0;0.0;0.0;0.0;0.0
Cariús;SAO SEBASTIAO;-6.6093611111111;-39.601138888889;2022;9;5.0;0.0;0.0;0.0;0.0;0.0;0.0;0.0;0.0;0.0;0.0;0.0;0.0;0.0;0.0;0.0;0.0;0.0;0.0;2.0;0.0;0.0;0.0;0.0;0.0;0.0;2.0;1.0;0.0;0.0;0.0;888.0
Cariús;SAO SEBASTIAO;-6.6093611111111;-39.601138888889;2022;10;16.0;0.0;0.0;0.0;0.0;0.0;0.0;0.0;0.0;0.0;0.0;0.0;0.0;0.0;0.0;0.0;0.0;0.0;0.0;15.0;0.0;0.0;0.0;0.0;0.0;1.0;0.0;0.0;0.0;0.0;0.0;0.0
Cariús;SAO SEBASTIAO;-6.6093611111111;-39.601138888889;2022;11;91.0;0.0;0.0;0.0;23.0;30.0;6.0;4.0;16.0;0.0;0.0;0.0;0.0;7.0;1.0;0.0;0.0;0.0;0.0;0.0;0.0;0.0;0.0;0.0;0.0;0.0;0.0;0.0;0.0;0.0;4.0;888.0
Cariús;SAO SEBASTIAO;-6.6093611111111;-39.601138888889;2022;12;53.0;0.0;17.0;0.0;0.0;0.0;1.0;0.0;0.0;0.0;0.0;0.0;0.0;0.0;0.0;0.0;0.0;0.0;0.0;0.0;0.0;0.0;0.0;0.0;0.0;14.0;0.0;0.0;0.0;3.0;0.0;18.0
Cariús;SAO SEBASTIAO;-6.6093611111111;-39.601138888889;2023;1;225.0;0.0;25.0;0.0;0.0;0.0;0.0;0.0;0.0;0.0;0.0;10.0;0.0;5.0;0.0;29.0;59.0;0.0;4.0;36.0;50.0;0.0;0.0;0.0;0.0;0.0;0.0;0.0;5.0;0.0;0.0;2.0
Cariús;SAO SEBASTIAO;-6.6093611111111;-39.601138888889;2023;2;192.0;52.0;9.0;33.0;0.0;0.0;0.0;0.0;0.0;0.0;5.0;0.0;0.0;0.0;0.0;0.0;40.0;20.0;0.0;0.0;4.0;0.0;5.0;4.0;0.0;16.0;4.0;0.0;0.0;888.0;888.0;888.0
Cariús;SAO SEBASTIAO;-6.6093611111111;-39.601138888889;2023;3;198.0;0.0;0.0;0.0;0.0;7.0;0.0;0.0;0.0;0.0;0.0;0.0;2.0;17.0;4.0;0.0;0.0;0.0;39.0;6.0;0.0;0.0;21.0;0.0;0.0;7.0;0.0;59.0;1.0;0.0;18.0;17.0
Cariús;SAO SEBASTIAO;-6.6093611111111;-39.601138888889;2023;4;153.0;0.0;0.0;7.0;3.0;6.0;0.0;0.0;0.0;64.0;0.0;0.0;0.0;0.0;22.0;0.0;0.0;0.0;0.0;0.0;5.0;0.0;0.0;0.0;0.0;0.0;0.0;0.0;0.0;46.0;0.0;888.0
Cariús;SAO SEBASTIAO;-6.6093611111111;-39.601138888889;2023;5;42.0;6.0;0.0;0.0;0.0;18.0;11.0;0.0;0.0;0.0;0.0;0.0;0.0;0.0;0.0;0.0;0.0;0.0;6.0;0.0;0.0;0.0;0.0;0.0;0.0;0.0;0.0;0.0;0.0;0.0;1.0;0.0
Cariús;SAO SEBASTIAO;-6.6093611111111;-39.601138888889;2023;6;7.0;0.0;0.0;0.0;0.0;0.0;0.0;0.0;0.0;0.0;4.0;0.0;0.0;0.0;0.0;1.0;0.0;0.0;0.0;0.0;0.0;2.0;0.0;0.0;0.0;0.0;0.0;0.0;0.0;0.0;0.0;888.0
Cariús;SAO SEBASTIAO;-6.6093611111111;-39.601138888889;2023;7;0.0;0.0;0.0;0.0;0.0;0.0;0.0;0.0;0.0;0.0;0.0;0.0;0.0;0.0;0.0;0.0;0.0;0.0;0.0;0.0;0.0;0.0;0.0;0.0;0.0;0.0;0.0;0.0;0.0;0.0;0.0;0.0
Cariús;SAO SEBASTIAO;-6.6093611111111;-39.601138888889;2023;8;2.0;0.0;0.0;0.0;0.0;0.0;0.0;0.0;0.0;0.0;0.0;0.0;0.0;0.0;0.0;0.0;0.0;0.0;0.0;0.0;0.0;0.0;0.0;0.0;0.0;0.0;0.0;0.0;0.0;0.0;2.0;0.0
Cariús;SAO SEBASTIAO;-6.6093611111111;-39.601138888889;2023;9;0.0;0.0;0.0;0.0;0.0;0.0;0.0;0.0;0.0;0.0;0.0;0.0;0.0;0.0;0.0;0.0;0.0;0.0;0.0;0.0;0.0;0.0;0.0;0.0;0.0;0.0;0.0;0.0;0.0;0.0;0.0;888.0
Cariús;SAO SEBASTIAO;-6.6093611111111;-39.601138888889;2023;10;1.0;0.0;0.0;0.0;0.0;0.0;0.0;0.0;0.0;0.0;0.0;0.0;0.0;0.0;0.0;0.0;0.0;0.0;0.0;0.0;0.0;0.0;0.0;1.0;0.0;0.0;0.0;0.0;0.0;0.0;0.0;0.0
Cariús;SAO SEBASTIAO;-6.6093611111111;-39.601138888889;2023;11;9.0;0.0;0.0;0.0;0.0;0.0;9.0;0.0;0.0;0.0;0.0;0.0;0.0;0.0;0.0;0.0;0.0;0.0;0.0;0.0;0.0;0.0;0.0;0.0;0.0;0.0;0.0;0.0;0.0;0.0;0.0;888.0
Cariús;SAO SEBASTIAO;-6.6093611111111;-39.601138888889;2023;12;60.0;0.0;0.0;0.0;0.0;0.0;0.0;0.0;0.0;0.0;3.0;0.0;0.0;0.0;0.0;0.0;6.0;0.0;0.0;0.0;9.0;0.0;42.0;0.0;0.0;0.0;0.0;0.0;0.0;0.0;0.0;0.0
Cariús;SAO SEBASTIAO;-6.6093611111111;-39.601138888889;2024;1;33.0;4.0;0.0;0.0;0.0;0.0;0.0;0.0;0.0;0.0;0.0;0.0;29.0;0.0;0.0;0.0;0.0;0.0;0.0;0.0;0.0;0.0;0.0;0.0;0.0;0.0;0.0;0.0;0.0;0.0;0.0;0.0
Cariús;SAO SEBASTIAO;-6.6093611111111;-39.601138888889;2024;2;187.0;0.0;0.0;0.0;14.0;0.0;0.0;0.0;0.0;14.0;22.0;8.0;0.0;0.0;30.0;12.0;7.0;0.0;0.0;22.0;0.0;14.0;10.0;22.0;2.0;0.0;0.0;0.0;3.0;7.0;888.0;888.0
Cariús;SAO SEBASTIAO;-6.6093611111111;-39.601138888889;2024;3;290.0;19.0;0.0;5.0;75.0;7.0;0.0;0.0;0.0;0.0;0.0;9.0;0.0;0.0;28.0;5.0;0.0;0.0;9.0;5.0;0.0;0.0;59.0;8.0;0.0;28.0;4.0;0.0;0.0;0.0;15.0;14.0
Cariús;SAO SEBASTIAO;-6.6093611111111;-39.601138888889;2024;4;320.0;25.0;11.0;11.0;0.0;59.0;0.0;0.0;16.0;0.0;44.0;0.0;5.0;16.0;42.0;8.0;14.0;0.0;0.0;19.0;5.0;0.0;9.0;35.0;0.0;0.0;1.0;0.0;0.0;0.0;0.0;888.0
Cariús;SAO SEBASTIAO;-6.6093611111111;-39.601138888889;2024;5;54.0;0.0;0.0;0.0;5.0;0.0;0.0;0.0;0.0;9.0;4.0;0.0;1.0;0.0;0.0;0.0;0.0;0.0;0.0;1.0;0.0;13.0;0.0;0.0;0.0;0.0;0.0;0.0;0.0;0.0;1.0;20.0
Cariús;SAO SEBASTIAO;-6.6093611111111;-39.601138888889;2024;6;15.0;0.0;0.0;0.0;0.0;0.0;3.0;0.0;6.0;0.0;0.0;0.0;0.0;0.0;0.0;3.0;0.0;0.0;0.0;0.0;0.0;1.0;0.0;0.0;2.0;0.0;0.0;0.0;0.0;0.0;0.0;888.0
Cariús;SAO SEBASTIAO;-6.6093611111111;-39.601138888889;2024;7;17.0;0.0;0.0;0.0;0.0;0.0;1.0;13.0;0.0;0.0;0.0;3.0;0.0;0.0;0.0;0.0;0.0;0.0;0.0;0.0;0.0;0.0;0.0;0.0;0.0;0.0;0.0;0.0;0.0;0.0;0.0;0.0
Cariús;SAO SEBASTIAO;-6.6093611111111;-39.601138888889;2024;8;0.0;0.0;0.0;0.0;0.0;0.0;0.0;0.0;0.0;0.0;0.0;0.0;0.0;0.0;0.0;0.0;0.0;0.0;0.0;0.0;0.0;0.0;0.0;0.0;0.0;0.0;0.0;0.0;0.0;0.0;0.0;0.0
Cariús;SAO SEBASTIAO;-6.6093611111111;-39.601138888889;2024;9;0.0;0.0;0.0;0.0;0.0;0.0;0.0;0.0;0.0;0.0;0.0;0.0;0.0;0.0;0.0;0.0;0.0;0.0;0.0;0.0;0.0;0.0;0.0;0.0;0.0;0.0;0.0;0.0;0.0;0.0;0.0;888.0
Cariús;SAO SEBASTIAO;-6.6093611111111;-39.601138888889;2024;10;0.0;0.0;0.0;0.0;0.0;0.0;0.0;0.0;0.0;0.0;0.0;0.0;0.0;0.0;0.0;0.0;0.0;0.0;0.0;0.0;0.0;0.0;0.0;999.0;999.0;999.0;999.0;999.0;999.0;999.0;999.0;999.0
