Municipios;Postos;Latitude;Longitude;Anos;Meses;Total;Dia1;Dia2;Dia3;Dia4;Dia5;Dia6;Dia7;Dia8;Dia9;Dia10;Dia11;Dia12;Dia13;Dia14;Dia15;Dia16;Dia17;Dia18;Dia19;Dia20;Dia21;Dia22;Dia23;Dia24;Dia25;Dia26;Dia27;Dia28;Dia29;Dia30;Dia31
Saboeiro;FLAMENGO;-6.25975;-39.762;2000;12;50.2;0.0;0.0;0.0;0.0;0.0;0.0;0.0;0.0;0.0;0.0;0.0;0.0;0.0;9.2;21.0;20.0;0.0;0.0;0.0;0.0;0.0;0.0;0.0;0.0;0.0;0.0;0.0;0.0;0.0;999.0;0.0
Saboeiro;FLAMENGO;-6.25975;-39.762;2001;1;85.9;0.0;0.0;0.0;0.0;0.0;0.0;23.0;0.0;17.3;0.0;0.0;14.4;26.2;0.0;5.0;0.0;0.0;0.0;0.0;0.0;0.0;0.0;0.0;0.0;0.0;0.0;0.0;0.0;0.0;0.0;0.0
Saboeiro;FLAMENGO;-6.25975;-39.762;2001;2;90.3;0.0;0.0;0.0;23.5;0.0;0.0;0.0;0.0;0.0;19.0;0.0;0.0;0.0;37.6;0.0;0.0;0.0;0.0;0.0;0.0;0.0;0.0;0.0;0.0;0.0;10.2;0.0;0.0;888.0;888.0;888.0
Saboeiro;FLAMENGO;-6.25975;-39.762;2001;3;185.8;37.8;9.6;0.0;14.5;0.0;0.0;0.0;0.0;0.0;0.0;21.3;26.6;0.0;11.0;17.0;0.0;0.0;0.0;0.0;0.0;0.0;35.0;0.0;0.0;0.0;0.0;0.0;0.0;7.0;6.0;0.0
Saboeiro;FLAMENGO;-6.25975;-39.762;2001;4;115.0;23.0;0.0;27.0;0.0;0.0;0.0;0.0;0.0;7.0;0.0;0.0;0.0;0.0;0.0;0.0;0.0;0.0;0.0;36.0;0.0;0.0;0.0;0.0;0.0;0.0;0.0;0.0;0.0;0.0;22.0;888.0
Saboeiro;FLAMENGO;-6.25975;-39.762;2001;5;34.0;0.0;6.0;0.0;0.0;0.0;0.0;0.0;0.0;0.0;0.0;0.0;0.0;0.0;0.0;0.0;0.0;0.0;0.0;0.0;0.0;0.0;0.0;0.0;0.0;0.0;0.0;0.0;0.0;0.0;0.0;28.0
Saboeiro;FLAMENGO;-6.25975;-39.762;2001;6;116.0;10.0;0.0;0.0;39.0;0.0;0.0;0.0;0.0;0.0;0.0;0.0;0.0;0.0;0.0;0.0;0.0;0.0;0.0;0.0;0.0;0.0;0.0;0.0;0.0;0.0;0.0;0.0;67.0;0.0;0.0;888.0
Saboeiro;FLAMENGO;-6.25975;-39.762;2001;7;0.0;0.0;0.0;0.0;0.0;0.0;0.0;0.0;0.0;0.0;0.0;0.0;0.0;0.0;0.0;0.0;0.0;0.0;0.0;0.0;0.0;0.0;0.0;0.0;0.0;0.0;0.0;0.0;0.0;0.0;0.0;0.0
Saboeiro;FLAMENGO;-6.25975;-39.762;2001;8;0.0;0.0;0.0;0.0;0.0;0.0;0.0;0.0;0.0;0.0;0.0;0.0;0.0;0.0;0.0;0.0;0.0;0.0;0.0;0.0;0.0;0.0;0.0;0.0;0.0;0.0;0.0;0.0;0.0;0.0;0.0;0.0
Saboeiro;FLAMENGO;-6.25975;-39.762;2001;9;0.0;0.0;0.0;0.0;0.0;0.0;0.0;0.0;0.0;0.0;0.0;0.0;0.0;0.0;0.0;0.0;0.0;0.0;0.0;0.0;0.0;0.0;0.0;0.0;0.0;0.0;0.0;0.0;0.0;0.0;0.0;888.0
Saboeiro;FLAMENGO;-6.25975;-39.762;2001;10;0.0;0.0;0.0;0.0;0.0;0.0;0.0;0.0;0.0;0.0;0.0;0.0;0.0;0.0;0.0;0.0;0.0;0.0;0.0;0.0;0.0;0.0;0.0;0.0;0.0;0.0;0.0;0.0;0.0;0.0;0.0;0.0
Saboeiro;FLAMENGO;-6.25975;-39.762;2001;11;0.0;0.0;0.0;0.0;0.0;0.0;0.0;0.0;0.0;0.0;0.0;0.0;0.0;0.0;0.0;0.0;0.0;0.0;0.0;0.0;0.0;0.0;0.0;0.0;0.0;0.0;0.0;0.0;0.0;0.0;0.0;888.0
Saboeiro;FLAMENGO;-6.25975;-39.762;2001;12;36.5;0.0;0.0;0.0;3.5;0.0;0.0;0.0;0.0;14.0;0.0;19.0;0.0;0.0;0.0;0.0;0.0;0.0;0.0;0.0;0.0;0.0;0.0;0.0;0.0;0.0;0.0;0.0;0.0;0.0;0.0;0.0
Saboeiro;FLAMENGO;-6.25975;-39.762;2002;1;83.6;0.0;0.0;0.0;0.0;0.0;0.0;0.0;25.0;7.6;0.0;12.8;0.0;15.2;23.0;0.0;0.0;0.0;0.0;0.0;0.0;0.0;0.0;0.0;0.0;0.0;0.0;0.0;0.0;0.0;0.0;0.0
Saboeiro;FLAMENGO;-6.25975;-39.762;2002;2;84.9;0.0;0.0;0.0;0.0;0.0;0.0;0.0;0.0;0.0;0.0;6.6;34.3;15.2;0.0;0.0;0.0;0.0;0.0;0.0;0.0;28.8;0.0;0.0;0.0;0.0;0.0;0.0;0.0;888.0;888.0;888.0
Saboeiro;FLAMENGO;-6.25975;-39.762;2002;3;190.0;0.0;0.0;0.0;0.0;0.0;63.0;9.0;0.0;0.0;0.0;0.0;0.0;0.0;0.0;0.0;0.0;12.0;53.0;0.0;0.0;0.0;0.0;0.0;0.0;0.0;0.0;53.0;0.0;0.0;0.0;0.0
Saboeiro;FLAMENGO;-6.25975;-39.762;2002;4;107.0;0.0;0.0;23.0;0.0;0.0;0.0;22.6;0.0;0.0;0.0;0.0;0.0;0.0;0.0;18.6;0.0;0.0;0.0;33.8;0.0;0.0;0.0;0.0;0.0;0.0;0.0;0.0;0.0;9.0;0.0;888.0
Saboeiro;FLAMENGO;-6.25975;-39.762;2002;5;147.4;42.0;28.0;0.0;0.0;0.0;0.0;0.0;0.0;0.0;0.0;0.0;0.0;0.0;0.0;0.0;0.0;40.0;8.4;0.0;0.0;0.0;0.0;0.0;0.0;21.0;0.0;8.0;0.0;0.0;0.0;0.0
Saboeiro;FLAMENGO;-6.25975;-39.762;2002;6;10.0;0.0;0.0;0.0;0.0;0.0;0.0;5.0;0.0;0.0;0.0;0.0;0.0;0.0;0.0;0.0;5.0;0.0;0.0;0.0;0.0;0.0;0.0;0.0;0.0;0.0;0.0;0.0;0.0;0.0;0.0;888.0
Saboeiro;FLAMENGO;-6.25975;-39.762;2002;7;0.0;0.0;0.0;0.0;0.0;0.0;0.0;0.0;0.0;0.0;0.0;0.0;0.0;0.0;0.0;0.0;0.0;0.0;0.0;0.0;0.0;0.0;0.0;0.0;0.0;0.0;0.0;0.0;0.0;0.0;0.0;999.0
Saboeiro;FLAMENGO;-6.25975;-39.762;2002;8;0.0;0.0;0.0;0.0;0.0;0.0;0.0;0.0;0.0;0.0;0.0;0.0;0.0;0.0;0.0;0.0;0.0;0.0;0.0;0.0;0.0;0.0;0.0;0.0;0.0;0.0;0.0;0.0;0.0;0.0;0.0;0.0
Saboeiro;FLAMENGO;-6.25975;-39.762;2002;9;0.0;0.0;0.0;0.0;0.0;0.0;0.0;0.0;0.0;0.0;0.0;0.0;0.0;0.0;0.0;0.0;0.0;0.0;0.0;0.0;0.0;0.0;0.0;0.0;0.0;0.0;0.0;0.0;0.0;0.0;0.0;888.0
Saboeiro;FLAMENGO;-6.25975;-39.762;2002;10;0.0;0.0;0.0;0.0;0.0;0.0;0.0;0.0;0.0;0.0;0.0;0.0;0.0;0.0;0.0;0.0;0.0;0.0;0.0;0.0;0.0;0.0;0.0;0.0;0.0;0.0;0.0;0.0;0.0;0.0;0.0;0.0
Saboeiro;FLAMENGO;-6.25975;-39.762;2002;11;0.0;0.0;0.0;0.0;0.0;0.0;0.0;0.0;0.0;0.0;0.0;0.0;0.0;0.0;0.0;0.0;0.0;0.0;0.0;0.0;0.0;0.0;0.0;0.0;0.0;0.0;0.0;0.0;0.0;0.0;0.0;888.0
Saboeiro;FLAMENGO;-6.25975;-39.762;2002;12;0.0;0.0;0.0;0.0;0.0;0.0;0.0;0.0;0.0;0.0;0.0;0.0;0.0;0.0;0.0;0.0;0.0;0.0;0.0;0.0;0.0;0.0;0.0;0.0;0.0;0.0;0.0;0.0;0.0;0.0;0.0;0.0
Saboeiro;FLAMENGO;-6.25975;-39.762;2003;1;40.3;0.0;0.0;0.0;0.0;0.0;0.0;0.0;0.0;0.0;0.0;0.0;0.0;0.0;0.0;0.0;0.0;0.0;0.0;0.0;15.3;0.0;0.0;11.0;0.0;0.0;0.0;0.0;14.0;0.0;0.0;0.0
Saboeiro;FLAMENGO;-6.25975;-39.762;2003;2;290.3;0.0;0.0;12.0;0.0;0.0;0.0;27.0;0.0;0.0;0.0;0.0;66.0;0.0;0.0;0.0;23.3;0.0;0.0;0.0;0.0;0.0;0.0;37.0;63.0;0.0;62.0;0.0;0.0;888.0;888.0;888.0
Saboeiro;FLAMENGO;-6.25975;-39.762;2003;3;365.0;0.0;0.0;0.0;0.0;8.0;0.0;45.0;0.0;0.0;0.0;0.0;0.0;0.0;0.0;0.0;0.0;52.0;0.0;11.0;104.0;0.0;0.0;0.0;40.0;0.0;56.0;0.0;0.0;0.0;0.0;49.0
Saboeiro;FLAMENGO;-6.25975;-39.762;2003;4;94.0;6.0;0.0;0.0;0.0;0.0;0.0;0.0;0.0;0.0;0.0;0.0;0.0;0.0;0.0;0.0;0.0;0.0;6.0;0.0;0.0;0.0;0.0;26.0;0.0;0.0;16.0;0.0;40.0;0.0;0.0;888.0
Saboeiro;FLAMENGO;-6.25975;-39.762;2003;5;88.3;0.0;0.0;0.0;0.0;55.0;0.0;0.0;0.0;8.0;0.0;0.0;0.0;7.0;0.0;0.0;0.0;12.0;0.0;0.0;0.0;0.0;0.0;0.0;0.0;0.0;0.0;0.0;0.0;6.3;0.0;0.0
Saboeiro;FLAMENGO;-6.25975;-39.762;2003;6;0.0;0.0;0.0;0.0;0.0;0.0;0.0;0.0;0.0;0.0;0.0;0.0;0.0;0.0;0.0;0.0;0.0;0.0;0.0;0.0;0.0;0.0;0.0;0.0;0.0;0.0;0.0;0.0;0.0;0.0;0.0;888.0
Saboeiro;FLAMENGO;-6.25975;-39.762;2003;7;0.0;0.0;0.0;0.0;0.0;0.0;0.0;0.0;0.0;0.0;0.0;0.0;0.0;0.0;0.0;0.0;0.0;0.0;0.0;0.0;0.0;0.0;0.0;0.0;0.0;0.0;0.0;0.0;0.0;0.0;0.0;0.0
Saboeiro;FLAMENGO;-6.25975;-39.762;2003;8;0.0;0.0;0.0;0.0;0.0;0.0;0.0;0.0;0.0;0.0;0.0;0.0;0.0;0.0;0.0;0.0;0.0;0.0;0.0;0.0;0.0;0.0;0.0;0.0;0.0;0.0;0.0;0.0;0.0;0.0;0.0;0.0
Saboeiro;FLAMENGO;-6.25975;-39.762;2003;9;0.0;0.0;0.0;0.0;0.0;0.0;0.0;0.0;0.0;0.0;0.0;0.0;0.0;0.0;0.0;0.0;0.0;0.0;0.0;0.0;0.0;0.0;0.0;0.0;0.0;0.0;0.0;0.0;0.0;0.0;0.0;888.0
Saboeiro;FLAMENGO;-6.25975;-39.762;2003;10;0.0;0.0;0.0;0.0;0.0;0.0;0.0;0.0;0.0;0.0;0.0;0.0;0.0;0.0;0.0;0.0;0.0;0.0;0.0;0.0;0.0;0.0;0.0;0.0;0.0;0.0;0.0;0.0;0.0;0.0;0.0;0.0
Saboeiro;FLAMENGO;-6.25975;-39.762;2003;11;0.0;0.0;0.0;0.0;0.0;0.0;0.0;0.0;0.0;0.0;0.0;0.0;0.0;0.0;0.0;0.0;0.0;0.0;0.0;0.0;0.0;0.0;0.0;0.0;0.0;0.0;0.0;0.0;0.0;0.0;0.0;888.0
Saboeiro;FLAMENGO;-6.25975;-39.762;2003;12;0.0;0.0;0.0;0.0;0.0;0.0;0.0;0.0;0.0;0.0;0.0;0.0;0.0;0.0;0.0;0.0;0.0;0.0;0.0;0.0;0.0;0.0;0.0;0.0;0.0;0.0;0.0;0.0;0.0;0.0;0.0;0.0
Saboeiro;FLAMENGO;-6.25975;-39.762;2004;1;421.0;0.0;0.0;0.0;0.0;0.0;0.0;0.0;0.0;0.0;0.0;0.0;76.0;0.0;0.0;86.0;0.0;0.0;0.0;0.0;65.0;0.0;16.0;0.0;23.0;13.0;36.0;26.0;34.0;0.0;0.0;46.0
Saboeiro;FLAMENGO;-6.25975;-39.762;2004;2;241.0;0.0;0.0;10.0;9.0;3.0;0.0;15.0;0.0;53.0;0.0;0.0;0.0;0.0;0.0;0.0;18.0;0.0;0.0;6.0;0.0;0.0;0.0;73.0;0.0;0.0;54.0;0.0;0.0;0.0;888.0;888.0
Saboeiro;FLAMENGO;-6.25975;-39.762;2004;3;74.0;0.0;0.0;47.0;0.0;0.0;0.0;0.0;0.0;0.0;0.0;27.0;0.0;0.0;0.0;0.0;0.0;0.0;0.0;0.0;0.0;0.0;0.0;0.0;0.0;0.0;0.0;0.0;0.0;0.0;0.0;0.0
Saboeiro;FLAMENGO;-6.25975;-39.762;2004;4;199.0;6.0;0.0;87.0;24.0;0.0;0.0;40.0;0.0;0.0;0.0;0.0;0.0;0.0;0.0;0.0;25.0;0.0;0.0;0.0;0.0;0.0;0.0;0.0;0.0;0.0;17.0;0.0;0.0;0.0;0.0;888.0
Saboeiro;FLAMENGO;-6.25975;-39.762;2004;5;0.0;0.0;0.0;0.0;0.0;0.0;0.0;0.0;0.0;0.0;0.0;0.0;0.0;0.0;0.0;0.0;0.0;0.0;0.0;0.0;0.0;0.0;0.0;0.0;0.0;0.0;0.0;0.0;0.0;0.0;0.0;0.0
Saboeiro;FLAMENGO;-6.25975;-39.762;2004;6;0.0;0.0;0.0;0.0;0.0;0.0;0.0;0.0;0.0;0.0;0.0;0.0;0.0;0.0;0.0;0.0;0.0;0.0;0.0;0.0;0.0;0.0;0.0;0.0;0.0;0.0;0.0;0.0;0.0;0.0;0.0;888.0
Saboeiro;FLAMENGO;-6.25975;-39.762;2004;7;0.0;0.0;0.0;0.0;0.0;0.0;0.0;0.0;0.0;0.0;0.0;0.0;0.0;0.0;0.0;0.0;0.0;0.0;0.0;0.0;0.0;0.0;0.0;0.0;0.0;0.0;0.0;0.0;0.0;0.0;0.0;0.0
Saboeiro;FLAMENGO;-6.25975;-39.762;2004;8;0.0;0.0;0.0;0.0;0.0;0.0;0.0;0.0;0.0;0.0;0.0;0.0;0.0;0.0;0.0;0.0;0.0;0.0;0.0;0.0;0.0;0.0;0.0;0.0;0.0;0.0;0.0;0.0;0.0;0.0;0.0;0.0
Saboeiro;FLAMENGO;-6.25975;-39.762;2004;9;0.0;0.0;0.0;0.0;0.0;0.0;0.0;0.0;0.0;0.0;0.0;0.0;0.0;0.0;0.0;0.0;0.0;0.0;0.0;0.0;0.0;0.0;0.0;0.0;0.0;0.0;0.0;0.0;0.0;0.0;0.0;888.0
Saboeiro;FLAMENGO;-6.25975;-39.762;2004;10;0.0;0.0;0.0;0.0;0.0;0.0;0.0;0.0;0.0;0.0;0.0;0.0;0.0;0.0;0.0;0.0;0.0;0.0;0.0;0.0;0.0;0.0;0.0;0.0;0.0;0.0;0.0;0.0;0.0;0.0;0.0;0.0
Saboeiro;FLAMENGO;-6.25975;-39.762;2004;11;0.0;0.0;0.0;0.0;0.0;0.0;0.0;0.0;0.0;0.0;0.0;0.0;0.0;0.0;0.0;0.0;0.0;0.0;0.0;0.0;0.0;0.0;0.0;0.0;0.0;0.0;0.0;0.0;0.0;0.0;0.0;888.0
Saboeiro;FLAMENGO;-6.25975;-39.762;2004;12;0.0;0.0;0.0;0.0;0.0;0.0;0.0;0.0;0.0;0.0;0.0;0.0;0.0;0.0;0.0;0.0;0.0;0.0;0.0;0.0;0.0;0.0;0.0;0.0;0.0;0.0;0.0;0.0;0.0;0.0;0.0;0.0
Saboeiro;FLAMENGO;-6.25975;-39.762;2005;1;30.8;0.0;0.0;0.0;0.0;0.0;0.0;0.0;0.0;0.0;0.0;0.0;0.0;0.0;0.0;0.0;0.0;18.3;0.0;6.2;0.0;0.0;0.0;0.0;0.0;0.0;6.3;0.0;0.0;0.0;0.0;0.0
Saboeiro;FLAMENGO;-6.25975;-39.762;2005;2;37.9;0.0;0.0;0.0;0.0;0.0;0.0;0.0;0.0;0.0;0.0;0.0;26.3;0.0;0.0;0.0;0.0;0.0;0.0;0.0;0.0;0.0;0.0;11.6;0.0;0.0;0.0;0.0;0.0;888.0;888.0;888.0
Saboeiro;FLAMENGO;-6.25975;-39.762;2005;3;153.4;0.0;0.0;0.0;0.0;0.0;0.0;0.0;0.0;0.0;0.0;0.0;0.0;0.0;0.0;0.0;0.0;0.0;0.0;28.4;0.0;5.0;22.0;6.0;6.0;0.0;45.0;0.0;18.0;0.0;23.0;0.0
Saboeiro;FLAMENGO;-6.25975;-39.762;2005;4;93.7;0.0;0.0;0.0;0.0;0.0;0.0;0.0;0.0;0.0;0.0;0.0;0.0;0.0;17.0;3.0;0.0;0.0;0.0;5.6;10.3;0.0;0.0;0.0;0.0;0.0;0.0;0.0;0.0;23.5;34.3;888.0
Saboeiro;FLAMENGO;-6.25975;-39.762;2005;5;50.6;0.0;0.0;0.0;0.0;2.6;0.0;0.0;13.0;0.0;0.0;0.0;0.0;0.0;0.0;0.0;0.0;0.0;0.0;0.0;35.0;0.0;0.0;0.0;0.0;0.0;0.0;0.0;0.0;0.0;0.0;0.0
Saboeiro;FLAMENGO;-6.25975;-39.762;2005;6;10.0;0.0;0.0;0.0;0.0;0.0;0.0;0.0;0.0;0.0;0.0;0.0;0.0;0.0;0.0;0.0;0.0;0.0;0.0;0.0;0.0;0.0;7.0;0.0;0.0;0.0;0.0;0.0;0.0;0.0;3.0;888.0
Saboeiro;FLAMENGO;-6.25975;-39.762;2005;7;0.0;0.0;0.0;0.0;0.0;0.0;0.0;0.0;0.0;0.0;0.0;0.0;0.0;0.0;0.0;0.0;0.0;0.0;0.0;0.0;0.0;0.0;0.0;0.0;0.0;0.0;0.0;0.0;0.0;0.0;0.0;0.0
Saboeiro;FLAMENGO;-6.25975;-39.762;2005;8;0.0;0.0;0.0;0.0;0.0;0.0;0.0;0.0;0.0;0.0;0.0;0.0;0.0;0.0;0.0;0.0;0.0;0.0;0.0;0.0;0.0;0.0;0.0;0.0;0.0;0.0;0.0;0.0;0.0;0.0;0.0;0.0
Saboeiro;FLAMENGO;-6.25975;-39.762;2005;9;0.0;0.0;0.0;0.0;0.0;0.0;0.0;0.0;0.0;0.0;0.0;0.0;0.0;0.0;0.0;0.0;0.0;0.0;0.0;0.0;0.0;0.0;0.0;0.0;0.0;0.0;0.0;0.0;0.0;0.0;0.0;888.0
Saboeiro;FLAMENGO;-6.25975;-39.762;2005;10;0.0;0.0;0.0;0.0;0.0;0.0;0.0;0.0;0.0;0.0;0.0;0.0;0.0;0.0;0.0;0.0;0.0;0.0;0.0;0.0;0.0;0.0;0.0;0.0;0.0;0.0;0.0;0.0;0.0;0.0;0.0;0.0
Saboeiro;FLAMENGO;-6.25975;-39.762;2005;11;0.0;0.0;0.0;0.0;0.0;0.0;0.0;0.0;0.0;0.0;0.0;0.0;0.0;0.0;0.0;0.0;0.0;0.0;0.0;0.0;0.0;0.0;0.0;0.0;0.0;0.0;0.0;0.0;0.0;0.0;0.0;888.0
Saboeiro;FLAMENGO;-6.25975;-39.762;2005;12;51.5;0.0;0.0;0.0;0.0;18.3;14.2;19.0;0.0;0.0;0.0;0.0;0.0;0.0;0.0;0.0;0.0;0.0;0.0;0.0;0.0;0.0;0.0;0.0;0.0;0.0;0.0;0.0;0.0;0.0;0.0;0.0
Saboeiro;FLAMENGO;-6.25975;-39.762;2006;1;33.6;27.0;0.0;0.0;0.0;3.4;0.0;0.0;0.0;0.0;3.2;0.0;0.0;0.0;0.0;0.0;0.0;0.0;0.0;0.0;0.0;0.0;0.0;0.0;0.0;0.0;0.0;0.0;0.0;0.0;0.0;0.0
Saboeiro;FLAMENGO;-6.25975;-39.762;2006;2;122.5;0.0;0.0;0.0;22.0;37.0;4.0;0.0;0.0;0.0;0.0;0.0;0.0;0.0;0.0;0.0;13.6;14.3;12.0;0.0;0.0;0.0;0.0;0.0;0.0;0.0;0.0;0.0;19.6;888.0;888.0;888.0
Saboeiro;FLAMENGO;-6.25975;-39.762;2006;3;53.9;0.0;0.0;0.0;0.0;0.0;0.0;0.0;0.0;0.0;0.0;0.0;0.0;0.0;0.0;0.0;0.0;0.0;4.3;0.0;0.0;0.0;0.0;0.0;35.6;0.0;11.4;0.0;2.6;0.0;0.0;0.0
Saboeiro;FLAMENGO;-6.25975;-39.762;2006;4;170.0;11.4;0.0;0.0;0.0;0.0;24.6;4.3;62.0;7.4;0.0;0.0;0.0;0.0;20.3;0.0;0.0;0.0;0.0;0.0;0.0;7.0;10.4;0.0;0.0;0.0;0.0;0.0;0.0;0.0;22.6;888.0
Saboeiro;FLAMENGO;-6.25975;-39.762;2006;5;71.6;5.4;0.0;0.0;0.0;0.0;0.0;0.0;0.0;0.0;0.0;0.0;0.0;0.0;20.0;0.0;13.6;0.0;0.0;0.0;0.0;0.0;0.0;0.0;32.6;0.0;0.0;0.0;0.0;0.0;0.0;0.0
Saboeiro;FLAMENGO;-6.25975;-39.762;2006;6;0.0;0.0;0.0;0.0;0.0;0.0;0.0;0.0;0.0;0.0;0.0;0.0;0.0;0.0;0.0;0.0;0.0;0.0;0.0;0.0;0.0;0.0;0.0;0.0;0.0;0.0;0.0;0.0;0.0;0.0;0.0;888.0
Saboeiro;FLAMENGO;-6.25975;-39.762;2006;7;17.6;0.0;0.0;0.0;0.0;0.0;0.0;0.0;0.0;0.0;0.0;0.0;0.0;0.0;0.0;0.0;0.0;0.0;0.0;0.0;0.0;0.0;0.0;0.0;0.0;0.0;0.0;17.6;0.0;0.0;0.0;0.0
Saboeiro;FLAMENGO;-6.25975;-39.762;2006;8;0.0;0.0;0.0;0.0;0.0;0.0;0.0;0.0;0.0;0.0;0.0;0.0;0.0;0.0;0.0;0.0;0.0;0.0;0.0;0.0;0.0;0.0;0.0;0.0;0.0;0.0;0.0;0.0;0.0;0.0;0.0;0.0
Saboeiro;FLAMENGO;-6.25975;-39.762;2006;9;0.0;0.0;0.0;0.0;0.0;0.0;0.0;0.0;0.0;0.0;0.0;0.0;0.0;0.0;0.0;0.0;0.0;0.0;0.0;0.0;0.0;0.0;0.0;0.0;0.0;0.0;0.0;0.0;0.0;0.0;0.0;888.0
Saboeiro;FLAMENGO;-6.25975;-39.762;2006;10;46.0;0.0;0.0;0.0;0.0;0.0;0.0;0.0;0.0;0.0;0.0;0.0;0.0;0.0;0.0;0.0;0.0;0.0;0.0;0.0;0.0;0.0;0.0;0.0;46.0;0.0;0.0;0.0;0.0;0.0;0.0;0.0
Saboeiro;FLAMENGO;-6.25975;-39.762;2006;11;0.0;0.0;0.0;0.0;0.0;0.0;0.0;0.0;0.0;0.0;0.0;0.0;0.0;0.0;0.0;0.0;0.0;0.0;0.0;0.0;0.0;0.0;0.0;0.0;0.0;0.0;0.0;0.0;0.0;0.0;0.0;888.0
Saboeiro;FLAMENGO;-6.25975;-39.762;2006;12;77.0;0.0;0.0;0.0;0.0;0.0;0.0;0.0;0.0;0.0;0.0;0.0;0.0;0.0;0.0;0.0;0.0;12.0;0.0;0.0;0.0;0.0;0.0;0.0;0.0;0.0;0.0;0.0;0.0;0.0;0.0;65.0
Saboeiro;FLAMENGO;-6.25975;-39.762;2007;1;92.0;35.0;26.0;21.0;0.0;0.0;0.0;0.0;0.0;0.0;0.0;0.0;0.0;0.0;0.0;0.0;0.0;0.0;0.0;0.0;0.0;0.0;7.0;0.0;0.0;0.0;0.0;0.0;0.0;0.0;3.0;0.0
Saboeiro;FLAMENGO;-6.25975;-39.762;2007;2;331.0;0.0;0.0;0.0;0.0;34.0;0.0;14.0;0.0;69.0;22.0;0.0;15.0;0.0;14.0;0.0;22.0;0.0;42.0;0.0;9.0;0.0;43.0;0.0;9.0;0.0;12.0;0.0;26.0;888.0;888.0;888.0
Saboeiro;FLAMENGO;-6.25975;-39.762;2007;3;46.4;0.0;8.6;0.0;0.0;0.0;0.0;6.2;0.0;0.0;0.0;0.0;3.0;0.0;0.0;0.0;28.6;0.0;0.0;0.0;0.0;0.0;0.0;0.0;0.0;0.0;0.0;0.0;0.0;0.0;0.0;0.0
Saboeiro;FLAMENGO;-6.25975;-39.762;2007;4;186.9;0.0;0.0;0.0;0.0;0.0;0.0;0.0;0.0;0.0;0.0;0.0;0.0;0.0;0.0;0.0;3.4;19.0;52.0;32.0;30.0;0.0;0.0;0.0;0.0;6.5;17.0;9.0;0.0;18.0;0.0;888.0
Saboeiro;FLAMENGO;-6.25975;-39.762;2007;5;53.0;17.0;15.0;0.0;0.0;0.0;0.0;0.0;0.0;0.0;0.0;0.0;0.0;0.0;0.0;0.0;0.0;0.0;12.0;0.0;0.0;0.0;0.0;0.0;0.0;0.0;0.0;0.0;0.0;9.0;0.0;0.0
Saboeiro;FLAMENGO;-6.25975;-39.762;2007;6;25.6;0.0;0.0;0.0;0.0;0.0;0.0;0.0;0.0;0.0;0.0;0.0;0.0;25.6;0.0;0.0;0.0;0.0;0.0;0.0;0.0;0.0;0.0;0.0;0.0;0.0;0.0;0.0;0.0;0.0;0.0;888.0
Saboeiro;FLAMENGO;-6.25975;-39.762;2007;7;0.0;0.0;0.0;0.0;0.0;0.0;0.0;0.0;0.0;0.0;0.0;0.0;0.0;0.0;0.0;0.0;0.0;0.0;0.0;0.0;0.0;0.0;0.0;0.0;0.0;0.0;0.0;0.0;0.0;0.0;0.0;0.0
Saboeiro;FLAMENGO;-6.25975;-39.762;2007;8;0.0;0.0;0.0;0.0;0.0;0.0;0.0;0.0;0.0;0.0;0.0;0.0;0.0;0.0;0.0;0.0;0.0;0.0;0.0;0.0;0.0;0.0;0.0;0.0;0.0;0.0;0.0;0.0;0.0;0.0;0.0;0.0
Saboeiro;FLAMENGO;-6.25975;-39.762;2007;9;0.0;0.0;0.0;0.0;0.0;0.0;0.0;0.0;0.0;0.0;0.0;0.0;0.0;0.0;0.0;0.0;0.0;0.0;0.0;0.0;0.0;0.0;0.0;0.0;0.0;0.0;0.0;0.0;0.0;0.0;0.0;888.0
Saboeiro;FLAMENGO;-6.25975;-39.762;2007;10;0.0;0.0;0.0;0.0;0.0;0.0;0.0;0.0;0.0;0.0;0.0;0.0;0.0;0.0;0.0;0.0;0.0;0.0;0.0;0.0;0.0;0.0;0.0;0.0;0.0;0.0;0.0;0.0;0.0;0.0;0.0;0.0
Saboeiro;FLAMENGO;-6.25975;-39.762;2007;11;0.0;0.0;0.0;0.0;0.0;0.0;0.0;0.0;0.0;0.0;0.0;0.0;0.0;0.0;0.0;0.0;0.0;0.0;0.0;0.0;0.0;0.0;0.0;0.0;0.0;0.0;0.0;0.0;0.0;0.0;0.0;888.0
Saboeiro;FLAMENGO;-6.25975;-39.762;2007;12;76.0;0.0;0.0;0.0;0.0;0.0;0.0;0.0;0.0;0.0;0.0;0.0;0.0;0.0;0.0;42.0;0.0;0.0;0.0;0.0;0.0;0.0;0.0;0.0;0.0;0.0;0.0;0.0;34.0;0.0;0.0;0.0
Saboeiro;FLAMENGO;-6.25975;-39.762;2008;1;56.0;0.0;0.0;0.0;0.0;0.0;0.0;0.0;0.0;0.0;0.0;0.0;0.0;0.0;0.0;18.0;12.0;0.0;0.0;0.0;0.0;0.0;0.0;0.0;0.0;26.0;0.0;0.0;0.0;0.0;0.0;0.0
Saboeiro;FLAMENGO;-6.25975;-39.762;2008;2;290.0;51.0;0.0;0.0;0.0;0.0;0.0;0.0;0.0;0.0;0.0;0.0;0.0;0.0;6.0;19.0;5.0;0.0;12.0;0.0;0.0;0.0;0.0;0.0;0.0;0.0;0.0;197.0;0.0;0.0;888.0;888.0
Saboeiro;FLAMENGO;-6.25975;-39.762;2008;3;292.3;20.0;0.0;0.0;14.0;0.0;0.0;8.0;0.0;21.0;0.0;5.0;41.0;6.0;0.0;0.0;17.0;0.0;0.0;0.0;19.8;0.0;31.0;0.0;39.0;19.0;3.0;0.0;0.0;0.0;28.0;20.5
Saboeiro;FLAMENGO;-6.25975;-39.762;2008;4;237.3;0.0;9.0;22.3;0.0;0.0;0.0;0.0;0.0;0.0;22.0;10.0;0.0;0.0;0.0;0.0;15.0;0.0;0.0;0.0;0.0;0.0;0.0;0.0;39.0;0.0;46.0;0.0;0.0;36.0;38.0;888.0
Saboeiro;FLAMENGO;-6.25975;-39.762;2008;5;129.0;10.0;16.0;0.0;0.0;0.0;21.0;0.0;0.0;24.0;0.0;0.0;0.0;0.0;0.0;0.0;0.0;0.0;12.0;0.0;0.0;0.0;0.0;0.0;0.0;0.0;0.0;0.0;46.0;0.0;0.0;0.0
Saboeiro;FLAMENGO;-6.25975;-39.762;2008;6;0.0;0.0;0.0;0.0;0.0;0.0;0.0;0.0;0.0;0.0;0.0;0.0;0.0;0.0;0.0;0.0;0.0;0.0;0.0;0.0;0.0;0.0;0.0;0.0;0.0;0.0;0.0;0.0;0.0;0.0;0.0;888.0
Saboeiro;FLAMENGO;-6.25975;-39.762;2008;7;0.0;0.0;0.0;0.0;0.0;0.0;0.0;0.0;0.0;0.0;0.0;0.0;0.0;0.0;0.0;0.0;0.0;0.0;0.0;0.0;0.0;0.0;0.0;0.0;0.0;0.0;0.0;0.0;0.0;0.0;0.0;0.0
Saboeiro;FLAMENGO;-6.25975;-39.762;2008;8;0.0;0.0;0.0;0.0;0.0;0.0;0.0;0.0;0.0;0.0;0.0;0.0;0.0;0.0;0.0;0.0;0.0;0.0;0.0;0.0;0.0;0.0;0.0;0.0;0.0;0.0;0.0;0.0;0.0;0.0;0.0;0.0
Saboeiro;FLAMENGO;-6.25975;-39.762;2008;9;0.0;0.0;0.0;0.0;0.0;0.0;0.0;0.0;0.0;0.0;0.0;0.0;0.0;0.0;0.0;0.0;0.0;0.0;0.0;0.0;0.0;0.0;0.0;0.0;0.0;0.0;0.0;0.0;0.0;0.0;0.0;888.0
Saboeiro;FLAMENGO;-6.25975;-39.762;2008;10;0.0;0.0;0.0;0.0;0.0;0.0;0.0;0.0;0.0;0.0;0.0;0.0;0.0;0.0;0.0;0.0;0.0;0.0;0.0;0.0;0.0;0.0;0.0;0.0;0.0;0.0;0.0;0.0;0.0;0.0;0.0;0.0
Saboeiro;FLAMENGO;-6.25975;-39.762;2008;11;0.0;0.0;0.0;0.0;0.0;0.0;0.0;0.0;0.0;0.0;0.0;0.0;0.0;0.0;0.0;0.0;0.0;0.0;0.0;0.0;0.0;0.0;0.0;0.0;0.0;0.0;0.0;0.0;0.0;0.0;0.0;888.0
Saboeiro;FLAMENGO;-6.25975;-39.762;2008;12;0.0;0.0;0.0;0.0;0.0;0.0;0.0;0.0;0.0;0.0;0.0;0.0;0.0;0.0;0.0;0.0;0.0;0.0;0.0;0.0;0.0;0.0;0.0;0.0;0.0;0.0;0.0;0.0;0.0;0.0;0.0;0.0
Saboeiro;FLAMENGO;-6.25975;-39.762;2009;1;58.6;0.0;0.0;0.0;0.0;0.0;0.0;0.0;0.0;0.0;0.0;0.0;0.0;0.0;0.0;0.0;6.0;0.0;0.0;0.0;0.0;0.0;10.0;0.0;9.6;0.0;0.0;0.0;0.0;0.0;33.0;0.0
Saboeiro;FLAMENGO;-6.25975;-39.762;2009;2;44.4;0.0;0.0;0.0;3.4;0.0;0.0;0.0;0.0;6.0;0.0;0.0;0.0;0.0;0.0;0.0;0.0;0.0;19.0;0.0;0.0;16.0;0.0;0.0;0.0;0.0;0.0;0.0;0.0;888.0;888.0;888.0
Saboeiro;FLAMENGO;-6.25975;-39.762;2009;3;47.6;0.0;20.0;7.0;10.0;0.0;0.0;0.0;0.0;0.0;0.0;0.0;0.0;0.0;0.0;10.6;0.0;0.0;0.0;0.0;0.0;0.0;0.0;0.0;0.0;0.0;0.0;0.0;0.0;0.0;0.0;0.0
Saboeiro;FLAMENGO;-6.25975;-39.762;2009;4;320.6;0.0;0.0;30.6;0.0;0.0;0.0;0.0;0.0;0.0;0.0;51.0;25.0;34.0;58.0;29.0;0.0;17.0;0.0;0.0;14.0;0.0;0.0;36.0;0.0;11.0;0.0;0.0;15.0;0.0;0.0;888.0
Saboeiro;FLAMENGO;-6.25975;-39.762;2009;5;119.0;0.0;28.0;0.0;0.0;15.0;0.0;0.0;32.0;12.0;7.0;0.0;0.0;0.0;0.0;0.0;0.0;0.0;7.0;18.0;0.0;0.0;0.0;0.0;0.0;0.0;0.0;0.0;0.0;0.0;0.0;0.0
Saboeiro;FLAMENGO;-6.25975;-39.762;2009;6;34.0;0.0;0.0;0.0;24.0;0.0;10.0;0.0;0.0;0.0;0.0;0.0;0.0;0.0;0.0;0.0;0.0;0.0;0.0;0.0;0.0;0.0;0.0;0.0;0.0;0.0;0.0;0.0;0.0;0.0;0.0;888.0
Saboeiro;FLAMENGO;-6.25975;-39.762;2009;7;51.0;0.0;0.0;0.0;0.0;0.0;0.0;0.0;0.0;0.0;0.0;0.0;0.0;0.0;0.0;0.0;0.0;0.0;0.0;0.0;0.0;0.0;37.0;0.0;14.0;0.0;0.0;0.0;0.0;0.0;0.0;0.0
Saboeiro;FLAMENGO;-6.25975;-39.762;2009;8;0.0;0.0;0.0;0.0;0.0;0.0;0.0;0.0;0.0;0.0;0.0;0.0;0.0;0.0;0.0;0.0;0.0;0.0;0.0;0.0;0.0;0.0;0.0;0.0;0.0;0.0;0.0;0.0;0.0;0.0;0.0;0.0
Saboeiro;FLAMENGO;-6.25975;-39.762;2009;9;0.0;0.0;0.0;0.0;0.0;0.0;0.0;0.0;0.0;0.0;0.0;0.0;0.0;0.0;0.0;0.0;0.0;0.0;0.0;0.0;0.0;0.0;0.0;0.0;0.0;0.0;0.0;0.0;0.0;0.0;0.0;888.0
Saboeiro;FLAMENGO;-6.25975;-39.762;2009;10;0.0;0.0;0.0;0.0;0.0;0.0;0.0;0.0;0.0;0.0;0.0;0.0;0.0;0.0;0.0;0.0;0.0;0.0;0.0;0.0;0.0;0.0;0.0;0.0;0.0;0.0;0.0;0.0;0.0;0.0;0.0;0.0
Saboeiro;FLAMENGO;-6.25975;-39.762;2009;11;0.0;0.0;0.0;0.0;0.0;0.0;0.0;0.0;0.0;0.0;0.0;0.0;0.0;0.0;0.0;0.0;0.0;0.0;0.0;0.0;0.0;0.0;0.0;0.0;0.0;0.0;0.0;0.0;0.0;0.0;0.0;888.0
Saboeiro;FLAMENGO;-6.25975;-39.762;2009;12;0.0;0.0;0.0;0.0;0.0;0.0;0.0;0.0;0.0;0.0;0.0;0.0;0.0;0.0;0.0;0.0;0.0;0.0;0.0;0.0;0.0;0.0;0.0;0.0;0.0;0.0;0.0;0.0;0.0;0.0;0.0;0.0
Saboeiro;FLAMENGO;-6.25975;-39.762;2011;4;229.0;0.0;0.0;6.0;0.0;11.0;6.0;0.0;0.0;8.0;0.0;33.0;25.0;13.0;0.0;0.0;0.0;0.0;38.0;0.0;32.0;0.0;0.0;0.0;0.0;57.0;0.0;0.0;0.0;0.0;0.0;888.0
Saboeiro;FLAMENGO;-6.25975;-39.762;2011;5;78.0;0.0;0.0;20.0;7.0;0.0;0.0;0.0;0.0;0.0;0.0;0.0;0.0;0.0;0.0;0.0;0.0;0.0;5.0;24.0;22.0;0.0;0.0;0.0;0.0;0.0;0.0;0.0;0.0;0.0;0.0;0.0
Saboeiro;FLAMENGO;-6.25975;-39.762;2011;6;22.0;0.0;0.0;0.0;0.0;0.0;0.0;0.0;0.0;0.0;0.0;0.0;0.0;0.0;0.0;0.0;0.0;0.0;0.0;0.0;0.0;0.0;0.0;0.0;0.0;0.0;0.0;22.0;0.0;0.0;0.0;888.0
Saboeiro;FLAMENGO;-6.25975;-39.762;2011;7;47.0;0.0;12.0;0.0;0.0;0.0;0.0;0.0;0.0;0.0;0.0;0.0;0.0;35.0;0.0;0.0;0.0;0.0;0.0;0.0;0.0;0.0;0.0;0.0;0.0;0.0;0.0;0.0;0.0;0.0;0.0;0.0
Saboeiro;FLAMENGO;-6.25975;-39.762;2011;8;0.0;0.0;0.0;0.0;0.0;0.0;0.0;0.0;0.0;0.0;0.0;0.0;0.0;0.0;0.0;0.0;0.0;0.0;0.0;0.0;0.0;0.0;0.0;0.0;0.0;0.0;0.0;0.0;0.0;0.0;0.0;0.0
Saboeiro;FLAMENGO;-6.25975;-39.762;2011;9;0.0;0.0;0.0;0.0;0.0;0.0;0.0;0.0;0.0;0.0;0.0;0.0;0.0;0.0;0.0;0.0;0.0;0.0;0.0;0.0;0.0;0.0;0.0;0.0;0.0;0.0;0.0;0.0;0.0;0.0;0.0;888.0
Saboeiro;FLAMENGO;-6.25975;-39.762;2011;10;135.0;0.0;0.0;0.0;0.0;0.0;0.0;0.0;0.0;0.0;0.0;0.0;0.0;0.0;0.0;0.0;0.0;0.0;0.0;0.0;0.0;135.0;0.0;0.0;0.0;0.0;0.0;0.0;0.0;0.0;0.0;0.0
Saboeiro;FLAMENGO;-6.25975;-39.762;2011;11;44.0;0.0;0.0;0.0;44.0;0.0;0.0;0.0;0.0;0.0;0.0;0.0;0.0;0.0;0.0;0.0;0.0;0.0;0.0;0.0;0.0;0.0;0.0;0.0;0.0;0.0;0.0;0.0;0.0;0.0;0.0;888.0
Saboeiro;FLAMENGO;-6.25975;-39.762;2011;12;0.0;0.0;0.0;0.0;0.0;0.0;0.0;0.0;0.0;0.0;0.0;0.0;0.0;0.0;0.0;0.0;0.0;0.0;0.0;0.0;0.0;0.0;0.0;0.0;0.0;0.0;0.0;0.0;0.0;0.0;0.0;0.0
Saboeiro;FLAMENGO;-6.25975;-39.762;2012;1;109.0;0.0;0.0;0.0;0.0;0.0;0.0;0.0;0.0;0.0;0.0;0.0;0.0;0.0;0.0;0.0;0.0;0.0;0.0;19.0;0.0;49.0;0.0;41.0;0.0;0.0;0.0;0.0;0.0;0.0;0.0;0.0
Saboeiro;FLAMENGO;-6.25975;-39.762;2012;2;175.0;0.0;0.0;0.0;0.0;0.0;0.0;0.0;0.0;0.0;0.0;0.0;0.0;0.0;0.0;0.0;0.0;0.0;48.0;36.0;7.0;40.0;0.0;0.0;0.0;0.0;0.0;44.0;0.0;0.0;888.0;888.0
Saboeiro;FLAMENGO;-6.25975;-39.762;2012;3;123.0;0.0;0.0;0.0;0.0;0.0;0.0;21.0;12.0;0.0;0.0;26.0;0.0;0.0;13.0;0.0;0.0;0.0;0.0;0.0;0.0;27.0;0.0;0.0;0.0;12.0;0.0;0.0;0.0;12.0;0.0;0.0
Saboeiro;FLAMENGO;-6.25975;-39.762;2012;4;75.0;0.0;25.0;0.0;0.0;6.0;0.0;0.0;23.0;0.0;0.0;21.0;999.0;999.0;999.0;999.0;999.0;999.0;999.0;999.0;999.0;999.0;999.0;999.0;999.0;999.0;999.0;999.0;999.0;999.0;999.0;888.0
Saboeiro;FLAMENGO;-6.25975;-39.762;2013;1;25.0;0.0;0.0;0.0;0.0;0.0;0.0;0.0;8.0;0.0;0.0;0.0;0.0;0.0;17.0;0.0;0.0;0.0;0.0;0.0;0.0;0.0;0.0;0.0;0.0;0.0;0.0;0.0;0.0;0.0;0.0;0.0
Saboeiro;FLAMENGO;-6.25975;-39.762;2013;2;0.0;0.0;0.0;0.0;0.0;0.0;0.0;0.0;0.0;0.0;0.0;0.0;0.0;0.0;0.0;0.0;0.0;0.0;0.0;0.0;0.0;0.0;0.0;0.0;0.0;0.0;0.0;0.0;0.0;888.0;888.0;888.0
Saboeiro;FLAMENGO;-6.25975;-39.762;2013;3;72.0;0.0;0.0;0.0;0.0;0.0;0.0;0.0;0.0;0.0;0.0;0.0;0.0;0.0;0.0;0.0;7.0;0.0;0.0;65.0;0.0;0.0;0.0;0.0;0.0;0.0;0.0;0.0;0.0;0.0;0.0;0.0
Saboeiro;FLAMENGO;-6.25975;-39.762;2013;4;104.3;0.0;0.0;0.0;0.0;0.0;0.0;0.0;0.0;0.0;0.0;0.0;0.0;0.0;0.0;0.0;0.0;0.0;18.0;0.0;0.0;6.3;0.0;0.0;0.0;19.0;35.0;26.0;0.0;0.0;0.0;888.0
Saboeiro;FLAMENGO;-6.25975;-39.762;2013;5;156.0;0.0;0.0;0.0;0.0;0.0;0.0;0.0;6.0;54.0;54.0;0.0;0.0;0.0;0.0;20.0;0.0;5.0;17.0;0.0;0.0;0.0;0.0;0.0;0.0;0.0;0.0;0.0;0.0;0.0;0.0;0.0
Saboeiro;FLAMENGO;-6.25975;-39.762;2013;6;0.0;0.0;0.0;0.0;0.0;0.0;0.0;0.0;0.0;0.0;0.0;0.0;0.0;0.0;0.0;0.0;0.0;0.0;0.0;0.0;0.0;0.0;0.0;0.0;0.0;0.0;0.0;0.0;0.0;0.0;0.0;888.0
Saboeiro;FLAMENGO;-6.25975;-39.762;2013;7;0.0;0.0;0.0;0.0;0.0;0.0;0.0;0.0;0.0;0.0;0.0;0.0;0.0;0.0;0.0;0.0;0.0;0.0;0.0;0.0;0.0;0.0;0.0;0.0;0.0;0.0;0.0;0.0;0.0;0.0;0.0;0.0
Saboeiro;FLAMENGO;-6.25975;-39.762;2013;8;0.0;0.0;0.0;0.0;0.0;0.0;0.0;0.0;0.0;0.0;0.0;0.0;0.0;0.0;0.0;0.0;0.0;0.0;0.0;0.0;0.0;0.0;0.0;0.0;0.0;0.0;0.0;0.0;0.0;0.0;0.0;0.0
Saboeiro;FLAMENGO;-6.25975;-39.762;2013;9;0.0;0.0;0.0;0.0;0.0;0.0;0.0;0.0;0.0;0.0;0.0;0.0;0.0;0.0;0.0;0.0;0.0;0.0;0.0;0.0;0.0;0.0;0.0;0.0;0.0;0.0;0.0;0.0;0.0;0.0;0.0;888.0
Saboeiro;FLAMENGO;-6.25975;-39.762;2013;10;0.0;0.0;0.0;0.0;0.0;0.0;0.0;0.0;0.0;0.0;0.0;0.0;0.0;0.0;0.0;0.0;0.0;0.0;0.0;0.0;0.0;0.0;0.0;0.0;0.0;0.0;0.0;0.0;0.0;0.0;0.0;0.0
Saboeiro;FLAMENGO;-6.25975;-39.762;2013;11;58.0;0.0;0.0;0.0;58.0;999.0;999.0;999.0;999.0;999.0;999.0;999.0;999.0;999.0;999.0;999.0;999.0;999.0;999.0;999.0;999.0;999.0;999.0;999.0;999.0;999.0;999.0;999.0;999.0;999.0;999.0;888.0
Saboeiro;FLAMENGO;-6.25975;-39.762;2014;1;0.0;0.0;0.0;0.0;0.0;0.0;0.0;0.0;0.0;0.0;0.0;0.0;0.0;0.0;0.0;0.0;0.0;0.0;0.0;0.0;0.0;0.0;0.0;0.0;0.0;0.0;0.0;0.0;0.0;0.0;0.0;0.0
Saboeiro;FLAMENGO;-6.25975;-39.762;2014;2;65.0;0.0;0.0;0.0;0.0;0.0;0.0;17.0;0.0;40.0;8.0;999.0;999.0;999.0;999.0;999.0;999.0;999.0;999.0;999.0;999.0;999.0;999.0;999.0;999.0;999.0;999.0;999.0;999.0;888.0;888.0;888.0
Saboeiro;FLAMENGO;-6.25975;-39.762;2018;1;0.0;0.0;0.0;0.0;0.0;0.0;0.0;0.0;0.0;0.0;0.0;0.0;0.0;0.0;0.0;0.0;0.0;0.0;0.0;0.0;0.0;0.0;0.0;0.0;0.0;0.0;0.0;0.0;0.0;0.0;0.0;0.0
Saboeiro;FLAMENGO;-6.25975;-39.762;2018;2;160.8;0.0;0.0;0.0;0.0;0.0;0.0;0.0;0.0;0.0;0.0;5.0;0.0;0.0;36.0;0.0;36.0;38.5;0.0;0.0;0.0;21.3;0.0;0.0;0.0;9.0;0.0;0.0;15.0;888.0;888.0;888.0
Saboeiro;FLAMENGO;-6.25975;-39.762;2018;3;78.0;5.0;21.0;0.0;0.0;0.0;0.0;0.0;0.0;0.0;0.0;0.0;0.0;0.0;0.0;0.0;0.0;0.0;0.0;0.0;0.0;0.0;0.0;0.0;0.0;0.0;11.0;0.0;0.0;41.0;0.0;0.0
Saboeiro;FLAMENGO;-6.25975;-39.762;2018;4;185.5;0.0;0.0;0.0;8.0;22.0;0.0;0.0;0.0;0.0;0.0;0.0;0.0;62.0;0.0;0.0;0.0;0.0;0.0;37.0;34.0;0.0;12.0;0.0;0.0;0.0;0.0;0.0;0.0;0.0;10.5;888.0
Saboeiro;FLAMENGO;-6.25975;-39.762;2018;5;0.0;0.0;0.0;0.0;0.0;0.0;0.0;0.0;0.0;0.0;0.0;0.0;0.0;0.0;0.0;0.0;0.0;0.0;0.0;0.0;0.0;0.0;0.0;0.0;0.0;0.0;0.0;0.0;0.0;0.0;0.0;0.0
Saboeiro;FLAMENGO;-6.25975;-39.762;2018;6;0.0;0.0;0.0;0.0;0.0;0.0;0.0;0.0;0.0;0.0;0.0;0.0;0.0;0.0;0.0;0.0;0.0;0.0;0.0;0.0;0.0;0.0;0.0;0.0;0.0;0.0;0.0;0.0;0.0;0.0;0.0;888.0
Saboeiro;FLAMENGO;-6.25975;-39.762;2018;7;0.0;0.0;0.0;0.0;0.0;0.0;0.0;0.0;0.0;0.0;0.0;0.0;0.0;0.0;0.0;0.0;0.0;0.0;0.0;0.0;0.0;0.0;0.0;0.0;0.0;0.0;0.0;0.0;0.0;0.0;0.0;0.0
Saboeiro;FLAMENGO;-6.25975;-39.762;2018;8;0.0;0.0;0.0;0.0;0.0;0.0;0.0;0.0;0.0;0.0;0.0;0.0;0.0;0.0;0.0;0.0;0.0;0.0;0.0;0.0;0.0;0.0;0.0;0.0;0.0;0.0;0.0;0.0;0.0;0.0;0.0;0.0
Saboeiro;FLAMENGO;-6.25975;-39.762;2018;9;0.0;0.0;0.0;0.0;0.0;0.0;0.0;0.0;0.0;0.0;0.0;0.0;0.0;0.0;0.0;0.0;0.0;0.0;0.0;0.0;0.0;0.0;0.0;0.0;0.0;0.0;0.0;0.0;0.0;0.0;0.0;888.0
Saboeiro;FLAMENGO;-6.25975;-39.762;2018;10;0.0;0.0;0.0;0.0;0.0;0.0;0.0;0.0;0.0;0.0;0.0;0.0;0.0;0.0;0.0;0.0;0.0;0.0;0.0;0.0;0.0;0.0;0.0;0.0;0.0;0.0;0.0;0.0;0.0;0.0;0.0;0.0
Saboeiro;FLAMENGO;-6.25975;-39.762;2018;11;0.0;0.0;0.0;0.0;0.0;0.0;0.0;0.0;0.0;0.0;0.0;0.0;0.0;0.0;0.0;0.0;0.0;0.0;0.0;0.0;0.0;0.0;0.0;0.0;0.0;0.0;0.0;0.0;0.0;0.0;0.0;888.0
Saboeiro;FLAMENGO;-6.25975;-39.762;2018;12;30.0;0.0;0.0;0.0;0.0;0.0;0.0;0.0;0.0;0.0;30.0;0.0;0.0;0.0;0.0;0.0;0.0;0.0;0.0;0.0;0.0;0.0;0.0;0.0;0.0;0.0;0.0;0.0;0.0;0.0;0.0;0.0
Saboeiro;FLAMENGO;-6.25975;-39.762;2019;1;72.0;0.0;0.0;0.0;0.0;0.0;0.0;0.0;0.0;0.0;0.0;0.0;0.0;0.0;15.0;45.0;0.0;0.0;0.0;12.0;0.0;0.0;0.0;0.0;0.0;0.0;0.0;0.0;0.0;0.0;0.0;0.0
Saboeiro;FLAMENGO;-6.25975;-39.762;2019;2;48.5;0.0;0.0;0.0;0.0;0.0;0.0;0.0;0.0;0.0;0.0;0.0;0.0;0.0;10.0;0.0;0.0;0.0;0.0;0.0;0.0;0.0;0.0;38.5;0.0;0.0;0.0;0.0;0.0;888.0;888.0;888.0
Saboeiro;FLAMENGO;-6.25975;-39.762;2019;3;0.0;0.0;0.0;0.0;0.0;0.0;0.0;0.0;0.0;0.0;0.0;0.0;0.0;0.0;0.0;0.0;0.0;0.0;0.0;0.0;0.0;0.0;0.0;0.0;0.0;0.0;0.0;0.0;0.0;0.0;0.0;0.0
Saboeiro;FLAMENGO;-6.25975;-39.762;2019;4;96.0;0.0;0.0;53.0;0.0;0.0;43.0;0.0;0.0;0.0;0.0;0.0;0.0;0.0;0.0;0.0;0.0;0.0;0.0;0.0;0.0;0.0;0.0;0.0;0.0;0.0;0.0;0.0;0.0;0.0;0.0;888.0
Saboeiro;FLAMENGO;-6.25975;-39.762;2019;5;5.0;5.0;0.0;0.0;0.0;0.0;0.0;0.0;0.0;0.0;0.0;0.0;0.0;0.0;0.0;0.0;0.0;0.0;0.0;0.0;0.0;0.0;0.0;0.0;0.0;0.0;0.0;0.0;0.0;0.0;0.0;0.0
Saboeiro;FLAMENGO;-6.25975;-39.762;2019;6;0.0;0.0;0.0;0.0;0.0;0.0;0.0;0.0;0.0;0.0;0.0;0.0;0.0;0.0;0.0;0.0;0.0;0.0;0.0;0.0;0.0;0.0;0.0;0.0;0.0;0.0;0.0;0.0;0.0;0.0;0.0;888.0
Saboeiro;FLAMENGO;-6.25975;-39.762;2019;7;5.0;0.0;0.0;0.0;0.0;0.0;0.0;0.0;0.0;0.0;0.0;0.0;5.0;0.0;0.0;0.0;0.0;0.0;0.0;0.0;0.0;0.0;0.0;0.0;0.0;0.0;0.0;0.0;0.0;0.0;0.0;0.0
Saboeiro;FLAMENGO;-6.25975;-39.762;2019;8;0.0;0.0;0.0;0.0;0.0;0.0;0.0;0.0;0.0;0.0;0.0;0.0;0.0;0.0;0.0;0.0;0.0;0.0;0.0;0.0;0.0;0.0;0.0;0.0;0.0;0.0;0.0;0.0;0.0;0.0;0.0;0.0
Saboeiro;FLAMENGO;-6.25975;-39.762;2019;9;0.0;0.0;0.0;0.0;0.0;0.0;0.0;0.0;0.0;0.0;0.0;0.0;0.0;0.0;0.0;0.0;0.0;0.0;0.0;0.0;0.0;0.0;0.0;0.0;0.0;0.0;0.0;0.0;0.0;0.0;0.0;888.0
Saboeiro;FLAMENGO;-6.25975;-39.762;2019;10;0.0;0.0;0.0;0.0;0.0;0.0;0.0;0.0;0.0;0.0;0.0;0.0;0.0;0.0;0.0;0.0;0.0;0.0;0.0;0.0;0.0;0.0;0.0;0.0;0.0;0.0;0.0;0.0;0.0;0.0;0.0;0.0
Saboeiro;FLAMENGO;-6.25975;-39.762;2019;11;0.0;0.0;0.0;0.0;0.0;0.0;0.0;0.0;0.0;0.0;0.0;0.0;0.0;0.0;0.0;0.0;0.0;0.0;0.0;0.0;0.0;0.0;0.0;0.0;0.0;0.0;0.0;0.0;0.0;0.0;0.0;888.0
Saboeiro;FLAMENGO;-6.25975;-39.762;2019;12;0.0;0.0;0.0;0.0;0.0;0.0;0.0;0.0;0.0;0.0;0.0;0.0;0.0;0.0;0.0;0.0;0.0;0.0;0.0;0.0;0.0;0.0;0.0;0.0;0.0;0.0;0.0;0.0;0.0;0.0;0.0;0.0
Saboeiro;FLAMENGO;-6.25975;-39.762;2020;1;129.0;55.0;0.0;0.0;0.0;0.0;0.0;0.0;0.0;0.0;0.0;0.0;0.0;0.0;13.0;0.0;0.0;0.0;0.0;5.0;0.0;0.0;0.0;0.0;0.0;0.0;0.0;0.0;32.0;0.0;24.0;0.0
Saboeiro;FLAMENGO;-6.25975;-39.762;2020;2;147.5;0.0;0.0;4.0;0.0;34.0;0.0;0.0;0.0;0.0;0.0;5.5;0.0;0.0;0.0;3.0;0.0;0.0;29.0;0.0;0.0;54.0;0.0;0.0;0.0;11.0;0.0;0.0;0.0;7.0;888.0;888.0
Saboeiro;FLAMENGO;-6.25975;-39.762;2020;3;261.7;0.0;0.0;0.0;22.0;0.0;0.0;0.0;8.0;0.0;22.0;7.3;0.0;35.0;0.0;42.0;79.0;7.4;0.0;39.0;0.0;0.0;0.0;0.0;0.0;0.0;0.0;0.0;0.0;0.0;0.0;0.0
Saboeiro;FLAMENGO;-6.25975;-39.762;2020;4;133.0;0.0;0.0;8.0;0.0;0.0;8.0;0.0;0.0;0.0;0.0;0.0;15.0;0.0;0.0;0.0;0.0;0.0;0.0;0.0;0.0;17.0;0.0;0.0;45.0;0.0;0.0;40.0;0.0;0.0;0.0;888.0
Saboeiro;FLAMENGO;-6.25975;-39.762;2020;5;75.0;0.0;0.0;0.0;0.0;0.0;0.0;0.0;0.0;0.0;0.0;0.0;0.0;0.0;0.0;0.0;38.0;0.0;0.0;37.0;0.0;0.0;0.0;0.0;0.0;0.0;0.0;0.0;0.0;0.0;0.0;0.0
Saboeiro;FLAMENGO;-6.25975;-39.762;2020;6;23.0;0.0;0.0;0.0;0.0;0.0;0.0;0.0;0.0;0.0;0.0;0.0;0.0;0.0;0.0;0.0;0.0;0.0;0.0;0.0;23.0;0.0;0.0;0.0;0.0;0.0;0.0;0.0;0.0;0.0;0.0;888.0
Saboeiro;FLAMENGO;-6.25975;-39.762;2020;7;0.0;0.0;0.0;0.0;0.0;0.0;0.0;0.0;0.0;0.0;0.0;0.0;0.0;0.0;0.0;0.0;0.0;0.0;0.0;0.0;0.0;0.0;0.0;0.0;0.0;0.0;0.0;0.0;0.0;0.0;0.0;0.0
Saboeiro;FLAMENGO;-6.25975;-39.762;2020;8;0.0;0.0;0.0;0.0;0.0;0.0;0.0;0.0;0.0;0.0;0.0;0.0;0.0;0.0;0.0;0.0;0.0;0.0;0.0;0.0;0.0;0.0;0.0;0.0;0.0;0.0;0.0;0.0;0.0;0.0;0.0;0.0
Saboeiro;FLAMENGO;-6.25975;-39.762;2020;9;0.0;0.0;0.0;0.0;0.0;0.0;0.0;0.0;0.0;0.0;0.0;0.0;0.0;0.0;0.0;0.0;0.0;0.0;0.0;0.0;0.0;0.0;0.0;0.0;0.0;0.0;0.0;0.0;0.0;0.0;0.0;888.0
Saboeiro;FLAMENGO;-6.25975;-39.762;2020;10;0.0;0.0;0.0;0.0;0.0;0.0;0.0;0.0;0.0;0.0;0.0;0.0;0.0;0.0;0.0;0.0;0.0;0.0;0.0;0.0;0.0;0.0;0.0;0.0;0.0;0.0;0.0;0.0;0.0;0.0;0.0;0.0
Saboeiro;FLAMENGO;-6.25975;-39.762;2020;11;85.0;0.0;0.0;33.0;0.0;0.0;0.0;0.0;0.0;0.0;41.0;0.0;0.0;0.0;0.0;0.0;0.0;0.0;0.0;0.0;0.0;0.0;0.0;0.0;0.0;0.0;11.0;0.0;0.0;0.0;0.0;888.0
Saboeiro;FLAMENGO;-6.25975;-39.762;2020;12;0.0;0.0;0.0;0.0;0.0;0.0;0.0;0.0;0.0;0.0;0.0;0.0;0.0;0.0;0.0;0.0;0.0;0.0;0.0;0.0;0.0;0.0;0.0;0.0;0.0;0.0;0.0;0.0;0.0;0.0;0.0;0.0
Saboeiro;FLAMENGO;-6.25975;-39.762;2021;1;43.0;0.0;0.0;0.0;0.0;0.0;0.0;0.0;0.0;0.0;0.0;0.0;0.0;0.0;0.0;0.0;0.0;0.0;0.0;0.0;0.0;0.0;0.0;0.0;0.0;0.0;23.0;9.0;11.0;0.0;0.0;0.0
Saboeiro;FLAMENGO;-6.25975;-39.762;2021;2;187.5;0.0;0.0;0.0;0.0;0.0;0.0;0.0;0.0;0.0;0.0;0.0;14.0;0.0;27.0;0.0;105.0;0.0;0.0;0.0;0.0;0.0;0.0;0.0;0.0;0.0;17.5;0.0;24.0;888.0;888.0;888.0
Saboeiro;FLAMENGO;-6.25975;-39.762;2021;3;151.2;8.0;0.0;32.0;0.0;6.0;0.0;0.0;0.0;0.0;0.0;0.0;0.0;0.0;0.0;0.0;0.0;0.0;0.0;0.0;0.0;12.0;25.0;0.0;47.0;0.0;0.0;0.0;0.0;0.0;21.2;0.0
Saboeiro;FLAMENGO;-6.25975;-39.762;2021;4;176.5;0.0;0.0;0.0;0.0;32.0;0.0;0.0;0.0;0.0;0.0;0.0;62.0;24.0;0.0;15.0;23.5;0.0;0.0;0.0;0.0;0.0;0.0;0.0;0.0;0.0;9.0;0.0;0.0;11.0;0.0;888.0
Saboeiro;FLAMENGO;-6.25975;-39.762;2021;5;52.3;0.0;0.0;0.0;0.0;0.0;16.0;0.0;17.0;0.0;0.0;0.0;0.0;0.0;0.0;19.3;0.0;0.0;0.0;0.0;0.0;0.0;0.0;0.0;0.0;0.0;0.0;0.0;0.0;0.0;0.0;0.0
Saboeiro;FLAMENGO;-6.25975;-39.762;2021;6;15.0;15.0;0.0;0.0;0.0;0.0;0.0;0.0;0.0;0.0;0.0;0.0;0.0;0.0;0.0;0.0;0.0;0.0;0.0;0.0;0.0;0.0;0.0;0.0;0.0;0.0;0.0;0.0;0.0;0.0;0.0;888.0
Saboeiro;FLAMENGO;-6.25975;-39.762;2021;7;22.0;0.0;22.0;0.0;0.0;0.0;0.0;0.0;0.0;0.0;0.0;0.0;0.0;0.0;0.0;0.0;0.0;0.0;0.0;0.0;0.0;0.0;0.0;0.0;0.0;0.0;0.0;0.0;0.0;0.0;0.0;0.0
Saboeiro;FLAMENGO;-6.25975;-39.762;2021;8;0.0;0.0;0.0;0.0;0.0;0.0;0.0;0.0;0.0;0.0;0.0;0.0;0.0;0.0;0.0;0.0;0.0;0.0;0.0;0.0;0.0;0.0;0.0;0.0;0.0;0.0;0.0;0.0;0.0;0.0;0.0;0.0
Saboeiro;FLAMENGO;-6.25975;-39.762;2021;9;0.0;0.0;0.0;0.0;0.0;0.0;0.0;0.0;0.0;0.0;0.0;0.0;0.0;0.0;0.0;0.0;0.0;0.0;0.0;0.0;0.0;0.0;0.0;0.0;0.0;0.0;0.0;0.0;0.0;0.0;0.0;888.0
Saboeiro;FLAMENGO;-6.25975;-39.762;2021;10;0.0;0.0;0.0;0.0;0.0;0.0;0.0;0.0;0.0;0.0;0.0;0.0;0.0;0.0;0.0;0.0;0.0;0.0;0.0;0.0;0.0;0.0;0.0;0.0;0.0;0.0;0.0;0.0;0.0;0.0;0.0;0.0
Saboeiro;FLAMENGO;-6.25975;-39.762;2021;11;15.0;0.0;0.0;0.0;0.0;0.0;0.0;0.0;0.0;0.0;0.0;0.0;0.0;0.0;15.0;0.0;0.0;0.0;0.0;0.0;0.0;0.0;0.0;0.0;0.0;0.0;0.0;0.0;0.0;0.0;0.0;888.0
Saboeiro;FLAMENGO;-6.25975;-39.762;2021;12;52.0;0.0;0.0;0.0;0.0;39.0;0.0;0.0;0.0;0.0;0.0;0.0;0.0;0.0;0.0;0.0;0.0;0.0;0.0;0.0;0.0;0.0;0.0;0.0;0.0;0.0;13.0;0.0;0.0;0.0;0.0;0.0
Saboeiro;FLAMENGO;-6.25975;-39.762;2022;1;162.0;0.0;37.0;20.0;0.0;0.0;0.0;0.0;0.0;0.0;0.0;0.0;0.0;39.0;0.0;33.0;0.0;0.0;0.0;0.0;0.0;0.0;0.0;0.0;0.0;0.0;0.0;33.0;0.0;0.0;0.0;0.0
Saboeiro;FLAMENGO;-6.25975;-39.762;2022;2;87.0;0.0;0.0;0.0;0.0;0.0;5.0;0.0;0.0;0.0;0.0;0.0;0.0;0.0;0.0;0.0;0.0;0.0;0.0;0.0;27.0;0.0;0.0;0.0;0.0;0.0;0.0;8.0;47.0;888.0;888.0;888.0
Saboeiro;FLAMENGO;-6.25975;-39.762;2022;3;266.0;9.0;0.0;0.0;21.0;0.0;0.0;0.0;0.0;0.0;42.0;0.0;0.0;0.0;0.0;15.0;20.0;0.0;29.0;0.0;0.0;0.0;27.0;0.0;25.0;31.0;0.0;0.0;47.0;0.0;0.0;0.0
Saboeiro;FLAMENGO;-6.25975;-39.762;2022;4;22.0;0.0;0.0;0.0;0.0;0.0;0.0;0.0;0.0;0.0;0.0;0.0;0.0;0.0;0.0;0.0;0.0;0.0;0.0;0.0;0.0;0.0;0.0;0.0;22.0;0.0;0.0;0.0;0.0;0.0;0.0;888.0
Saboeiro;FLAMENGO;-6.25975;-39.762;2022;5;51.8;0.0;0.0;9.0;0.0;0.0;0.0;0.0;0.0;0.0;0.0;0.0;0.0;0.0;0.0;0.0;0.0;0.0;0.0;0.0;10.0;0.0;0.0;0.0;0.0;0.0;0.0;18.0;0.0;5.8;0.0;9.0
Saboeiro;FLAMENGO;-6.25975;-39.762;2022;6;81.0;24.0;0.0;0.0;10.0;0.0;0.0;0.0;0.0;0.0;8.0;33.0;0.0;0.0;0.0;0.0;0.0;0.0;0.0;0.0;0.0;0.0;0.0;0.0;6.0;0.0;0.0;0.0;0.0;0.0;0.0;888.0
Saboeiro;FLAMENGO;-6.25975;-39.762;2022;7;16.0;0.0;0.0;0.0;0.0;0.0;0.0;0.0;16.0;0.0;0.0;0.0;0.0;0.0;0.0;0.0;0.0;0.0;0.0;0.0;0.0;0.0;0.0;0.0;0.0;0.0;0.0;0.0;0.0;0.0;0.0;0.0
Saboeiro;FLAMENGO;-6.25975;-39.762;2022;8;41.0;0.0;0.0;0.0;0.0;41.0;0.0;0.0;0.0;0.0;0.0;0.0;0.0;0.0;0.0;0.0;0.0;0.0;0.0;0.0;0.0;0.0;0.0;0.0;0.0;0.0;0.0;0.0;0.0;0.0;0.0;0.0
Saboeiro;FLAMENGO;-6.25975;-39.762;2022;9;0.0;0.0;0.0;0.0;0.0;0.0;0.0;0.0;0.0;0.0;0.0;0.0;0.0;0.0;0.0;0.0;0.0;0.0;0.0;0.0;0.0;0.0;0.0;0.0;0.0;0.0;0.0;0.0;0.0;0.0;0.0;888.0
Saboeiro;FLAMENGO;-6.25975;-39.762;2022;10;0.0;0.0;0.0;0.0;0.0;0.0;0.0;0.0;0.0;0.0;0.0;0.0;0.0;0.0;0.0;0.0;0.0;0.0;0.0;0.0;0.0;0.0;0.0;0.0;0.0;0.0;0.0;0.0;0.0;0.0;0.0;0.0
Saboeiro;FLAMENGO;-6.25975;-39.762;2022;11;152.0;0.0;0.0;0.0;39.0;21.0;55.0;37.0;0.0;0.0;0.0;0.0;0.0;0.0;0.0;0.0;0.0;0.0;0.0;0.0;0.0;0.0;0.0;0.0;0.0;0.0;0.0;0.0;0.0;0.0;0.0;888.0
Saboeiro;FLAMENGO;-6.25975;-39.762;2022;12;0.0;0.0;0.0;0.0;0.0;0.0;0.0;0.0;0.0;0.0;0.0;0.0;0.0;0.0;0.0;0.0;0.0;0.0;0.0;0.0;0.0;0.0;0.0;0.0;0.0;0.0;0.0;0.0;0.0;0.0;0.0;0.0
Saboeiro;FLAMENGO;-6.25975;-39.762;2023;1;234.0;0.0;27.0;0.0;0.0;0.0;0.0;0.0;0.0;0.0;0.0;0.0;0.0;0.0;0.0;19.0;49.0;0.0;0.0;31.0;70.0;0.0;0.0;0.0;0.0;0.0;0.0;0.0;0.0;0.0;0.0;38.0
Saboeiro;FLAMENGO;-6.25975;-39.762;2023;2;34.0;0.0;0.0;0.0;0.0;0.0;20.0;0.0;0.0;0.0;0.0;0.0;0.0;0.0;0.0;0.0;0.0;0.0;0.0;0.0;0.0;0.0;0.0;14.0;0.0;0.0;0.0;0.0;0.0;888.0;888.0;888.0
Saboeiro;FLAMENGO;-6.25975;-39.762;2023;3;229.0;0.0;0.0;8.0;0.0;0.0;0.0;0.0;0.0;0.0;0.0;0.0;0.0;20.0;0.0;0.0;0.0;0.0;0.0;23.0;0.0;0.0;70.0;0.0;0.0;0.0;0.0;86.0;0.0;0.0;14.0;8.0
Saboeiro;FLAMENGO;-6.25975;-39.762;2023;4;93.0;0.0;10.0;0.0;25.0;0.0;0.0;0.0;0.0;14.0;0.0;0.0;0.0;0.0;0.0;0.0;0.0;0.0;0.0;0.0;0.0;0.0;0.0;0.0;0.0;0.0;0.0;34.0;0.0;10.0;0.0;888.0
Saboeiro;FLAMENGO;-6.25975;-39.762;2023;5;108.0;18.0;0.0;0.0;0.0;15.0;0.0;0.0;0.0;0.0;0.0;0.0;0.0;0.0;0.0;75.0;0.0;0.0;0.0;0.0;0.0;0.0;0.0;0.0;0.0;0.0;0.0;0.0;0.0;0.0;0.0;0.0
Saboeiro;FLAMENGO;-6.25975;-39.762;2023;6;50.0;0.0;0.0;0.0;0.0;0.0;0.0;0.0;0.0;0.0;0.0;0.0;0.0;0.0;0.0;0.0;50.0;0.0;0.0;0.0;0.0;0.0;0.0;0.0;0.0;0.0;0.0;0.0;0.0;0.0;0.0;888.0
Saboeiro;FLAMENGO;-6.25975;-39.762;2023;7;9.0;0.0;0.0;0.0;0.0;0.0;0.0;9.0;0.0;0.0;0.0;0.0;0.0;0.0;0.0;0.0;0.0;0.0;0.0;0.0;0.0;0.0;0.0;0.0;0.0;0.0;0.0;0.0;0.0;0.0;0.0;0.0
Saboeiro;FLAMENGO;-6.25975;-39.762;2023;8;0.0;0.0;0.0;0.0;0.0;0.0;0.0;0.0;0.0;0.0;0.0;0.0;0.0;0.0;0.0;0.0;0.0;0.0;0.0;0.0;0.0;0.0;0.0;0.0;0.0;0.0;0.0;0.0;0.0;0.0;0.0;0.0
Saboeiro;FLAMENGO;-6.25975;-39.762;2023;9;0.0;0.0;0.0;0.0;0.0;0.0;0.0;0.0;0.0;0.0;0.0;0.0;0.0;0.0;0.0;0.0;0.0;0.0;0.0;0.0;0.0;0.0;0.0;0.0;0.0;0.0;0.0;0.0;0.0;0.0;0.0;888.0
Saboeiro;FLAMENGO;-6.25975;-39.762;2023;10;0.0;0.0;0.0;0.0;0.0;0.0;0.0;0.0;0.0;0.0;0.0;0.0;0.0;0.0;0.0;0.0;0.0;0.0;0.0;0.0;0.0;0.0;0.0;0.0;0.0;0.0;0.0;0.0;0.0;0.0;0.0;0.0
Saboeiro;FLAMENGO;-6.25975;-39.762;2023;11;0.0;0.0;0.0;0.0;0.0;0.0;0.0;0.0;0.0;0.0;0.0;0.0;0.0;0.0;0.0;0.0;0.0;0.0;0.0;0.0;0.0;0.0;0.0;0.0;0.0;0.0;0.0;0.0;0.0;0.0;0.0;888.0
Saboeiro;FLAMENGO;-6.25975;-39.762;2023;12;10.0;0.0;0.0;0.0;0.0;0.0;0.0;0.0;0.0;0.0;0.0;0.0;0.0;0.0;0.0;0.0;0.0;0.0;0.0;0.0;10.0;0.0;0.0;0.0;0.0;0.0;0.0;0.0;0.0;0.0;0.0;0.0
Saboeiro;FLAMENGO;-6.25975;-39.762;2024;1;39.0;0.0;0.0;0.0;0.0;0.0;0.0;0.0;0.0;0.0;0.0;0.0;39.0;0.0;0.0;0.0;0.0;0.0;0.0;0.0;0.0;0.0;0.0;0.0;0.0;0.0;0.0;0.0;0.0;0.0;0.0;0.0
Saboeiro;FLAMENGO;-6.25975;-39.762;2024;2;164.0;0.0;0.0;0.0;0.0;0.0;0.0;0.0;0.0;0.0;15.0;42.0;0.0;0.0;22.0;0.0;14.0;0.0;0.0;0.0;0.0;0.0;7.0;2.0;0.0;0.0;0.0;0.0;11.0;51.0;888.0;888.0
Saboeiro;FLAMENGO;-6.25975;-39.762;2024;3;217.0;11.0;0.0;0.0;0.0;0.0;0.0;0.0;0.0;0.0;0.0;7.0;0.0;40.0;15.0;14.0;0.0;0.0;0.0;14.0;0.0;0.0;0.0;0.0;0.0;10.0;0.0;52.0;0.0;12.0;42.0;0.0
Saboeiro;FLAMENGO;-6.25975;-39.762;2024;4;265.0;25.0;0.0;0.0;14.0;0.0;0.0;0.0;0.0;0.0;0.0;0.0;84.0;13.0;0.0;16.0;17.0;0.0;32.0;0.0;0.0;61.0;3.0;0.0;0.0;0.0;0.0;0.0;0.0;0.0;0.0;888.0
Saboeiro;FLAMENGO;-6.25975;-39.762;2024;5;105.0;0.0;0.0;16.0;10.0;0.0;0.0;0.0;0.0;0.0;0.0;0.0;0.0;0.0;0.0;0.0;0.0;0.0;0.0;0.0;45.0;6.0;0.0;0.0;0.0;0.0;0.0;0.0;0.0;0.0;0.0;28.0
Saboeiro;FLAMENGO;-6.25975;-39.762;2024;6;0.0;0.0;0.0;0.0;0.0;0.0;0.0;0.0;0.0;0.0;0.0;0.0;0.0;0.0;0.0;0.0;0.0;0.0;0.0;0.0;0.0;0.0;0.0;0.0;0.0;0.0;0.0;0.0;0.0;0.0;0.0;888.0
Saboeiro;FLAMENGO;-6.25975;-39.762;2024;7;10.0;0.0;0.0;0.0;0.0;0.0;0.0;0.0;0.0;0.0;0.0;10.0;0.0;0.0;0.0;0.0;0.0;0.0;0.0;0.0;0.0;0.0;0.0;0.0;0.0;0.0;0.0;0.0;0.0;0.0;0.0;0.0
Saboeiro;FLAMENGO;-6.25975;-39.762;2024;8;0.0;0.0;0.0;0.0;0.0;0.0;0.0;0.0;0.0;0.0;0.0;0.0;0.0;0.0;0.0;0.0;0.0;0.0;0.0;0.0;0.0;0.0;0.0;0.0;0.0;0.0;0.0;0.0;0.0;0.0;0.0;0.0
Saboeiro;FLAMENGO;-6.25975;-39.762;2024;9;0.0;0.0;0.0;0.0;0.0;0.0;0.0;0.0;0.0;0.0;0.0;0.0;0.0;0.0;0.0;0.0;0.0;0.0;0.0;0.0;0.0;0.0;0.0;0.0;0.0;0.0;0.0;0.0;0.0;0.0;0.0;888.0
Saboeiro;FLAMENGO;-6.25975;-39.762;2024;10;0.0;0.0;0.0;0.0;0.0;0.0;0.0;0.0;0.0;0.0;0.0;0.0;0.0;0.0;0.0;0.0;0.0;0.0;0.0;0.0;0.0;0.0;0.0;0.0;999.0;999.0;999.0;999.0;999.0;999.0;999.0;999.0
