Municipios;Postos;Latitude;Longitude;Anos;Meses;Total;Dia1;Dia2;Dia3;Dia4;Dia5;Dia6;Dia7;Dia8;Dia9;Dia10;Dia11;Dia12;Dia13;Dia14;Dia15;Dia16;Dia17;Dia18;Dia19;Dia20;Dia21;Dia22;Dia23;Dia24;Dia25;Dia26;Dia27;Dia28;Dia29;Dia30;Dia31
Aiuaba;FAZENDA NOVA;-6.5;-40.366694444444;2000;11;0.0;0.0;0.0;0.0;0.0;0.0;0.0;0.0;0.0;0.0;0.0;0.0;0.0;0.0;0.0;0.0;0.0;0.0;0.0;0.0;0.0;0.0;0.0;0.0;0.0;0.0;0.0;0.0;0.0;0.0;0.0;888.0
Aiuaba;FAZENDA NOVA;-6.5;-40.366694444444;2000;12;108.8;0.0;0.0;0.0;0.0;0.0;0.0;0.0;0.0;0.0;0.0;0.0;0.0;51.0;20.8;21.8;13.6;0.0;0.0;0.0;0.0;0.0;0.0;1.6;0.0;0.0;0.0;0.0;0.0;0.0;0.0;0.0
Aiuaba;FAZENDA NOVA;-6.5;-40.366694444444;2001;1;19.0;0.0;0.0;1.0;0.0;0.0;3.2;4.8;0.0;0.0;0.0;0.0;1.6;0.0;0.0;0.0;0.0;0.0;0.0;0.0;0.0;0.0;0.0;2.6;0.0;0.0;0.0;0.0;0.0;3.2;2.0;0.6
Aiuaba;FAZENDA NOVA;-6.5;-40.366694444444;2001;2;52.6;0.0;1.2;26.4;3.0;0.0;0.0;0.0;0.0;0.0;0.0;0.0;2.2;0.0;4.0;2.0;0.0;0.0;6.6;1.2;0.0;0.0;0.0;0.0;0.0;0.0;6.0;0.0;0.0;888.0;888.0;888.0
Aiuaba;FAZENDA NOVA;-6.5;-40.366694444444;2001;3;63.6;0.0;19.2;2.2;0.0;0.0;0.0;0.0;0.0;0.0;0.0;8.8;10.4;5.2;1.4;3.4;3.0;0.0;0.0;0.0;0.0;0.0;1.6;5.2;0.0;0.0;0.0;0.0;0.0;0.0;3.2;0.0
Aiuaba;FAZENDA NOVA;-6.5;-40.366694444444;2001;4;97.2;0.0;0.0;8.8;2.8;0.0;0.0;0.0;0.0;0.0;0.0;5.2;0.0;0.0;3.0;28.0;0.0;30.8;12.0;1.2;2.2;0.0;0.0;0.0;0.0;0.0;0.0;0.0;3.2;0.0;0.0;888.0
Aiuaba;FAZENDA NOVA;-6.5;-40.366694444444;2001;5;9.6;0.0;0.0;0.0;0.0;1.4;0.0;0.0;0.0;0.0;0.0;0.0;0.0;0.0;0.0;0.0;0.0;0.0;0.0;0.0;0.2;0.0;0.0;0.0;0.0;4.4;1.4;0.0;1.2;0.0;1.0;0.0
Aiuaba;FAZENDA NOVA;-6.5;-40.366694444444;2001;6;28.6;7.6;11.8;0.0;0.0;0.0;0.0;0.0;0.0;0.0;0.0;1.4;0.0;0.0;0.0;0.0;0.0;0.0;0.0;0.0;0.0;0.0;0.0;0.0;0.0;0.0;0.0;0.0;7.8;0.0;0.0;888.0
Aiuaba;FAZENDA NOVA;-6.5;-40.366694444444;2001;7;2.0;0.0;0.0;0.0;0.0;0.0;0.0;0.0;0.0;0.0;0.0;0.0;0.0;0.0;0.0;0.0;0.0;0.0;0.0;0.0;2.0;0.0;0.0;0.0;0.0;0.0;0.0;0.0;0.0;0.0;0.0;0.0
Aiuaba;FAZENDA NOVA;-6.5;-40.366694444444;2001;8;0.0;0.0;0.0;0.0;0.0;0.0;0.0;0.0;0.0;0.0;0.0;0.0;0.0;0.0;0.0;0.0;0.0;0.0;0.0;0.0;0.0;0.0;0.0;0.0;0.0;0.0;0.0;0.0;0.0;0.0;0.0;0.0
Aiuaba;FAZENDA NOVA;-6.5;-40.366694444444;2001;9;3.2;0.0;0.0;3.2;0.0;0.0;0.0;0.0;0.0;0.0;0.0;0.0;0.0;0.0;0.0;0.0;0.0;0.0;0.0;0.0;0.0;0.0;0.0;0.0;0.0;0.0;0.0;0.0;0.0;0.0;0.0;888.0
Aiuaba;FAZENDA NOVA;-6.5;-40.366694444444;2001;10;3.2;0.0;0.0;0.0;0.0;0.0;0.0;0.0;0.0;0.0;0.0;0.0;3.2;0.0;0.0;0.0;0.0;0.0;0.0;0.0;0.0;0.0;0.0;0.0;0.0;0.0;0.0;0.0;0.0;0.0;0.0;0.0
Aiuaba;FAZENDA NOVA;-6.5;-40.366694444444;2001;11;0.0;0.0;0.0;0.0;0.0;0.0;0.0;0.0;0.0;0.0;0.0;0.0;0.0;0.0;0.0;0.0;0.0;0.0;0.0;0.0;0.0;0.0;0.0;0.0;0.0;0.0;0.0;0.0;0.0;0.0;0.0;888.0
Aiuaba;FAZENDA NOVA;-6.5;-40.366694444444;2001;12;54.2;0.0;0.0;0.0;33.2;0.0;3.0;12.4;0.0;0.0;0.0;1.4;0.0;0.0;0.0;0.0;0.0;0.0;0.0;0.0;0.0;0.0;0.0;0.0;0.0;0.0;0.0;0.0;1.0;3.2;0.0;0.0
Aiuaba;FAZENDA NOVA;-6.5;-40.366694444444;2002;1;239.4;5.8;20.0;6.2;3.2;8.0;2.8;2.4;20.2;21.4;0.0;0.0;4.8;10.6;1.8;0.0;37.0;60.8;9.6;0.0;4.0;0.0;19.0;0.0;0.0;0.0;0.0;0.0;0.0;1.8;0.0;0.0
Aiuaba;FAZENDA NOVA;-6.5;-40.366694444444;2002;2;9.8;0.0;0.0;0.0;0.0;0.0;0.0;0.0;0.0;0.0;3.6;0.0;0.0;3.2;0.0;0.0;0.0;0.0;0.0;0.0;0.0;3.0;0.0;0.0;0.0;0.0;0.0;0.0;0.0;888.0;888.0;888.0
Aiuaba;FAZENDA NOVA;-6.5;-40.366694444444;2002;3;136.8;0.0;0.0;0.0;3.2;9.2;21.0;8.0;20.8;0.0;3.8;0.0;0.0;0.0;0.0;0.0;0.0;0.0;12.8;6.2;11.4;0.0;0.0;0.0;25.0;0.0;5.8;9.6;0.0;0.0;0.0;0.0
Aiuaba;FAZENDA NOVA;-6.5;-40.366694444444;2002;4;65.2;0.0;0.0;0.0;0.0;6.4;0.0;9.0;13.2;0.0;0.0;0.0;0.0;22.2;2.0;0.0;0.0;12.4;0.0;0.0;0.0;0.0;0.0;0.0;0.0;0.0;0.0;0.0;0.0;0.0;0.0;888.0
Aiuaba;FAZENDA NOVA;-6.5;-40.366694444444;2002;5;44.8;0.0;16.2;7.8;0.0;0.0;0.0;0.0;0.0;0.0;0.0;0.0;0.0;0.0;0.0;0.0;0.0;4.2;0.0;0.0;0.0;0.0;0.0;0.0;12.0;0.0;4.6;0.0;0.0;0.0;0.0;0.0
Aiuaba;FAZENDA NOVA;-6.5;-40.366694444444;2002;6;0.0;0.0;0.0;0.0;0.0;0.0;0.0;0.0;0.0;0.0;0.0;0.0;0.0;0.0;0.0;0.0;0.0;0.0;0.0;0.0;0.0;0.0;0.0;0.0;0.0;0.0;0.0;0.0;0.0;0.0;0.0;888.0
Aiuaba;FAZENDA NOVA;-6.5;-40.366694444444;2002;7;0.0;0.0;0.0;0.0;0.0;0.0;0.0;0.0;0.0;0.0;0.0;0.0;0.0;0.0;0.0;0.0;0.0;0.0;0.0;0.0;0.0;0.0;0.0;0.0;0.0;0.0;0.0;0.0;0.0;0.0;0.0;0.0
Aiuaba;FAZENDA NOVA;-6.5;-40.366694444444;2002;8;0.0;0.0;0.0;0.0;0.0;0.0;0.0;0.0;0.0;0.0;0.0;0.0;0.0;0.0;0.0;0.0;0.0;0.0;0.0;0.0;0.0;0.0;0.0;0.0;0.0;0.0;0.0;0.0;0.0;0.0;0.0;0.0
Aiuaba;FAZENDA NOVA;-6.5;-40.366694444444;2002;9;0.0;0.0;0.0;0.0;0.0;0.0;0.0;0.0;0.0;0.0;0.0;0.0;0.0;0.0;0.0;0.0;0.0;0.0;0.0;0.0;0.0;0.0;0.0;0.0;0.0;0.0;0.0;0.0;0.0;0.0;0.0;888.0
Aiuaba;FAZENDA NOVA;-6.5;-40.366694444444;2002;10;0.0;0.0;0.0;0.0;0.0;0.0;0.0;0.0;0.0;0.0;0.0;0.0;0.0;0.0;0.0;0.0;0.0;0.0;0.0;0.0;0.0;0.0;0.0;0.0;0.0;0.0;0.0;0.0;0.0;0.0;0.0;0.0
Aiuaba;FAZENDA NOVA;-6.5;-40.366694444444;2002;11;0.0;0.0;0.0;0.0;0.0;0.0;0.0;0.0;0.0;0.0;0.0;0.0;0.0;0.0;0.0;0.0;0.0;0.0;0.0;0.0;0.0;0.0;0.0;0.0;0.0;0.0;0.0;0.0;0.0;0.0;0.0;888.0
Aiuaba;FAZENDA NOVA;-6.5;-40.366694444444;2002;12;0.0;0.0;0.0;0.0;0.0;0.0;0.0;0.0;0.0;0.0;0.0;0.0;0.0;0.0;0.0;0.0;0.0;0.0;0.0;0.0;0.0;0.0;0.0;0.0;0.0;0.0;0.0;0.0;0.0;0.0;0.0;0.0
Aiuaba;FAZENDA NOVA;-6.5;-40.366694444444;2003;1;49.2;0.0;0.0;0.0;0.0;0.0;0.0;0.0;0.0;0.0;0.0;0.0;0.0;0.0;0.0;0.0;0.0;0.0;0.0;1.8;26.8;0.0;0.0;0.0;4.8;0.0;0.0;0.0;0.0;0.0;0.0;15.8
Aiuaba;FAZENDA NOVA;-6.5;-40.366694444444;2003;2;77.9;10.5;0.0;0.0;0.0;5.0;0.0;0.0;0.0;0.0;0.0;0.0;0.0;0.0;0.0;0.0;0.0;0.0;0.0;0.0;0.0;8.0;0.0;16.0;0.0;38.4;0.0;0.0;0.0;888.0;888.0;888.0
Aiuaba;FAZENDA NOVA;-6.5;-40.366694444444;2003;3;223.6;0.0;0.0;0.0;0.0;0.0;0.0;0.0;0.0;0.0;0.0;0.0;0.0;0.0;0.0;0.0;10.8;0.0;14.8;0.0;133.0;17.0;0.0;0.0;33.0;0.0;0.0;0.0;0.0;5.4;0.0;9.6
Aiuaba;FAZENDA NOVA;-6.5;-40.366694444444;2003;4;102.0;16.0;0.0;0.0;0.0;0.0;0.0;0.0;0.0;0.0;0.0;0.0;0.0;0.0;0.0;17.0;0.0;0.0;0.0;0.0;0.0;0.0;8.6;0.0;0.0;0.0;0.0;0.0;47.8;12.6;0.0;888.0
Aiuaba;FAZENDA NOVA;-6.5;-40.366694444444;2003;5;23.6;0.0;0.0;0.0;0.0;0.0;0.0;0.0;0.0;0.0;0.0;0.0;9.4;14.2;0.0;0.0;0.0;0.0;0.0;0.0;0.0;0.0;0.0;0.0;0.0;0.0;0.0;0.0;0.0;0.0;0.0;0.0
Aiuaba;FAZENDA NOVA;-6.5;-40.366694444444;2003;6;0.0;0.0;0.0;0.0;0.0;0.0;0.0;0.0;0.0;0.0;0.0;0.0;0.0;0.0;0.0;0.0;0.0;0.0;0.0;0.0;0.0;0.0;0.0;0.0;0.0;0.0;0.0;0.0;0.0;0.0;0.0;888.0
Aiuaba;FAZENDA NOVA;-6.5;-40.366694444444;2003;7;0.0;0.0;0.0;0.0;0.0;0.0;0.0;0.0;0.0;0.0;0.0;0.0;0.0;0.0;0.0;0.0;0.0;0.0;0.0;0.0;0.0;0.0;0.0;0.0;0.0;0.0;0.0;0.0;0.0;0.0;0.0;0.0
Aiuaba;FAZENDA NOVA;-6.5;-40.366694444444;2003;8;0.0;0.0;0.0;0.0;0.0;0.0;0.0;0.0;0.0;0.0;0.0;0.0;0.0;0.0;0.0;0.0;0.0;0.0;0.0;0.0;0.0;0.0;0.0;0.0;0.0;0.0;0.0;0.0;0.0;0.0;0.0;0.0
Aiuaba;FAZENDA NOVA;-6.5;-40.366694444444;2003;9;0.0;0.0;0.0;0.0;0.0;0.0;0.0;0.0;0.0;0.0;0.0;0.0;0.0;0.0;0.0;0.0;0.0;0.0;0.0;0.0;0.0;0.0;0.0;0.0;0.0;0.0;0.0;0.0;0.0;0.0;0.0;888.0
Aiuaba;FAZENDA NOVA;-6.5;-40.366694444444;2003;10;0.0;0.0;0.0;0.0;0.0;0.0;0.0;0.0;0.0;0.0;0.0;0.0;0.0;0.0;0.0;0.0;0.0;0.0;0.0;0.0;0.0;0.0;0.0;0.0;0.0;0.0;0.0;0.0;0.0;0.0;0.0;0.0
Aiuaba;FAZENDA NOVA;-6.5;-40.366694444444;2003;11;0.0;0.0;0.0;0.0;0.0;0.0;0.0;0.0;0.0;0.0;0.0;0.0;0.0;0.0;0.0;0.0;0.0;0.0;0.0;0.0;0.0;0.0;0.0;0.0;0.0;0.0;0.0;0.0;0.0;0.0;0.0;888.0
Aiuaba;FAZENDA NOVA;-6.5;-40.366694444444;2003;12;13.8;0.0;0.0;0.0;0.0;0.0;0.0;0.0;0.0;0.0;0.0;0.0;0.0;0.0;0.0;0.0;0.0;0.0;0.0;0.0;0.0;0.0;0.0;0.0;0.0;6.4;0.0;0.0;0.0;7.4;0.0;0.0
Aiuaba;FAZENDA NOVA;-6.5;-40.366694444444;2004;1;379.4;0.0;0.0;0.0;0.0;0.0;0.0;0.0;0.0;0.0;0.0;0.0;36.6;0.0;0.0;0.0;12.0;111.0;38.2;0.0;32.2;0.0;23.8;0.0;24.8;10.2;29.4;4.0;57.2;0.0;0.0;0.0
Aiuaba;FAZENDA NOVA;-6.5;-40.366694444444;2004;2;191.1;2.0;7.0;0.0;27.0;2.0;0.0;0.0;0.0;4.8;0.0;0.0;0.0;0.0;0.0;0.0;53.0;0.0;0.0;0.0;0.0;0.0;14.5;0.0;5.8;0.0;0.0;75.0;0.0;0.0;888.0;888.0
Aiuaba;FAZENDA NOVA;-6.5;-40.366694444444;2004;3;2.2;0.0;0.0;0.0;0.0;0.0;0.0;0.0;0.0;0.0;0.0;0.0;0.0;1.4;0.0;0.0;0.0;0.0;0.0;0.0;0.0;0.0;0.0;0.0;0.0;0.0;0.0;0.8;0.0;0.0;0.0;0.0
Aiuaba;FAZENDA NOVA;-6.5;-40.366694444444;2004;4;10.7;0.0;0.0;0.0;0.9;0.0;0.0;0.0;0.0;0.0;0.0;0.0;0.0;0.0;0.0;0.0;0.0;0.0;0.0;0.0;0.0;0.0;0.0;0.0;0.0;6.8;3.0;0.0;0.0;0.0;0.0;888.0
Aiuaba;FAZENDA NOVA;-6.5;-40.366694444444;2004;5;33.5;0.0;0.0;0.0;0.0;0.0;0.0;0.0;0.5;0.0;0.0;0.0;0.0;0.0;0.0;0.0;0.0;0.0;8.8;0.0;0.0;8.2;0.0;0.0;0.0;11.4;0.0;0.0;0.0;4.6;0.0;0.0
Aiuaba;FAZENDA NOVA;-6.5;-40.366694444444;2004;6;16.6;0.0;5.6;0.0;0.0;11.0;0.0;0.0;0.0;0.0;0.0;0.0;0.0;0.0;0.0;0.0;0.0;0.0;0.0;0.0;0.0;0.0;0.0;0.0;0.0;0.0;0.0;0.0;0.0;0.0;0.0;888.0
Aiuaba;FAZENDA NOVA;-6.5;-40.366694444444;2004;7;2.2;0.0;0.0;0.0;2.2;0.0;0.0;0.0;0.0;0.0;0.0;0.0;0.0;0.0;0.0;0.0;0.0;0.0;0.0;0.0;0.0;0.0;0.0;0.0;0.0;0.0;0.0;0.0;0.0;0.0;0.0;0.0
Aiuaba;FAZENDA NOVA;-6.5;-40.366694444444;2004;8;0.0;0.0;0.0;0.0;0.0;0.0;0.0;0.0;0.0;0.0;0.0;0.0;0.0;0.0;0.0;0.0;0.0;0.0;0.0;0.0;0.0;0.0;0.0;0.0;0.0;0.0;0.0;0.0;0.0;0.0;0.0;0.0
Aiuaba;FAZENDA NOVA;-6.5;-40.366694444444;2004;9;0.0;0.0;0.0;0.0;0.0;0.0;0.0;0.0;0.0;0.0;0.0;0.0;0.0;0.0;0.0;0.0;0.0;0.0;0.0;0.0;0.0;0.0;0.0;0.0;0.0;0.0;0.0;0.0;0.0;0.0;0.0;888.0
Aiuaba;FAZENDA NOVA;-6.5;-40.366694444444;2004;10;0.0;0.0;0.0;0.0;0.0;0.0;0.0;0.0;0.0;0.0;0.0;0.0;0.0;0.0;0.0;0.0;0.0;0.0;0.0;0.0;0.0;0.0;0.0;0.0;0.0;0.0;0.0;0.0;0.0;0.0;0.0;0.0
Aiuaba;FAZENDA NOVA;-6.5;-40.366694444444;2004;11;0.0;0.0;0.0;0.0;0.0;0.0;0.0;0.0;0.0;0.0;0.0;0.0;0.0;0.0;0.0;0.0;0.0;0.0;0.0;0.0;0.0;0.0;0.0;0.0;0.0;0.0;0.0;0.0;0.0;0.0;0.0;888.0
Aiuaba;FAZENDA NOVA;-6.5;-40.366694444444;2004;12;15.6;0.0;0.0;0.0;0.0;0.0;0.0;0.0;0.0;0.0;0.0;0.0;0.0;0.0;0.0;0.0;0.0;0.0;0.0;0.0;0.0;0.0;0.0;0.0;0.0;0.0;0.0;15.6;0.0;0.0;0.0;0.0
Aiuaba;FAZENDA NOVA;-6.5;-40.366694444444;2005;1;136.7;0.0;0.0;0.0;0.0;0.0;0.0;0.0;0.0;0.0;0.0;0.0;0.0;0.0;0.0;31.9;0.0;16.2;0.0;0.0;0.0;0.0;0.0;50.4;0.0;0.0;38.2;0.0;0.0;0.0;0.0;0.0
Aiuaba;FAZENDA NOVA;-6.5;-40.366694444444;2005;2;50.6;0.0;0.0;0.0;0.0;0.0;0.0;0.0;0.0;0.0;0.0;0.0;0.0;0.0;0.0;28.4;0.0;22.2;0.0;0.0;0.0;0.0;0.0;0.0;0.0;0.0;0.0;0.0;0.0;888.0;888.0;888.0
Aiuaba;FAZENDA NOVA;-6.5;-40.366694444444;2005;3;209.1;0.0;0.0;0.0;51.9;0.0;0.0;0.0;0.0;0.0;0.0;0.0;0.0;36.0;2.6;0.0;0.0;0.0;0.0;0.0;0.0;0.0;20.8;0.0;0.0;3.2;29.0;0.0;57.6;8.0;0.0;0.0
Aiuaba;FAZENDA NOVA;-6.5;-40.366694444444;2005;4;33.0;0.0;0.0;0.0;0.0;0.0;0.0;0.0;0.0;0.0;0.0;0.0;0.0;0.0;0.0;0.0;1.2;0.0;0.0;0.0;1.8;0.0;0.0;0.0;0.0;0.0;0.0;4.4;2.0;0.0;23.6;888.0
Aiuaba;FAZENDA NOVA;-6.5;-40.366694444444;2005;5;51.6;4.6;13.8;14.4;0.0;18.8;0.0;0.0;0.0;0.0;0.0;0.0;0.0;0.0;0.0;0.0;0.0;0.0;0.0;0.0;0.0;0.0;0.0;0.0;0.0;0.0;0.0;0.0;0.0;0.0;0.0;0.0
Aiuaba;FAZENDA NOVA;-6.5;-40.366694444444;2005;6;1.8;0.0;0.0;0.0;0.0;0.0;0.0;0.0;0.0;0.0;0.0;0.0;0.0;0.0;0.0;0.0;0.0;0.0;0.0;0.0;0.0;0.0;0.0;0.0;0.0;0.0;0.0;1.8;0.0;0.0;0.0;888.0
Aiuaba;FAZENDA NOVA;-6.5;-40.366694444444;2005;7;0.0;0.0;0.0;0.0;0.0;0.0;0.0;0.0;0.0;0.0;0.0;0.0;0.0;0.0;0.0;0.0;0.0;0.0;0.0;0.0;0.0;0.0;0.0;0.0;0.0;0.0;0.0;0.0;0.0;0.0;0.0;0.0
Aiuaba;FAZENDA NOVA;-6.5;-40.366694444444;2005;8;0.0;0.0;0.0;0.0;0.0;0.0;0.0;0.0;0.0;0.0;0.0;0.0;0.0;0.0;0.0;0.0;0.0;0.0;0.0;0.0;0.0;0.0;0.0;0.0;0.0;0.0;0.0;0.0;0.0;0.0;0.0;0.0
Aiuaba;FAZENDA NOVA;-6.5;-40.366694444444;2005;9;0.0;0.0;0.0;0.0;0.0;0.0;0.0;0.0;0.0;0.0;0.0;0.0;0.0;0.0;0.0;0.0;0.0;0.0;0.0;0.0;0.0;0.0;0.0;0.0;0.0;0.0;0.0;0.0;0.0;0.0;0.0;888.0
Aiuaba;FAZENDA NOVA;-6.5;-40.366694444444;2005;10;0.0;0.0;0.0;0.0;0.0;0.0;0.0;0.0;0.0;0.0;0.0;0.0;0.0;0.0;0.0;0.0;0.0;0.0;0.0;0.0;0.0;0.0;0.0;0.0;0.0;0.0;0.0;0.0;0.0;0.0;0.0;0.0
Aiuaba;FAZENDA NOVA;-6.5;-40.366694444444;2005;11;0.0;0.0;0.0;0.0;0.0;0.0;0.0;0.0;0.0;0.0;0.0;0.0;0.0;0.0;0.0;0.0;0.0;0.0;0.0;0.0;0.0;0.0;0.0;0.0;0.0;0.0;0.0;0.0;0.0;0.0;0.0;888.0
Aiuaba;FAZENDA NOVA;-6.5;-40.366694444444;2005;12;86.2;0.0;0.0;0.0;0.0;30.6;0.0;42.8;12.8;0.0;0.0;0.0;0.0;0.0;0.0;0.0;0.0;0.0;0.0;0.0;0.0;0.0;0.0;0.0;0.0;0.0;0.0;0.0;0.0;0.0;0.0;0.0
Aiuaba;FAZENDA NOVA;-6.5;-40.366694444444;2006;1;38.3;31.8;0.0;0.0;0.0;0.0;0.0;0.0;0.0;0.0;0.0;5.1;1.4;0.0;0.0;0.0;0.0;0.0;0.0;0.0;0.0;0.0;0.0;0.0;0.0;0.0;0.0;0.0;0.0;0.0;0.0;0.0
Aiuaba;FAZENDA NOVA;-6.5;-40.366694444444;2006;2;100.7;0.0;0.0;0.0;0.0;26.4;17.8;0.0;0.0;0.0;0.0;0.0;0.0;0.0;13.4;0.0;6.8;0.0;8.0;0.0;6.1;0.0;0.0;6.8;0.0;15.4;0.0;0.0;0.0;888.0;888.0;888.0
Aiuaba;FAZENDA NOVA;-6.5;-40.366694444444;2006;3;122.1;0.0;10.4;7.6;0.0;0.0;0.0;0.0;0.0;0.0;0.0;10.4;0.0;7.1;4.0;0.0;0.0;0.0;0.0;0.0;13.7;0.0;5.4;0.0;31.2;0.0;0.0;8.5;0.0;8.2;15.6;0.0
Aiuaba;FAZENDA NOVA;-6.5;-40.366694444444;2006;4;106.7;0.0;0.0;0.0;0.0;0.0;0.0;0.0;11.4;1.7;0.0;0.0;0.0;0.0;0.0;0.0;17.0;0.0;43.3;0.0;2.2;0.0;5.3;0.0;0.0;0.0;6.6;0.0;0.0;19.2;0.0;888.0
Aiuaba;FAZENDA NOVA;-6.5;-40.366694444444;2006;5;40.8;29.0;0.0;0.0;3.4;0.0;0.0;0.0;0.0;0.0;0.0;0.0;0.0;0.0;0.0;8.4;0.0;0.0;0.0;0.0;0.0;0.0;0.0;0.0;0.0;0.0;0.0;0.0;0.0;0.0;0.0;0.0
Aiuaba;FAZENDA NOVA;-6.5;-40.366694444444;2006;6;0.0;0.0;0.0;0.0;0.0;0.0;0.0;0.0;0.0;0.0;0.0;0.0;0.0;0.0;0.0;0.0;0.0;0.0;0.0;0.0;0.0;0.0;0.0;0.0;0.0;0.0;0.0;0.0;0.0;0.0;0.0;888.0
Aiuaba;FAZENDA NOVA;-6.5;-40.366694444444;2006;7;0.0;0.0;0.0;0.0;0.0;0.0;0.0;0.0;0.0;0.0;0.0;0.0;0.0;0.0;0.0;0.0;0.0;0.0;0.0;0.0;0.0;0.0;0.0;0.0;0.0;0.0;0.0;0.0;0.0;0.0;0.0;0.0
Aiuaba;FAZENDA NOVA;-6.5;-40.366694444444;2006;8;0.0;0.0;0.0;0.0;0.0;0.0;0.0;0.0;0.0;0.0;0.0;0.0;0.0;0.0;0.0;0.0;0.0;0.0;0.0;0.0;0.0;0.0;0.0;0.0;0.0;0.0;0.0;0.0;0.0;0.0;0.0;0.0
Aiuaba;FAZENDA NOVA;-6.5;-40.366694444444;2006;9;0.0;0.0;0.0;0.0;0.0;0.0;0.0;0.0;0.0;0.0;0.0;0.0;0.0;0.0;0.0;0.0;0.0;0.0;0.0;0.0;0.0;0.0;0.0;0.0;0.0;0.0;0.0;0.0;0.0;0.0;0.0;888.0
Aiuaba;FAZENDA NOVA;-6.5;-40.366694444444;2006;10;0.0;0.0;0.0;0.0;0.0;0.0;0.0;0.0;0.0;0.0;0.0;0.0;0.0;0.0;0.0;0.0;0.0;0.0;0.0;0.0;0.0;0.0;0.0;0.0;0.0;0.0;0.0;0.0;0.0;0.0;0.0;0.0
Aiuaba;FAZENDA NOVA;-6.5;-40.366694444444;2006;11;0.0;0.0;0.0;0.0;0.0;0.0;0.0;0.0;0.0;0.0;0.0;0.0;0.0;0.0;0.0;0.0;0.0;0.0;0.0;0.0;0.0;0.0;0.0;0.0;0.0;0.0;0.0;0.0;0.0;0.0;0.0;888.0
Aiuaba;FAZENDA NOVA;-6.5;-40.366694444444;2006;12;12.4;0.0;0.0;0.0;0.0;0.0;0.0;0.0;0.0;0.0;0.0;0.0;0.0;0.0;0.0;0.0;0.0;0.0;0.0;0.0;0.0;0.0;0.0;0.0;0.0;0.0;0.0;0.0;0.0;0.0;0.0;12.4
Aiuaba;FAZENDA NOVA;-6.5;-40.366694444444;2007;1;27.4;27.4;0.0;0.0;0.0;0.0;0.0;0.0;0.0;0.0;0.0;0.0;0.0;0.0;0.0;0.0;0.0;0.0;0.0;0.0;0.0;0.0;0.0;0.0;0.0;0.0;0.0;0.0;0.0;0.0;0.0;0.0
Aiuaba;FAZENDA NOVA;-6.5;-40.366694444444;2007;2;415.6;42.4;0.0;0.0;4.0;26.2;0.0;0.0;0.0;23.0;6.0;0.0;0.0;0.0;74.2;4.2;0.0;50.6;53.6;0.6;76.8;0.0;19.2;34.8;0.0;0.0;0.0;0.0;0.0;888.0;888.0;888.0
Aiuaba;FAZENDA NOVA;-6.5;-40.366694444444;2007;3;42.6;7.2;5.0;0.0;0.0;2.4;0.0;1.0;0.0;0.0;0.0;0.0;0.0;0.0;0.0;0.0;17.0;0.0;0.0;10.0;0.0;0.0;0.0;0.0;0.0;0.0;0.0;0.0;0.0;0.0;0.0;0.0
Aiuaba;FAZENDA NOVA;-6.5;-40.366694444444;2007;4;115.4;0.0;0.0;0.0;0.0;0.0;0.0;0.0;0.0;0.0;0.0;0.0;0.0;0.0;2.8;0.0;0.0;0.0;0.0;12.2;9.6;0.0;27.6;0.0;0.0;19.0;2.4;0.0;0.0;41.8;0.0;888.0
Aiuaba;FAZENDA NOVA;-6.5;-40.366694444444;2007;5;22.2;14.0;0.0;8.2;0.0;0.0;0.0;0.0;0.0;0.0;0.0;0.0;0.0;0.0;0.0;0.0;0.0;0.0;0.0;0.0;0.0;0.0;0.0;0.0;0.0;0.0;0.0;0.0;0.0;0.0;0.0;0.0
Aiuaba;FAZENDA NOVA;-6.5;-40.366694444444;2007;6;12.8;0.0;0.0;0.0;0.0;0.0;0.0;0.0;0.0;0.0;0.0;0.0;0.0;12.8;0.0;0.0;0.0;0.0;0.0;0.0;0.0;0.0;0.0;0.0;0.0;0.0;0.0;0.0;0.0;0.0;0.0;888.0
Aiuaba;FAZENDA NOVA;-6.5;-40.366694444444;2007;7;0.0;0.0;0.0;0.0;0.0;0.0;0.0;0.0;0.0;0.0;0.0;0.0;0.0;0.0;0.0;0.0;0.0;0.0;0.0;0.0;0.0;0.0;0.0;0.0;0.0;0.0;0.0;0.0;0.0;0.0;0.0;0.0
Aiuaba;FAZENDA NOVA;-6.5;-40.366694444444;2007;8;0.0;0.0;0.0;0.0;0.0;0.0;0.0;0.0;0.0;0.0;0.0;0.0;0.0;0.0;0.0;0.0;0.0;0.0;0.0;0.0;0.0;0.0;0.0;0.0;0.0;0.0;0.0;0.0;0.0;0.0;0.0;0.0
Aiuaba;FAZENDA NOVA;-6.5;-40.366694444444;2007;9;0.0;0.0;0.0;0.0;0.0;0.0;0.0;0.0;0.0;0.0;0.0;0.0;0.0;0.0;0.0;0.0;0.0;0.0;0.0;0.0;0.0;0.0;0.0;0.0;0.0;0.0;0.0;0.0;0.0;0.0;0.0;888.0
Aiuaba;FAZENDA NOVA;-6.5;-40.366694444444;2007;10;0.0;0.0;0.0;0.0;0.0;0.0;0.0;0.0;0.0;0.0;0.0;0.0;0.0;0.0;0.0;0.0;0.0;0.0;0.0;0.0;0.0;0.0;0.0;0.0;0.0;0.0;0.0;0.0;0.0;0.0;0.0;0.0
Aiuaba;FAZENDA NOVA;-6.5;-40.366694444444;2007;11;0.0;0.0;0.0;0.0;0.0;0.0;0.0;0.0;0.0;0.0;0.0;0.0;0.0;0.0;0.0;0.0;0.0;0.0;0.0;0.0;0.0;0.0;0.0;0.0;0.0;0.0;0.0;0.0;0.0;0.0;0.0;888.0
Aiuaba;FAZENDA NOVA;-6.5;-40.366694444444;2007;12;96.1;0.0;0.0;0.0;0.0;0.0;0.0;0.0;0.0;0.0;0.0;0.0;0.0;9.6;0.0;0.0;52.8;6.8;0.0;0.0;0.0;0.0;0.0;0.0;0.0;0.0;0.0;1.5;11.8;0.0;0.0;13.6
Aiuaba;FAZENDA NOVA;-6.5;-40.366694444444;2008;1;28.8;0.0;0.0;0.0;2.0;0.0;0.0;0.0;0.0;0.0;0.0;0.0;0.0;0.0;0.0;0.0;0.0;0.0;0.0;0.0;5.0;0.0;0.0;0.0;0.0;14.8;4.6;2.4;0.0;0.0;0.0;0.0
Aiuaba;FAZENDA NOVA;-6.5;-40.366694444444;2008;2;136.1;51.4;28.7;0.0;0.0;0.0;0.0;0.0;0.0;0.0;4.2;0.0;9.2;0.0;0.0;0.0;0.0;6.6;0.0;0.0;0.0;0.0;0.0;0.0;0.0;0.0;0.0;23.4;4.0;8.6;888.0;888.0
Aiuaba;FAZENDA NOVA;-6.5;-40.366694444444;2008;3;166.8;0.0;0.0;0.0;0.0;3.0;0.0;0.0;20.8;48.0;0.0;0.0;12.4;4.6;0.0;0.0;0.0;0.0;0.0;0.0;0.0;8.0;6.2;0.0;20.4;0.0;5.4;0.0;0.0;0.0;20.0;18.0
Aiuaba;FAZENDA NOVA;-6.5;-40.366694444444;2008;4;225.2;77.6;0.0;0.0;0.0;0.0;99.2;10.2;0.0;0.0;0.0;0.0;0.0;0.0;10.0;8.0;0.0;0.0;0.0;0.0;0.0;0.0;0.0;7.4;5.8;0.0;0.0;0.0;0.0;0.0;7.0;888.0
Aiuaba;FAZENDA NOVA;-6.5;-40.366694444444;2008;5;12.4;0.0;4.0;0.0;2.6;0.0;0.0;0.0;5.8;0.0;0.0;0.0;0.0;0.0;0.0;0.0;0.0;0.0;0.0;0.0;0.0;0.0;0.0;0.0;0.0;0.0;0.0;0.0;0.0;0.0;0.0;0.0
Aiuaba;FAZENDA NOVA;-6.5;-40.366694444444;2008;6;0.0;0.0;0.0;0.0;0.0;0.0;0.0;0.0;0.0;0.0;0.0;0.0;0.0;0.0;0.0;0.0;0.0;0.0;0.0;0.0;0.0;0.0;0.0;0.0;0.0;0.0;0.0;0.0;0.0;0.0;0.0;888.0
Aiuaba;FAZENDA NOVA;-6.5;-40.366694444444;2008;7;0.0;0.0;0.0;0.0;0.0;0.0;0.0;0.0;0.0;0.0;0.0;0.0;0.0;0.0;0.0;0.0;0.0;0.0;0.0;0.0;0.0;0.0;0.0;0.0;0.0;0.0;0.0;0.0;0.0;0.0;0.0;0.0
Aiuaba;FAZENDA NOVA;-6.5;-40.366694444444;2008;8;13.4;0.0;0.0;0.0;0.0;0.0;0.0;0.0;13.4;0.0;0.0;0.0;0.0;0.0;0.0;0.0;0.0;0.0;0.0;0.0;0.0;0.0;0.0;0.0;0.0;0.0;0.0;0.0;0.0;0.0;0.0;0.0
Aiuaba;FAZENDA NOVA;-6.5;-40.366694444444;2008;9;10.0;0.0;0.0;0.0;0.0;0.0;0.0;0.0;0.0;0.0;0.0;0.0;0.0;0.0;0.0;0.0;0.0;10.0;0.0;0.0;0.0;0.0;0.0;0.0;0.0;0.0;0.0;0.0;0.0;0.0;0.0;888.0
Aiuaba;FAZENDA NOVA;-6.5;-40.366694444444;2008;10;0.0;0.0;0.0;0.0;0.0;0.0;0.0;0.0;0.0;0.0;0.0;0.0;0.0;0.0;0.0;0.0;0.0;0.0;0.0;0.0;0.0;0.0;0.0;0.0;0.0;0.0;0.0;0.0;0.0;0.0;0.0;0.0
Aiuaba;FAZENDA NOVA;-6.5;-40.366694444444;2008;11;0.0;0.0;0.0;0.0;0.0;0.0;0.0;0.0;0.0;0.0;0.0;0.0;0.0;0.0;0.0;0.0;0.0;0.0;0.0;0.0;0.0;0.0;0.0;0.0;0.0;0.0;0.0;0.0;0.0;0.0;0.0;888.0
Aiuaba;FAZENDA NOVA;-6.5;-40.366694444444;2008;12;0.0;0.0;0.0;0.0;0.0;0.0;0.0;0.0;0.0;0.0;0.0;0.0;0.0;0.0;0.0;0.0;0.0;0.0;0.0;0.0;0.0;0.0;0.0;0.0;0.0;0.0;0.0;0.0;0.0;0.0;0.0;0.0
Aiuaba;FAZENDA NOVA;-6.5;-40.366694444444;2009;1;33.8;0.0;0.0;0.0;0.0;0.0;0.0;0.0;0.0;0.0;0.0;3.8;0.0;0.0;0.0;0.0;0.0;3.4;0.0;0.0;0.0;1.8;19.4;0.0;0.0;0.0;0.0;0.0;0.0;0.0;5.4;0.0
Aiuaba;FAZENDA NOVA;-6.5;-40.366694444444;2009;2;31.4;9.0;0.0;0.0;0.0;0.0;0.0;0.0;0.0;0.0;0.0;5.0;0.0;0.0;0.0;0.0;0.0;0.0;0.0;3.6;0.0;4.8;0.0;0.0;5.6;0.0;3.4;0.0;0.0;888.0;888.0;888.0
Aiuaba;FAZENDA NOVA;-6.5;-40.366694444444;2009;3;154.3;32.4;36.4;13.2;55.6;0.0;0.0;0.0;0.0;0.0;0.0;0.0;0.0;0.0;0.0;0.0;0.0;0.0;9.0;0.0;0.0;0.0;0.0;0.0;2.5;0.0;0.0;0.0;0.0;0.0;0.0;5.2
Aiuaba;FAZENDA NOVA;-6.5;-40.366694444444;2009;4;286.4;0.0;5.3;22.0;11.8;4.0;0.0;0.0;0.0;0.0;3.0;0.0;0.0;20.0;8.6;36.2;0.0;8.4;0.0;0.0;0.0;37.4;26.4;62.5;1.2;6.0;21.0;0.0;12.6;0.0;0.0;888.0
Aiuaba;FAZENDA NOVA;-6.5;-40.366694444444;2009;5;121.3;9.0;3.8;0.0;21.6;0.0;0.0;12.0;23.4;2.0;8.0;6.4;11.2;4.4;0.0;2.0;0.0;0.0;0.0;7.8;2.5;0.0;0.0;0.0;0.0;0.0;0.0;0.0;7.2;0.0;0.0;0.0
Aiuaba;FAZENDA NOVA;-6.5;-40.366694444444;2009;6;0.0;0.0;0.0;0.0;0.0;0.0;0.0;0.0;0.0;0.0;0.0;0.0;0.0;0.0;0.0;0.0;0.0;0.0;0.0;0.0;0.0;0.0;0.0;0.0;0.0;0.0;0.0;0.0;0.0;0.0;0.0;888.0
Aiuaba;FAZENDA NOVA;-6.5;-40.366694444444;2009;7;16.8;0.0;0.0;1.6;0.0;0.0;0.0;0.0;0.0;0.0;0.0;0.0;0.0;0.0;0.0;0.0;0.0;0.0;0.0;0.0;0.0;0.0;4.2;7.0;4.0;0.0;0.0;0.0;0.0;0.0;0.0;0.0
Aiuaba;FAZENDA NOVA;-6.5;-40.366694444444;2009;8;0.0;0.0;0.0;0.0;0.0;0.0;0.0;0.0;0.0;0.0;0.0;0.0;0.0;0.0;0.0;0.0;0.0;0.0;0.0;0.0;0.0;0.0;0.0;0.0;0.0;0.0;0.0;0.0;0.0;0.0;0.0;0.0
Aiuaba;FAZENDA NOVA;-6.5;-40.366694444444;2009;9;0.0;0.0;0.0;0.0;0.0;0.0;0.0;0.0;0.0;0.0;0.0;0.0;0.0;0.0;0.0;0.0;0.0;0.0;0.0;0.0;0.0;0.0;0.0;0.0;0.0;0.0;0.0;0.0;0.0;0.0;0.0;888.0
Aiuaba;FAZENDA NOVA;-6.5;-40.366694444444;2009;10;0.0;0.0;0.0;0.0;0.0;0.0;0.0;0.0;0.0;0.0;0.0;0.0;0.0;0.0;0.0;0.0;0.0;0.0;0.0;0.0;0.0;0.0;0.0;0.0;0.0;0.0;0.0;0.0;0.0;0.0;0.0;0.0
Aiuaba;FAZENDA NOVA;-6.5;-40.366694444444;2009;11;0.0;0.0;0.0;0.0;0.0;0.0;0.0;0.0;0.0;0.0;0.0;0.0;0.0;0.0;0.0;0.0;0.0;0.0;0.0;0.0;0.0;0.0;0.0;0.0;0.0;0.0;0.0;0.0;0.0;0.0;0.0;888.0
Aiuaba;FAZENDA NOVA;-6.5;-40.366694444444;2009;12;4.0;4.0;0.0;0.0;0.0;0.0;0.0;0.0;0.0;0.0;0.0;0.0;0.0;0.0;0.0;0.0;0.0;0.0;0.0;0.0;0.0;0.0;0.0;0.0;0.0;0.0;0.0;0.0;0.0;0.0;0.0;0.0
Aiuaba;FAZENDA NOVA;-6.5;-40.366694444444;2010;1;122.8;2.6;6.8;0.0;4.8;0.0;0.0;0.0;0.0;3.0;0.0;46.8;0.0;0.0;0.0;0.0;0.0;5.4;0.0;0.0;0.0;0.0;0.0;0.0;0.0;0.0;21.0;13.8;15.6;3.0;0.0;0.0
Aiuaba;FAZENDA NOVA;-6.5;-40.366694444444;2010;2;6.8;0.0;0.0;0.0;0.0;0.0;0.0;0.0;0.0;0.0;0.0;0.0;0.0;0.0;6.8;0.0;0.0;0.0;0.0;0.0;0.0;0.0;0.0;0.0;0.0;0.0;0.0;0.0;0.0;888.0;888.0;888.0
Aiuaba;FAZENDA NOVA;-6.5;-40.366694444444;2010;3;221.2;0.0;0.0;0.0;0.0;0.0;0.0;24.4;0.0;0.0;0.0;0.0;0.0;0.0;0.0;1.0;0.0;1.4;14.0;0.0;0.0;60.2;62.6;0.0;4.6;0.0;4.6;0.0;8.2;40.2;0.0;0.0
Aiuaba;FAZENDA NOVA;-6.5;-40.366694444444;2010;4;304.2;0.0;4.0;23.0;0.0;19.4;0.0;6.2;1.6;114.0;0.0;61.8;0.0;8.4;0.0;0.0;46.8;0.0;11.2;7.8;0.0;0.0;0.0;0.0;0.0;0.0;0.0;0.0;0.0;0.0;0.0;888.0
Aiuaba;FAZENDA NOVA;-6.5;-40.366694444444;2010;5;16.2;0.0;0.0;0.0;0.0;12.8;0.0;0.0;0.0;0.0;0.0;0.0;0.0;0.0;3.4;0.0;0.0;0.0;0.0;0.0;0.0;0.0;0.0;0.0;0.0;0.0;0.0;0.0;0.0;0.0;0.0;0.0
Aiuaba;FAZENDA NOVA;-6.5;-40.366694444444;2010;6;4.6;0.0;3.6;0.0;0.0;0.0;0.0;0.0;0.0;0.0;0.0;0.0;0.0;0.0;0.0;0.0;0.0;0.0;1.0;0.0;0.0;0.0;0.0;0.0;0.0;0.0;0.0;0.0;0.0;0.0;0.0;888.0
Aiuaba;FAZENDA NOVA;-6.5;-40.366694444444;2010;7;0.0;0.0;0.0;0.0;0.0;0.0;0.0;0.0;0.0;0.0;0.0;0.0;0.0;0.0;0.0;0.0;0.0;0.0;0.0;0.0;0.0;0.0;0.0;0.0;0.0;0.0;0.0;0.0;0.0;0.0;0.0;0.0
Aiuaba;FAZENDA NOVA;-6.5;-40.366694444444;2010;8;0.0;0.0;0.0;0.0;0.0;0.0;0.0;0.0;0.0;0.0;0.0;0.0;0.0;0.0;0.0;0.0;0.0;0.0;0.0;0.0;0.0;0.0;0.0;0.0;0.0;0.0;0.0;0.0;0.0;0.0;0.0;0.0
Aiuaba;FAZENDA NOVA;-6.5;-40.366694444444;2010;9;0.0;0.0;0.0;0.0;0.0;0.0;0.0;0.0;0.0;0.0;0.0;0.0;0.0;0.0;0.0;0.0;0.0;0.0;0.0;0.0;0.0;0.0;0.0;0.0;0.0;0.0;0.0;0.0;0.0;0.0;0.0;888.0
Aiuaba;FAZENDA NOVA;-6.5;-40.366694444444;2010;10;99.6;0.0;0.0;0.0;0.0;0.0;0.0;0.0;0.0;0.0;0.0;0.0;0.0;0.0;0.0;0.0;0.0;1.0;0.0;0.0;0.0;0.0;0.0;72.4;0.0;0.0;0.0;21.0;5.2;0.0;0.0;0.0
Aiuaba;FAZENDA NOVA;-6.5;-40.366694444444;2010;11;22.0;0.0;0.0;0.0;0.0;0.0;0.0;0.0;0.0;0.0;2.0;0.0;0.0;9.8;10.2;0.0;0.0;0.0;0.0;0.0;0.0;0.0;0.0;0.0;0.0;0.0;0.0;0.0;0.0;0.0;0.0;888.0
Aiuaba;FAZENDA NOVA;-6.5;-40.366694444444;2010;12;109.8;0.0;0.0;0.0;0.0;0.0;0.0;0.0;0.0;67.0;0.0;0.0;0.0;0.0;0.0;0.0;0.0;0.0;42.8;0.0;0.0;0.0;0.0;0.0;0.0;0.0;0.0;0.0;0.0;0.0;0.0;0.0
Aiuaba;FAZENDA NOVA;-6.5;-40.366694444444;2011;1;146.6;0.0;0.0;5.8;0.0;0.0;0.0;0.0;0.0;0.0;23.0;0.0;0.0;0.0;0.0;0.0;0.0;0.0;0.0;0.0;0.0;28.4;3.0;9.6;3.0;0.0;22.8;0.0;39.8;0.0;4.0;7.2
Aiuaba;FAZENDA NOVA;-6.5;-40.366694444444;2011;2;72.6;0.0;0.0;0.0;4.0;0.0;0.0;0.0;0.0;0.0;0.0;0.0;0.0;0.0;10.4;0.0;0.0;0.0;10.2;5.0;0.0;0.0;0.0;0.0;0.0;0.0;7.8;9.2;26.0;888.0;888.0;888.0
Aiuaba;FAZENDA NOVA;-6.5;-40.366694444444;2011;3;83.4;0.0;6.2;0.0;0.0;0.0;15.2;0.0;30.2;12.0;0.0;0.0;3.4;0.0;0.0;0.0;0.0;0.0;0.0;0.0;0.0;4.0;0.0;0.0;0.0;0.0;0.0;8.0;0.0;4.4;0.0;0.0
Aiuaba;FAZENDA NOVA;-6.5;-40.366694444444;2011;4;130.4;0.0;0.0;0.0;0.0;0.0;5.8;0.0;0.0;0.0;0.0;10.8;0.0;28.0;2.6;0.0;0.0;15.2;0.0;24.8;27.0;0.0;0.0;1.8;0.0;10.6;0.0;0.0;0.0;0.0;3.8;888.0
Aiuaba;FAZENDA NOVA;-6.5;-40.366694444444;2011;5;72.6;0.0;9.6;0.0;10.4;26.8;3.8;0.0;0.0;0.0;0.0;0.0;0.0;0.0;0.0;0.0;0.0;0.0;8.6;0.0;2.2;0.0;0.0;0.0;0.0;0.0;11.2;0.0;0.0;0.0;0.0;0.0
Aiuaba;FAZENDA NOVA;-6.5;-40.366694444444;2011;6;0.0;0.0;0.0;0.0;0.0;0.0;0.0;0.0;0.0;0.0;0.0;0.0;0.0;0.0;0.0;0.0;0.0;0.0;0.0;0.0;0.0;0.0;0.0;0.0;0.0;0.0;0.0;0.0;0.0;0.0;0.0;888.0
Aiuaba;FAZENDA NOVA;-6.5;-40.366694444444;2011;7;15.2;0.0;0.0;0.0;0.0;0.0;0.0;0.0;0.0;12.8;0.0;0.0;0.0;2.4;0.0;0.0;0.0;0.0;0.0;0.0;0.0;0.0;0.0;0.0;0.0;0.0;0.0;0.0;0.0;0.0;0.0;0.0
Aiuaba;FAZENDA NOVA;-6.5;-40.366694444444;2011;8;0.0;0.0;0.0;0.0;0.0;0.0;0.0;0.0;0.0;0.0;0.0;0.0;0.0;0.0;0.0;0.0;0.0;0.0;0.0;0.0;0.0;0.0;0.0;0.0;0.0;0.0;0.0;0.0;0.0;0.0;0.0;0.0
Aiuaba;FAZENDA NOVA;-6.5;-40.366694444444;2011;9;0.0;0.0;0.0;0.0;0.0;0.0;0.0;0.0;0.0;0.0;0.0;0.0;0.0;0.0;0.0;0.0;0.0;0.0;0.0;0.0;0.0;0.0;0.0;0.0;0.0;0.0;0.0;0.0;0.0;0.0;0.0;888.0
Aiuaba;FAZENDA NOVA;-6.5;-40.366694444444;2011;10;37.2;0.0;0.0;0.0;0.0;0.0;0.0;0.0;0.0;0.0;0.0;0.0;0.0;0.0;2.0;0.0;12.0;0.0;13.2;0.0;10.0;0.0;0.0;0.0;0.0;0.0;0.0;0.0;0.0;0.0;0.0;0.0
Aiuaba;FAZENDA NOVA;-6.5;-40.366694444444;2011;11;25.2;0.0;0.0;0.0;10.0;0.0;0.0;0.0;0.0;0.0;0.0;0.0;0.0;13.2;0.0;2.0;0.0;0.0;0.0;0.0;0.0;0.0;0.0;0.0;0.0;0.0;0.0;0.0;0.0;0.0;0.0;888.0
Aiuaba;FAZENDA NOVA;-6.5;-40.366694444444;2011;12;0.0;0.0;0.0;0.0;0.0;0.0;0.0;0.0;0.0;0.0;0.0;0.0;0.0;0.0;0.0;0.0;0.0;0.0;0.0;0.0;0.0;0.0;0.0;0.0;0.0;0.0;0.0;0.0;0.0;0.0;0.0;0.0
Aiuaba;FAZENDA NOVA;-6.5;-40.366694444444;2012;1;93.6;0.0;0.0;0.0;0.0;0.0;0.0;0.0;0.0;0.0;0.0;0.0;0.0;23.0;0.0;0.0;0.0;0.0;0.0;11.8;0.0;8.8;44.6;0.0;0.0;5.4;0.0;0.0;0.0;0.0;0.0;0.0
Aiuaba;FAZENDA NOVA;-6.5;-40.366694444444;2012;2;59.4;0.0;0.0;0.0;0.0;0.0;0.0;0.0;0.0;0.0;0.0;0.0;0.0;0.0;0.0;0.0;0.0;0.0;15.2;21.0;2.0;10.2;0.0;11.0;0.0;0.0;0.0;0.0;0.0;0.0;888.0;888.0
Aiuaba;FAZENDA NOVA;-6.5;-40.366694444444;2012;3;169.0;0.0;0.0;0.0;0.0;5.8;22.0;0.0;28.8;0.0;0.0;7.4;0.0;6.6;0.0;0.0;0.0;0.0;0.0;0.0;11.6;0.0;7.2;0.0;0.0;12.4;52.0;3.4;0.0;11.8;0.0;0.0
Aiuaba;FAZENDA NOVA;-6.5;-40.366694444444;2012;4;12.4;0.0;0.0;0.0;12.4;0.0;0.0;0.0;0.0;0.0;0.0;0.0;0.0;0.0;0.0;0.0;0.0;0.0;0.0;0.0;0.0;0.0;0.0;0.0;0.0;0.0;0.0;0.0;0.0;0.0;0.0;888.0
Aiuaba;FAZENDA NOVA;-6.5;-40.366694444444;2012;5;0.0;0.0;0.0;0.0;0.0;0.0;0.0;0.0;0.0;0.0;0.0;0.0;0.0;0.0;0.0;0.0;0.0;0.0;0.0;0.0;0.0;0.0;0.0;0.0;0.0;0.0;0.0;0.0;0.0;0.0;0.0;0.0
Aiuaba;FAZENDA NOVA;-6.5;-40.366694444444;2012;6;6.8;0.0;0.0;0.0;0.0;0.0;0.0;0.0;0.0;0.0;0.0;0.0;0.0;0.0;0.0;0.0;0.0;0.0;0.0;0.0;0.0;0.0;0.0;0.0;6.8;0.0;0.0;0.0;0.0;0.0;0.0;888.0
Aiuaba;FAZENDA NOVA;-6.5;-40.366694444444;2012;7;0.0;0.0;0.0;0.0;0.0;0.0;0.0;0.0;0.0;0.0;0.0;0.0;0.0;0.0;0.0;0.0;0.0;0.0;0.0;0.0;0.0;0.0;0.0;0.0;0.0;0.0;0.0;0.0;0.0;0.0;0.0;0.0
Aiuaba;FAZENDA NOVA;-6.5;-40.366694444444;2012;8;0.0;0.0;0.0;0.0;0.0;0.0;0.0;0.0;0.0;0.0;0.0;0.0;0.0;0.0;0.0;0.0;0.0;0.0;0.0;0.0;0.0;0.0;0.0;0.0;0.0;0.0;0.0;0.0;0.0;0.0;0.0;0.0
Aiuaba;FAZENDA NOVA;-6.5;-40.366694444444;2012;9;0.0;0.0;0.0;0.0;0.0;0.0;0.0;0.0;0.0;0.0;0.0;0.0;0.0;0.0;0.0;0.0;0.0;0.0;0.0;0.0;0.0;0.0;0.0;0.0;0.0;0.0;0.0;0.0;0.0;0.0;0.0;888.0
Aiuaba;FAZENDA NOVA;-6.5;-40.366694444444;2012;10;0.0;0.0;0.0;0.0;0.0;0.0;0.0;0.0;0.0;0.0;0.0;0.0;0.0;0.0;0.0;0.0;0.0;0.0;0.0;0.0;0.0;0.0;0.0;0.0;0.0;0.0;0.0;0.0;0.0;0.0;0.0;0.0
Aiuaba;FAZENDA NOVA;-6.5;-40.366694444444;2012;11;0.0;0.0;0.0;0.0;0.0;0.0;0.0;0.0;0.0;0.0;0.0;0.0;0.0;0.0;0.0;0.0;0.0;0.0;0.0;0.0;0.0;0.0;0.0;0.0;0.0;0.0;0.0;0.0;0.0;0.0;0.0;888.0
Aiuaba;FAZENDA NOVA;-6.5;-40.366694444444;2012;12;0.0;0.0;0.0;0.0;0.0;0.0;0.0;0.0;0.0;0.0;0.0;0.0;0.0;0.0;0.0;0.0;0.0;0.0;0.0;0.0;0.0;0.0;0.0;0.0;0.0;0.0;0.0;0.0;0.0;0.0;0.0;0.0
Aiuaba;FAZENDA NOVA;-6.5;-40.366694444444;2013;1;42.2;0.0;0.0;0.0;26.8;5.0;0.0;0.0;0.0;0.0;0.0;0.0;0.0;0.0;0.0;0.0;0.0;0.0;0.0;0.0;10.4;0.0;0.0;0.0;0.0;0.0;0.0;0.0;0.0;0.0;0.0;0.0
Aiuaba;FAZENDA NOVA;-6.5;-40.366694444444;2013;2;15.0;0.0;0.0;0.0;0.0;0.0;0.0;0.0;0.0;0.0;0.0;0.0;0.0;0.0;0.0;0.0;15.0;0.0;0.0;0.0;0.0;0.0;0.0;0.0;0.0;0.0;0.0;0.0;0.0;888.0;888.0;888.0
Aiuaba;FAZENDA NOVA;-6.5;-40.366694444444;2013;3;56.7;0.0;0.0;0.0;0.0;5.8;0.0;0.0;0.0;0.0;0.0;0.0;0.0;0.0;0.0;0.0;0.0;0.0;0.0;14.1;12.0;0.0;0.0;0.0;0.0;0.0;24.8;0.0;0.0;0.0;0.0;0.0
Aiuaba;FAZENDA NOVA;-6.5;-40.366694444444;2013;4;103.2;0.0;0.0;0.0;8.0;0.0;0.0;0.0;0.0;0.0;0.0;0.0;4.6;0.0;0.0;0.0;0.0;0.0;0.0;45.8;10.6;0.0;0.0;0.0;0.0;4.2;30.0;999.0;999.0;999.0;999.0;888.0
Aiuaba;FAZENDA NOVA;-6.5;-40.366694444444;2014;1;35.2;0.0;0.0;0.0;0.0;0.0;0.0;7.8;0.0;0.0;0.0;0.0;0.0;0.0;20.6;0.0;0.0;0.0;0.0;0.0;6.8;0.0;0.0;0.0;0.0;0.0;0.0;0.0;0.0;0.0;0.0;0.0
Aiuaba;FAZENDA NOVA;-6.5;-40.366694444444;2014;2;121.0;0.0;0.0;9.8;36.2;0.0;9.2;0.0;0.0;7.8;0.0;39.4;6.0;0.0;0.0;0.0;0.0;0.0;0.0;12.6;0.0;0.0;0.0;0.0;0.0;0.0;0.0;0.0;0.0;888.0;888.0;888.0
Aiuaba;FAZENDA NOVA;-6.5;-40.366694444444;2014;3;23.8;0.0;0.0;0.0;3.8;0.0;0.0;0.0;0.0;0.0;0.0;0.0;0.0;0.0;0.0;0.0;0.0;0.0;0.0;0.0;0.0;0.0;0.0;0.0;0.0;0.0;0.0;0.0;0.0;0.0;13.0;7.0
Aiuaba;FAZENDA NOVA;-6.5;-40.366694444444;2014;4;51.0;0.0;16.0;0.0;0.0;0.0;0.0;0.0;0.0;0.0;11.0;0.0;0.0;0.0;0.0;0.0;14.0;4.8;0.0;5.2;0.0;0.0;0.0;0.0;0.0;0.0;0.0;0.0;0.0;0.0;0.0;888.0
Aiuaba;FAZENDA NOVA;-6.5;-40.366694444444;2014;5;25.2;0.0;0.0;0.0;0.0;0.0;0.0;0.0;0.0;0.0;0.0;0.0;0.0;0.0;0.0;0.0;4.0;0.0;0.0;0.0;0.0;0.0;6.0;0.0;0.0;0.0;0.0;0.0;0.0;15.2;0.0;0.0
Aiuaba;FAZENDA NOVA;-6.5;-40.366694444444;2014;6;4.0;0.0;0.0;0.0;0.0;0.0;0.0;0.0;0.0;0.0;0.0;0.0;0.0;0.0;0.0;0.0;0.0;0.0;0.0;0.0;0.0;0.0;0.0;0.0;0.0;0.0;0.0;0.0;4.0;0.0;0.0;888.0
Aiuaba;FAZENDA NOVA;-6.5;-40.366694444444;2015;1;0.0;0.0;0.0;0.0;0.0;0.0;0.0;0.0;0.0;0.0;0.0;0.0;0.0;0.0;0.0;0.0;0.0;0.0;0.0;0.0;0.0;0.0;0.0;0.0;0.0;0.0;0.0;0.0;0.0;0.0;0.0;0.0
Aiuaba;FAZENDA NOVA;-6.5;-40.366694444444;2015;2;62.2;0.0;0.0;0.0;0.0;17.0;0.0;0.0;0.0;0.0;7.6;0.0;0.0;0.0;0.0;0.0;0.0;0.0;0.0;17.6;10.0;0.0;0.0;0.0;0.0;3.0;0.0;0.0;7.0;888.0;888.0;888.0
Aiuaba;FAZENDA NOVA;-6.5;-40.366694444444;2015;3;283.3;36.1;35.0;6.2;0.0;0.0;15.6;5.6;0.0;0.0;8.2;0.0;0.0;0.0;0.0;0.0;0.0;0.0;0.0;0.0;0.0;6.4;5.8;56.0;56.6;0.0;0.0;16.2;6.8;0.0;4.0;24.8
Aiuaba;FAZENDA NOVA;-6.5;-40.366694444444;2015;4;39.8;0.0;9.2;0.0;0.0;0.0;0.0;0.0;0.0;2.0;0.0;0.0;8.0;13.6;0.0;0.0;0.0;0.0;0.0;0.0;0.0;0.0;0.0;7.0;0.0;0.0;0.0;0.0;0.0;0.0;0.0;888.0
Aiuaba;FAZENDA NOVA;-6.5;-40.366694444444;2015;5;28.2;0.0;0.0;0.0;0.0;0.0;0.0;12.6;0.0;2.8;5.0;0.0;0.0;0.0;0.0;0.0;0.0;0.0;0.0;0.0;0.0;0.0;0.0;0.0;0.0;0.0;0.0;0.0;7.8;0.0;0.0;0.0
Aiuaba;FAZENDA NOVA;-6.5;-40.366694444444;2015;6;3.6;0.0;0.0;0.0;0.0;0.0;0.0;0.0;0.0;0.0;0.0;0.0;0.0;0.0;0.0;0.0;0.0;0.0;0.0;0.0;0.0;0.0;0.0;0.0;0.0;3.6;0.0;0.0;0.0;0.0;0.0;888.0
Aiuaba;FAZENDA NOVA;-6.5;-40.366694444444;2015;7;24.0;0.0;0.0;0.0;0.0;24.0;0.0;0.0;0.0;0.0;0.0;0.0;0.0;0.0;0.0;0.0;0.0;0.0;0.0;0.0;0.0;0.0;0.0;0.0;0.0;0.0;0.0;0.0;0.0;0.0;0.0;0.0
Aiuaba;FAZENDA NOVA;-6.5;-40.366694444444;2015;8;0.0;0.0;0.0;0.0;0.0;0.0;0.0;0.0;0.0;0.0;0.0;0.0;0.0;0.0;0.0;0.0;0.0;0.0;0.0;0.0;0.0;0.0;0.0;0.0;0.0;0.0;0.0;0.0;0.0;0.0;0.0;0.0
Aiuaba;FAZENDA NOVA;-6.5;-40.366694444444;2015;9;0.0;0.0;0.0;0.0;0.0;0.0;0.0;0.0;0.0;0.0;0.0;0.0;0.0;0.0;0.0;0.0;0.0;0.0;0.0;0.0;0.0;0.0;0.0;0.0;0.0;0.0;0.0;0.0;0.0;0.0;0.0;888.0
Aiuaba;FAZENDA NOVA;-6.5;-40.366694444444;2015;10;0.0;0.0;0.0;0.0;0.0;0.0;0.0;0.0;0.0;0.0;0.0;0.0;0.0;0.0;0.0;0.0;0.0;0.0;0.0;0.0;0.0;0.0;0.0;0.0;0.0;0.0;0.0;0.0;0.0;0.0;0.0;0.0
Aiuaba;FAZENDA NOVA;-6.5;-40.366694444444;2015;11;0.0;0.0;0.0;0.0;0.0;0.0;0.0;0.0;0.0;0.0;0.0;0.0;0.0;0.0;0.0;0.0;0.0;0.0;0.0;0.0;0.0;0.0;0.0;0.0;0.0;0.0;0.0;0.0;0.0;0.0;0.0;888.0
Aiuaba;FAZENDA NOVA;-6.5;-40.366694444444;2015;12;0.0;0.0;0.0;0.0;0.0;0.0;0.0;0.0;0.0;0.0;0.0;0.0;0.0;0.0;0.0;0.0;0.0;0.0;0.0;0.0;0.0;0.0;0.0;0.0;0.0;0.0;0.0;0.0;0.0;0.0;0.0;0.0
Aiuaba;FAZENDA NOVA;-6.5;-40.366694444444;2016;1;241.0;6.0;0.0;0.0;0.0;0.0;0.0;5.4;0.0;8.2;2.8;0.0;0.0;0.0;22.0;1.4;0.0;0.0;0.0;0.0;0.0;71.6;74.6;9.8;9.2;30.0;0.0;0.0;0.0;0.0;0.0;0.0
Aiuaba;FAZENDA NOVA;-6.5;-40.366694444444;2016;2;7.4;4.6;2.8;0.0;0.0;0.0;0.0;0.0;0.0;0.0;0.0;0.0;0.0;0.0;0.0;0.0;0.0;0.0;0.0;0.0;0.0;0.0;0.0;0.0;0.0;0.0;0.0;0.0;0.0;0.0;888.0;888.0
Aiuaba;FAZENDA NOVA;-6.5;-40.366694444444;2016;3;62.6;0.0;0.0;0.0;0.0;0.0;0.0;0.0;5.6;7.4;0.0;0.0;0.0;0.0;6.4;0.0;0.0;13.8;14.2;0.0;0.0;0.0;0.0;0.0;0.0;0.0;0.0;0.0;0.0;15.2;0.0;0.0
Aiuaba;FAZENDA NOVA;-6.5;-40.366694444444;2016;4;34.2;0.0;0.0;0.0;0.0;0.0;5.2;9.0;0.0;0.0;0.0;0.0;0.0;0.0;0.0;14.4;0.0;0.0;0.0;5.6;0.0;0.0;0.0;0.0;0.0;0.0;0.0;0.0;0.0;0.0;0.0;888.0
Aiuaba;FAZENDA NOVA;-6.5;-40.366694444444;2016;5;47.8;0.0;0.0;0.0;0.0;0.0;0.0;0.0;0.0;0.0;0.0;0.0;16.8;1.0;0.0;0.0;0.0;0.0;0.0;0.0;0.0;0.0;0.0;0.0;0.0;30.0;0.0;0.0;0.0;0.0;0.0;0.0
Aiuaba;FAZENDA NOVA;-6.5;-40.366694444444;2016;6;0.0;0.0;0.0;0.0;0.0;0.0;0.0;0.0;0.0;0.0;0.0;0.0;0.0;0.0;0.0;0.0;0.0;0.0;0.0;0.0;0.0;0.0;0.0;0.0;0.0;0.0;0.0;0.0;0.0;0.0;0.0;888.0
Aiuaba;FAZENDA NOVA;-6.5;-40.366694444444;2016;7;0.0;0.0;0.0;0.0;0.0;0.0;0.0;0.0;0.0;0.0;0.0;0.0;0.0;0.0;0.0;0.0;0.0;0.0;0.0;0.0;0.0;0.0;0.0;0.0;0.0;0.0;0.0;0.0;0.0;0.0;0.0;0.0
Aiuaba;FAZENDA NOVA;-6.5;-40.366694444444;2016;8;0.0;0.0;0.0;0.0;0.0;0.0;0.0;0.0;0.0;0.0;0.0;0.0;0.0;0.0;0.0;0.0;0.0;0.0;0.0;0.0;0.0;0.0;0.0;0.0;0.0;0.0;0.0;0.0;0.0;0.0;0.0;0.0
Aiuaba;FAZENDA NOVA;-6.5;-40.366694444444;2016;9;0.0;0.0;0.0;0.0;0.0;0.0;0.0;0.0;0.0;0.0;0.0;0.0;0.0;0.0;0.0;0.0;0.0;0.0;0.0;0.0;0.0;0.0;0.0;0.0;0.0;0.0;0.0;0.0;0.0;0.0;0.0;888.0
Aiuaba;FAZENDA NOVA;-6.5;-40.366694444444;2016;10;0.0;0.0;0.0;0.0;0.0;0.0;0.0;0.0;0.0;0.0;0.0;0.0;0.0;0.0;0.0;0.0;0.0;0.0;0.0;0.0;0.0;0.0;0.0;0.0;0.0;0.0;0.0;0.0;0.0;0.0;0.0;0.0
Aiuaba;FAZENDA NOVA;-6.5;-40.366694444444;2016;11;0.0;0.0;0.0;0.0;0.0;0.0;0.0;0.0;0.0;0.0;0.0;0.0;0.0;0.0;0.0;0.0;0.0;0.0;0.0;0.0;0.0;0.0;0.0;0.0;0.0;0.0;0.0;0.0;0.0;0.0;0.0;888.0
Aiuaba;FAZENDA NOVA;-6.5;-40.366694444444;2016;12;20.4;0.0;0.0;0.0;0.0;0.0;0.0;0.0;0.0;0.0;0.0;0.0;0.0;0.0;12.6;0.0;7.8;0.0;0.0;0.0;0.0;0.0;0.0;0.0;0.0;0.0;0.0;0.0;0.0;0.0;0.0;0.0
Aiuaba;FAZENDA NOVA;-6.5;-40.366694444444;2017;1;83.6;0.0;0.0;0.0;0.0;0.0;0.0;0.0;0.0;0.0;0.0;0.0;0.0;0.0;0.0;0.0;0.0;42.0;0.0;0.0;0.0;0.0;0.0;0.0;18.6;0.0;0.0;0.0;0.0;0.0;0.0;23.0
Aiuaba;FAZENDA NOVA;-6.5;-40.366694444444;2017;2;142.6;0.0;0.0;0.0;0.0;0.0;0.0;0.0;0.0;1.6;0.0;19.0;68.0;3.6;0.0;0.0;0.0;0.0;0.0;0.0;18.6;0.0;0.0;0.0;0.0;31.8;0.0;0.0;0.0;888.0;888.0;888.0
Aiuaba;FAZENDA NOVA;-6.5;-40.366694444444;2017;3;77.0;0.0;6.2;1.6;7.6;3.4;0.0;0.0;0.0;0.0;18.0;0.0;0.0;0.0;0.0;13.0;0.0;18.2;0.0;0.0;0.0;0.0;0.0;0.0;9.0;0.0;0.0;0.0;0.0;0.0;0.0;0.0
Aiuaba;FAZENDA NOVA;-6.5;-40.366694444444;2017;4;25.0;0.0;0.0;8.4;0.0;7.6;3.0;0.0;0.0;0.0;0.0;0.0;6.0;0.0;0.0;0.0;0.0;0.0;0.0;0.0;0.0;0.0;0.0;0.0;0.0;0.0;0.0;0.0;0.0;0.0;0.0;888.0
Aiuaba;FAZENDA NOVA;-6.5;-40.366694444444;2017;5;41.8;0.0;0.0;0.0;0.0;0.0;0.0;0.0;0.0;0.0;0.0;0.0;0.0;0.0;0.0;0.0;0.0;0.0;0.0;41.8;0.0;0.0;0.0;0.0;0.0;0.0;0.0;0.0;0.0;0.0;0.0;0.0
Aiuaba;FAZENDA NOVA;-6.5;-40.366694444444;2017;6;26.0;21.6;0.0;0.0;0.0;0.0;0.0;0.0;0.0;0.0;0.0;4.4;0.0;0.0;0.0;0.0;0.0;0.0;0.0;0.0;0.0;0.0;0.0;0.0;0.0;0.0;0.0;0.0;0.0;0.0;0.0;888.0
Aiuaba;FAZENDA NOVA;-6.5;-40.366694444444;2017;7;0.0;0.0;0.0;0.0;0.0;0.0;0.0;0.0;0.0;0.0;0.0;0.0;0.0;0.0;0.0;0.0;0.0;0.0;0.0;0.0;0.0;0.0;0.0;0.0;0.0;0.0;0.0;0.0;0.0;0.0;0.0;0.0
Aiuaba;FAZENDA NOVA;-6.5;-40.366694444444;2017;8;0.0;0.0;0.0;0.0;0.0;0.0;0.0;0.0;0.0;0.0;0.0;0.0;0.0;0.0;0.0;0.0;0.0;0.0;0.0;0.0;0.0;0.0;0.0;0.0;0.0;0.0;0.0;0.0;0.0;0.0;0.0;0.0
Aiuaba;FAZENDA NOVA;-6.5;-40.366694444444;2017;9;0.0;0.0;0.0;0.0;0.0;0.0;0.0;0.0;0.0;0.0;0.0;0.0;0.0;0.0;0.0;0.0;0.0;0.0;0.0;0.0;0.0;0.0;0.0;0.0;0.0;0.0;0.0;0.0;0.0;0.0;0.0;888.0
Aiuaba;FAZENDA NOVA;-6.5;-40.366694444444;2017;10;0.0;0.0;0.0;0.0;0.0;0.0;0.0;0.0;0.0;0.0;0.0;0.0;0.0;0.0;0.0;0.0;0.0;0.0;0.0;0.0;0.0;0.0;0.0;0.0;0.0;0.0;0.0;0.0;0.0;0.0;0.0;0.0
Aiuaba;FAZENDA NOVA;-6.5;-40.366694444444;2017;11;0.0;0.0;0.0;0.0;0.0;0.0;0.0;0.0;0.0;0.0;0.0;0.0;0.0;0.0;0.0;0.0;0.0;0.0;0.0;0.0;0.0;0.0;0.0;0.0;0.0;0.0;0.0;0.0;0.0;0.0;0.0;888.0
Aiuaba;FAZENDA NOVA;-6.5;-40.366694444444;2017;12;23.8;0.0;0.0;0.0;0.0;0.0;0.0;0.0;0.0;0.0;0.0;0.0;0.0;0.0;0.0;0.0;0.0;0.0;0.0;0.0;0.0;12.4;0.0;0.0;11.4;0.0;0.0;0.0;0.0;0.0;0.0;0.0
Aiuaba;FAZENDA NOVA;-6.5;-40.366694444444;2018;1;26.8;0.0;0.0;0.0;0.0;0.0;0.0;0.0;0.0;0.0;0.0;0.0;0.0;0.0;0.0;4.8;0.0;0.0;6.2;0.0;0.0;0.0;0.0;0.0;0.0;0.0;0.0;15.8;0.0;0.0;0.0;0.0
Aiuaba;FAZENDA NOVA;-6.5;-40.366694444444;2018;2;341.3;0.0;0.0;0.0;0.0;0.0;0.0;0.0;36.6;4.0;14.2;114.2;7.0;2.0;8.6;34.9;4.8;40.8;0.0;20.2;19.0;0.0;0.0;0.0;0.0;12.6;0.0;0.0;22.4;888.0;888.0;888.0
Aiuaba;FAZENDA NOVA;-6.5;-40.366694444444;2018;3;41.0;14.4;0.0;0.0;0.0;0.0;0.0;0.0;0.0;0.0;8.0;0.0;0.0;0.0;0.0;0.0;0.0;0.0;0.0;0.0;0.0;0.0;0.0;0.0;0.0;0.0;0.0;0.0;4.2;0.0;14.4;0.0
Aiuaba;FAZENDA NOVA;-6.5;-40.366694444444;2018;4;120.8;5.8;13.0;20.8;30.3;0.0;2.4;15.5;0.0;0.0;0.0;0.0;0.0;33.0;0.0;0.0;0.0;0.0;0.0;0.0;0.0;0.0;0.0;0.0;0.0;0.0;0.0;0.0;0.0;0.0;0.0;888.0
Aiuaba;FAZENDA NOVA;-6.5;-40.366694444444;2018;5;11.0;5.0;6.0;0.0;0.0;0.0;0.0;0.0;0.0;0.0;0.0;0.0;0.0;0.0;0.0;0.0;0.0;0.0;0.0;0.0;0.0;0.0;0.0;0.0;0.0;0.0;0.0;0.0;0.0;0.0;0.0;0.0
Aiuaba;FAZENDA NOVA;-6.5;-40.366694444444;2018;6;0.0;0.0;0.0;0.0;0.0;0.0;0.0;0.0;0.0;0.0;0.0;0.0;0.0;0.0;0.0;0.0;0.0;0.0;0.0;0.0;0.0;0.0;0.0;0.0;0.0;0.0;0.0;0.0;0.0;0.0;0.0;888.0
Aiuaba;FAZENDA NOVA;-6.5;-40.366694444444;2018;7;0.0;0.0;0.0;0.0;0.0;0.0;0.0;0.0;0.0;0.0;0.0;0.0;0.0;0.0;0.0;0.0;0.0;0.0;0.0;0.0;0.0;0.0;0.0;0.0;0.0;0.0;0.0;0.0;0.0;0.0;0.0;0.0
Aiuaba;FAZENDA NOVA;-6.5;-40.366694444444;2018;8;0.0;0.0;0.0;0.0;0.0;0.0;0.0;0.0;0.0;0.0;0.0;0.0;0.0;0.0;0.0;0.0;0.0;0.0;0.0;0.0;0.0;0.0;0.0;0.0;0.0;0.0;0.0;0.0;0.0;0.0;0.0;0.0
Aiuaba;FAZENDA NOVA;-6.5;-40.366694444444;2018;9;0.0;0.0;0.0;0.0;0.0;0.0;0.0;0.0;0.0;0.0;0.0;0.0;0.0;0.0;0.0;0.0;0.0;0.0;0.0;0.0;0.0;0.0;0.0;0.0;0.0;0.0;0.0;0.0;0.0;0.0;0.0;888.0
Aiuaba;FAZENDA NOVA;-6.5;-40.366694444444;2018;10;0.0;0.0;0.0;0.0;0.0;0.0;0.0;0.0;0.0;0.0;0.0;0.0;0.0;0.0;0.0;0.0;0.0;0.0;0.0;0.0;0.0;0.0;0.0;0.0;0.0;0.0;0.0;0.0;0.0;0.0;0.0;0.0
Aiuaba;FAZENDA NOVA;-6.5;-40.366694444444;2018;11;5.0;0.0;0.0;0.0;0.0;0.0;0.0;0.0;0.0;0.0;0.0;0.0;0.0;0.0;0.0;0.0;0.0;0.0;0.0;0.0;0.0;0.0;0.0;0.0;0.0;3.0;0.0;2.0;0.0;0.0;0.0;888.0
Aiuaba;FAZENDA NOVA;-6.5;-40.366694444444;2018;12;138.8;0.0;0.0;0.0;3.8;0.0;56.0;24.2;0.0;0.0;28.2;0.0;0.0;0.0;0.0;0.0;0.0;0.0;5.4;0.0;0.0;0.0;0.0;0.0;21.2;0.0;0.0;0.0;0.0;0.0;0.0;0.0
Aiuaba;FAZENDA NOVA;-6.5;-40.366694444444;2019;1;74.0;0.0;0.0;0.0;0.0;0.0;0.0;0.0;0.0;0.0;54.4;0.0;0.0;0.0;0.0;7.2;0.0;0.0;0.0;0.0;0.0;0.0;0.0;0.0;0.0;0.0;12.4;0.0;0.0;0.0;0.0;0.0
Aiuaba;FAZENDA NOVA;-6.5;-40.366694444444;2019;2;90.6;9.4;0.0;0.0;22.6;0.0;0.0;26.0;0.0;0.0;0.0;0.0;0.0;0.0;15.8;0.0;12.4;0.0;0.0;0.0;4.4;0.0;0.0;0.0;0.0;0.0;0.0;0.0;0.0;888.0;888.0;888.0
Aiuaba;FAZENDA NOVA;-6.5;-40.366694444444;2019;3;149.6;0.0;0.0;0.0;0.0;4.2;0.0;0.0;0.0;0.0;0.0;0.0;0.0;0.0;0.0;7.8;0.0;0.0;0.0;0.0;0.0;0.0;70.0;0.0;17.8;3.0;0.0;0.0;20.6;13.2;0.0;13.0
Aiuaba;FAZENDA NOVA;-6.5;-40.366694444444;2019;4;39.2;5.2;0.0;0.0;0.0;14.0;0.0;0.0;0.0;0.0;0.0;0.0;0.0;0.0;0.0;0.0;0.0;0.0;0.0;0.0;0.0;0.0;0.0;0.0;20.0;0.0;0.0;0.0;0.0;0.0;0.0;888.0
Aiuaba;FAZENDA NOVA;-6.5;-40.366694444444;2019;5;41.6;0.0;0.0;0.0;0.0;0.0;0.0;0.0;0.0;0.0;0.0;0.0;0.0;0.0;0.0;0.0;0.0;41.6;0.0;0.0;0.0;0.0;0.0;0.0;0.0;0.0;0.0;0.0;0.0;0.0;0.0;0.0
Aiuaba;FAZENDA NOVA;-6.5;-40.366694444444;2019;6;0.0;0.0;0.0;0.0;0.0;0.0;0.0;0.0;0.0;0.0;0.0;0.0;0.0;0.0;0.0;0.0;0.0;0.0;0.0;0.0;0.0;0.0;0.0;0.0;0.0;0.0;0.0;0.0;0.0;0.0;0.0;888.0
Aiuaba;FAZENDA NOVA;-6.5;-40.366694444444;2019;7;0.0;0.0;0.0;0.0;0.0;0.0;0.0;0.0;0.0;0.0;0.0;0.0;0.0;0.0;0.0;0.0;0.0;0.0;0.0;0.0;0.0;0.0;0.0;0.0;0.0;0.0;0.0;0.0;0.0;0.0;0.0;0.0
Aiuaba;FAZENDA NOVA;-6.5;-40.366694444444;2019;8;0.0;0.0;0.0;0.0;0.0;0.0;0.0;0.0;0.0;0.0;0.0;0.0;0.0;0.0;0.0;0.0;0.0;0.0;0.0;0.0;0.0;0.0;0.0;0.0;0.0;0.0;0.0;0.0;0.0;0.0;0.0;0.0
Aiuaba;FAZENDA NOVA;-6.5;-40.366694444444;2019;9;0.0;0.0;0.0;0.0;0.0;0.0;0.0;0.0;0.0;0.0;0.0;0.0;0.0;0.0;0.0;0.0;0.0;0.0;0.0;0.0;0.0;0.0;0.0;0.0;0.0;0.0;0.0;0.0;0.0;0.0;0.0;888.0
Aiuaba;FAZENDA NOVA;-6.5;-40.366694444444;2019;10;0.0;0.0;0.0;0.0;0.0;0.0;0.0;0.0;0.0;0.0;0.0;0.0;0.0;0.0;0.0;0.0;0.0;0.0;0.0;0.0;0.0;0.0;0.0;0.0;0.0;0.0;0.0;0.0;0.0;0.0;0.0;0.0
Aiuaba;FAZENDA NOVA;-6.5;-40.366694444444;2019;11;0.0;0.0;0.0;0.0;0.0;0.0;0.0;0.0;0.0;0.0;0.0;0.0;0.0;0.0;0.0;0.0;0.0;0.0;0.0;0.0;0.0;0.0;0.0;0.0;0.0;0.0;0.0;0.0;0.0;0.0;0.0;888.0
Aiuaba;FAZENDA NOVA;-6.5;-40.366694444444;2019;12;17.4;0.0;0.0;0.0;0.0;0.0;0.0;0.0;0.0;17.4;0.0;0.0;0.0;0.0;0.0;0.0;0.0;0.0;0.0;0.0;0.0;0.0;0.0;0.0;0.0;0.0;0.0;0.0;0.0;0.0;0.0;0.0
Aiuaba;FAZENDA NOVA;-6.5;-40.366694444444;2020;1;109.4;10.2;0.0;0.0;0.0;0.0;0.0;0.0;0.0;0.0;7.4;0.0;0.0;0.0;0.0;0.0;22.0;0.0;0.0;29.8;0.0;0.0;0.0;0.0;4.2;0.0;0.0;22.6;2.2;0.0;0.0;11.0
Aiuaba;FAZENDA NOVA;-6.5;-40.366694444444;2020;2;126.5;0.0;0.0;0.0;0.0;29.5;0.0;0.0;0.0;0.0;0.0;0.0;0.0;0.0;60.0;0.0;7.8;0.0;7.2;0.0;0.0;0.0;7.0;0.0;0.0;0.0;0.0;0.0;15.0;0.0;888.0;888.0
Aiuaba;FAZENDA NOVA;-6.5;-40.366694444444;2020;3;36.4;0.0;0.0;8.2;13.8;0.0;0.0;5.2;0.0;0.0;9.2;999.0;999.0;999.0;999.0;999.0;999.0;999.0;999.0;999.0;999.0;999.0;999.0;999.0;999.0;999.0;999.0;999.0;999.0;999.0;999.0;999.0
Aiuaba;FAZENDA NOVA;-6.5;-40.366694444444;2021;1;21.8;0.0;0.0;0.0;0.0;0.0;0.0;0.0;0.0;0.0;0.0;0.0;0.0;0.0;0.0;0.0;0.0;0.0;0.0;0.0;0.0;0.0;2.4;0.0;0.0;0.0;0.0;0.0;7.8;4.4;7.2;0.0
Aiuaba;FAZENDA NOVA;-6.5;-40.366694444444;2021;2;101.0;0.0;0.0;0.0;0.0;0.0;0.0;0.0;0.0;14.8;0.0;0.0;3.2;3.6;0.0;0.0;53.2;0.0;0.0;0.0;0.0;0.0;4.8;0.0;0.0;0.0;0.0;0.0;21.4;888.0;888.0;888.0
Aiuaba;FAZENDA NOVA;-6.5;-40.366694444444;2021;3;171.7;5.8;38.6;12.2;0.0;12.8;0.0;0.0;0.0;0.0;0.0;0.0;0.0;0.0;0.0;0.0;0.0;0.0;0.0;4.3;0.0;0.0;18.8;18.2;31.8;0.0;16.8;0.0;0.0;0.0;6.4;6.0
Aiuaba;FAZENDA NOVA;-6.5;-40.366694444444;2021;4;51.0;0.0;0.0;0.0;0.0;0.0;0.0;0.0;0.0;0.0;0.0;0.0;25.0;0.0;0.0;0.0;0.0;0.0;0.0;26.0;0.0;0.0;0.0;0.0;0.0;0.0;0.0;0.0;0.0;0.0;0.0;888.0
Aiuaba;FAZENDA NOVA;-6.5;-40.366694444444;2021;5;32.2;0.0;0.0;0.0;0.0;0.0;0.0;0.0;0.0;0.0;0.0;0.0;0.0;0.0;0.0;32.2;0.0;0.0;0.0;0.0;0.0;0.0;0.0;0.0;0.0;0.0;0.0;0.0;0.0;0.0;0.0;0.0
Aiuaba;FAZENDA NOVA;-6.5;-40.366694444444;2021;6;0.0;0.0;0.0;0.0;0.0;0.0;0.0;0.0;0.0;0.0;0.0;0.0;0.0;0.0;0.0;0.0;0.0;0.0;0.0;0.0;0.0;0.0;0.0;0.0;0.0;0.0;0.0;0.0;0.0;0.0;0.0;888.0
Aiuaba;FAZENDA NOVA;-6.5;-40.366694444444;2021;7;0.0;0.0;0.0;0.0;0.0;0.0;0.0;0.0;0.0;0.0;0.0;0.0;0.0;0.0;0.0;0.0;0.0;0.0;0.0;0.0;0.0;0.0;0.0;0.0;0.0;0.0;0.0;0.0;0.0;0.0;0.0;0.0
Aiuaba;FAZENDA NOVA;-6.5;-40.366694444444;2021;8;52.2;0.0;52.2;0.0;0.0;0.0;0.0;0.0;0.0;0.0;0.0;0.0;0.0;0.0;0.0;0.0;0.0;0.0;0.0;0.0;0.0;0.0;0.0;0.0;0.0;0.0;0.0;0.0;0.0;0.0;0.0;0.0
Aiuaba;FAZENDA NOVA;-6.5;-40.366694444444;2021;9;0.0;0.0;0.0;0.0;0.0;0.0;0.0;0.0;0.0;0.0;0.0;0.0;0.0;0.0;0.0;0.0;0.0;0.0;0.0;0.0;0.0;0.0;0.0;0.0;0.0;0.0;0.0;0.0;0.0;999.0;0.0;888.0
Aiuaba;FAZENDA NOVA;-6.5;-40.366694444444;2021;10;0.0;0.0;0.0;0.0;0.0;0.0;0.0;0.0;0.0;0.0;0.0;0.0;0.0;0.0;0.0;0.0;0.0;0.0;0.0;0.0;0.0;0.0;0.0;0.0;0.0;0.0;0.0;0.0;0.0;0.0;0.0;0.0
Aiuaba;FAZENDA NOVA;-6.5;-40.366694444444;2021;11;0.0;0.0;0.0;0.0;0.0;0.0;0.0;0.0;0.0;0.0;0.0;0.0;0.0;0.0;0.0;0.0;0.0;0.0;0.0;0.0;0.0;0.0;0.0;0.0;0.0;0.0;0.0;0.0;0.0;0.0;0.0;888.0
Aiuaba;FAZENDA NOVA;-6.5;-40.366694444444;2021;12;100.5;0.0;0.0;0.0;0.0;78.5;0.0;0.0;0.0;0.0;0.0;0.0;0.0;0.0;0.0;0.0;0.0;0.0;0.0;0.0;0.0;0.0;0.0;0.0;0.0;0.0;0.0;15.0;0.0;0.0;0.0;7.0
Aiuaba;FAZENDA NOVA;-6.5;-40.366694444444;2022;1;208.9;40.1;12.4;36.0;0.0;7.0;6.6;0.0;0.0;0.0;0.0;18.0;0.0;15.8;0.0;5.6;3.2;0.0;0.0;0.0;0.0;0.0;0.0;0.0;0.0;0.0;0.0;17.0;18.8;28.4;0.0;0.0
Aiuaba;FAZENDA NOVA;-6.5;-40.366694444444;2022;2;30.0;0.0;0.0;0.0;0.0;0.0;0.0;0.0;0.0;0.0;0.0;0.0;0.0;0.0;0.0;6.8;0.0;0.0;0.0;0.0;0.0;0.0;0.0;8.2;0.0;0.0;0.0;0.0;15.0;888.0;888.0;888.0
Aiuaba;FAZENDA NOVA;-6.5;-40.366694444444;2022;3;247.1;0.0;0.0;9.2;13.8;0.0;0.0;5.2;0.0;0.0;9.2;0.0;0.0;0.0;0.0;30.6;36.8;12.2;9.4;18.8;0.0;3.4;13.2;31.0;9.6;5.3;0.0;0.0;9.6;29.8;0.0;0.0
Aiuaba;FAZENDA NOVA;-6.5;-40.366694444444;2022;4;46.6;0.0;9.0;0.0;0.0;0.0;0.0;0.0;0.0;0.0;0.0;5.6;0.0;0.0;0.0;0.0;0.0;0.0;25.0;0.0;0.0;0.0;7.0;0.0;0.0;0.0;0.0;0.0;0.0;0.0;0.0;888.0
Aiuaba;FAZENDA NOVA;-6.5;-40.366694444444;2022;5;56.2;0.0;0.0;0.0;3.4;0.0;0.0;0.0;0.0;0.0;0.0;0.0;0.0;0.0;21.6;0.0;0.0;0.0;0.0;0.0;17.2;0.0;0.0;0.0;0.0;0.0;0.0;5.0;0.0;0.0;0.0;9.0
Aiuaba;FAZENDA NOVA;-6.5;-40.366694444444;2022;6;72.3;19.4;17.8;24.2;3.5;0.0;0.0;0.0;0.0;0.0;0.0;0.0;7.4;0.0;0.0;0.0;0.0;0.0;0.0;0.0;0.0;0.0;0.0;0.0;0.0;0.0;0.0;0.0;0.0;0.0;0.0;888.0
Aiuaba;FAZENDA NOVA;-6.5;-40.366694444444;2022;7;0.0;0.0;0.0;0.0;0.0;0.0;0.0;0.0;0.0;0.0;0.0;0.0;0.0;0.0;0.0;0.0;0.0;0.0;0.0;0.0;0.0;0.0;0.0;0.0;0.0;0.0;0.0;0.0;0.0;0.0;0.0;0.0
Aiuaba;FAZENDA NOVA;-6.5;-40.366694444444;2022;8;20.5;0.0;0.0;0.0;0.0;20.5;0.0;0.0;0.0;0.0;0.0;0.0;0.0;0.0;0.0;0.0;0.0;0.0;0.0;0.0;0.0;0.0;0.0;0.0;0.0;0.0;0.0;0.0;0.0;0.0;0.0;0.0
Aiuaba;FAZENDA NOVA;-6.5;-40.366694444444;2022;9;0.0;0.0;0.0;0.0;0.0;0.0;0.0;0.0;0.0;0.0;0.0;0.0;0.0;0.0;0.0;0.0;0.0;0.0;0.0;0.0;0.0;0.0;0.0;0.0;0.0;0.0;0.0;0.0;0.0;0.0;0.0;888.0
Aiuaba;FAZENDA NOVA;-6.5;-40.366694444444;2022;10;0.0;0.0;0.0;0.0;0.0;0.0;0.0;0.0;0.0;0.0;0.0;0.0;0.0;0.0;0.0;0.0;0.0;0.0;0.0;0.0;0.0;0.0;0.0;0.0;0.0;0.0;0.0;0.0;0.0;0.0;0.0;0.0
Aiuaba;FAZENDA NOVA;-6.5;-40.366694444444;2022;11;215.0;0.0;0.0;0.0;122.6;0.0;83.0;0.0;2.4;0.0;0.0;0.0;0.0;0.0;0.0;0.0;0.0;0.0;0.0;0.0;0.0;0.0;0.0;0.0;0.0;0.0;0.0;0.0;0.0;0.0;7.0;888.0
Aiuaba;FAZENDA NOVA;-6.5;-40.366694444444;2022;12;5.4;0.0;0.0;0.0;0.0;5.4;0.0;0.0;0.0;0.0;0.0;0.0;0.0;0.0;0.0;0.0;0.0;0.0;0.0;0.0;0.0;0.0;0.0;0.0;0.0;0.0;0.0;0.0;0.0;0.0;0.0;0.0
Aiuaba;FAZENDA NOVA;-6.5;-40.366694444444;2023;1;140.2;36.0;0.0;0.0;0.0;0.0;0.0;0.0;0.0;0.0;0.0;0.0;0.0;0.0;0.0;18.4;0.0;17.6;0.0;22.8;35.0;0.0;0.0;0.0;0.0;0.0;0.0;0.0;0.0;0.0;0.0;10.4
Aiuaba;FAZENDA NOVA;-6.5;-40.366694444444;2023;2;36.4;16.8;0.0;0.0;0.0;0.0;0.0;0.0;0.0;0.0;0.0;0.0;0.0;0.0;0.0;0.0;0.0;0.0;0.0;0.0;0.0;0.0;9.6;5.4;4.6;0.0;0.0;0.0;0.0;888.0;888.0;888.0
Aiuaba;FAZENDA NOVA;-6.5;-40.366694444444;2023;3;276.8;0.0;0.0;0.0;0.0;0.0;0.0;0.0;0.0;0.0;0.0;0.0;0.0;59.8;55.0;7.6;0.0;0.0;10.8;0.0;0.0;7.2;75.6;0.0;0.0;0.0;0.0;40.8;0.0;7.0;7.4;5.6
Aiuaba;FAZENDA NOVA;-6.5;-40.366694444444;2023;4;112.2;0.0;0.0;0.0;16.8;0.0;0.0;0.0;0.0;35.2;0.0;0.0;0.0;0.0;0.0;0.0;0.0;53.0;0.0;7.2;0.0;0.0;0.0;0.0;0.0;0.0;0.0;0.0;0.0;0.0;0.0;888.0
Aiuaba;FAZENDA NOVA;-6.5;-40.366694444444;2023;5;21.0;0.0;0.0;0.0;0.0;14.8;6.2;0.0;0.0;0.0;0.0;0.0;999.0;999.0;999.0;999.0;999.0;999.0;999.0;999.0;999.0;999.0;999.0;999.0;999.0;999.0;999.0;999.0;999.0;999.0;999.0;999.0
Aiuaba;FAZENDA NOVA;-6.5;-40.366694444444;2023;6;0.0;0.0;0.0;0.0;0.0;0.0;0.0;0.0;0.0;0.0;0.0;0.0;0.0;0.0;0.0;0.0;0.0;0.0;0.0;0.0;0.0;0.0;0.0;0.0;0.0;0.0;0.0;0.0;0.0;0.0;0.0;888.0
Aiuaba;FAZENDA NOVA;-6.5;-40.366694444444;2023;7;0.0;0.0;0.0;0.0;0.0;0.0;0.0;0.0;0.0;0.0;0.0;0.0;0.0;0.0;0.0;0.0;0.0;0.0;0.0;0.0;0.0;0.0;0.0;0.0;0.0;0.0;0.0;0.0;0.0;0.0;0.0;0.0
Aiuaba;FAZENDA NOVA;-6.5;-40.366694444444;2023;8;0.0;0.0;0.0;0.0;0.0;0.0;0.0;0.0;0.0;0.0;0.0;0.0;0.0;0.0;0.0;0.0;0.0;0.0;0.0;0.0;0.0;0.0;0.0;0.0;0.0;0.0;0.0;0.0;0.0;0.0;0.0;0.0
Aiuaba;FAZENDA NOVA;-6.5;-40.366694444444;2023;9;0.0;0.0;0.0;0.0;0.0;0.0;0.0;0.0;0.0;0.0;0.0;0.0;0.0;0.0;0.0;0.0;0.0;0.0;0.0;0.0;0.0;0.0;0.0;0.0;0.0;0.0;0.0;0.0;0.0;0.0;0.0;888.0
Aiuaba;FAZENDA NOVA;-6.5;-40.366694444444;2023;10;0.0;0.0;0.0;0.0;0.0;0.0;0.0;0.0;0.0;0.0;0.0;0.0;0.0;0.0;0.0;0.0;0.0;0.0;0.0;0.0;0.0;0.0;0.0;0.0;0.0;0.0;0.0;0.0;0.0;0.0;0.0;0.0
Aiuaba;FAZENDA NOVA;-6.5;-40.366694444444;2023;11;21.6;8.6;0.0;0.0;0.0;0.0;5.2;0.0;0.0;0.0;0.0;0.0;0.0;0.0;0.0;0.0;0.0;0.0;0.0;0.0;0.0;0.0;0.0;0.0;0.0;0.0;0.0;0.0;7.8;0.0;0.0;888.0
Aiuaba;FAZENDA NOVA;-6.5;-40.366694444444;2023;12;73.0;0.0;0.0;0.0;0.0;0.0;0.0;0.0;0.0;0.0;0.0;0.0;0.0;0.0;0.0;0.0;0.0;0.0;0.0;6.0;67.0;0.0;0.0;0.0;0.0;0.0;0.0;0.0;0.0;0.0;0.0;0.0
Aiuaba;FAZENDA NOVA;-6.5;-40.366694444444;2024;1;146.8;0.0;0.0;92.0;0.0;0.0;0.0;0.0;0.0;0.0;0.0;0.0;0.0;14.2;3.0;0.0;0.0;0.0;0.0;0.0;0.0;0.0;0.0;0.0;0.0;0.0;0.0;37.6;0.0;0.0;0.0;0.0
Aiuaba;FAZENDA NOVA;-6.5;-40.366694444444;2024;2;152.8;0.0;0.0;0.0;12.8;0.0;0.0;0.0;0.0;0.0;15.8;15.4;0.0;0.0;5.6;9.0;0.0;0.0;0.0;10.6;5.2;5.4;6.8;0.0;3.0;0.0;0.0;0.0;30.0;33.2;888.0;888.0
Aiuaba;FAZENDA NOVA;-6.5;-40.366694444444;2024;3;115.0;0.0;0.0;0.0;24.2;54.6;4.8;0.0;0.0;0.0;0.0;0.0;0.0;7.0;14.4;0.0;0.0;0.0;0.0;0.0;0.0;0.0;0.0;0.0;0.0;0.0;0.0;0.0;0.0;10.0;0.0;0.0
Aiuaba;FAZENDA NOVA;-6.5;-40.366694444444;2024;4;224.9;67.4;5.8;7.6;0.0;14.8;0.0;11.0;0.0;0.0;0.0;0.0;7.8;23.4;9.2;39.8;3.0;3.0;0.0;0.0;3.5;0.0;2.4;26.2;0.0;0.0;0.0;0.0;0.0;0.0;0.0;888.0
Aiuaba;FAZENDA NOVA;-6.5;-40.366694444444;2024;5;21.4;0.0;0.0;0.0;0.0;0.0;0.0;0.0;0.0;0.0;7.4;0.0;0.0;0.0;0.0;0.0;0.0;0.0;0.0;0.0;0.0;6.2;0.0;0.0;0.0;0.0;0.0;7.8;0.0;0.0;0.0;0.0
Aiuaba;FAZENDA NOVA;-6.5;-40.366694444444;2024;6;0.0;0.0;0.0;0.0;0.0;0.0;0.0;0.0;0.0;0.0;0.0;0.0;0.0;0.0;0.0;0.0;0.0;0.0;0.0;0.0;0.0;0.0;0.0;0.0;0.0;0.0;0.0;0.0;0.0;0.0;0.0;888.0
Aiuaba;FAZENDA NOVA;-6.5;-40.366694444444;2024;7;30.0;0.0;0.0;0.0;0.0;0.0;0.0;0.0;0.0;0.0;0.0;30.0;0.0;0.0;0.0;0.0;0.0;0.0;0.0;0.0;0.0;0.0;0.0;0.0;0.0;0.0;0.0;0.0;0.0;0.0;0.0;0.0
Aiuaba;FAZENDA NOVA;-6.5;-40.366694444444;2024;8;0.0;0.0;0.0;0.0;0.0;0.0;0.0;0.0;0.0;0.0;0.0;0.0;0.0;0.0;0.0;0.0;0.0;0.0;0.0;0.0;0.0;0.0;0.0;0.0;0.0;0.0;0.0;0.0;0.0;0.0;0.0;0.0
Aiuaba;FAZENDA NOVA;-6.5;-40.366694444444;2024;9;8.4;0.0;0.0;0.0;0.0;0.0;0.0;0.0;0.0;0.0;0.0;0.0;0.0;0.0;0.0;0.0;0.0;0.0;0.0;0.0;0.0;0.0;0.0;0.0;0.0;8.4;0.0;0.0;0.0;0.0;0.0;888.0
Aiuaba;FAZENDA NOVA;-6.5;-40.366694444444;2024;10;0.0;0.0;0.0;0.0;0.0;0.0;0.0;0.0;0.0;0.0;0.0;0.0;0.0;0.0;0.0;0.0;999.0;999.0;999.0;999.0;999.0;999.0;999.0;999.0;999.0;999.0;999.0;999.0;999.0;999.0;999.0;999.0
