Municipios;Postos;Latitude;Longitude;Anos;Meses;Total;Dia1;Dia2;Dia3;Dia4;Dia5;Dia6;Dia7;Dia8;Dia9;Dia10;Dia11;Dia12;Dia13;Dia14;Dia15;Dia16;Dia17;Dia18;Dia19;Dia20;Dia21;Dia22;Dia23;Dia24;Dia25;Dia26;Dia27;Dia28;Dia29;Dia30;Dia31
Crato;LAMEIRO;-7.233;-39.416694444444;1993;12;0.0;999.0;999.0;999.0;999.0;999.0;999.0;0.0;999.0;999.0;999.0;999.0;999.0;999.0;999.0;999.0;999.0;999.0;999.0;999.0;999.0;999.0;999.0;999.0;999.0;999.0;999.0;999.0;999.0;999.0;999.0;999.0
Crato;LAMEIRO;-7.233;-39.416694444444;1994;1;109.0;0.0;0.0;0.0;0.0;0.0;0.0;0.0;0.0;0.0;0.0;0.0;0.0;0.0;0.0;0.0;0.0;5.0;5.0;29.0;0.0;7.0;5.0;0.0;0.0;0.0;0.0;0.0;0.0;58.0;0.0;0.0
Crato;LAMEIRO;-7.233;-39.416694444444;1994;2;204.0;0.0;0.0;19.0;12.0;33.0;0.0;0.0;12.0;24.0;25.0;0.0;0.0;3.0;0.0;12.0;0.0;0.0;12.0;12.0;0.6;14.0;0.0;0.0;0.0;0.0;15.2;0.0;10.2;888.0;888.0;888.0
Crato;LAMEIRO;-7.233;-39.416694444444;1994;3;274.2;7.2;0.0;14.0;0.0;0.0;0.0;0.0;0.0;12.0;64.0;0.0;0.0;0.0;16.0;15.0;10.0;0.0;0.0;0.0;0.0;11.0;6.0;4.0;12.0;15.0;38.0;10.0;0.0;15.0;0.0;25.0
Crato;LAMEIRO;-7.233;-39.416694444444;1994;4;179.4;4.0;0.0;14.0;0.0;0.0;46.0;16.4;0.0;0.0;13.0;25.0;0.0;0.0;0.0;0.0;0.0;22.0;29.0;10.0;0.0;0.0;0.0;0.0;0.0;0.0;0.0;0.0;0.0;0.0;0.0;888.0
Crato;LAMEIRO;-7.233;-39.416694444444;1994;5;116.0;0.0;0.0;0.0;0.0;27.0;0.0;0.0;0.0;21.0;0.0;0.0;0.0;0.0;0.0;15.0;5.0;0.0;0.0;0.0;0.0;0.0;0.0;5.0;0.0;0.0;0.0;43.0;0.0;0.0;0.0;0.0
Crato;LAMEIRO;-7.233;-39.416694444444;1994;6;106.0;0.0;25.0;0.0;0.0;0.0;0.0;4.0;0.0;0.0;0.0;0.0;0.0;0.0;0.0;0.0;0.0;26.0;23.0;0.0;0.0;0.0;0.0;0.0;0.0;0.0;11.0;4.0;0.0;13.0;0.0;888.0
Crato;LAMEIRO;-7.233;-39.416694444444;1994;7;10.0;0.0;10.0;0.0;0.0;0.0;0.0;0.0;0.0;0.0;0.0;0.0;0.0;0.0;0.0;0.0;0.0;0.0;0.0;0.0;0.0;0.0;0.0;0.0;0.0;0.0;0.0;0.0;0.0;0.0;0.0;0.0
Crato;LAMEIRO;-7.233;-39.416694444444;1994;8;0.0;0.0;0.0;0.0;0.0;0.0;0.0;0.0;0.0;0.0;0.0;0.0;0.0;0.0;0.0;0.0;0.0;0.0;0.0;0.0;0.0;0.0;0.0;0.0;0.0;0.0;0.0;0.0;0.0;0.0;0.0;0.0
Crato;LAMEIRO;-7.233;-39.416694444444;1994;9;13.0;0.0;0.0;0.0;0.0;0.0;0.0;0.0;0.0;0.0;0.0;0.0;0.0;0.0;0.0;0.0;0.0;0.0;0.0;0.0;0.0;0.0;0.0;0.0;0.0;0.0;0.0;0.0;0.0;0.0;13.0;888.0
Crato;LAMEIRO;-7.233;-39.416694444444;1994;10;20.0;0.0;0.0;0.0;0.0;0.0;0.0;3.0;0.0;0.0;0.0;0.0;0.0;7.0;0.0;0.0;0.0;0.0;10.0;0.0;0.0;0.0;0.0;0.0;0.0;0.0;0.0;0.0;0.0;0.0;0.0;0.0
Crato;LAMEIRO;-7.233;-39.416694444444;1994;11;0.0;0.0;0.0;0.0;0.0;0.0;0.0;0.0;0.0;0.0;0.0;0.0;0.0;0.0;0.0;0.0;0.0;0.0;0.0;0.0;0.0;0.0;0.0;0.0;0.0;0.0;0.0;0.0;0.0;0.0;0.0;888.0
Crato;LAMEIRO;-7.233;-39.416694444444;1994;12;187.0;0.0;0.0;0.0;0.0;0.0;0.0;0.0;0.0;0.0;0.0;0.0;0.0;0.0;0.0;0.0;0.0;0.0;0.0;0.0;0.0;0.0;0.0;0.0;46.0;112.0;26.0;0.0;3.0;0.0;0.0;0.0
Crato;LAMEIRO;-7.233;-39.416694444444;1995;1;128.6;42.0;13.0;7.0;21.0;0.0;2.0;0.0;41.0;0.0;0.0;0.0;0.0;2.6;0.0;0.0;0.0;0.0;0.0;0.0;0.0;0.0;0.0;0.0;0.0;0.0;0.0;0.0;0.0;0.0;0.0;0.0
Crato;LAMEIRO;-7.233;-39.416694444444;1995;2;268.0;0.0;0.0;0.0;0.0;0.0;23.0;0.0;0.0;14.0;9.0;72.0;0.0;0.0;60.0;0.0;7.0;0.0;0.0;0.0;15.0;0.0;15.0;0.0;15.0;12.0;17.0;0.0;9.0;888.0;888.0;888.0
Crato;LAMEIRO;-7.233;-39.416694444444;1995;3;137.0;17.0;0.0;0.0;0.0;0.0;0.0;0.0;21.0;0.0;0.0;5.0;0.0;34.0;0.0;0.0;0.0;0.0;0.0;0.0;0.0;0.0;0.0;0.0;0.0;0.0;0.0;0.0;60.0;0.0;0.0;0.0
Crato;LAMEIRO;-7.233;-39.416694444444;1995;4;265.0;0.0;6.0;0.0;0.0;86.0;0.0;56.0;4.0;4.0;36.0;0.0;6.0;8.0;18.0;25.0;0.0;0.0;0.0;0.0;0.0;0.0;0.0;0.0;0.0;0.0;0.0;0.0;0.0;0.0;16.0;888.0
Crato;LAMEIRO;-7.233;-39.416694444444;1995;5;138.0;5.0;0.0;0.0;0.0;0.0;0.0;0.0;0.0;0.0;0.0;0.0;0.0;0.0;0.0;0.0;32.0;0.0;11.0;0.0;0.0;75.0;0.0;0.0;15.0;0.0;0.0;0.0;0.0;0.0;0.0;0.0
Crato;LAMEIRO;-7.233;-39.416694444444;1995;6;0.0;0.0;0.0;0.0;0.0;0.0;0.0;0.0;0.0;0.0;0.0;0.0;0.0;0.0;0.0;0.0;0.0;0.0;0.0;0.0;0.0;0.0;0.0;0.0;0.0;0.0;0.0;0.0;0.0;0.0;0.0;888.0
Crato;LAMEIRO;-7.233;-39.416694444444;1995;7;47.0;0.0;25.0;22.0;0.0;0.0;0.0;0.0;0.0;0.0;0.0;0.0;0.0;0.0;0.0;0.0;0.0;0.0;0.0;0.0;0.0;0.0;0.0;0.0;0.0;0.0;0.0;0.0;0.0;0.0;0.0;0.0
Crato;LAMEIRO;-7.233;-39.416694444444;1995;8;0.0;0.0;0.0;0.0;0.0;0.0;0.0;0.0;0.0;0.0;0.0;0.0;0.0;0.0;0.0;0.0;0.0;0.0;0.0;0.0;0.0;0.0;0.0;0.0;0.0;0.0;0.0;0.0;0.0;0.0;0.0;0.0
Crato;LAMEIRO;-7.233;-39.416694444444;1995;9;0.0;0.0;0.0;0.0;0.0;0.0;0.0;0.0;0.0;0.0;0.0;0.0;0.0;0.0;0.0;0.0;0.0;0.0;0.0;0.0;0.0;0.0;0.0;0.0;0.0;0.0;0.0;0.0;0.0;0.0;0.0;888.0
Crato;LAMEIRO;-7.233;-39.416694444444;1995;10;0.0;0.0;0.0;0.0;0.0;0.0;0.0;0.0;0.0;0.0;0.0;0.0;0.0;0.0;0.0;0.0;0.0;0.0;0.0;0.0;0.0;0.0;0.0;0.0;0.0;0.0;0.0;0.0;0.0;0.0;0.0;0.0
Crato;LAMEIRO;-7.233;-39.416694444444;1995;11;34.0;0.0;0.0;0.0;0.0;0.0;0.0;0.0;0.0;0.0;0.0;0.0;0.0;0.0;0.0;0.0;0.0;0.0;0.0;0.0;0.0;0.0;0.0;34.0;0.0;0.0;0.0;0.0;0.0;0.0;0.0;888.0
Crato;LAMEIRO;-7.233;-39.416694444444;1995;12;0.0;0.0;0.0;0.0;0.0;0.0;0.0;0.0;0.0;0.0;0.0;0.0;0.0;0.0;0.0;0.0;0.0;0.0;0.0;0.0;0.0;0.0;0.0;0.0;0.0;0.0;0.0;0.0;0.0;0.0;0.0;0.0
Crato;LAMEIRO;-7.233;-39.416694444444;1996;1;343.5;5.0;3.0;0.0;25.0;3.0;5.0;65.0;0.0;0.0;0.0;24.0;0.0;0.0;10.5;0.0;0.0;10.0;3.0;105.0;5.0;0.0;0.0;0.0;10.0;0.0;0.0;0.0;7.0;10.0;5.0;48.0
Crato;LAMEIRO;-7.233;-39.416694444444;1996;2;265.0;15.0;14.0;20.0;18.0;16.0;3.0;0.0;0.0;0.0;0.0;0.0;8.0;54.0;7.0;0.0;0.0;0.0;1.0;12.0;2.0;0.0;0.0;13.0;1.0;0.0;54.0;0.0;26.0;1.0;888.0;888.0
Crato;LAMEIRO;-7.233;-39.416694444444;1996;3;173.0;2.0;0.0;1.0;0.0;1.0;4.0;2.0;0.0;0.0;3.0;0.0;4.0;0.0;2.0;0.0;3.0;3.0;3.0;2.0;0.0;4.0;0.0;2.0;24.0;35.0;32.0;14.0;15.0;12.0;2.0;3.0
Crato;LAMEIRO;-7.233;-39.416694444444;1996;4;169.9;2.0;5.0;6.0;2.0;3.0;2.0;6.0;2.0;4.0;2.0;2.0;1.0;2.0;4.0;6.0;2.0;9.0;3.0;1.0;3.0;2.0;0.4;3.0;69.0;5.0;4.0;5.0;3.0;10.0;1.5;888.0
Crato;LAMEIRO;-7.233;-39.416694444444;1996;5;53.0;2.0;0.0;5.0;0.0;8.0;0.0;5.0;7.0;0.0;0.0;5.0;0.0;0.0;0.0;0.0;6.0;6.0;0.0;0.0;3.0;0.0;0.0;2.0;0.0;0.0;1.0;0.0;0.0;3.0;0.0;0.0
Crato;LAMEIRO;-7.233;-39.416694444444;1996;6;19.0;0.0;9.0;0.0;0.0;0.0;3.0;0.0;3.0;1.0;0.0;0.0;3.0;0.0;0.0;0.0;0.0;0.0;0.0;0.0;0.0;0.0;0.0;0.0;0.0;0.0;0.0;0.0;0.0;0.0;0.0;888.0
Crato;LAMEIRO;-7.233;-39.416694444444;1996;7;9.1;0.0;0.0;2.1;1.0;0.0;0.0;2.0;0.0;0.0;1.0;0.0;0.0;0.0;0.0;3.0;0.0;0.0;0.0;0.0;0.0;0.0;0.0;0.0;0.0;0.0;0.0;0.0;0.0;0.0;0.0;0.0
Crato;LAMEIRO;-7.233;-39.416694444444;1996;8;0.0;0.0;0.0;0.0;0.0;0.0;0.0;0.0;0.0;0.0;0.0;0.0;0.0;0.0;0.0;0.0;0.0;0.0;0.0;0.0;0.0;0.0;0.0;0.0;0.0;0.0;0.0;0.0;0.0;0.0;0.0;0.0
Crato;LAMEIRO;-7.233;-39.416694444444;1996;9;28.0;0.0;0.0;0.0;0.0;0.0;0.0;0.0;0.0;0.0;0.0;0.0;0.0;0.0;0.0;0.0;0.0;0.0;28.0;0.0;0.0;0.0;0.0;0.0;0.0;0.0;0.0;0.0;0.0;0.0;0.0;888.0
Crato;LAMEIRO;-7.233;-39.416694444444;1996;10;3.0;0.0;3.0;0.0;0.0;0.0;0.0;0.0;0.0;0.0;0.0;0.0;0.0;0.0;0.0;0.0;0.0;0.0;0.0;0.0;0.0;0.0;0.0;0.0;0.0;0.0;0.0;0.0;0.0;0.0;0.0;0.0
Crato;LAMEIRO;-7.233;-39.416694444444;1996;11;130.0;1.0;0.0;0.0;2.0;0.0;0.0;5.0;0.0;0.0;2.0;1.0;0.0;1.0;0.0;0.0;0.0;50.0;2.0;6.0;60.0;0.0;0.0;0.0;0.0;0.0;0.0;0.0;0.0;0.0;0.0;888.0
Crato;LAMEIRO;-7.233;-39.416694444444;1996;12;47.0;0.0;0.0;0.0;0.0;0.0;0.0;0.0;0.0;0.0;0.0;0.0;0.0;0.0;0.0;0.0;0.0;0.0;0.0;0.0;0.0;0.0;0.0;0.0;0.0;0.0;45.0;2.0;0.0;0.0;0.0;0.0
Crato;LAMEIRO;-7.233;-39.416694444444;1997;1;150.0;0.0;0.0;0.0;0.0;0.0;0.0;0.0;0.0;0.0;1.0;0.0;0.0;1.0;0.0;0.0;0.0;0.0;1.0;0.0;0.0;2.0;0.0;2.0;0.0;0.0;120.0;5.0;18.0;0.0;0.0;0.0
Crato;LAMEIRO;-7.233;-39.416694444444;1997;2;112.5;0.0;16.0;70.0;0.0;0.0;0.0;0.0;0.0;0.0;9.0;5.0;0.0;10.0;2.5;0.0;0.0;0.0;0.0;0.0;0.0;0.0;0.0;0.0;0.0;0.0;0.0;0.0;0.0;888.0;888.0;888.0
Crato;LAMEIRO;-7.233;-39.416694444444;1997;3;143.0;0.0;0.0;0.0;14.0;0.0;0.0;0.0;0.0;0.0;0.0;0.0;0.0;0.0;0.0;0.0;0.0;0.0;0.0;0.0;20.0;30.0;0.0;0.0;0.0;10.0;26.0;5.0;35.0;3.0;0.0;0.0
Crato;LAMEIRO;-7.233;-39.416694444444;1997;4;87.0;0.0;0.0;0.0;0.0;0.0;0.0;0.0;0.0;0.0;0.0;10.0;0.0;0.0;0.0;54.0;23.0;0.0;0.0;0.0;0.0;0.0;0.0;0.0;0.0;0.0;0.0;0.0;0.0;0.0;0.0;888.0
Crato;LAMEIRO;-7.233;-39.416694444444;1997;5;81.0;0.0;0.0;32.0;0.0;0.0;0.0;0.0;0.0;0.0;0.0;0.0;0.0;0.0;0.0;0.0;0.0;0.0;0.0;0.0;0.0;0.0;25.0;0.0;17.0;7.0;0.0;0.0;0.0;0.0;0.0;0.0
Crato;LAMEIRO;-7.233;-39.416694444444;1997;6;0.0;0.0;0.0;0.0;0.0;0.0;0.0;0.0;0.0;0.0;0.0;0.0;0.0;0.0;0.0;0.0;0.0;0.0;0.0;0.0;0.0;0.0;0.0;0.0;0.0;0.0;0.0;0.0;0.0;0.0;0.0;888.0
Crato;LAMEIRO;-7.233;-39.416694444444;1997;7;0.0;0.0;0.0;0.0;0.0;0.0;0.0;0.0;0.0;0.0;0.0;0.0;0.0;0.0;0.0;0.0;0.0;0.0;0.0;0.0;0.0;0.0;0.0;0.0;0.0;0.0;0.0;0.0;0.0;0.0;0.0;0.0
Crato;LAMEIRO;-7.233;-39.416694444444;1997;8;0.0;0.0;0.0;0.0;0.0;0.0;0.0;0.0;0.0;0.0;0.0;0.0;0.0;0.0;0.0;0.0;0.0;0.0;0.0;0.0;0.0;0.0;0.0;0.0;0.0;0.0;0.0;0.0;0.0;0.0;0.0;0.0
Crato;LAMEIRO;-7.233;-39.416694444444;1997;9;0.0;0.0;0.0;0.0;0.0;0.0;0.0;0.0;0.0;0.0;0.0;0.0;0.0;0.0;0.0;0.0;0.0;0.0;0.0;0.0;0.0;0.0;0.0;0.0;0.0;0.0;0.0;0.0;0.0;0.0;0.0;888.0
Crato;LAMEIRO;-7.233;-39.416694444444;1997;10;54.0;0.0;1.0;0.0;0.0;0.0;0.0;0.0;0.0;0.0;0.0;0.0;0.0;0.0;0.0;0.0;2.0;0.0;0.0;4.0;47.0;0.0;0.0;0.0;0.0;0.0;0.0;0.0;0.0;0.0;0.0;0.0
Crato;LAMEIRO;-7.233;-39.416694444444;1997;11;0.0;0.0;0.0;0.0;0.0;0.0;0.0;0.0;0.0;0.0;0.0;0.0;0.0;0.0;0.0;0.0;0.0;0.0;0.0;0.0;0.0;0.0;0.0;0.0;0.0;0.0;0.0;0.0;0.0;0.0;0.0;888.0
Crato;LAMEIRO;-7.233;-39.416694444444;1997;12;41.0;0.0;0.0;0.0;0.0;0.0;0.0;0.0;0.0;0.0;0.0;0.0;0.0;0.0;0.0;0.0;0.0;0.0;0.0;0.0;3.0;2.0;15.0;15.0;0.0;3.0;3.0;0.0;0.0;0.0;0.0;0.0
Crato;LAMEIRO;-7.233;-39.416694444444;1998;1;280.0;32.0;9.0;0.0;0.0;0.0;0.0;0.0;0.0;0.0;12.0;0.0;0.0;22.0;5.0;0.0;0.0;0.0;0.0;48.0;3.0;58.0;0.0;0.0;0.0;0.0;0.0;41.0;0.0;0.0;14.0;36.0
Crato;LAMEIRO;-7.233;-39.416694444444;1998;2;156.0;0.0;0.0;0.0;0.0;0.0;0.0;0.0;0.0;0.0;0.0;0.0;0.0;0.0;112.0;0.0;0.0;0.0;36.0;8.0;0.0;0.0;0.0;0.0;0.0;0.0;0.0;0.0;0.0;888.0;888.0;888.0
Crato;LAMEIRO;-7.233;-39.416694444444;1998;3;165.0;0.0;0.0;0.0;0.0;0.0;0.0;0.0;0.0;0.0;35.0;0.0;0.0;0.0;0.0;0.0;69.0;4.0;13.0;0.0;3.0;25.0;0.0;9.0;4.0;3.0;0.0;0.0;0.0;0.0;0.0;0.0
Crato;LAMEIRO;-7.233;-39.416694444444;1998;4;60.0;27.0;0.0;0.0;0.0;0.0;0.0;0.0;0.0;0.0;0.0;0.0;0.0;33.0;0.0;0.0;0.0;0.0;0.0;0.0;0.0;0.0;0.0;0.0;0.0;0.0;0.0;0.0;0.0;0.0;0.0;888.0
Crato;LAMEIRO;-7.233;-39.416694444444;1998;5;0.0;0.0;0.0;0.0;0.0;0.0;0.0;0.0;0.0;0.0;0.0;0.0;0.0;0.0;0.0;0.0;0.0;0.0;0.0;0.0;0.0;0.0;0.0;0.0;0.0;0.0;0.0;0.0;0.0;0.0;0.0;0.0
Crato;LAMEIRO;-7.233;-39.416694444444;1998;6;2.0;0.0;0.0;0.0;0.0;0.0;0.0;0.0;2.0;0.0;0.0;0.0;0.0;0.0;0.0;0.0;0.0;0.0;0.0;0.0;0.0;0.0;0.0;0.0;0.0;0.0;0.0;0.0;0.0;0.0;0.0;888.0
Crato;LAMEIRO;-7.233;-39.416694444444;1998;7;7.0;0.0;0.0;0.0;0.0;0.0;0.0;0.0;0.0;0.0;2.0;0.0;0.0;0.0;0.0;5.0;0.0;0.0;0.0;0.0;0.0;0.0;0.0;0.0;0.0;0.0;0.0;0.0;0.0;0.0;0.0;0.0
Crato;LAMEIRO;-7.233;-39.416694444444;1998;8;4.0;0.0;0.0;0.0;0.0;0.0;0.0;0.0;0.0;0.0;0.0;0.0;0.0;0.0;4.0;0.0;0.0;0.0;0.0;0.0;0.0;0.0;0.0;0.0;0.0;0.0;0.0;0.0;0.0;0.0;0.0;0.0
Crato;LAMEIRO;-7.233;-39.416694444444;1998;9;6.0;0.0;0.0;0.0;0.0;0.0;0.0;0.0;0.0;0.0;0.0;0.0;0.0;0.0;0.0;0.0;0.0;0.0;0.0;0.0;0.0;0.0;0.0;0.0;0.0;0.0;0.0;6.0;0.0;0.0;0.0;888.0
Crato;LAMEIRO;-7.233;-39.416694444444;1998;10;0.0;0.0;0.0;0.0;0.0;0.0;0.0;0.0;0.0;0.0;0.0;0.0;0.0;0.0;0.0;0.0;0.0;0.0;0.0;0.0;0.0;0.0;0.0;0.0;0.0;0.0;0.0;0.0;0.0;0.0;0.0;0.0
Crato;LAMEIRO;-7.233;-39.416694444444;1998;11;17.0;0.0;0.0;0.0;0.0;0.0;0.0;0.0;0.0;0.0;0.0;0.0;0.0;0.0;0.0;0.0;0.0;0.0;2.0;1.0;0.0;1.0;0.0;2.0;11.0;0.0;0.0;0.0;0.0;0.0;0.0;888.0
Crato;LAMEIRO;-7.233;-39.416694444444;1998;12;149.0;0.0;0.0;0.0;0.0;0.0;0.0;0.0;0.0;0.0;0.0;0.0;0.0;0.0;0.0;8.0;4.0;0.0;0.0;0.0;0.0;6.0;17.0;0.0;0.0;0.0;0.0;0.0;0.0;29.0;85.0;0.0
Crato;LAMEIRO;-7.233;-39.416694444444;1999;1;253.0;0.0;0.0;0.0;0.0;0.0;0.0;0.0;0.0;0.0;0.0;70.0;0.0;0.0;41.0;0.0;0.0;0.0;2.0;8.0;5.0;2.0;36.0;36.0;9.0;25.0;7.0;0.0;0.0;0.0;12.0;0.0
Crato;LAMEIRO;-7.233;-39.416694444444;1999;2;73.0;0.0;0.0;0.0;0.0;0.0;6.0;0.0;11.0;0.0;0.0;0.0;0.0;0.0;0.0;0.0;0.0;14.0;7.0;0.0;31.0;0.0;0.0;0.0;2.0;0.0;0.0;0.0;2.0;888.0;888.0;888.0
Crato;LAMEIRO;-7.233;-39.416694444444;1999;3;391.0;0.0;0.0;0.0;84.0;0.0;32.0;82.0;21.0;0.0;0.0;0.0;35.0;33.0;9.0;0.0;4.0;0.0;32.0;12.0;13.0;0.0;0.0;0.0;0.0;0.0;0.0;16.0;8.0;2.0;8.0;0.0
Crato;LAMEIRO;-7.233;-39.416694444444;1999;4;128.0;0.0;0.0;0.0;0.0;0.0;0.0;23.0;0.0;0.0;0.0;0.0;0.0;65.0;0.0;10.0;0.0;0.0;0.0;2.0;3.0;0.0;0.0;25.0;0.0;0.0;0.0;0.0;0.0;0.0;0.0;888.0
Crato;LAMEIRO;-7.233;-39.416694444444;1999;5;126.0;0.0;0.0;0.0;0.0;8.0;50.0;0.0;4.0;0.0;0.0;0.0;0.0;0.0;0.0;59.0;0.0;0.0;0.0;0.0;0.0;0.0;0.0;5.0;0.0;0.0;0.0;0.0;0.0;0.0;0.0;0.0
Crato;LAMEIRO;-7.233;-39.416694444444;1999;6;0.0;0.0;0.0;0.0;0.0;0.0;0.0;0.0;0.0;0.0;0.0;0.0;0.0;0.0;0.0;0.0;0.0;0.0;0.0;0.0;0.0;0.0;0.0;0.0;0.0;0.0;0.0;0.0;0.0;0.0;0.0;888.0
Crato;LAMEIRO;-7.233;-39.416694444444;1999;7;0.0;0.0;0.0;0.0;0.0;0.0;0.0;0.0;0.0;0.0;0.0;0.0;0.0;0.0;0.0;0.0;0.0;0.0;0.0;0.0;0.0;0.0;0.0;0.0;0.0;0.0;0.0;0.0;0.0;0.0;0.0;0.0
Crato;LAMEIRO;-7.233;-39.416694444444;1999;8;0.0;0.0;0.0;0.0;0.0;0.0;0.0;0.0;0.0;0.0;0.0;0.0;0.0;0.0;0.0;0.0;0.0;0.0;0.0;0.0;0.0;0.0;0.0;0.0;0.0;0.0;0.0;0.0;0.0;0.0;0.0;0.0
Crato;LAMEIRO;-7.233;-39.416694444444;1999;9;0.0;0.0;0.0;0.0;0.0;0.0;0.0;0.0;0.0;0.0;0.0;0.0;0.0;0.0;0.0;0.0;0.0;0.0;0.0;0.0;0.0;0.0;0.0;0.0;0.0;0.0;0.0;0.0;0.0;0.0;0.0;888.0
Crato;LAMEIRO;-7.233;-39.416694444444;1999;10;9.0;0.0;0.0;0.0;0.0;0.0;0.0;0.0;0.0;0.0;0.0;0.0;0.0;0.0;0.0;0.0;0.0;0.0;0.0;0.0;0.0;0.0;0.0;0.0;0.0;0.0;0.0;0.0;9.0;0.0;0.0;0.0
Crato;LAMEIRO;-7.233;-39.416694444444;1999;11;43.0;6.0;4.0;5.0;0.0;0.0;0.0;0.0;0.0;0.0;0.0;0.0;0.0;0.0;0.0;0.0;0.0;0.0;0.0;0.0;0.0;0.0;0.0;0.0;0.0;0.0;28.0;0.0;0.0;0.0;0.0;888.0
Crato;LAMEIRO;-7.233;-39.416694444444;1999;12;124.0;0.0;0.0;0.0;0.0;0.0;0.0;0.0;0.0;0.0;0.0;0.0;5.0;0.0;0.0;0.0;0.0;0.0;0.0;0.0;0.0;13.0;4.0;35.0;0.0;8.0;0.0;0.0;0.0;0.0;38.0;21.0
Crato;LAMEIRO;-7.233;-39.416694444444;2000;1;223.5;0.0;0.0;0.0;16.0;0.0;45.0;0.0;7.5;24.0;0.0;0.0;0.0;3.0;21.0;7.0;25.0;1.0;0.0;0.0;0.0;0.0;0.0;66.0;4.0;0.0;0.0;0.0;0.0;0.0;4.0;0.0
Crato;LAMEIRO;-7.233;-39.416694444444;2000;2;304.0;5.0;0.0;0.0;0.0;0.0;0.0;0.0;18.0;8.0;16.0;0.0;0.0;22.0;11.0;17.0;38.0;22.0;55.0;5.0;0.0;0.0;7.0;50.0;3.0;0.0;0.0;20.0;4.0;3.0;888.0;888.0
Crato;LAMEIRO;-7.233;-39.416694444444;2000;3;129.0;0.0;0.0;12.0;10.0;3.0;0.0;2.0;0.0;2.0;3.0;1.0;0.0;0.0;24.0;4.0;15.0;2.0;0.0;0.0;0.0;1.0;0.0;0.0;0.0;0.0;2.0;13.0;12.0;0.0;0.0;23.0
Crato;LAMEIRO;-7.233;-39.416694444444;2000;4;185.8;7.0;10.0;6.0;0.0;0.0;0.0;0.0;5.0;12.8;27.0;33.0;2.0;14.0;9.0;0.0;0.0;40.0;8.0;5.0;0.0;2.0;5.0;0.0;0.0;0.0;0.0;0.0;0.0;0.0;0.0;888.0
Crato;LAMEIRO;-7.233;-39.416694444444;2000;5;59.0;0.0;0.0;14.0;0.0;0.0;29.0;0.0;0.0;0.0;0.0;0.0;0.0;0.0;0.0;0.0;0.0;0.0;8.0;5.0;0.0;0.0;0.0;0.0;3.0;0.0;0.0;0.0;0.0;0.0;0.0;0.0
Crato;LAMEIRO;-7.233;-39.416694444444;2000;6;10.0;0.0;0.0;0.0;0.0;0.0;0.0;0.0;0.0;3.0;0.0;0.0;0.0;0.0;0.0;0.0;0.0;0.0;0.0;0.0;0.0;0.0;0.0;0.0;0.0;0.0;0.0;7.0;0.0;0.0;0.0;888.0
Crato;LAMEIRO;-7.233;-39.416694444444;2000;7;8.0;0.0;0.0;0.0;0.0;0.0;0.0;0.0;0.0;0.0;0.0;3.0;5.0;0.0;0.0;0.0;0.0;0.0;0.0;0.0;0.0;0.0;0.0;0.0;0.0;0.0;0.0;0.0;0.0;0.0;0.0;0.0
Crato;LAMEIRO;-7.233;-39.416694444444;2000;8;7.0;0.0;0.0;0.0;0.0;0.0;0.0;7.0;0.0;0.0;0.0;0.0;0.0;0.0;0.0;0.0;0.0;0.0;0.0;0.0;0.0;0.0;0.0;0.0;0.0;0.0;0.0;0.0;0.0;0.0;0.0;0.0
Crato;LAMEIRO;-7.233;-39.416694444444;2000;9;32.0;0.0;0.0;0.0;0.0;3.0;14.0;0.0;0.0;0.0;0.0;6.0;0.0;9.0;0.0;0.0;0.0;0.0;0.0;0.0;0.0;0.0;0.0;0.0;0.0;0.0;0.0;0.0;0.0;0.0;0.0;888.0
Crato;LAMEIRO;-7.233;-39.416694444444;2000;10;0.0;0.0;0.0;0.0;0.0;0.0;0.0;0.0;0.0;0.0;0.0;0.0;0.0;0.0;0.0;0.0;0.0;0.0;0.0;0.0;0.0;0.0;0.0;0.0;0.0;0.0;0.0;0.0;0.0;0.0;0.0;0.0
Crato;LAMEIRO;-7.233;-39.416694444444;2000;11;22.0;0.0;0.0;0.0;0.0;0.0;0.0;0.0;0.0;0.0;3.0;0.0;0.0;0.0;0.0;0.0;0.0;0.0;0.0;0.0;0.0;0.0;0.0;0.0;0.0;0.0;0.0;13.0;6.0;0.0;0.0;888.0
Crato;LAMEIRO;-7.233;-39.416694444444;2000;12;190.0;0.0;0.0;0.0;0.0;0.0;0.0;0.0;0.0;6.0;0.0;0.0;10.0;0.0;78.0;33.0;23.0;9.0;0.0;0.0;0.0;0.0;0.0;31.0;0.0;0.0;0.0;0.0;0.0;0.0;0.0;0.0
Crato;LAMEIRO;-7.233;-39.416694444444;2001;1;61.5;0.0;0.0;0.0;0.0;0.0;6.0;0.0;8.0;0.0;0.0;0.0;0.0;7.0;3.0;0.0;0.0;0.0;0.0;0.0;0.0;0.0;16.0;0.0;0.0;0.0;0.0;0.0;5.0;7.0;0.5;9.0
Crato;LAMEIRO;-7.233;-39.416694444444;2001;2;89.5;0.0;0.0;27.0;24.0;11.5;5.0;0.0;0.0;3.0;0.0;0.0;0.0;4.0;8.0;0.0;0.0;0.0;0.0;0.0;0.0;0.0;0.0;0.0;0.0;0.0;0.0;7.0;0.0;888.0;888.0;888.0
Crato;LAMEIRO;-7.233;-39.416694444444;2001;3;208.0;0.0;40.0;18.0;0.0;0.0;0.0;0.0;0.0;41.0;1.0;0.0;11.0;13.0;9.0;0.0;4.0;1.0;4.0;0.0;0.0;0.0;0.0;0.0;0.0;0.0;5.0;3.0;0.0;48.0;4.0;6.0
Crato;LAMEIRO;-7.233;-39.416694444444;2001;4;36.0;0.0;0.0;25.0;0.0;0.0;0.0;0.0;0.0;0.0;0.0;0.0;0.0;0.0;0.0;0.0;0.0;4.0;5.0;0.0;0.0;2.0;0.0;0.0;0.0;0.0;0.0;0.0;0.0;0.0;0.0;888.0
Crato;LAMEIRO;-7.233;-39.416694444444;2001;5;63.5;0.0;1.0;0.0;0.0;0.0;0.0;0.0;0.0;0.0;2.0;4.5;0.0;0.0;0.0;0.0;0.0;0.0;0.0;0.0;4.0;0.0;0.0;0.0;0.0;4.0;26.0;0.0;0.0;0.0;22.0;0.0
Crato;LAMEIRO;-7.233;-39.416694444444;2001;6;10.0;0.0;0.0;0.0;0.0;0.0;0.0;0.0;0.0;1.0;1.0;1.0;1.0;0.0;0.0;0.0;0.0;0.0;0.0;0.0;0.0;0.0;0.0;0.0;0.0;0.0;0.0;0.0;6.0;0.0;0.0;888.0
Crato;LAMEIRO;-7.233;-39.416694444444;2001;7;20.0;0.0;0.0;0.0;0.0;0.0;0.0;0.0;0.0;0.0;0.0;0.0;0.0;0.0;0.0;0.0;0.0;0.0;3.0;0.0;0.0;3.0;14.0;0.0;0.0;0.0;0.0;0.0;0.0;0.0;0.0;0.0
Crato;LAMEIRO;-7.233;-39.416694444444;2001;8;0.0;0.0;0.0;0.0;0.0;0.0;0.0;0.0;0.0;0.0;0.0;0.0;0.0;0.0;0.0;0.0;0.0;0.0;0.0;0.0;0.0;0.0;0.0;0.0;0.0;0.0;0.0;0.0;0.0;0.0;0.0;0.0
Crato;LAMEIRO;-7.233;-39.416694444444;2001;9;34.0;0.0;0.0;7.0;0.0;0.0;0.0;0.0;0.0;0.0;0.0;0.0;0.0;0.0;0.0;0.0;0.0;0.0;27.0;0.0;0.0;0.0;0.0;0.0;0.0;0.0;0.0;0.0;0.0;0.0;0.0;888.0
Crato;LAMEIRO;-7.233;-39.416694444444;2001;10;17.0;0.0;0.0;0.0;0.0;0.0;0.0;0.0;0.0;0.0;0.0;0.0;0.0;4.0;2.0;5.0;6.0;0.0;0.0;0.0;0.0;0.0;0.0;0.0;0.0;0.0;0.0;0.0;0.0;0.0;0.0;0.0
Crato;LAMEIRO;-7.233;-39.416694444444;2001;11;38.0;0.0;0.0;0.0;0.0;0.0;0.0;0.0;0.0;0.0;0.0;0.0;0.0;0.0;0.0;0.0;0.0;0.0;0.0;0.0;0.0;0.0;0.0;0.0;0.0;16.0;0.0;0.0;0.0;22.0;0.0;888.0
Crato;LAMEIRO;-7.233;-39.416694444444;2001;12;237.0;0.0;0.0;63.0;34.0;7.0;8.0;0.0;0.0;4.0;7.0;29.0;0.0;0.0;0.0;0.0;0.0;0.0;0.0;0.0;0.0;0.0;0.0;0.0;0.0;0.0;0.0;0.0;1.0;29.0;21.0;34.0
Crato;LAMEIRO;-7.233;-39.416694444444;2002;1;425.0;6.0;17.0;38.0;13.0;1.0;65.0;10.0;13.0;0.0;25.0;13.0;3.0;64.0;60.0;0.0;0.0;8.0;26.0;0.0;22.0;0.0;0.0;0.0;0.0;17.0;0.0;16.0;0.0;2.0;4.0;2.0
Crato;LAMEIRO;-7.233;-39.416694444444;2002;2;217.0;4.0;0.0;0.0;12.0;1.0;11.0;0.0;0.0;0.0;120.0;0.0;3.0;12.0;0.0;0.0;0.0;0.0;0.0;0.0;0.0;54.0;0.0;0.0;0.0;0.0;0.0;0.0;0.0;888.0;888.0;888.0
Crato;LAMEIRO;-7.233;-39.416694444444;2002;3;177.0;0.0;0.0;0.0;6.0;21.0;23.0;10.0;0.0;2.0;0.0;0.0;0.0;0.0;0.0;0.0;0.0;0.0;10.0;4.0;25.0;2.0;0.0;0.0;54.0;15.0;2.0;3.0;0.0;0.0;0.0;0.0
Crato;LAMEIRO;-7.233;-39.416694444444;2002;4;80.0;7.0;0.0;0.0;12.0;0.0;0.0;5.0;0.0;0.0;10.0;36.0;5.0;0.0;0.0;0.0;0.0;0.0;0.0;0.0;0.0;0.0;0.0;0.0;0.0;0.0;0.0;0.0;0.0;5.0;0.0;888.0
Crato;LAMEIRO;-7.233;-39.416694444444;2002;5;37.0;0.0;0.0;4.0;0.0;0.0;0.0;18.0;0.0;0.0;0.0;3.0;0.0;0.0;0.0;0.0;3.0;7.0;0.0;2.0;0.0;0.0;0.0;0.0;0.0;0.0;0.0;0.0;0.0;0.0;0.0;0.0
Crato;LAMEIRO;-7.233;-39.416694444444;2002;6;0.0;0.0;0.0;0.0;0.0;0.0;0.0;0.0;0.0;0.0;0.0;0.0;0.0;0.0;0.0;0.0;0.0;0.0;0.0;0.0;0.0;0.0;0.0;0.0;0.0;0.0;0.0;0.0;0.0;0.0;0.0;888.0
Crato;LAMEIRO;-7.233;-39.416694444444;2002;7;57.0;0.0;0.0;0.0;0.0;0.0;0.0;0.0;0.0;0.0;0.0;34.0;0.0;0.0;0.0;0.0;0.0;0.0;0.0;0.0;0.0;0.0;0.0;0.0;0.0;0.0;0.0;23.0;0.0;0.0;0.0;0.0
Crato;LAMEIRO;-7.233;-39.416694444444;2002;8;20.0;0.0;0.0;0.0;0.0;0.0;0.0;0.0;0.0;0.0;0.0;0.0;0.0;0.0;0.0;0.0;20.0;0.0;0.0;0.0;0.0;0.0;0.0;0.0;0.0;0.0;0.0;0.0;0.0;0.0;0.0;0.0
Crato;LAMEIRO;-7.233;-39.416694444444;2002;9;10.0;0.0;0.0;0.0;0.0;0.0;0.0;0.0;0.0;0.0;0.0;0.0;0.0;0.0;0.0;0.0;0.0;0.0;0.0;0.0;0.0;0.0;0.0;0.0;0.0;0.0;0.0;0.0;10.0;0.0;0.0;888.0
Crato;LAMEIRO;-7.233;-39.416694444444;2002;10;0.0;0.0;0.0;0.0;0.0;0.0;0.0;0.0;0.0;0.0;0.0;0.0;0.0;0.0;0.0;0.0;0.0;0.0;0.0;0.0;0.0;0.0;0.0;0.0;0.0;0.0;0.0;0.0;0.0;0.0;0.0;0.0
Crato;LAMEIRO;-7.233;-39.416694444444;2002;11;29.0;0.0;0.0;0.0;0.0;0.0;0.0;0.0;0.0;0.0;0.0;0.0;0.0;0.0;0.0;0.0;0.0;0.0;0.0;0.0;0.0;0.0;17.0;0.0;12.0;0.0;0.0;0.0;0.0;0.0;0.0;888.0
Crato;LAMEIRO;-7.233;-39.416694444444;2002;12;112.0;0.0;0.0;0.0;0.0;0.0;0.0;0.0;0.0;0.0;14.0;12.0;0.0;0.0;0.0;0.0;0.0;0.0;0.0;0.0;0.0;0.0;0.0;0.0;0.0;44.0;0.0;3.0;31.0;0.0;0.0;8.0
Crato;LAMEIRO;-7.233;-39.416694444444;2003;1;176.0;0.0;0.0;0.0;0.0;0.0;0.0;0.0;0.0;0.0;0.0;0.0;0.0;0.0;0.0;0.0;0.0;0.0;0.0;0.0;36.0;4.0;5.0;17.0;60.0;0.0;0.0;21.0;19.0;0.0;11.0;3.0
Crato;LAMEIRO;-7.233;-39.416694444444;2003;2;230.0;0.0;0.0;0.0;0.0;0.0;0.0;7.0;0.0;0.0;0.0;0.0;16.0;7.0;6.0;0.0;1.0;0.0;0.0;0.0;2.0;0.0;0.0;34.0;93.0;10.0;35.0;0.0;19.0;888.0;888.0;888.0
Crato;LAMEIRO;-7.233;-39.416694444444;2003;3;363.0;2.0;0.0;10.0;6.0;0.0;7.0;0.0;0.0;0.0;3.0;0.0;0.0;0.0;4.0;12.0;64.0;62.0;3.0;40.0;1.0;8.0;28.0;50.0;21.0;0.0;0.0;0.0;0.0;0.0;6.0;36.0
Crato;LAMEIRO;-7.233;-39.416694444444;2003;4;122.9;10.0;14.0;0.0;0.0;69.0;0.0;1.0;0.0;1.0;1.0;0.0;0.0;0.0;3.9;0.0;0.0;0.0;0.0;0.0;0.0;0.0;0.0;0.0;0.0;0.0;0.0;4.0;11.0;8.0;0.0;888.0
Crato;LAMEIRO;-7.233;-39.416694444444;2003;5;40.0;0.0;15.0;0.0;4.0;3.0;9.0;0.0;0.0;0.0;0.0;0.0;0.0;0.0;0.0;0.0;0.0;0.0;0.0;0.0;0.0;0.0;0.0;0.0;0.0;0.0;0.0;0.0;9.0;0.0;0.0;0.0
Crato;LAMEIRO;-7.233;-39.416694444444;2003;6;14.0;0.0;0.0;0.0;0.0;0.0;14.0;0.0;0.0;0.0;0.0;0.0;0.0;0.0;0.0;0.0;0.0;0.0;0.0;0.0;0.0;0.0;0.0;0.0;0.0;0.0;0.0;0.0;0.0;0.0;0.0;888.0
Crato;LAMEIRO;-7.233;-39.416694444444;2003;7;25.0;0.0;0.0;0.0;0.0;0.0;0.0;0.0;0.0;0.0;0.0;0.0;25.0;0.0;0.0;0.0;0.0;0.0;0.0;0.0;0.0;0.0;0.0;0.0;0.0;0.0;0.0;0.0;0.0;0.0;0.0;0.0
Crato;LAMEIRO;-7.233;-39.416694444444;2003;8;12.0;0.0;0.0;0.0;0.0;0.0;0.0;0.0;0.0;0.0;0.0;0.0;0.0;0.0;0.0;0.0;0.0;0.0;11.0;0.0;0.0;1.0;0.0;0.0;0.0;0.0;0.0;0.0;0.0;0.0;0.0;0.0
Crato;LAMEIRO;-7.233;-39.416694444444;2003;9;0.0;0.0;0.0;0.0;0.0;0.0;0.0;0.0;0.0;0.0;0.0;0.0;0.0;0.0;0.0;0.0;0.0;0.0;0.0;0.0;0.0;0.0;0.0;0.0;0.0;0.0;0.0;0.0;0.0;0.0;0.0;888.0
Crato;LAMEIRO;-7.233;-39.416694444444;2003;10;3.0;0.0;0.0;0.0;0.0;0.0;0.0;3.0;0.0;0.0;0.0;0.0;0.0;0.0;0.0;0.0;0.0;0.0;0.0;0.0;0.0;0.0;0.0;0.0;0.0;0.0;0.0;0.0;0.0;0.0;0.0;0.0
Crato;LAMEIRO;-7.233;-39.416694444444;2003;11;28.0;0.0;0.0;0.0;0.0;0.0;4.0;0.0;21.0;0.0;0.0;0.0;0.0;0.0;0.0;0.0;0.0;3.0;0.0;0.0;0.0;0.0;0.0;0.0;0.0;0.0;0.0;0.0;0.0;0.0;0.0;888.0
Crato;LAMEIRO;-7.233;-39.416694444444;2003;12;128.0;0.0;0.0;0.0;0.0;0.0;0.0;0.0;0.0;0.0;0.0;0.0;0.0;0.0;5.0;18.0;58.0;2.0;0.0;0.0;0.0;0.0;0.0;0.0;0.0;0.0;25.0;0.0;0.0;20.0;0.0;0.0
Crato;LAMEIRO;-7.233;-39.416694444444;2004;1;472.0;0.0;0.0;0.0;0.0;0.0;0.0;0.0;0.0;0.0;0.0;1.0;43.0;2.0;63.0;46.0;0.0;5.0;8.0;7.0;45.0;5.0;21.0;18.0;41.0;10.0;21.0;14.0;46.0;0.0;6.0;70.0
Crato;LAMEIRO;-7.233;-39.416694444444;2004;2;475.0;3.0;43.0;46.0;53.0;34.0;33.0;2.0;4.0;0.0;0.0;0.0;0.0;21.0;0.0;0.0;137.0;8.0;0.0;0.0;0.0;0.0;35.0;0.0;2.0;4.0;0.0;42.0;8.0;0.0;888.0;888.0
Crato;LAMEIRO;-7.233;-39.416694444444;2004;3;180.0;0.0;0.0;0.0;0.0;16.0;0.0;0.0;47.0;4.0;0.0;3.0;0.0;23.0;0.0;0.0;46.0;3.0;5.0;0.0;0.0;0.0;0.0;1.0;10.0;0.0;1.0;21.0;0.0;0.0;0.0;0.0
Crato;LAMEIRO;-7.233;-39.416694444444;2004;4;229.0;0.0;0.0;9.0;5.0;8.0;4.0;11.0;47.0;0.0;0.0;0.0;5.0;9.0;16.0;33.0;0.0;0.0;0.0;0.0;0.0;0.0;0.0;0.0;0.0;2.0;44.0;36.0;0.0;0.0;0.0;888.0
Crato;LAMEIRO;-7.233;-39.416694444444;2004;5;110.0;0.0;0.0;0.0;0.0;0.0;0.0;0.0;28.0;0.0;49.0;10.0;4.0;0.0;0.0;0.0;0.0;0.0;0.0;0.0;0.0;5.0;0.0;0.0;0.0;9.0;5.0;0.0;0.0;0.0;0.0;0.0
Crato;LAMEIRO;-7.233;-39.416694444444;2004;6;10.0;0.0;0.0;0.0;0.0;0.0;6.0;0.0;0.0;0.0;0.0;0.0;0.0;0.0;0.0;0.0;0.0;0.0;0.0;4.0;0.0;0.0;0.0;0.0;0.0;0.0;0.0;0.0;0.0;0.0;0.0;888.0
Crato;LAMEIRO;-7.233;-39.416694444444;2004;7;39.0;0.0;0.0;0.0;3.0;0.0;0.0;0.0;0.0;34.0;0.0;0.0;0.0;0.0;0.0;0.0;0.0;0.0;0.0;0.0;0.0;0.0;0.0;0.0;0.0;0.0;0.0;0.0;0.0;2.0;0.0;0.0
Crato;LAMEIRO;-7.233;-39.416694444444;2004;8;0.0;0.0;0.0;0.0;0.0;0.0;0.0;0.0;0.0;0.0;0.0;0.0;0.0;0.0;0.0;0.0;0.0;0.0;0.0;0.0;0.0;0.0;0.0;0.0;0.0;0.0;0.0;0.0;0.0;0.0;0.0;0.0
Crato;LAMEIRO;-7.233;-39.416694444444;2004;9;7.0;0.0;0.0;0.0;0.0;0.0;0.0;0.0;0.0;0.0;0.0;0.0;0.0;0.0;0.0;0.0;0.0;0.0;0.0;0.0;0.0;0.0;0.0;7.0;0.0;0.0;0.0;0.0;0.0;0.0;0.0;888.0
Crato;LAMEIRO;-7.233;-39.416694444444;2004;10;0.0;0.0;0.0;0.0;0.0;0.0;0.0;0.0;0.0;0.0;0.0;0.0;0.0;0.0;0.0;0.0;0.0;0.0;0.0;0.0;0.0;0.0;0.0;0.0;0.0;0.0;0.0;0.0;0.0;0.0;0.0;0.0
Crato;LAMEIRO;-7.233;-39.416694444444;2004;11;35.0;0.0;0.0;0.0;0.0;0.0;0.0;0.0;0.0;0.0;0.0;0.0;0.0;0.0;0.0;0.0;0.0;0.0;0.0;0.0;0.0;0.0;0.0;1.0;1.0;10.0;4.0;12.0;7.0;0.0;0.0;888.0
Crato;LAMEIRO;-7.233;-39.416694444444;2004;12;20.0;0.0;0.0;0.0;0.0;0.0;0.0;0.0;0.0;0.0;0.0;0.0;0.0;0.0;0.0;0.0;0.0;0.0;0.0;0.0;0.0;0.0;0.0;0.0;0.0;0.0;0.0;0.0;0.0;2.0;18.0;0.0
Crato;LAMEIRO;-7.233;-39.416694444444;2005;1;178.0;0.0;0.0;0.0;0.0;5.0;0.0;0.0;0.0;2.0;0.0;0.0;0.0;0.0;0.0;81.0;2.0;5.0;0.0;0.0;18.0;0.0;0.0;35.0;0.0;18.0;0.0;0.0;0.0;8.0;4.0;0.0
Crato;LAMEIRO;-7.233;-39.416694444444;2005;2;117.0;0.0;0.0;0.0;0.0;0.0;0.0;0.0;5.0;73.0;5.0;1.0;3.0;0.0;0.0;0.0;3.0;14.0;3.0;0.0;0.0;0.0;0.0;0.0;10.0;0.0;0.0;0.0;0.0;888.0;888.0;888.0
Crato;LAMEIRO;-7.233;-39.416694444444;2005;3;418.0;0.0;0.0;0.0;5.0;0.0;0.0;0.0;0.0;0.0;0.0;0.0;101.0;43.0;2.0;0.0;0.0;13.0;0.0;0.0;14.0;13.0;15.0;0.0;94.0;0.0;21.0;0.0;52.0;9.0;8.0;28.0
Crato;LAMEIRO;-7.233;-39.416694444444;2005;4;157.0;10.0;0.0;0.0;0.0;0.0;0.0;0.0;0.0;0.0;0.0;0.0;0.0;0.0;0.0;0.0;3.0;0.0;1.0;0.0;10.0;0.0;0.0;0.0;0.0;0.0;0.0;0.0;86.0;2.0;45.0;888.0
Crato;LAMEIRO;-7.233;-39.416694444444;2005;5;134.0;0.0;0.0;9.0;5.0;4.0;0.0;0.0;0.0;0.0;0.0;16.0;0.0;0.0;0.0;0.0;0.0;19.0;0.0;0.0;0.0;25.0;3.0;32.0;17.0;2.0;2.0;0.0;0.0;0.0;0.0;0.0
Crato;LAMEIRO;-7.233;-39.416694444444;2005;6;43.0;2.0;0.0;0.0;0.0;0.0;0.0;0.0;0.0;0.0;0.0;0.0;0.0;0.0;5.0;10.0;0.0;0.0;0.0;11.0;0.0;0.0;4.0;0.0;0.0;0.0;0.0;0.0;11.0;0.0;0.0;888.0
Crato;LAMEIRO;-7.233;-39.416694444444;2005;7;4.0;0.0;0.0;0.0;0.0;0.0;0.0;0.0;0.0;0.0;0.0;0.0;0.0;0.0;0.0;0.0;0.0;0.0;0.0;0.0;0.0;4.0;0.0;0.0;0.0;0.0;0.0;0.0;0.0;0.0;0.0;0.0
Crato;LAMEIRO;-7.233;-39.416694444444;2005;8;3.0;0.0;0.0;0.0;0.0;0.0;0.0;0.0;0.0;0.0;0.0;0.0;0.0;0.0;0.0;0.0;0.0;0.0;0.0;0.0;0.0;0.0;3.0;0.0;0.0;0.0;0.0;0.0;0.0;0.0;0.0;0.0
Crato;LAMEIRO;-7.233;-39.416694444444;2005;9;0.0;0.0;0.0;0.0;0.0;0.0;0.0;0.0;0.0;0.0;0.0;0.0;0.0;0.0;0.0;0.0;0.0;0.0;0.0;0.0;0.0;0.0;0.0;0.0;0.0;0.0;0.0;0.0;0.0;0.0;0.0;888.0
Crato;LAMEIRO;-7.233;-39.416694444444;2005;10;0.0;0.0;0.0;0.0;0.0;0.0;0.0;0.0;0.0;0.0;0.0;0.0;0.0;0.0;0.0;0.0;0.0;0.0;0.0;0.0;0.0;0.0;0.0;0.0;0.0;0.0;0.0;0.0;0.0;0.0;0.0;0.0
Crato;LAMEIRO;-7.233;-39.416694444444;2005;11;2.0;0.0;0.0;0.0;0.0;0.0;0.0;0.0;0.0;0.0;0.0;0.0;0.0;0.0;0.0;0.0;0.0;0.0;0.0;0.0;0.0;0.0;0.0;0.0;0.0;0.0;0.0;0.0;2.0;0.0;0.0;888.0
Crato;LAMEIRO;-7.233;-39.416694444444;2005;12;113.0;0.0;0.0;0.0;0.0;37.0;10.0;26.0;19.0;3.0;0.0;0.0;0.0;0.0;0.0;0.0;0.0;0.0;0.0;0.0;0.0;0.0;0.0;0.0;0.0;0.0;0.0;0.0;0.0;18.0;0.0;0.0
Crato;LAMEIRO;-7.233;-39.416694444444;2006;1;21.0;0.0;0.0;0.0;0.0;0.0;0.0;0.0;0.0;0.0;10.0;0.0;0.0;0.0;0.0;0.0;0.0;0.0;0.0;0.0;0.0;0.0;0.0;0.0;0.0;0.0;0.0;0.0;0.0;2.0;9.0;0.0
Crato;LAMEIRO;-7.233;-39.416694444444;2006;2;387.0;8.0;65.0;20.0;0.0;0.0;7.0;17.0;0.0;0.0;0.0;0.0;0.0;48.0;51.0;5.0;70.0;7.0;21.0;14.0;5.0;0.0;0.0;5.0;5.0;22.0;0.0;4.0;13.0;888.0;888.0;888.0
Crato;LAMEIRO;-7.233;-39.416694444444;2006;3;373.0;12.0;6.0;50.0;2.0;0.0;0.0;0.0;0.0;0.0;0.0;0.0;0.0;48.0;31.0;35.0;17.0;6.0;49.0;3.0;11.0;0.0;30.0;0.0;19.0;0.0;12.0;0.0;15.0;15.0;2.0;10.0
Crato;LAMEIRO;-7.233;-39.416694444444;2006;4;479.0;30.0;52.0;10.0;52.0;0.0;12.0;40.0;30.0;3.0;0.0;15.0;5.0;0.0;0.0;25.0;0.0;0.0;5.0;50.0;0.0;122.0;4.0;4.0;2.0;6.0;3.0;0.0;9.0;0.0;0.0;888.0
Crato;LAMEIRO;-7.233;-39.416694444444;2006;5;69.0;22.0;0.0;0.0;0.0;0.0;0.0;0.0;0.0;0.0;0.0;0.0;0.0;0.0;45.0;0.0;0.0;0.0;0.0;0.0;0.0;0.0;0.0;0.0;0.0;0.0;0.0;0.0;0.0;2.0;0.0;0.0
Crato;LAMEIRO;-7.233;-39.416694444444;2006;6;65.0;0.0;0.0;0.0;0.0;0.0;0.0;0.0;0.0;0.0;0.0;0.0;0.0;0.0;65.0;0.0;0.0;0.0;0.0;0.0;0.0;0.0;0.0;0.0;0.0;0.0;0.0;0.0;0.0;0.0;0.0;888.0
Crato;LAMEIRO;-7.233;-39.416694444444;2006;7;12.0;0.0;0.0;0.0;0.0;0.0;0.0;0.0;0.0;0.0;0.0;0.0;0.0;0.0;0.0;0.0;0.0;0.0;0.0;0.0;0.0;0.0;0.0;0.0;12.0;0.0;0.0;0.0;0.0;0.0;0.0;0.0
Crato;LAMEIRO;-7.233;-39.416694444444;2006;8;0.0;0.0;0.0;0.0;0.0;0.0;0.0;0.0;0.0;0.0;0.0;0.0;0.0;0.0;0.0;0.0;0.0;0.0;0.0;0.0;0.0;0.0;0.0;0.0;0.0;0.0;0.0;0.0;0.0;0.0;0.0;0.0
Crato;LAMEIRO;-7.233;-39.416694444444;2006;9;0.0;0.0;0.0;0.0;0.0;0.0;0.0;0.0;0.0;0.0;0.0;0.0;0.0;0.0;0.0;0.0;0.0;0.0;0.0;0.0;0.0;0.0;0.0;0.0;0.0;0.0;0.0;0.0;0.0;0.0;0.0;888.0
Crato;LAMEIRO;-7.233;-39.416694444444;2006;10;10.0;0.0;0.0;0.0;0.0;0.0;0.0;0.0;0.0;0.0;0.0;0.0;0.0;0.0;0.0;0.0;0.0;0.0;0.0;0.0;0.0;0.0;0.0;10.0;0.0;0.0;0.0;0.0;0.0;0.0;0.0;0.0
Crato;LAMEIRO;-7.233;-39.416694444444;2006;11;38.0;0.0;0.0;0.0;0.0;0.0;0.0;0.0;0.0;0.0;0.0;0.0;0.0;0.0;0.0;0.0;8.0;0.0;0.0;13.0;17.0;0.0;0.0;0.0;0.0;0.0;0.0;0.0;0.0;0.0;0.0;888.0
Crato;LAMEIRO;-7.233;-39.416694444444;2006;12;111.0;0.0;0.0;0.0;0.0;0.0;0.0;0.0;0.0;0.0;43.0;0.0;0.0;0.0;0.0;0.0;0.0;0.0;0.0;0.0;0.0;0.0;0.0;0.0;0.0;0.0;30.0;0.0;0.0;0.0;0.0;38.0
Crato;LAMEIRO;-7.233;-39.416694444444;2007;1;121.0;35.0;39.0;0.0;0.0;0.0;0.0;18.0;0.0;0.0;0.0;29.0;0.0;0.0;0.0;0.0;0.0;0.0;0.0;0.0;0.0;0.0;0.0;0.0;0.0;0.0;0.0;0.0;0.0;0.0;0.0;0.0
Crato;LAMEIRO;-7.233;-39.416694444444;2007;2;361.0;19.0;0.0;28.0;35.0;5.0;8.0;0.0;0.0;0.0;0.0;0.0;0.0;9.0;47.0;0.0;0.0;5.0;92.0;10.0;15.0;0.0;25.0;6.0;15.0;10.0;5.0;22.0;5.0;888.0;888.0;888.0
Crato;LAMEIRO;-7.233;-39.416694444444;2007;3;128.0;10.0;22.0;0.0;0.0;0.0;0.0;0.0;0.0;0.0;0.0;20.0;0.0;0.0;19.0;2.0;0.0;2.0;2.0;10.0;25.0;16.0;0.0;0.0;0.0;0.0;0.0;0.0;0.0;0.0;0.0;0.0
Crato;LAMEIRO;-7.233;-39.416694444444;2007;4;365.0;0.0;0.0;0.0;0.0;0.0;0.0;0.0;0.0;0.0;0.0;144.0;0.0;0.0;0.0;0.0;0.0;0.0;0.0;31.0;49.0;0.0;131.0;0.0;0.0;5.0;0.0;0.0;0.0;5.0;0.0;888.0
Crato;LAMEIRO;-7.233;-39.416694444444;2007;5;91.0;25.0;43.0;0.0;0.0;0.0;0.0;0.0;0.0;0.0;0.0;0.0;0.0;0.0;0.0;0.0;0.0;0.0;0.0;0.0;0.0;0.0;0.0;0.0;0.0;0.0;0.0;7.0;16.0;0.0;0.0;0.0
Crato;LAMEIRO;-7.233;-39.416694444444;2007;6;0.0;0.0;0.0;0.0;0.0;0.0;0.0;0.0;0.0;0.0;0.0;0.0;0.0;0.0;0.0;0.0;0.0;0.0;0.0;0.0;0.0;0.0;0.0;0.0;0.0;0.0;0.0;0.0;0.0;0.0;0.0;888.0
Crato;LAMEIRO;-7.233;-39.416694444444;2007;7;0.0;0.0;0.0;0.0;0.0;0.0;0.0;0.0;0.0;0.0;0.0;0.0;0.0;0.0;0.0;0.0;0.0;0.0;0.0;0.0;0.0;0.0;0.0;0.0;0.0;0.0;0.0;0.0;0.0;0.0;0.0;0.0
Crato;LAMEIRO;-7.233;-39.416694444444;2007;8;0.0;0.0;0.0;0.0;0.0;0.0;0.0;0.0;0.0;0.0;0.0;0.0;0.0;0.0;0.0;0.0;0.0;0.0;0.0;0.0;0.0;0.0;0.0;0.0;0.0;0.0;0.0;0.0;0.0;0.0;0.0;0.0
Crato;LAMEIRO;-7.233;-39.416694444444;2007;9;5.0;0.0;0.0;0.0;0.0;5.0;0.0;0.0;0.0;0.0;0.0;0.0;0.0;0.0;0.0;0.0;0.0;0.0;0.0;0.0;0.0;0.0;0.0;0.0;0.0;0.0;0.0;0.0;0.0;0.0;0.0;888.0
Crato;LAMEIRO;-7.233;-39.416694444444;2007;10;0.0;0.0;0.0;0.0;0.0;0.0;0.0;0.0;0.0;0.0;0.0;0.0;0.0;0.0;0.0;0.0;0.0;0.0;0.0;0.0;0.0;0.0;0.0;0.0;0.0;0.0;0.0;0.0;0.0;0.0;0.0;0.0
Crato;LAMEIRO;-7.233;-39.416694444444;2007;11;0.0;0.0;0.0;0.0;0.0;0.0;0.0;0.0;0.0;0.0;0.0;0.0;0.0;0.0;0.0;0.0;0.0;0.0;0.0;0.0;0.0;0.0;0.0;0.0;0.0;0.0;0.0;0.0;0.0;0.0;0.0;888.0
Crato;LAMEIRO;-7.233;-39.416694444444;2007;12;135.0;0.0;0.0;0.0;0.0;18.0;0.0;0.0;0.0;0.0;0.0;0.0;0.0;0.0;0.0;2.0;69.0;0.0;0.0;0.0;0.0;0.0;2.0;0.0;4.0;0.0;0.0;0.0;0.0;0.0;0.0;40.0
Crato;LAMEIRO;-7.233;-39.416694444444;2008;1;230.0;0.0;0.0;5.0;0.0;5.0;0.0;0.0;0.0;0.0;17.0;2.0;25.0;0.0;0.0;9.0;0.0;26.0;18.0;0.0;0.0;0.0;3.0;0.0;0.0;43.0;23.0;5.0;33.0;3.0;13.0;0.0
Crato;LAMEIRO;-7.233;-39.416694444444;2008;2;338.0;58.0;10.0;0.0;0.0;0.0;0.0;0.0;0.0;10.0;0.0;7.0;92.0;0.0;0.0;0.0;81.0;13.0;0.0;0.0;0.0;0.0;0.0;4.0;0.0;0.0;0.0;63.0;0.0;0.0;888.0;888.0
Crato;LAMEIRO;-7.233;-39.416694444444;2008;3;648.0;0.0;0.0;0.0;0.0;41.0;0.0;41.0;0.0;42.0;1.0;32.0;37.0;36.0;999.0;0.0;9.0;17.0;20.0;0.0;0.0;47.0;37.0;5.0;67.0;10.0;89.0;3.0;10.0;31.0;39.0;34.0
Crato;LAMEIRO;-7.233;-39.416694444444;2008;4;198.0;6.0;12.0;12.0;1.0;0.0;31.0;12.0;15.0;12.0;0.0;0.0;0.0;11.0;2.0;31.0;0.0;0.0;0.0;0.0;0.0;6.0;0.0;0.0;0.0;0.0;0.0;0.0;0.0;31.0;16.0;888.0
Crato;LAMEIRO;-7.233;-39.416694444444;2008;5;80.0;18.0;0.0;0.0;0.0;0.0;9.0;0.0;0.0;0.0;0.0;0.0;0.0;0.0;0.0;0.0;5.0;0.0;0.0;0.0;0.0;5.0;0.0;2.0;2.0;0.0;0.0;0.0;39.0;0.0;0.0;0.0
Crato;LAMEIRO;-7.233;-39.416694444444;2008;6;5.0;0.0;0.0;0.0;0.0;0.0;0.0;0.0;0.0;0.0;0.0;5.0;0.0;0.0;0.0;0.0;0.0;0.0;0.0;0.0;0.0;0.0;0.0;0.0;0.0;0.0;0.0;0.0;0.0;0.0;0.0;888.0
Crato;LAMEIRO;-7.233;-39.416694444444;2008;7;5.0;0.0;5.0;0.0;0.0;0.0;0.0;0.0;0.0;0.0;0.0;0.0;0.0;0.0;0.0;0.0;0.0;0.0;0.0;0.0;0.0;0.0;0.0;0.0;0.0;0.0;0.0;0.0;0.0;0.0;0.0;0.0
Crato;LAMEIRO;-7.233;-39.416694444444;2008;8;0.0;0.0;0.0;0.0;0.0;0.0;0.0;0.0;0.0;0.0;0.0;0.0;0.0;0.0;0.0;0.0;0.0;0.0;0.0;0.0;0.0;0.0;0.0;0.0;0.0;0.0;0.0;0.0;0.0;0.0;0.0;0.0
Crato;LAMEIRO;-7.233;-39.416694444444;2008;9;5.0;0.0;0.0;0.0;0.0;0.0;0.0;0.0;0.0;0.0;0.0;0.0;0.0;0.0;0.0;0.0;0.0;0.0;0.0;0.0;0.0;0.0;0.0;0.0;0.0;0.0;0.0;0.0;0.0;5.0;0.0;888.0
Crato;LAMEIRO;-7.233;-39.416694444444;2008;10;0.0;0.0;0.0;0.0;0.0;0.0;0.0;0.0;0.0;0.0;0.0;0.0;0.0;0.0;0.0;0.0;0.0;0.0;0.0;0.0;0.0;0.0;0.0;0.0;0.0;0.0;0.0;0.0;0.0;0.0;0.0;0.0
Crato;LAMEIRO;-7.233;-39.416694444444;2008;11;5.0;0.0;0.0;0.0;0.0;0.0;0.0;0.0;0.0;0.0;0.0;0.0;0.0;5.0;0.0;0.0;0.0;0.0;0.0;0.0;0.0;0.0;0.0;0.0;0.0;0.0;0.0;0.0;0.0;0.0;0.0;888.0
Crato;LAMEIRO;-7.233;-39.416694444444;2008;12;174.0;0.0;0.0;0.0;0.0;0.0;0.0;0.0;0.0;0.0;62.0;32.0;0.0;0.0;0.0;0.0;0.0;0.0;0.0;0.0;0.0;75.0;5.0;0.0;0.0;0.0;0.0;0.0;0.0;0.0;0.0;0.0
Crato;LAMEIRO;-7.233;-39.416694444444;2009;1;137.0;0.0;0.0;0.0;0.0;0.0;0.0;2.0;0.0;0.0;0.0;0.0;0.0;2.0;10.0;0.0;0.0;0.0;0.0;0.0;0.0;0.0;75.0;17.0;4.0;27.0;0.0;0.0;0.0;0.0;0.0;0.0
Crato;LAMEIRO;-7.233;-39.416694444444;2009;2;142.0;1.0;3.0;0.0;0.0;33.0;2.0;1.0;20.0;3.0;1.0;1.0;1.0;2.0;2.0;22.0;0.0;0.0;0.0;6.0;6.0;1.0;2.0;2.0;27.0;1.0;2.0;1.0;2.0;888.0;888.0;888.0
Crato;LAMEIRO;-7.233;-39.416694444444;2009;3;157.0;36.0;9.0;28.0;8.0;0.0;0.0;0.0;0.0;2.0;1.0;3.0;2.0;2.0;4.0;4.0;5.0;0.0;40.0;1.0;0.0;0.0;0.0;0.0;0.0;0.0;5.0;2.0;2.0;0.0;1.0;2.0
Crato;LAMEIRO;-7.233;-39.416694444444;2009;4;515.0;2.0;2.0;6.0;26.0;18.0;57.0;29.0;2.0;2.0;15.0;2.0;15.0;12.0;59.0;3.0;0.0;14.0;22.0;0.0;0.0;28.0;53.0;28.0;10.0;3.0;0.0;43.0;43.0;0.0;21.0;888.0
Crato;LAMEIRO;-7.233;-39.416694444444;2009;5;263.0;38.0;27.0;0.0;0.0;15.0;23.0;13.0;0.0;33.0;6.0;0.0;15.0;0.0;0.0;0.0;0.0;0.0;26.0;0.0;0.0;0.0;0.0;0.0;0.0;0.0;0.0;0.0;45.0;0.0;22.0;0.0
Crato;LAMEIRO;-7.233;-39.416694444444;2009;6;4.0;0.0;0.0;0.0;0.0;0.0;0.0;0.0;0.0;4.0;0.0;0.0;0.0;0.0;0.0;0.0;0.0;0.0;0.0;0.0;0.0;0.0;0.0;0.0;0.0;0.0;0.0;0.0;0.0;0.0;0.0;888.0
Crato;LAMEIRO;-7.233;-39.416694444444;2009;7;52.0;0.0;0.0;0.0;0.0;0.0;0.0;0.0;0.0;0.0;0.0;0.0;0.0;0.0;0.0;0.0;0.0;0.0;0.0;0.0;0.0;0.0;4.0;48.0;0.0;0.0;0.0;0.0;0.0;0.0;0.0;0.0
Crato;LAMEIRO;-7.233;-39.416694444444;2009;8;0.0;0.0;0.0;0.0;0.0;0.0;0.0;0.0;0.0;0.0;0.0;0.0;0.0;0.0;0.0;0.0;0.0;0.0;0.0;0.0;0.0;0.0;0.0;0.0;0.0;0.0;0.0;0.0;0.0;0.0;0.0;0.0
Crato;LAMEIRO;-7.233;-39.416694444444;2009;9;0.0;0.0;0.0;0.0;0.0;0.0;0.0;0.0;0.0;0.0;0.0;0.0;0.0;0.0;0.0;0.0;0.0;0.0;0.0;0.0;0.0;0.0;0.0;0.0;0.0;0.0;0.0;0.0;0.0;0.0;0.0;888.0
Crato;LAMEIRO;-7.233;-39.416694444444;2009;10;19.0;0.0;0.0;0.0;0.0;0.0;0.0;0.0;0.0;0.0;0.0;0.0;0.0;0.0;0.0;0.0;0.0;0.0;0.0;0.0;0.0;0.0;0.0;0.0;0.0;0.0;0.0;0.0;19.0;0.0;0.0;0.0
Crato;LAMEIRO;-7.233;-39.416694444444;2009;11;0.0;0.0;0.0;0.0;0.0;0.0;0.0;0.0;0.0;0.0;0.0;0.0;0.0;0.0;0.0;0.0;0.0;0.0;0.0;0.0;0.0;0.0;0.0;0.0;0.0;0.0;0.0;0.0;0.0;0.0;0.0;888.0
Crato;LAMEIRO;-7.233;-39.416694444444;2009;12;139.0;83.0;0.0;0.0;0.0;0.0;4.0;0.0;0.0;0.0;0.0;0.0;0.0;0.0;0.0;20.0;0.0;10.0;0.0;0.0;0.0;0.0;0.0;0.0;0.0;0.0;22.0;0.0;0.0;0.0;0.0;0.0
Crato;LAMEIRO;-7.233;-39.416694444444;2010;1;361.0;56.0;21.0;0.0;10.0;0.0;0.0;0.0;0.0;0.0;52.0;4.0;0.0;37.0;0.0;0.0;0.0;10.0;0.0;0.0;0.0;0.0;0.0;0.0;0.0;0.0;0.0;17.0;115.0;39.0;0.0;0.0
Crato;LAMEIRO;-7.233;-39.416694444444;2010;2;140.0;0.0;0.0;0.0;0.0;0.0;0.0;0.0;0.0;31.0;46.0;0.0;5.0;0.0;0.0;0.0;0.0;0.0;0.0;0.0;13.0;0.0;0.0;0.0;45.0;0.0;0.0;0.0;0.0;888.0;888.0;888.0
Crato;LAMEIRO;-7.233;-39.416694444444;2010;3;219.0;0.0;0.0;0.0;0.0;0.0;0.0;0.0;0.0;0.0;0.0;0.0;0.0;0.0;0.0;14.0;0.0;0.0;62.0;20.0;0.0;77.0;0.0;0.0;0.0;0.0;0.0;7.0;5.0;34.0;0.0;0.0
Crato;LAMEIRO;-7.233;-39.416694444444;2010;4;215.0;0.0;28.0;12.0;0.0;3.0;3.0;7.0;0.0;52.0;5.0;31.0;0.0;7.0;32.0;0.0;0.0;0.0;19.0;5.0;0.0;0.0;0.0;2.0;9.0;0.0;0.0;0.0;0.0;0.0;0.0;888.0
Crato;LAMEIRO;-7.233;-39.416694444444;2010;5;16.0;0.0;0.0;0.0;0.0;0.0;5.0;0.0;0.0;0.0;0.0;0.0;0.0;0.0;11.0;0.0;0.0;0.0;0.0;0.0;0.0;0.0;0.0;0.0;0.0;0.0;0.0;0.0;0.0;0.0;0.0;0.0
Crato;LAMEIRO;-7.233;-39.416694444444;2010;6;103.0;0.0;91.0;0.0;0.0;0.0;0.0;0.0;0.0;0.0;0.0;0.0;0.0;0.0;0.0;0.0;0.0;0.0;0.0;0.0;0.0;0.0;0.0;0.0;8.0;0.0;0.0;0.0;4.0;0.0;0.0;888.0
Crato;LAMEIRO;-7.233;-39.416694444444;2010;7;22.0;0.0;0.0;0.0;0.0;0.0;0.0;0.0;0.0;0.0;18.0;0.0;0.0;4.0;0.0;0.0;0.0;0.0;0.0;0.0;0.0;0.0;0.0;0.0;0.0;0.0;0.0;0.0;0.0;0.0;0.0;0.0
Crato;LAMEIRO;-7.233;-39.416694444444;2010;8;0.0;0.0;0.0;0.0;0.0;0.0;0.0;0.0;0.0;0.0;0.0;0.0;0.0;0.0;0.0;0.0;0.0;0.0;0.0;0.0;0.0;0.0;0.0;0.0;0.0;0.0;0.0;0.0;0.0;0.0;0.0;0.0
Crato;LAMEIRO;-7.233;-39.416694444444;2010;9;0.0;0.0;0.0;0.0;0.0;0.0;0.0;0.0;0.0;0.0;0.0;0.0;0.0;0.0;0.0;0.0;0.0;0.0;0.0;0.0;0.0;0.0;0.0;0.0;0.0;0.0;0.0;0.0;0.0;0.0;0.0;888.0
Crato;LAMEIRO;-7.233;-39.416694444444;2010;10;52.0;0.0;0.0;0.0;0.0;0.0;0.0;0.0;0.0;0.0;0.0;0.0;0.0;0.0;0.0;0.0;0.0;0.0;0.0;0.0;0.0;0.0;12.0;8.0;0.0;8.0;20.0;0.0;4.0;0.0;0.0;0.0
Crato;LAMEIRO;-7.233;-39.416694444444;2010;11;46.0;0.0;0.0;0.0;0.0;0.0;0.0;0.0;0.0;0.0;0.0;5.0;0.0;0.0;0.0;0.0;6.0;20.0;0.0;0.0;0.0;15.0;0.0;0.0;0.0;0.0;0.0;0.0;0.0;0.0;0.0;888.0
Crato;LAMEIRO;-7.233;-39.416694444444;2010;12;267.0;0.0;0.0;0.0;0.0;0.0;0.0;0.0;0.0;21.0;65.0;0.0;12.0;5.0;36.0;0.0;0.0;42.0;63.0;5.0;18.0;999.0;999.0;999.0;999.0;999.0;999.0;999.0;999.0;999.0;999.0;999.0
Crato;LAMEIRO;-7.233;-39.416694444444;2011;1;340.0;0.0;0.0;84.0;0.0;5.0;0.0;0.0;0.0;0.0;0.0;0.0;0.0;0.0;0.0;0.0;0.0;12.0;3.0;0.0;0.0;4.0;3.0;25.0;25.0;0.0;14.0;0.0;137.0;0.0;4.0;24.0
Crato;LAMEIRO;-7.233;-39.416694444444;2011;2;452.0;88.0;55.0;3.0;5.0;47.0;5.0;0.0;0.0;3.0;3.0;0.0;0.0;0.0;26.0;0.0;21.0;46.0;0.0;5.0;3.0;55.0;0.0;3.0;25.0;27.0;3.0;0.0;29.0;888.0;888.0;888.0
Crato;LAMEIRO;-7.233;-39.416694444444;2011;3;270.0;0.0;35.0;4.0;4.0;3.0;5.0;0.0;64.0;22.0;0.0;0.0;0.0;0.0;0.0;0.0;0.0;0.0;0.0;0.0;0.0;0.0;0.0;18.0;0.0;18.0;4.0;75.0;0.0;18.0;0.0;0.0
Crato;LAMEIRO;-7.233;-39.416694444444;2011;4;182.0;0.0;0.0;0.0;28.0;15.0;6.0;0.0;0.0;0.0;5.0;0.0;0.0;14.0;0.0;0.0;0.0;0.0;0.0;71.0;19.0;0.0;11.0;0.0;5.0;8.0;0.0;0.0;0.0;0.0;0.0;888.0
Crato;LAMEIRO;-7.233;-39.416694444444;2011;5;160.5;8.0;0.0;28.0;0.0;42.0;10.0;0.0;0.0;0.0;0.0;0.0;0.0;0.0;0.0;0.0;0.0;0.0;55.0;0.0;0.0;0.0;0.0;0.0;7.5;10.0;0.0;0.0;0.0;0.0;0.0;0.0
Crato;LAMEIRO;-7.233;-39.416694444444;2011;6;16.0;0.0;0.0;0.0;0.0;0.0;0.0;0.0;0.0;0.0;0.0;0.0;0.0;0.0;0.0;0.0;0.0;0.0;0.0;0.0;0.0;0.0;0.0;16.0;0.0;0.0;0.0;0.0;0.0;0.0;0.0;888.0
Crato;LAMEIRO;-7.233;-39.416694444444;2011;7;17.0;0.0;0.0;0.0;0.0;0.0;7.0;0.0;0.0;5.0;0.0;0.0;0.0;0.0;0.0;0.0;0.0;0.0;0.0;0.0;0.0;0.0;0.0;0.0;0.0;0.0;0.0;0.0;0.0;0.0;0.0;5.0
Crato;LAMEIRO;-7.233;-39.416694444444;2011;8;12.0;12.0;0.0;0.0;0.0;0.0;0.0;0.0;0.0;0.0;0.0;0.0;0.0;0.0;0.0;0.0;0.0;0.0;0.0;0.0;0.0;0.0;0.0;0.0;0.0;0.0;0.0;0.0;0.0;0.0;0.0;0.0
Crato;LAMEIRO;-7.233;-39.416694444444;2011;9;0.0;0.0;0.0;0.0;0.0;0.0;0.0;0.0;0.0;0.0;0.0;0.0;0.0;0.0;0.0;0.0;0.0;0.0;0.0;0.0;0.0;0.0;0.0;0.0;0.0;0.0;0.0;0.0;0.0;0.0;0.0;888.0
Crato;LAMEIRO;-7.233;-39.416694444444;2011;10;195.0;0.0;0.0;0.0;0.0;0.0;0.0;0.0;0.0;0.0;0.0;0.0;0.0;0.0;0.0;0.0;0.0;65.0;3.0;71.0;0.0;26.0;0.0;30.0;0.0;0.0;0.0;0.0;0.0;0.0;0.0;0.0
Crato;LAMEIRO;-7.233;-39.416694444444;2011;11;83.0;0.0;30.0;22.0;0.0;0.0;0.0;0.0;0.0;0.0;0.0;11.0;0.0;5.0;5.0;0.0;0.0;0.0;0.0;0.0;0.0;0.0;5.0;0.0;0.0;0.0;0.0;0.0;0.0;5.0;999.0;888.0
Crato;LAMEIRO;-7.233;-39.416694444444;2011;12;121.0;0.0;0.0;0.0;0.0;0.0;0.0;0.0;0.0;0.0;0.0;0.0;0.0;37.0;0.0;0.0;0.0;0.0;0.0;0.0;0.0;25.0;35.0;17.0;0.0;0.0;0.0;0.0;0.0;0.0;0.0;7.0
Crato;LAMEIRO;-7.233;-39.416694444444;2012;1;77.0;0.0;0.0;0.0;0.0;7.0;14.0;0.0;0.0;7.0;0.0;0.0;4.0;0.0;0.0;0.0;0.0;0.0;0.0;0.0;0.0;8.0;3.0;0.0;5.0;14.0;0.0;3.0;0.0;0.0;2.0;10.0
Crato;LAMEIRO;-7.233;-39.416694444444;2012;2;188.0;0.0;0.0;0.0;0.0;0.0;0.0;0.0;0.0;0.0;0.0;0.0;0.0;0.0;0.0;0.0;5.0;7.0;7.0;65.0;36.0;18.0;2.0;0.0;0.0;0.0;0.0;23.0;22.0;3.0;888.0;888.0
Crato;LAMEIRO;-7.233;-39.416694444444;2012;3;269.0;4.0;0.0;0.0;0.0;83.0;2.0;3.0;3.0;3.0;35.0;0.0;0.0;0.0;0.0;31.0;6.0;0.0;0.0;0.0;8.0;0.0;0.0;0.0;0.0;17.0;56.0;4.0;7.0;0.0;7.0;0.0
Crato;LAMEIRO;-7.233;-39.416694444444;2012;4;119.0;0.0;0.0;17.0;0.0;6.0;0.0;0.0;0.0;0.0;17.0;0.0;0.0;0.0;0.0;0.0;0.0;22.0;0.0;0.0;0.0;37.0;20.0;0.0;0.0;0.0;0.0;0.0;0.0;0.0;0.0;888.0
Crato;LAMEIRO;-7.233;-39.416694444444;2012;5;44.0;0.0;0.0;3.0;0.0;0.0;0.0;0.0;0.0;0.0;0.0;0.0;0.0;0.0;0.0;0.0;0.0;0.0;0.0;0.0;0.0;0.0;0.0;0.0;0.0;6.0;24.0;0.0;0.0;0.0;5.0;6.0
Crato;LAMEIRO;-7.233;-39.416694444444;2012;6;15.0;0.0;0.0;0.0;6.0;0.0;0.0;0.0;0.0;0.0;0.0;0.0;0.0;0.0;0.0;0.0;0.0;0.0;0.0;0.0;0.0;0.0;0.0;0.0;0.0;4.0;0.0;0.0;0.0;5.0;0.0;888.0
Crato;LAMEIRO;-7.233;-39.416694444444;2012;7;0.0;0.0;0.0;0.0;0.0;0.0;0.0;0.0;0.0;0.0;0.0;0.0;0.0;0.0;0.0;0.0;0.0;0.0;0.0;0.0;0.0;0.0;0.0;0.0;0.0;0.0;0.0;0.0;0.0;0.0;0.0;0.0
Crato;LAMEIRO;-7.233;-39.416694444444;2012;8;0.0;0.0;0.0;0.0;0.0;0.0;0.0;0.0;0.0;0.0;0.0;0.0;0.0;0.0;0.0;0.0;0.0;0.0;0.0;0.0;0.0;0.0;0.0;0.0;0.0;0.0;0.0;0.0;0.0;0.0;0.0;0.0
Crato;LAMEIRO;-7.233;-39.416694444444;2012;9;0.0;0.0;0.0;0.0;0.0;0.0;0.0;0.0;0.0;0.0;0.0;0.0;0.0;0.0;0.0;0.0;0.0;0.0;0.0;0.0;0.0;0.0;0.0;0.0;0.0;0.0;0.0;0.0;0.0;0.0;0.0;888.0
Crato;LAMEIRO;-7.233;-39.416694444444;2012;10;9.0;0.0;0.0;0.0;0.0;0.0;0.0;0.0;0.0;0.0;3.0;3.0;3.0;0.0;0.0;0.0;0.0;0.0;999.0;999.0;999.0;999.0;999.0;999.0;999.0;999.0;999.0;999.0;999.0;999.0;999.0;999.0
Crato;LAMEIRO;-7.233;-39.416694444444;2012;11;36.0;0.0;2.0;0.0;0.0;0.0;0.0;0.0;9.0;0.0;0.0;0.0;0.0;0.0;0.0;0.0;0.0;0.0;0.0;0.0;0.0;0.0;0.0;0.0;0.0;0.0;0.0;0.0;0.0;0.0;25.0;888.0
Crato;LAMEIRO;-7.233;-39.416694444444;2012;12;102.0;15.0;27.0;20.0;15.0;11.0;11.0;0.0;0.0;0.0;0.0;0.0;0.0;0.0;0.0;0.0;0.0;0.0;3.0;0.0;0.0;0.0;0.0;0.0;0.0;0.0;0.0;0.0;0.0;0.0;0.0;0.0
Crato;LAMEIRO;-7.233;-39.416694444444;2013;1;182.0;0.0;0.0;0.0;12.0;0.0;0.0;4.0;2.0;2.0;0.0;0.0;0.0;0.0;0.0;0.0;4.0;2.0;22.0;0.0;48.0;32.0;48.0;0.0;0.0;0.0;0.0;0.0;0.0;0.0;0.0;6.0
Crato;LAMEIRO;-7.233;-39.416694444444;2013;2;169.0;0.0;0.0;0.0;0.0;7.0;0.0;22.0;0.0;4.0;0.0;0.0;0.0;0.0;0.0;4.0;47.0;25.0;5.0;15.0;27.0;0.0;0.0;0.0;0.0;13.0;0.0;0.0;0.0;888.0;888.0;888.0
Crato;LAMEIRO;-7.233;-39.416694444444;2013;3;216.0;0.0;0.0;0.0;0.0;0.0;0.0;0.0;0.0;0.0;0.0;0.0;0.0;0.0;0.0;0.0;0.0;0.0;0.0;30.0;9.0;0.0;8.0;35.0;36.0;21.0;11.0;0.0;0.0;21.0;45.0;0.0
Crato;LAMEIRO;-7.233;-39.416694444444;2013;4;176.0;0.0;3.0;20.0;20.0;55.0;0.0;0.0;3.0;3.0;0.0;0.0;8.0;0.0;0.0;0.0;11.0;0.0;0.0;16.0;0.0;5.0;8.0;0.0;0.0;8.0;8.0;5.0;0.0;0.0;3.0;888.0
Crato;LAMEIRO;-7.233;-39.416694444444;2013;5;103.8;6.0;29.0;0.0;0.8;0.0;0.0;0.0;0.0;0.0;5.0;0.0;0.0;0.0;0.0;0.0;0.0;0.0;0.0;0.0;0.0;0.0;0.0;0.0;2.0;54.0;7.0;999.0;999.0;999.0;999.0;999.0
Crato;LAMEIRO;-7.233;-39.416694444444;2013;6;95.0;0.0;0.0;0.0;0.0;3.0;3.0;0.0;0.0;0.0;0.0;0.0;0.0;0.0;0.0;0.0;0.0;0.0;0.0;0.0;0.0;0.0;52.0;37.0;0.0;0.0;0.0;0.0;0.0;999.0;999.0;888.0
Crato;LAMEIRO;-7.233;-39.416694444444;2013;7;34.0;0.0;0.0;0.0;0.0;0.0;0.0;0.0;0.0;0.0;0.0;0.0;0.0;28.0;0.0;0.0;0.0;0.0;0.0;6.0;0.0;0.0;0.0;0.0;0.0;0.0;0.0;0.0;0.0;0.0;0.0;0.0
Crato;LAMEIRO;-7.233;-39.416694444444;2013;8;0.0;0.0;0.0;999.0;999.0;999.0;999.0;999.0;999.0;999.0;999.0;999.0;999.0;999.0;999.0;999.0;999.0;999.0;999.0;999.0;999.0;999.0;999.0;999.0;999.0;999.0;999.0;999.0;999.0;999.0;999.0;999.0
Crato;LAMEIRO;-7.233;-39.416694444444;2013;10;9.0;0.0;0.0;0.0;0.0;0.0;0.0;0.0;0.0;0.0;0.0;0.0;0.0;9.0;0.0;999.0;999.0;999.0;999.0;999.0;999.0;999.0;999.0;999.0;999.0;999.0;999.0;999.0;999.0;999.0;999.0;999.0
Crato;LAMEIRO;-7.233;-39.416694444444;2013;11;57.0;0.0;0.0;0.0;40.0;0.0;0.0;0.0;0.0;0.0;0.0;0.0;0.0;0.0;0.0;0.0;0.0;0.0;0.0;0.0;0.0;0.0;0.0;0.0;0.0;8.0;6.0;0.0;3.0;0.0;0.0;888.0
Crato;LAMEIRO;-7.233;-39.416694444444;2013;12;253.0;0.0;0.0;0.0;0.0;0.0;0.0;0.0;0.0;0.0;0.0;0.0;0.0;0.0;0.0;71.0;4.0;0.0;0.0;17.0;112.0;17.0;0.0;32.0;0.0;0.0;0.0;0.0;0.0;0.0;0.0;0.0
Crato;LAMEIRO;-7.233;-39.416694444444;2014;1;87.0;0.0;0.0;0.0;0.0;0.0;0.0;0.0;0.0;0.0;0.0;0.0;0.0;31.0;0.0;0.0;0.0;0.0;0.0;3.0;31.0;16.0;0.0;0.0;0.0;2.0;0.0;0.0;0.0;0.0;0.0;4.0
Crato;LAMEIRO;-7.233;-39.416694444444;2014;2;411.0;0.0;0.0;0.0;53.0;0.0;0.0;0.0;0.0;67.0;29.0;37.0;29.0;0.0;5.0;0.0;5.0;30.0;22.0;107.0;0.0;0.0;0.0;3.0;0.0;0.0;0.0;24.0;0.0;888.0;888.0;888.0
Crato;LAMEIRO;-7.233;-39.416694444444;2014;3;475.0;0.0;0.0;8.0;50.0;56.0;0.0;0.0;27.0;10.0;56.0;8.0;0.0;0.0;0.0;8.0;17.0;31.0;47.0;15.0;11.0;5.0;12.0;0.0;0.0;0.0;0.0;6.0;35.0;10.0;5.0;58.0
Crato;LAMEIRO;-7.233;-39.416694444444;2014;4;291.0;0.0;0.0;0.0;45.0;10.0;0.0;8.0;0.0;0.0;3.0;30.0;37.0;0.0;0.0;10.0;0.0;0.0;49.0;14.0;0.0;0.0;24.0;61.0;999.0;999.0;999.0;999.0;999.0;999.0;999.0;888.0
Crato;LAMEIRO;-7.233;-39.416694444444;2014;5;130.0;0.0;10.0;0.0;7.0;0.0;0.0;0.0;0.0;0.0;0.0;0.0;0.0;0.0;0.0;0.0;6.0;0.0;0.0;0.0;0.0;0.0;0.0;0.0;0.0;0.0;0.0;0.0;0.0;82.0;25.0;0.0
Crato;LAMEIRO;-7.233;-39.416694444444;2014;6;0.0;0.0;0.0;0.0;0.0;0.0;0.0;0.0;0.0;0.0;0.0;0.0;0.0;0.0;0.0;0.0;0.0;0.0;0.0;0.0;0.0;0.0;0.0;0.0;0.0;0.0;0.0;0.0;0.0;0.0;0.0;888.0
Crato;LAMEIRO;-7.233;-39.416694444444;2014;7;8.0;0.0;0.0;0.0;0.0;0.0;0.0;0.0;0.0;0.0;0.0;0.0;8.0;0.0;0.0;0.0;0.0;0.0;0.0;0.0;0.0;0.0;0.0;0.0;0.0;0.0;0.0;0.0;0.0;0.0;0.0;0.0
Crato;LAMEIRO;-7.233;-39.416694444444;2014;8;0.0;0.0;0.0;0.0;0.0;0.0;0.0;0.0;0.0;0.0;0.0;0.0;0.0;0.0;0.0;0.0;0.0;0.0;0.0;0.0;0.0;0.0;0.0;0.0;0.0;0.0;0.0;0.0;0.0;0.0;0.0;0.0
Crato;LAMEIRO;-7.233;-39.416694444444;2014;9;6.0;0.0;2.0;0.0;0.0;0.0;0.0;0.0;0.0;0.0;0.0;0.0;0.0;0.0;0.0;0.0;0.0;0.0;0.0;4.0;0.0;0.0;0.0;0.0;0.0;0.0;0.0;0.0;0.0;0.0;0.0;888.0
Crato;LAMEIRO;-7.233;-39.416694444444;2014;10;27.0;0.0;0.0;12.0;13.0;0.0;0.0;0.0;0.0;0.0;0.0;0.0;0.0;0.0;0.0;0.0;0.0;2.0;0.0;0.0;0.0;0.0;0.0;0.0;0.0;0.0;0.0;0.0;0.0;0.0;0.0;0.0
Crato;LAMEIRO;-7.233;-39.416694444444;2014;11;71.0;0.0;0.0;0.0;0.0;0.0;0.0;0.0;0.0;0.0;0.0;0.0;5.0;0.0;0.0;0.0;0.0;0.0;0.0;6.0;41.0;0.0;0.0;0.0;0.0;0.0;19.0;999.0;999.0;999.0;999.0;888.0
Crato;LAMEIRO;-7.233;-39.416694444444;2014;12;33.0;0.0;0.0;0.0;0.0;5.0;0.0;0.0;0.0;0.0;0.0;3.0;0.0;0.0;2.0;0.0;0.0;0.0;0.0;0.0;10.0;0.0;0.0;13.0;0.0;0.0;0.0;0.0;0.0;0.0;0.0;0.0
Crato;LAMEIRO;-7.233;-39.416694444444;2015;1;72.0;0.0;7.0;0.0;5.0;0.0;0.0;0.0;0.0;0.0;0.0;0.0;0.0;0.0;0.0;0.0;0.0;0.0;0.0;0.0;0.0;0.0;27.0;0.0;0.0;33.0;0.0;0.0;0.0;0.0;0.0;0.0
Crato;LAMEIRO;-7.233;-39.416694444444;2015;2;84.0;0.0;0.0;7.0;0.0;11.0;0.0;0.0;0.0;0.0;0.0;8.0;0.0;0.0;8.0;0.0;0.0;0.0;0.0;14.0;0.0;17.0;0.0;5.0;0.0;14.0;0.0;0.0;0.0;888.0;888.0;888.0
Crato;LAMEIRO;-7.233;-39.416694444444;2015;3;473.0;3.0;20.0;0.0;0.0;0.0;13.0;15.0;0.0;20.0;5.0;3.0;0.0;0.0;38.0;0.0;34.0;0.0;8.0;0.0;0.0;0.0;73.0;52.0;37.0;105.0;6.0;18.0;8.0;0.0;3.0;12.0
Crato;LAMEIRO;-7.233;-39.416694444444;2015;4;216.0;0.0;0.0;0.0;0.0;4.0;0.0;0.0;0.0;13.0;0.0;0.0;0.0;0.0;15.0;6.0;16.0;0.0;0.0;0.0;0.0;0.0;0.0;162.0;0.0;0.0;0.0;0.0;0.0;0.0;0.0;888.0
Crato;LAMEIRO;-7.233;-39.416694444444;2015;5;125.0;0.0;0.0;0.0;29.0;0.0;0.0;0.0;35.0;48.0;0.0;10.0;0.0;0.0;0.0;0.0;0.0;0.0;0.0;0.0;0.0;3.0;0.0;0.0;0.0;0.0;0.0;0.0;0.0;0.0;0.0;0.0
Crato;LAMEIRO;-7.233;-39.416694444444;2015;6;49.0;0.0;0.0;0.0;0.0;11.0;0.0;0.0;38.0;0.0;0.0;0.0;0.0;0.0;0.0;0.0;0.0;0.0;0.0;0.0;0.0;0.0;0.0;0.0;0.0;0.0;0.0;0.0;0.0;0.0;0.0;888.0
Crato;LAMEIRO;-7.233;-39.416694444444;2015;7;31.0;19.0;0.0;0.0;5.0;7.0;0.0;0.0;0.0;0.0;0.0;0.0;0.0;0.0;0.0;0.0;0.0;0.0;0.0;0.0;0.0;0.0;0.0;0.0;0.0;0.0;0.0;0.0;0.0;0.0;0.0;0.0
Crato;LAMEIRO;-7.233;-39.416694444444;2015;8;0.0;0.0;0.0;0.0;0.0;0.0;0.0;0.0;0.0;0.0;0.0;0.0;0.0;0.0;0.0;0.0;0.0;0.0;0.0;0.0;0.0;0.0;0.0;0.0;0.0;0.0;0.0;0.0;0.0;0.0;0.0;0.0
Crato;LAMEIRO;-7.233;-39.416694444444;2015;9;0.0;0.0;0.0;0.0;0.0;0.0;0.0;0.0;0.0;0.0;0.0;999.0;0.0;0.0;0.0;0.0;0.0;0.0;0.0;0.0;0.0;0.0;0.0;0.0;0.0;0.0;0.0;0.0;0.0;0.0;0.0;888.0
Crato;LAMEIRO;-7.233;-39.416694444444;2015;10;11.0;0.0;0.0;0.0;0.0;0.0;0.0;0.0;0.0;0.0;0.0;0.0;0.0;0.0;0.0;0.0;0.0;0.0;0.0;0.0;0.0;0.0;0.0;0.0;0.0;0.0;0.0;0.0;0.0;0.0;0.0;11.0
Crato;LAMEIRO;-7.233;-39.416694444444;2015;11;1.0;0.0;0.0;0.0;0.0;0.0;0.0;0.0;0.0;0.0;1.0;0.0;0.0;0.0;0.0;0.0;0.0;0.0;0.0;0.0;0.0;0.0;0.0;0.0;0.0;0.0;0.0;0.0;0.0;0.0;0.0;888.0
Crato;LAMEIRO;-7.233;-39.416694444444;2015;12;7.0;0.0;0.0;0.0;0.0;0.0;0.0;0.0;0.0;0.0;0.0;0.0;0.0;0.0;3.0;0.0;0.0;0.0;0.0;4.0;0.0;0.0;0.0;0.0;0.0;0.0;0.0;0.0;0.0;0.0;0.0;0.0
Crato;LAMEIRO;-7.233;-39.416694444444;2016;1;409.0;0.0;0.0;0.0;0.0;0.0;0.0;45.0;15.0;0.0;6.0;9.0;3.0;0.0;48.0;3.0;0.0;0.0;27.0;15.0;4.0;52.0;99.0;19.0;9.0;5.0;24.0;0.0;20.0;0.0;4.0;2.0
Crato;LAMEIRO;-7.233;-39.416694444444;2016;2;49.0;14.0;23.0;0.0;0.0;0.0;0.0;0.0;0.0;0.0;0.0;0.0;0.0;0.0;0.0;0.0;0.0;0.0;0.0;0.0;0.0;0.0;0.0;0.0;12.0;0.0;0.0;0.0;0.0;0.0;888.0;888.0
Crato;LAMEIRO;-7.233;-39.416694444444;2016;3;254.0;0.0;0.0;0.0;0.0;0.0;0.0;0.0;0.0;0.0;41.0;22.0;0.0;0.0;0.0;0.0;0.0;0.0;26.0;8.0;2.0;28.0;20.0;6.0;0.0;16.0;44.0;0.0;0.0;0.0;41.0;0.0
Crato;LAMEIRO;-7.233;-39.416694444444;2016;4;36.0;0.0;0.0;0.0;0.0;0.0;0.0;0.0;0.0;0.0;0.0;0.0;0.0;0.0;0.0;5.0;0.0;0.0;0.0;20.0;0.0;0.0;0.0;11.0;0.0;0.0;0.0;0.0;0.0;0.0;0.0;888.0
Crato;LAMEIRO;-7.233;-39.416694444444;2016;5;145.0;0.0;20.0;16.0;0.0;0.0;0.0;0.0;0.0;0.0;0.0;0.0;67.0;3.0;0.0;0.0;0.0;0.0;0.0;0.0;0.0;0.0;0.0;0.0;0.0;14.0;0.0;0.0;0.0;0.0;0.0;25.0
Crato;LAMEIRO;-7.233;-39.416694444444;2016;6;6.0;0.0;0.0;0.0;0.0;0.0;6.0;0.0;0.0;0.0;0.0;0.0;0.0;0.0;0.0;0.0;0.0;0.0;0.0;0.0;0.0;0.0;0.0;0.0;0.0;0.0;0.0;0.0;0.0;0.0;0.0;888.0
Crato;LAMEIRO;-7.233;-39.416694444444;2016;7;0.0;0.0;0.0;0.0;0.0;0.0;0.0;0.0;0.0;0.0;0.0;0.0;0.0;0.0;0.0;0.0;0.0;0.0;0.0;0.0;0.0;0.0;0.0;0.0;0.0;0.0;0.0;0.0;0.0;0.0;0.0;0.0
Crato;LAMEIRO;-7.233;-39.416694444444;2016;8;0.0;0.0;0.0;0.0;0.0;0.0;0.0;0.0;0.0;0.0;0.0;0.0;0.0;0.0;0.0;0.0;0.0;0.0;0.0;0.0;0.0;0.0;0.0;0.0;0.0;0.0;0.0;0.0;0.0;0.0;0.0;0.0
Crato;LAMEIRO;-7.233;-39.416694444444;2016;9;20.0;0.0;0.0;0.0;0.0;0.0;0.0;0.0;0.0;0.0;0.0;0.0;0.0;0.0;0.0;0.0;0.0;0.0;0.0;0.0;0.0;0.0;0.0;20.0;0.0;0.0;0.0;0.0;0.0;0.0;0.0;888.0
Crato;LAMEIRO;-7.233;-39.416694444444;2016;10;0.0;0.0;0.0;0.0;0.0;0.0;0.0;0.0;0.0;0.0;0.0;0.0;0.0;0.0;0.0;0.0;0.0;0.0;0.0;0.0;0.0;0.0;0.0;0.0;0.0;0.0;0.0;0.0;0.0;0.0;0.0;0.0
Crato;LAMEIRO;-7.233;-39.416694444444;2016;11;0.0;0.0;0.0;0.0;0.0;0.0;0.0;0.0;0.0;0.0;0.0;0.0;0.0;0.0;0.0;0.0;0.0;0.0;0.0;0.0;0.0;0.0;0.0;0.0;0.0;0.0;0.0;0.0;0.0;0.0;0.0;888.0
Crato;LAMEIRO;-7.233;-39.416694444444;2016;12;49.0;0.0;10.0;0.0;0.0;0.0;0.0;0.0;0.0;0.0;0.0;0.0;0.0;3.0;3.0;0.0;9.0;0.0;0.0;8.0;0.0;0.0;0.0;0.0;0.0;0.0;0.0;0.0;0.0;16.0;0.0;0.0
Crato;LAMEIRO;-7.233;-39.416694444444;2017;1;230.0;0.0;0.0;0.0;0.0;0.0;0.0;0.0;0.0;0.0;5.0;0.0;0.0;0.0;34.0;0.0;4.0;34.0;10.0;0.0;0.0;2.0;0.0;0.0;27.0;0.0;10.0;43.0;50.0;4.0;5.0;2.0
Crato;LAMEIRO;-7.233;-39.416694444444;2017;2;232.0;0.0;0.0;0.0;0.0;0.0;0.0;0.0;0.0;0.0;7.0;18.0;4.0;6.0;0.0;0.0;0.0;0.0;0.0;0.0;22.0;28.0;4.0;6.0;0.0;88.0;0.0;0.0;49.0;888.0;888.0;888.0
Crato;LAMEIRO;-7.233;-39.416694444444;2017;3;165.0;0.0;3.0;12.0;5.0;2.0;6.0;2.0;0.0;25.0;0.0;2.0;0.0;0.0;0.0;14.0;34.0;7.0;35.0;0.0;0.0;0.0;0.0;0.0;0.0;16.0;0.0;0.0;0.0;0.0;0.0;2.0
Crato;LAMEIRO;-7.233;-39.416694444444;2017;4;74.0;3.0;0.0;0.0;0.0;0.0;13.0;0.0;0.0;0.0;0.0;0.0;25.0;24.0;4.0;0.0;5.0;0.0;0.0;0.0;0.0;0.0;0.0;0.0;0.0;0.0;0.0;0.0;0.0;0.0;0.0;888.0
Crato;LAMEIRO;-7.233;-39.416694444444;2017;5;57.0;9.0;0.0;0.0;0.0;0.0;0.0;0.0;0.0;0.0;2.0;3.0;0.0;0.0;0.0;0.0;0.0;0.0;0.0;3.0;0.0;0.0;0.0;0.0;0.0;28.0;12.0;0.0;0.0;0.0;0.0;0.0
Crato;LAMEIRO;-7.233;-39.416694444444;2017;6;34.0;4.0;5.0;10.0;0.0;0.0;0.0;0.0;0.0;0.0;0.0;0.0;0.0;0.0;0.0;0.0;0.0;0.0;0.0;5.0;5.0;0.0;0.0;0.0;0.0;0.0;0.0;0.0;0.0;0.0;5.0;888.0
Crato;LAMEIRO;-7.233;-39.416694444444;2017;7;9.0;0.0;0.0;0.0;0.0;0.0;4.0;0.0;0.0;0.0;0.0;0.0;0.0;0.0;0.0;0.0;0.0;0.0;0.0;0.0;0.0;0.0;0.0;0.0;5.0;0.0;0.0;0.0;0.0;0.0;0.0;0.0
Crato;LAMEIRO;-7.233;-39.416694444444;2017;8;0.0;0.0;0.0;0.0;0.0;0.0;0.0;0.0;0.0;0.0;0.0;0.0;0.0;0.0;0.0;0.0;0.0;0.0;0.0;0.0;0.0;0.0;0.0;0.0;0.0;0.0;0.0;0.0;0.0;0.0;0.0;0.0
Crato;LAMEIRO;-7.233;-39.416694444444;2017;9;0.0;0.0;0.0;0.0;0.0;0.0;0.0;0.0;0.0;0.0;0.0;0.0;0.0;0.0;0.0;0.0;0.0;0.0;0.0;0.0;0.0;0.0;0.0;0.0;0.0;0.0;0.0;0.0;0.0;0.0;0.0;888.0
Crato;LAMEIRO;-7.233;-39.416694444444;2017;10;0.0;0.0;0.0;0.0;0.0;0.0;0.0;0.0;0.0;0.0;0.0;0.0;0.0;0.0;0.0;0.0;0.0;0.0;0.0;0.0;0.0;0.0;0.0;0.0;0.0;0.0;0.0;0.0;0.0;0.0;0.0;0.0
Crato;LAMEIRO;-7.233;-39.416694444444;2017;11;106.0;0.0;0.0;0.0;0.0;0.0;0.0;0.0;9.0;8.0;6.0;0.0;0.0;0.0;0.0;0.0;0.0;0.0;0.0;0.0;0.0;0.0;0.0;1.0;0.0;57.0;0.0;0.0;25.0;0.0;0.0;888.0
Crato;LAMEIRO;-7.233;-39.416694444444;2017;12;101.0;0.0;0.0;0.0;0.0;0.0;0.0;0.0;0.0;0.0;0.0;0.0;0.0;22.0;6.0;2.0;13.0;3.0;1.0;1.0;0.0;3.0;0.0;3.0;47.0;0.0;0.0;0.0;0.0;0.0;0.0;0.0
Crato;LAMEIRO;-7.233;-39.416694444444;2018;1;158.0;0.0;0.0;0.0;0.0;0.0;3.0;50.0;15.0;2.0;0.0;50.0;8.0;0.0;0.0;0.0;0.0;0.0;3.0;9.0;0.0;0.0;0.0;0.0;0.0;0.0;0.0;16.0;2.0;0.0;0.0;0.0
Crato;LAMEIRO;-7.233;-39.416694444444;2018;2;247.0;0.0;0.0;0.0;0.0;0.0;0.0;10.0;38.0;5.0;0.0;31.0;0.0;3.0;20.0;3.0;28.0;3.0;13.0;17.0;0.0;35.0;2.0;2.0;30.0;0.0;3.0;0.0;4.0;888.0;888.0;888.0
Crato;LAMEIRO;-7.233;-39.416694444444;2018;3;210.0;15.0;30.0;5.0;0.0;4.0;0.0;0.0;0.0;0.0;0.0;12.0;0.0;0.0;3.0;0.0;0.0;0.0;0.0;12.0;3.0;14.0;0.0;53.0;0.0;0.0;0.0;0.0;0.0;2.0;55.0;2.0
Crato;LAMEIRO;-7.233;-39.416694444444;2018;4;247.0;2.0;52.0;38.0;0.0;3.0;10.0;30.0;7.0;20.0;0.0;0.0;2.0;20.0;20.0;0.0;0.0;0.0;0.0;0.0;0.0;0.0;43.0;0.0;0.0;0.0;0.0;0.0;0.0;0.0;0.0;888.0
Crato;LAMEIRO;-7.233;-39.416694444444;2018;5;42.0;5.0;3.0;0.0;0.0;0.0;0.0;0.0;0.0;0.0;0.0;0.0;0.0;0.0;3.0;0.0;31.0;0.0;0.0;0.0;0.0;0.0;0.0;0.0;0.0;0.0;0.0;0.0;0.0;0.0;0.0;0.0
Crato;LAMEIRO;-7.233;-39.416694444444;2018;6;10.0;0.0;0.0;0.0;0.0;0.0;0.0;0.0;0.0;10.0;0.0;0.0;0.0;0.0;0.0;0.0;0.0;0.0;0.0;0.0;0.0;0.0;0.0;0.0;0.0;0.0;0.0;0.0;0.0;0.0;0.0;888.0
Crato;LAMEIRO;-7.233;-39.416694444444;2018;7;3.0;0.0;0.0;0.0;0.0;0.0;0.0;0.0;0.0;0.0;0.0;0.0;3.0;0.0;0.0;0.0;0.0;0.0;0.0;0.0;0.0;0.0;0.0;0.0;0.0;0.0;0.0;0.0;0.0;0.0;0.0;0.0
Crato;LAMEIRO;-7.233;-39.416694444444;2018;8;0.0;0.0;0.0;0.0;0.0;0.0;0.0;0.0;0.0;0.0;0.0;0.0;0.0;0.0;0.0;0.0;0.0;0.0;0.0;0.0;0.0;0.0;0.0;0.0;0.0;0.0;0.0;0.0;0.0;0.0;0.0;0.0
Crato;LAMEIRO;-7.233;-39.416694444444;2018;9;0.0;0.0;0.0;0.0;0.0;0.0;0.0;0.0;0.0;0.0;0.0;0.0;0.0;0.0;0.0;0.0;0.0;0.0;0.0;0.0;0.0;0.0;0.0;0.0;0.0;0.0;0.0;0.0;0.0;0.0;0.0;888.0
Crato;LAMEIRO;-7.233;-39.416694444444;2018;10;10.0;2.0;0.0;0.0;0.0;0.0;0.0;0.0;0.0;0.0;0.0;0.0;0.0;0.0;0.0;0.0;0.0;0.0;0.0;0.0;0.0;0.0;1.0;0.0;0.0;0.0;0.0;0.0;0.0;0.0;7.0;0.0
Crato;LAMEIRO;-7.233;-39.416694444444;2018;11;98.0;0.0;0.0;0.0;0.0;0.0;0.0;12.0;0.0;0.0;0.0;0.0;0.0;0.0;0.0;0.0;0.0;0.0;0.0;0.0;0.0;0.0;0.0;0.0;16.0;49.0;15.0;6.0;0.0;0.0;0.0;888.0
Crato;LAMEIRO;-7.233;-39.416694444444;2018;12;303.0;0.0;0.0;0.0;0.0;0.0;62.0;3.0;52.0;0.0;16.0;28.0;0.0;0.0;0.0;0.0;0.0;0.0;31.0;0.0;0.0;0.0;0.0;0.0;108.0;3.0;0.0;0.0;0.0;0.0;0.0;0.0
Crato;LAMEIRO;-7.233;-39.416694444444;2019;1;183.0;0.0;0.0;0.0;0.0;0.0;0.0;0.0;0.0;0.0;12.0;0.0;0.0;0.0;23.0;0.0;0.0;13.0;5.0;17.0;13.0;7.0;0.0;12.0;10.0;0.0;51.0;0.0;15.0;5.0;0.0;0.0
Crato;LAMEIRO;-7.233;-39.416694444444;2019;2;208.0;0.0;2.0;0.0;0.0;0.0;10.0;0.0;0.0;0.0;0.0;0.0;0.0;0.0;6.0;0.0;120.0;5.0;0.0;15.0;0.0;2.0;7.0;3.0;38.0;0.0;0.0;0.0;0.0;888.0;888.0;888.0
Crato;LAMEIRO;-7.233;-39.416694444444;2019;3;420.0;0.0;0.0;14.0;3.0;18.0;26.0;10.0;7.0;6.0;0.0;0.0;0.0;5.0;25.0;0.0;0.0;0.0;0.0;120.0;0.0;0.0;0.0;7.0;20.0;18.0;0.0;35.0;75.0;5.0;6.0;20.0
Crato;LAMEIRO;-7.233;-39.416694444444;2019;4;386.0;55.0;6.0;7.0;130.0;4.0;48.0;22.0;2.0;10.0;51.0;0.0;0.0;0.0;5.0;25.0;0.0;0.0;0.0;0.0;0.0;0.0;0.0;0.0;17.0;0.0;0.0;0.0;0.0;0.0;4.0;888.0
Crato;LAMEIRO;-7.233;-39.416694444444;2019;5;127.0;42.0;0.0;0.0;0.0;0.0;0.0;0.0;0.0;3.0;0.0;0.0;0.0;0.0;0.0;5.0;2.0;2.0;0.0;12.0;21.0;0.0;0.0;0.0;0.0;0.0;0.0;0.0;0.0;0.0;0.0;40.0
Crato;LAMEIRO;-7.233;-39.416694444444;2019;6;85.0;0.0;0.0;0.0;0.0;0.0;0.0;0.0;0.0;0.0;0.0;0.0;0.0;0.0;0.0;0.0;0.0;0.0;75.0;10.0;0.0;0.0;0.0;0.0;0.0;0.0;0.0;0.0;0.0;0.0;0.0;888.0
Crato;LAMEIRO;-7.233;-39.416694444444;2019;7;7.0;0.0;0.0;0.0;0.0;0.0;0.0;0.0;0.0;0.0;0.0;7.0;0.0;0.0;0.0;0.0;0.0;0.0;0.0;0.0;0.0;0.0;0.0;0.0;0.0;0.0;0.0;0.0;0.0;0.0;0.0;0.0
Crato;LAMEIRO;-7.233;-39.416694444444;2019;8;0.0;0.0;0.0;0.0;0.0;0.0;0.0;0.0;0.0;0.0;0.0;0.0;0.0;0.0;0.0;0.0;0.0;0.0;0.0;0.0;0.0;0.0;0.0;0.0;0.0;0.0;0.0;0.0;0.0;0.0;0.0;0.0
Crato;LAMEIRO;-7.233;-39.416694444444;2019;9;11.0;0.0;0.0;0.0;0.0;0.0;0.0;0.0;0.0;0.0;0.0;0.0;0.0;0.0;0.0;0.0;0.0;0.0;0.0;0.0;0.0;0.0;0.0;0.0;11.0;0.0;0.0;0.0;0.0;0.0;0.0;888.0
Crato;LAMEIRO;-7.233;-39.416694444444;2019;10;8.0;0.0;0.0;0.0;0.0;0.0;0.0;0.0;0.0;0.0;0.0;8.0;0.0;0.0;0.0;0.0;0.0;0.0;0.0;0.0;0.0;0.0;0.0;0.0;0.0;0.0;0.0;0.0;0.0;0.0;0.0;0.0
Crato;LAMEIRO;-7.233;-39.416694444444;2019;11;31.0;0.0;0.0;0.0;3.0;0.0;0.0;0.0;0.0;0.0;0.0;0.0;0.0;0.0;0.0;0.0;0.0;0.0;0.0;0.0;0.0;0.0;0.0;0.0;0.0;0.0;20.0;8.0;0.0;0.0;0.0;888.0
Crato;LAMEIRO;-7.233;-39.416694444444;2019;12;93.0;0.0;0.0;0.0;0.0;9.0;0.0;0.0;0.0;75.0;0.0;0.0;0.0;0.0;0.0;0.0;0.0;0.0;0.0;0.0;0.0;0.0;0.0;0.0;0.0;0.0;0.0;0.0;0.0;0.0;4.0;5.0
Crato;LAMEIRO;-7.233;-39.416694444444;2020;1;275.0;52.0;0.0;0.0;0.0;0.0;0.0;25.0;47.0;5.0;2.0;27.0;0.0;0.0;0.0;2.0;0.0;0.0;4.0;30.0;0.0;0.0;7.0;0.0;20.0;0.0;0.0;5.0;40.0;9.0;0.0;0.0
Crato;LAMEIRO;-7.233;-39.416694444444;2020;2;490.0;45.0;0.0;18.0;8.0;63.0;9.0;9.0;0.0;0.0;0.0;0.0;0.0;0.0;45.0;5.0;0.0;30.0;85.0;48.0;0.0;55.0;41.0;20.0;0.0;0.0;0.0;0.0;0.0;9.0;888.0;888.0
Crato;LAMEIRO;-7.233;-39.416694444444;2020;3;444.0;11.0;7.0;0.0;5.0;17.0;0.0;10.0;3.0;0.0;5.0;5.0;0.0;75.0;0.0;4.0;38.0;38.0;33.0;8.0;44.0;0.0;0.0;0.0;95.0;6.0;30.0;5.0;0.0;0.0;0.0;5.0
Crato;LAMEIRO;-7.233;-39.416694444444;2020;4;236.0;5.0;3.0;24.0;0.0;0.0;0.0;0.0;0.0;8.0;0.0;5.0;0.0;77.0;0.0;0.0;0.0;0.0;8.0;4.0;28.0;0.0;0.0;3.0;15.0;33.0;8.0;6.0;0.0;5.0;4.0;888.0
Crato;LAMEIRO;-7.233;-39.416694444444;2020;5;92.0;0.0;0.0;0.0;0.0;0.0;5.0;0.0;0.0;0.0;0.0;0.0;0.0;12.0;0.0;0.0;0.0;0.0;23.0;0.0;3.0;0.0;26.0;0.0;13.0;0.0;4.0;0.0;6.0;0.0;0.0;0.0
Crato;LAMEIRO;-7.233;-39.416694444444;2020;6;37.0;3.0;0.0;0.0;0.0;2.0;0.0;0.0;0.0;2.0;0.0;0.0;0.0;0.0;0.0;2.0;0.0;0.0;0.0;0.0;25.0;0.0;0.0;0.0;0.0;0.0;3.0;0.0;0.0;0.0;0.0;888.0
Crato;LAMEIRO;-7.233;-39.416694444444;2020;7;0.0;0.0;0.0;0.0;0.0;0.0;0.0;0.0;0.0;0.0;0.0;0.0;0.0;0.0;0.0;0.0;0.0;0.0;0.0;0.0;0.0;0.0;0.0;0.0;0.0;0.0;0.0;0.0;0.0;0.0;0.0;0.0
Crato;LAMEIRO;-7.233;-39.416694444444;2020;8;0.0;0.0;0.0;0.0;0.0;0.0;0.0;0.0;0.0;0.0;0.0;0.0;0.0;0.0;0.0;0.0;0.0;0.0;0.0;0.0;0.0;0.0;0.0;0.0;0.0;0.0;0.0;0.0;0.0;0.0;0.0;0.0
Crato;LAMEIRO;-7.233;-39.416694444444;2020;9;6.0;0.0;0.0;0.0;0.0;0.0;0.0;0.0;0.0;0.0;0.0;0.0;0.0;0.0;0.0;0.0;0.0;0.0;0.0;0.0;0.0;0.0;0.0;0.0;0.0;0.0;0.0;0.0;0.0;6.0;0.0;888.0
Crato;LAMEIRO;-7.233;-39.416694444444;2020;10;17.0;0.0;0.0;0.0;0.0;0.0;0.0;0.0;0.0;0.0;0.0;0.0;0.0;0.0;0.0;0.0;0.0;0.0;0.0;0.0;0.0;0.0;0.0;5.0;10.0;2.0;0.0;0.0;0.0;0.0;0.0;0.0
Crato;LAMEIRO;-7.233;-39.416694444444;2020;11;105.0;0.0;9.0;32.0;17.0;2.0;0.0;25.0;0.0;0.0;5.0;0.0;0.0;0.0;0.0;0.0;0.0;0.0;0.0;0.0;0.0;7.0;8.0;0.0;0.0;0.0;0.0;0.0;0.0;0.0;0.0;888.0
Crato;LAMEIRO;-7.233;-39.416694444444;2020;12;131.0;0.0;0.0;4.0;37.0;0.0;0.0;0.0;0.0;2.0;0.0;0.0;0.0;0.0;0.0;0.0;0.0;31.0;21.0;2.0;4.0;7.0;10.0;0.0;0.0;13.0;0.0;0.0;0.0;0.0;0.0;0.0
Crato;LAMEIRO;-7.233;-39.416694444444;2021;1;151.0;10.0;2.0;0.0;38.0;2.0;7.0;2.0;0.0;0.0;0.0;0.0;0.0;0.0;8.0;0.0;27.0;0.0;0.0;0.0;24.0;0.0;4.0;0.0;0.0;0.0;0.0;0.0;5.0;15.0;3.0;4.0
Crato;LAMEIRO;-7.233;-39.416694444444;2021;2;382.0;0.0;0.0;0.0;0.0;0.0;0.0;0.0;0.0;13.0;25.0;48.0;14.0;0.0;62.0;2.0;20.0;12.0;5.0;0.0;0.0;4.0;5.0;4.0;4.0;18.0;110.0;14.0;22.0;888.0;888.0;888.0
Crato;LAMEIRO;-7.233;-39.416694444444;2021;3;299.0;23.0;23.0;22.0;2.0;3.0;0.0;0.0;0.0;0.0;0.0;0.0;3.0;24.0;5.0;50.0;0.0;0.0;41.0;19.0;0.0;0.0;19.0;15.0;25.0;0.0;8.0;0.0;7.0;5.0;5.0;0.0
Crato;LAMEIRO;-7.233;-39.416694444444;2021;4;217.0;0.0;4.0;0.0;0.0;0.0;0.0;0.0;0.0;8.0;0.0;0.0;27.0;23.0;0.0;33.0;0.0;12.0;5.0;37.0;2.0;0.0;0.0;7.0;2.0;5.0;1.0;0.0;0.0;46.0;5.0;888.0
Crato;LAMEIRO;-7.233;-39.416694444444;2021;5;31.0;0.0;0.0;2.0;0.0;21.0;0.0;0.0;0.0;0.0;0.0;0.0;0.0;0.0;0.0;6.0;0.0;0.0;0.0;0.0;0.0;0.0;2.0;0.0;0.0;0.0;0.0;0.0;0.0;0.0;0.0;0.0
Crato;LAMEIRO;-7.233;-39.416694444444;2021;6;3.0;0.0;0.0;0.0;0.0;0.0;0.0;0.0;0.0;0.0;0.0;0.0;0.0;0.0;0.0;0.0;0.0;0.0;0.0;0.0;0.0;0.0;0.0;0.0;3.0;0.0;0.0;0.0;0.0;0.0;0.0;888.0
Crato;LAMEIRO;-7.233;-39.416694444444;2021;7;48.0;0.0;48.0;0.0;0.0;0.0;0.0;0.0;0.0;0.0;0.0;0.0;0.0;0.0;0.0;0.0;0.0;0.0;0.0;0.0;0.0;0.0;0.0;0.0;0.0;0.0;0.0;0.0;0.0;0.0;0.0;0.0
Crato;LAMEIRO;-7.233;-39.416694444444;2021;8;0.0;0.0;0.0;0.0;0.0;0.0;0.0;0.0;0.0;0.0;0.0;0.0;0.0;0.0;0.0;0.0;0.0;0.0;0.0;0.0;0.0;0.0;0.0;0.0;0.0;0.0;0.0;0.0;0.0;0.0;0.0;0.0
Crato;LAMEIRO;-7.233;-39.416694444444;2021;9;33.0;0.0;0.0;0.0;0.0;0.0;0.0;0.0;0.0;0.0;0.0;0.0;0.0;0.0;0.0;18.0;0.0;0.0;0.0;0.0;0.0;0.0;0.0;0.0;15.0;0.0;0.0;0.0;0.0;0.0;0.0;888.0
Crato;LAMEIRO;-7.233;-39.416694444444;2021;10;49.0;3.0;0.0;0.0;0.0;0.0;0.0;0.0;0.0;0.0;0.0;0.0;0.0;0.0;0.0;0.0;0.0;0.0;0.0;0.0;0.0;0.0;2.0;0.0;42.0;0.0;2.0;0.0;0.0;0.0;0.0;0.0
Crato;LAMEIRO;-7.233;-39.416694444444;2021;11;194.0;0.0;0.0;0.0;0.0;0.0;0.0;0.0;10.0;27.0;2.0;0.0;0.0;0.0;10.0;88.0;28.0;0.0;0.0;0.0;0.0;0.0;0.0;10.0;0.0;14.0;5.0;0.0;0.0;0.0;0.0;888.0
Crato;LAMEIRO;-7.233;-39.416694444444;2021;12;214.0;0.0;0.0;3.0;25.0;10.0;0.0;0.0;15.0;0.0;12.0;15.0;0.0;0.0;0.0;0.0;0.0;0.0;41.0;38.0;0.0;0.0;5.0;0.0;0.0;2.0;17.0;28.0;3.0;0.0;0.0;0.0
Crato;LAMEIRO;-7.233;-39.416694444444;2022;1;219.8;0.0;4.0;6.0;2.0;3.0;6.8;0.0;0.0;0.0;0.0;22.0;18.0;0.0;8.0;2.0;0.0;0.0;0.0;17.0;0.0;0.0;4.0;0.0;0.0;0.0;0.0;17.0;88.0;18.0;4.0;0.0
Crato;LAMEIRO;-7.233;-39.416694444444;2022;2;144.0;0.0;0.0;0.0;33.0;4.0;0.0;0.0;0.0;5.0;18.0;0.0;8.0;10.0;2.0;11.0;0.0;0.0;6.0;13.0;0.0;5.0;15.0;0.0;5.0;0.0;6.0;3.0;0.0;888.0;888.0;888.0
Crato;LAMEIRO;-7.233;-39.416694444444;2022;3;407.0;0.0;28.0;18.0;19.0;0.0;2.0;4.0;0.0;10.0;6.0;0.0;0.0;22.0;10.0;65.0;56.0;0.0;6.0;0.0;0.0;0.0;43.0;0.0;41.0;46.0;0.0;10.0;4.0;17.0;0.0;0.0
Crato;LAMEIRO;-7.233;-39.416694444444;2022;4;168.0;0.0;15.0;24.0;0.0;0.0;0.0;0.0;5.0;0.0;5.0;5.0;54.0;0.0;0.0;0.0;0.0;0.0;37.0;0.0;0.0;8.0;5.0;0.0;10.0;0.0;0.0;0.0;0.0;0.0;0.0;888.0
Crato;LAMEIRO;-7.233;-39.416694444444;2022;5;70.0;0.0;0.0;0.0;0.0;0.0;0.0;0.0;8.0;0.0;0.0;0.0;0.0;4.0;11.0;0.0;0.0;0.0;0.0;5.0;3.0;5.0;0.0;0.0;0.0;0.0;12.0;5.0;0.0;0.0;0.0;17.0
Crato;LAMEIRO;-7.233;-39.416694444444;2022;6;53.0;5.0;7.0;0.0;8.0;4.0;0.0;0.0;0.0;0.0;0.0;0.0;7.0;0.0;0.0;0.0;12.0;0.0;0.0;0.0;0.0;5.0;3.0;2.0;0.0;0.0;0.0;0.0;0.0;0.0;0.0;888.0
Crato;LAMEIRO;-7.233;-39.416694444444;2022;7;44.0;0.0;0.0;0.0;0.0;4.0;0.0;0.0;10.0;0.0;6.0;0.0;0.0;0.0;4.0;0.0;0.0;0.0;0.0;0.0;0.0;0.0;2.0;0.0;0.0;0.0;0.0;1.0;0.0;0.0;0.0;17.0
Crato;LAMEIRO;-7.233;-39.416694444444;2022;8;5.0;0.0;0.0;0.0;5.0;0.0;0.0;0.0;0.0;0.0;0.0;0.0;0.0;0.0;0.0;0.0;0.0;0.0;0.0;0.0;0.0;0.0;0.0;0.0;0.0;0.0;0.0;0.0;0.0;0.0;0.0;0.0
Crato;LAMEIRO;-7.233;-39.416694444444;2022;9;13.0;0.0;0.0;0.0;0.0;0.0;0.0;0.0;0.0;0.0;0.0;0.0;0.0;0.0;0.0;0.0;0.0;0.0;0.0;0.0;0.0;0.0;0.0;0.0;0.0;13.0;0.0;0.0;0.0;0.0;0.0;888.0
Crato;LAMEIRO;-7.233;-39.416694444444;2022;10;159.0;0.0;0.0;0.0;0.0;0.0;0.0;0.0;0.0;0.0;0.0;0.0;0.0;0.0;0.0;0.0;0.0;0.0;0.0;3.0;0.0;0.0;3.0;5.0;19.0;7.0;112.0;10.0;0.0;0.0;0.0;0.0
Crato;LAMEIRO;-7.233;-39.416694444444;2022;11;157.0;0.0;0.0;3.0;85.0;21.0;0.0;6.0;2.0;0.0;0.0;0.0;0.0;14.0;4.0;0.0;0.0;0.0;8.0;0.0;0.0;2.0;0.0;2.0;0.0;3.0;0.0;0.0;0.0;0.0;7.0;888.0
Crato;LAMEIRO;-7.233;-39.416694444444;2022;12;104.0;10.0;28.0;0.0;0.0;0.0;2.0;0.0;0.0;0.0;0.0;4.0;0.0;0.0;0.0;0.0;0.0;0.0;0.0;0.0;0.0;0.0;0.0;27.0;10.0;15.0;5.0;0.0;0.0;0.0;0.0;3.0
Crato;LAMEIRO;-7.233;-39.416694444444;2023;1;337.0;0.0;59.0;35.0;3.0;0.0;0.0;0.0;0.0;0.0;71.0;7.0;4.0;9.0;28.0;16.0;9.0;0.0;2.0;11.0;38.0;9.0;11.0;8.0;6.0;0.0;0.0;0.0;11.0;0.0;0.0;0.0
Crato;LAMEIRO;-7.233;-39.416694444444;2023;2;228.0;0.0;3.0;17.0;0.0;0.0;2.0;10.0;0.0;0.0;0.0;30.0;0.0;0.0;2.0;0.0;35.0;9.0;2.0;18.0;22.0;0.0;0.0;4.0;58.0;9.0;3.0;2.0;2.0;888.0;888.0;888.0
Crato;LAMEIRO;-7.233;-39.416694444444;2023;3;404.0;0.0;2.0;11.0;0.0;2.0;0.0;0.0;0.0;0.0;0.0;1.0;0.0;14.0;66.0;69.0;0.0;2.0;33.0;12.0;2.0;6.0;7.0;4.0;0.0;19.0;5.0;127.0;0.0;0.0;5.0;17.0
Crato;LAMEIRO;-7.233;-39.416694444444;2023;4;242.0;0.0;0.0;0.0;11.0;0.0;43.0;0.0;27.0;48.0;0.0;0.0;0.0;0.0;11.0;0.0;0.0;31.0;5.0;0.0;0.0;0.0;0.0;0.0;0.0;0.0;0.0;0.0;0.0;66.0;0.0;888.0
Crato;LAMEIRO;-7.233;-39.416694444444;2023;5;78.0;10.0;0.0;0.0;10.0;3.0;18.0;0.0;0.0;0.0;0.0;0.0;0.0;37.0;0.0;0.0;0.0;0.0;0.0;0.0;0.0;0.0;0.0;0.0;0.0;0.0;0.0;0.0;0.0;0.0;0.0;0.0
Crato;LAMEIRO;-7.233;-39.416694444444;2023;6;32.0;2.0;0.0;0.0;0.0;0.0;0.0;0.0;0.0;0.0;3.0;0.0;0.0;0.0;0.0;5.0;13.0;0.0;0.0;0.0;0.0;5.0;4.0;0.0;0.0;0.0;0.0;0.0;0.0;0.0;0.0;888.0
Crato;LAMEIRO;-7.233;-39.416694444444;2023;7;20.0;0.0;0.0;0.0;0.0;0.0;0.0;0.0;0.0;6.0;14.0;0.0;0.0;0.0;0.0;0.0;0.0;0.0;0.0;0.0;0.0;0.0;0.0;0.0;0.0;0.0;0.0;0.0;0.0;0.0;0.0;0.0
Crato;LAMEIRO;-7.233;-39.416694444444;2023;8;5.0;0.0;0.0;0.0;0.0;0.0;0.0;0.0;0.0;0.0;0.0;0.0;0.0;0.0;0.0;0.0;0.0;0.0;0.0;0.0;0.0;0.0;0.0;0.0;0.0;0.0;0.0;0.0;0.0;0.0;5.0;0.0
Crato;LAMEIRO;-7.233;-39.416694444444;2023;9;0.0;0.0;0.0;0.0;0.0;0.0;0.0;0.0;0.0;0.0;0.0;0.0;0.0;0.0;0.0;0.0;0.0;0.0;0.0;0.0;0.0;0.0;0.0;0.0;0.0;0.0;0.0;0.0;0.0;0.0;0.0;888.0
Crato;LAMEIRO;-7.233;-39.416694444444;2023;10;0.0;0.0;0.0;0.0;0.0;0.0;0.0;0.0;0.0;0.0;0.0;0.0;0.0;0.0;0.0;0.0;0.0;0.0;0.0;0.0;0.0;0.0;0.0;0.0;0.0;0.0;0.0;0.0;0.0;0.0;0.0;0.0
Crato;LAMEIRO;-7.233;-39.416694444444;2023;11;98.0;0.0;2.0;0.0;0.0;0.0;5.0;0.0;0.0;0.0;0.0;0.0;0.0;0.0;0.0;0.0;0.0;0.0;0.0;0.0;0.0;0.0;22.0;0.0;0.0;0.0;0.0;0.0;62.0;7.0;0.0;888.0
Crato;LAMEIRO;-7.233;-39.416694444444;2023;12;54.0;0.0;0.0;0.0;0.0;0.0;0.0;5.0;2.0;0.0;3.0;3.0;0.0;0.0;0.0;0.0;0.0;0.0;4.0;4.0;10.0;8.0;0.0;0.0;0.0;0.0;0.0;0.0;0.0;0.0;0.0;15.0
Crato;LAMEIRO;-7.233;-39.416694444444;2024;1;154.0;41.0;26.0;0.0;0.0;0.0;0.0;0.0;0.0;0.0;0.0;58.0;8.0;0.0;0.0;0.0;0.0;0.0;0.0;0.0;0.0;0.0;0.0;0.0;2.0;6.0;0.0;13.0;0.0;0.0;0.0;0.0
Crato;LAMEIRO;-7.233;-39.416694444444;2024;2;399.0;0.0;15.0;7.0;0.0;3.0;5.0;2.0;10.0;23.0;0.0;47.0;0.0;0.0;0.0;85.0;7.0;0.0;0.0;48.0;3.0;6.0;15.0;30.0;34.0;0.0;0.0;0.0;38.0;21.0;888.0;888.0
Crato;LAMEIRO;-7.233;-39.416694444444;2024;3;404.0;4.0;36.0;25.0;0.0;8.0;19.0;3.0;5.0;0.0;0.0;3.0;21.0;67.0;18.0;10.0;0.0;0.0;24.0;17.0;10.0;43.0;2.0;12.0;0.0;3.0;3.0;26.0;25.0;12.0;0.0;8.0
Crato;LAMEIRO;-7.233;-39.416694444444;2024;4;350.0;27.0;5.0;89.0;0.0;32.0;24.0;0.0;0.0;0.0;2.0;3.0;0.0;31.0;17.0;0.0;20.0;4.0;5.0;6.0;7.0;0.0;18.0;30.0;0.0;8.0;0.0;0.0;10.0;0.0;12.0;888.0
Crato;LAMEIRO;-7.233;-39.416694444444;2024;5;60.0;5.0;6.0;8.0;0.0;0.0;0.0;0.0;4.0;5.0;8.0;0.0;0.0;0.0;0.0;6.0;0.0;0.0;1.0;9.0;0.0;8.0;0.0;0.0;0.0;0.0;0.0;0.0;0.0;0.0;0.0;0.0
Crato;LAMEIRO;-7.233;-39.416694444444;2024;6;41.0;0.0;0.0;3.0;0.0;0.0;5.0;0.0;15.0;0.0;0.0;0.0;0.0;0.0;7.0;0.0;3.0;0.0;0.0;0.0;0.0;6.0;2.0;0.0;0.0;0.0;0.0;0.0;0.0;0.0;0.0;888.0
Crato;LAMEIRO;-7.233;-39.416694444444;2024;7;24.0;0.0;0.0;0.0;0.0;0.0;3.0;13.0;0.0;0.0;0.0;4.0;0.0;4.0;0.0;0.0;0.0;0.0;0.0;0.0;0.0;0.0;0.0;0.0;0.0;0.0;0.0;0.0;0.0;0.0;0.0;0.0
Crato;LAMEIRO;-7.233;-39.416694444444;2024;8;0.0;0.0;0.0;0.0;0.0;0.0;0.0;0.0;0.0;0.0;0.0;0.0;0.0;0.0;0.0;0.0;0.0;0.0;0.0;0.0;0.0;0.0;0.0;0.0;0.0;0.0;0.0;0.0;0.0;0.0;0.0;0.0
Crato;LAMEIRO;-7.233;-39.416694444444;2024;9;0.0;0.0;0.0;0.0;0.0;0.0;0.0;0.0;0.0;0.0;0.0;0.0;0.0;0.0;0.0;0.0;0.0;0.0;0.0;0.0;0.0;0.0;0.0;0.0;0.0;0.0;0.0;0.0;0.0;0.0;0.0;888.0
Crato;LAMEIRO;-7.233;-39.416694444444;2024;10;5.0;0.0;0.0;0.0;0.0;0.0;0.0;0.0;0.0;0.0;0.0;0.0;0.0;0.0;0.0;0.0;0.0;0.0;0.0;0.0;5.0;0.0;0.0;0.0;999.0;999.0;999.0;999.0;999.0;999.0;999.0;999.0
