Municipios;Postos;Latitude;Longitude;Anos;Meses;Total;Dia1;Dia2;Dia3;Dia4;Dia5;Dia6;Dia7;Dia8;Dia9;Dia10;Dia11;Dia12;Dia13;Dia14;Dia15;Dia16;Dia17;Dia18;Dia19;Dia20;Dia21;Dia22;Dia23;Dia24;Dia25;Dia26;Dia27;Dia28;Dia29;Dia30;Dia31
Itarema;FZ. AGUAPE;-3.0035;-39.789666666667;1994;1;134.4;5.8;31.6;4.2;0.0;0.0;3.4;0.0;0.0;0.0;0.0;0.0;0.0;0.0;0.0;3.8;1.4;17.2;2.2;0.0;0.0;9.0;0.0;0.0;0.0;0.0;0.0;0.0;29.4;24.6;0.0;1.8
Itarema;FZ. AGUAPE;-3.0035;-39.789666666667;1994;2;216.0;999.0;0.0;0.0;0.0;0.0;0.0;6.6;13.4;29.4;12.4;0.0;28.6;0.0;5.0;16.0;0.0;30.0;0.0;0.0;10.6;0.0;0.0;0.0;0.0;18.6;13.2;27.0;5.2;888.0;888.0;888.0
Itarema;FZ. AGUAPE;-3.0035;-39.789666666667;1994;3;382.7;999.0;0.0;17.8;41.0;27.2;0.0;0.0;26.2;30.4;0.0;21.2;0.0;7.4;13.2;10.0;0.0;0.0;5.3;40.0;9.0;3.2;0.0;6.3;20.2;12.0;18.0;0.0;21.1;53.2;0.0;0.0
Itarema;FZ. AGUAPE;-3.0035;-39.789666666667;1994;4;345.7;14.4;0.0;0.0;0.0;7.3;61.0;13.3;3.2;9.0;40.0;0.0;0.0;0.0;20.0;3.0;0.0;2.2;11.2;3.4;11.3;0.0;4.2;0.0;0.0;0.0;15.2;117.0;10.0;0.0;0.0;888.0
Itarema;FZ. AGUAPE;-3.0035;-39.789666666667;1994;5;302.0;3.2;0.0;0.0;17.2;0.0;0.0;5.2;13.4;20.3;0.0;14.0;25.4;22.2;35.0;88.0;3.2;0.0;5.1;1.0;18.2;0.0;9.3;0.0;0.0;0.0;0.0;0.0;0.0;0.0;21.3;0.0
Itarema;FZ. AGUAPE;-3.0035;-39.789666666667;1994;6;187.3;0.0;17.4;13.4;12.3;0.0;13.0;6.0;0.0;0.0;0.0;18.0;0.0;6.0;0.0;0.0;5.0;7.2;15.4;38.0;3.0;0.0;0.0;4.1;0.0;8.0;12.4;6.1;2.0;0.0;0.0;888.0
Itarema;FZ. AGUAPE;-3.0035;-39.789666666667;2006;9;0.0;0.0;999.0;999.0;999.0;999.0;999.0;999.0;999.0;999.0;999.0;999.0;999.0;999.0;999.0;999.0;999.0;999.0;999.0;999.0;999.0;999.0;999.0;999.0;999.0;999.0;999.0;999.0;999.0;999.0;999.0;888.0
Itarema;FZ. AGUAPE;-3.0035;-39.789666666667;2007;1;39.9;0.0;0.0;16.8;0.0;0.0;0.0;0.0;0.0;5.0;0.0;0.0;0.0;0.0;0.0;0.0;5.6;12.5;0.0;0.0;0.0;0.0;0.0;0.0;0.0;0.0;0.0;0.0;0.0;0.0;0.0;0.0
Itarema;FZ. AGUAPE;-3.0035;-39.789666666667;2007;2;282.4;0.0;0.0;3.0;3.6;0.0;0.0;29.6;17.4;0.0;0.0;0.0;5.0;20.0;33.0;33.2;0.0;0.0;5.0;60.8;0.0;12.6;20.4;7.0;0.0;0.0;0.0;12.8;19.0;888.0;888.0;888.0
Itarema;FZ. AGUAPE;-3.0035;-39.789666666667;2007;3;152.4;14.0;0.0;5.2;11.6;4.8;1.4;20.6;0.0;0.0;0.0;6.6;42.4;0.0;0.0;25.2;5.0;6.0;0.0;0.0;0.0;0.0;0.0;3.0;0.0;0.0;0.0;2.6;0.0;0.0;4.0;0.0
Itarema;FZ. AGUAPE;-3.0035;-39.789666666667;2007;4;121.8;2.6;0.0;3.0;0.0;0.0;0.0;0.0;0.0;3.0;30.0;5.8;0.0;0.0;0.0;1.8;8.6;8.8;0.0;4.8;0.0;0.0;16.0;12.6;0.0;0.0;0.0;4.0;14.4;6.4;0.0;888.0
Itarema;FZ. AGUAPE;-3.0035;-39.789666666667;2007;5;40.3;0.0;0.0;0.0;9.0;0.0;0.0;3.8;0.0;0.0;0.0;2.2;7.8;1.0;0.0;0.0;0.0;0.0;0.0;0.0;0.0;0.0;0.0;0.0;0.0;0.0;0.0;0.0;0.0;0.0;6.5;10.0
Itarema;FZ. AGUAPE;-3.0035;-39.789666666667;2007;6;23.0;0.0;0.0;0.0;0.0;0.0;0.0;2.0;9.0;9.6;0.0;0.0;0.0;0.0;0.0;0.0;0.0;2.4;0.0;0.0;0.0;0.0;0.0;0.0;0.0;0.0;0.0;0.0;0.0;0.0;0.0;888.0
Itarema;FZ. AGUAPE;-3.0035;-39.789666666667;2007;7;27.0;0.0;0.0;0.0;0.0;0.0;0.0;0.0;0.0;0.0;0.0;0.0;0.0;27.0;0.0;0.0;0.0;0.0;0.0;0.0;0.0;0.0;0.0;0.0;0.0;0.0;0.0;0.0;0.0;0.0;0.0;0.0
Itarema;FZ. AGUAPE;-3.0035;-39.789666666667;2007;8;0.0;0.0;0.0;0.0;0.0;0.0;0.0;0.0;0.0;0.0;0.0;0.0;0.0;0.0;0.0;0.0;0.0;0.0;0.0;0.0;0.0;0.0;0.0;0.0;0.0;0.0;0.0;0.0;0.0;0.0;0.0;0.0
Itarema;FZ. AGUAPE;-3.0035;-39.789666666667;2007;9;0.0;0.0;0.0;0.0;0.0;0.0;0.0;0.0;0.0;0.0;0.0;0.0;0.0;0.0;0.0;0.0;0.0;0.0;0.0;0.0;0.0;0.0;0.0;0.0;0.0;0.0;0.0;0.0;0.0;0.0;0.0;888.0
Itarema;FZ. AGUAPE;-3.0035;-39.789666666667;2007;10;0.0;0.0;0.0;0.0;0.0;0.0;0.0;0.0;0.0;0.0;0.0;0.0;0.0;0.0;0.0;0.0;0.0;0.0;0.0;0.0;0.0;0.0;0.0;0.0;0.0;0.0;0.0;0.0;0.0;0.0;0.0;0.0
Itarema;FZ. AGUAPE;-3.0035;-39.789666666667;2007;11;0.0;0.0;0.0;0.0;0.0;0.0;0.0;0.0;0.0;0.0;0.0;0.0;0.0;0.0;0.0;0.0;0.0;0.0;0.0;0.0;0.0;0.0;0.0;0.0;0.0;0.0;0.0;0.0;0.0;0.0;0.0;888.0
Itarema;FZ. AGUAPE;-3.0035;-39.789666666667;2007;12;48.6;0.0;0.0;0.0;0.0;0.0;0.0;0.0;0.0;0.0;0.0;0.0;0.0;0.0;32.4;0.0;0.0;0.0;0.0;0.0;0.0;0.0;0.0;0.0;0.0;0.0;0.0;14.2;0.0;0.0;0.0;2.0
Itarema;FZ. AGUAPE;-3.0035;-39.789666666667;2008;1;115.2;6.2;0.0;6.4;12.0;0.0;0.0;6.8;0.0;0.0;0.0;0.0;0.0;11.0;5.2;0.0;1.2;18.0;26.4;0.0;0.0;0.0;7.8;2.8;3.0;0.0;0.0;0.0;8.4;0.0;0.0;0.0
Itarema;FZ. AGUAPE;-3.0035;-39.789666666667;2008;2;110.0;0.0;0.0;0.0;0.0;0.0;0.0;0.0;0.0;0.0;0.0;0.0;0.0;0.0;0.0;0.0;15.4;0.0;3.0;11.0;2.4;5.8;19.2;0.0;0.0;0.0;0.0;0.0;5.0;48.2;888.0;888.0
Itarema;FZ. AGUAPE;-3.0035;-39.789666666667;2008;3;440.9;25.8;3.0;0.0;0.0;0.0;0.0;13.0;42.4;5.0;999.0;0.0;33.0;0.0;2.2;9.0;6.0;0.0;0.0;26.0;12.0;6.0;0.0;116.0;2.2;54.0;9.0;18.0;4.8;0.0;0.0;53.5
Itarema;FZ. AGUAPE;-3.0035;-39.789666666667;2008;4;316.6;3.0;63.8;0.0;81.0;0.0;23.4;58.0;6.2;0.0;0.0;12.0;0.0;0.0;17.8;0.0;3.4;2.0;0.0;0.0;0.0;11.0;8.0;2.0;0.0;2.0;3.0;0.0;2.0;6.0;12.0;888.0
Itarema;FZ. AGUAPE;-3.0035;-39.789666666667;2008;5;75.2;0.0;4.0;0.0;16.0;4.0;0.0;0.0;0.0;7.2;0.0;18.0;0.0;0.0;2.8;0.0;9.2;5.0;0.0;0.0;0.0;0.0;0.0;0.0;0.0;0.0;7.0;2.0;0.0;0.0;0.0;0.0
Itarema;FZ. AGUAPE;-3.0035;-39.789666666667;2008;6;34.8;0.0;0.0;0.0;0.0;4.6;16.0;0.0;6.2;0.0;0.0;0.0;0.0;8.0;0.0;0.0;0.0;0.0;0.0;0.0;0.0;0.0;0.0;0.0;0.0;0.0;0.0;0.0;0.0;0.0;0.0;888.0
Itarema;FZ. AGUAPE;-3.0035;-39.789666666667;2008;7;0.0;0.0;0.0;0.0;0.0;0.0;0.0;0.0;0.0;0.0;0.0;0.0;0.0;0.0;0.0;0.0;0.0;0.0;0.0;0.0;0.0;0.0;0.0;0.0;0.0;0.0;0.0;0.0;0.0;0.0;0.0;0.0
Itarema;FZ. AGUAPE;-3.0035;-39.789666666667;2008;8;213.7;0.0;0.0;0.0;0.0;0.0;0.0;0.0;36.2;7.5;0.0;0.0;0.0;0.0;0.0;0.0;0.0;0.0;0.0;0.0;0.0;0.0;0.0;0.0;0.0;0.0;170.0;0.0;0.0;0.0;0.0;0.0
Itarema;FZ. AGUAPE;-3.0035;-39.789666666667;2008;9;0.0;0.0;0.0;0.0;0.0;0.0;0.0;0.0;0.0;0.0;0.0;0.0;0.0;0.0;0.0;0.0;0.0;0.0;0.0;0.0;0.0;0.0;0.0;0.0;0.0;0.0;0.0;0.0;0.0;0.0;0.0;888.0
Itarema;FZ. AGUAPE;-3.0035;-39.789666666667;2008;10;0.0;0.0;0.0;0.0;0.0;0.0;0.0;0.0;0.0;0.0;0.0;0.0;0.0;0.0;0.0;0.0;0.0;0.0;0.0;0.0;0.0;0.0;0.0;0.0;0.0;0.0;0.0;0.0;0.0;0.0;0.0;0.0
Itarema;FZ. AGUAPE;-3.0035;-39.789666666667;2008;11;0.0;0.0;0.0;0.0;0.0;0.0;0.0;0.0;0.0;0.0;0.0;0.0;0.0;0.0;0.0;0.0;0.0;0.0;0.0;0.0;0.0;0.0;0.0;0.0;0.0;0.0;0.0;0.0;0.0;0.0;0.0;888.0
Itarema;FZ. AGUAPE;-3.0035;-39.789666666667;2008;12;0.0;0.0;0.0;0.0;0.0;0.0;0.0;0.0;0.0;0.0;0.0;0.0;0.0;0.0;0.0;0.0;0.0;0.0;0.0;0.0;0.0;0.0;0.0;0.0;0.0;0.0;0.0;0.0;0.0;0.0;0.0;0.0
Itarema;FZ. AGUAPE;-3.0035;-39.789666666667;2009;1;93.8;0.0;0.0;0.0;0.0;0.0;0.0;0.0;0.0;0.0;0.0;0.0;0.0;0.0;0.0;0.0;0.0;10.0;0.0;0.0;7.0;58.0;0.0;0.0;0.0;0.0;0.0;0.0;12.0;2.8;4.0;0.0
Itarema;FZ. AGUAPE;-3.0035;-39.789666666667;2009;2;125.5;0.0;3.2;0.0;0.0;0.0;0.0;0.0;0.0;0.0;0.0;0.0;8.3;9.2;0.0;1.0;1.2;5.4;3.0;0.0;0.0;30.7;34.0;7.2;0.0;0.0;21.0;1.3;0.0;888.0;888.0;888.0
Itarema;FZ. AGUAPE;-3.0035;-39.789666666667;2009;3;616.4;13.4;56.0;6.0;66.0;32.2;0.0;0.0;0.0;6.2;0.0;0.0;0.0;0.0;0.0;126.0;79.2;2.2;0.0;1.2;0.0;8.2;74.0;50.2;7.0;0.0;7.0;8.2;30.0;4.2;31.0;8.2
Itarema;FZ. AGUAPE;-3.0035;-39.789666666667;2009;4;688.0;10.0;0.0;10.0;8.2;0.0;46.2;7.0;35.2;58.2;6.2;7.4;73.2;9.0;1.2;12.0;50.2;22.0;4.0;32.0;54.2;84.0;2.0;30.2;92.0;0.0;8.2;18.2;2.2;5.0;0.0;888.0
Itarema;FZ. AGUAPE;-3.0035;-39.789666666667;2009;5;421.9;6.0;28.2;3.4;0.0;8.2;4.2;5.2;2.2;0.0;0.0;0.0;1.2;0.0;111.0;1.2;0.0;2.5;14.2;5.4;75.2;0.0;48.8;48.2;15.8;4.2;30.2;0.0;0.0;2.2;0.0;4.4
Itarema;FZ. AGUAPE;-3.0035;-39.789666666667;2009;6;123.2;0.0;0.0;2.0;0.0;4.0;0.0;3.2;0.0;4.0;0.0;2.2;0.0;0.0;0.0;0.0;0.0;8.2;0.0;0.0;0.0;0.0;20.0;1.2;72.0;5.2;0.0;0.0;0.0;1.2;0.0;888.0
Itarema;FZ. AGUAPE;-3.0035;-39.789666666667;2009;7;68.2;0.0;0.0;2.0;0.0;0.0;5.2;1.2;0.0;0.0;28.0;0.0;1.2;0.0;0.0;0.0;8.0;0.0;0.0;0.0;0.0;4.2;13.0;5.4;0.0;0.0;0.0;0.0;0.0;0.0;0.0;0.0
Itarema;FZ. AGUAPE;-3.0035;-39.789666666667;2009;8;37.6;0.0;0.0;0.0;0.0;0.0;0.0;0.0;0.0;0.0;0.0;0.0;0.0;0.0;0.0;0.0;0.0;0.0;0.0;0.0;0.0;0.0;0.0;35.2;0.0;0.0;2.4;0.0;0.0;0.0;0.0;0.0
Itarema;FZ. AGUAPE;-3.0035;-39.789666666667;2009;9;0.0;0.0;0.0;0.0;0.0;0.0;0.0;0.0;0.0;0.0;0.0;0.0;0.0;0.0;0.0;0.0;0.0;0.0;0.0;0.0;0.0;0.0;0.0;0.0;0.0;0.0;0.0;0.0;0.0;0.0;0.0;888.0
Itarema;FZ. AGUAPE;-3.0035;-39.789666666667;2009;10;0.0;0.0;0.0;0.0;0.0;0.0;0.0;0.0;0.0;0.0;0.0;0.0;0.0;0.0;0.0;0.0;0.0;0.0;0.0;0.0;0.0;0.0;0.0;0.0;0.0;0.0;0.0;0.0;0.0;0.0;0.0;0.0
Itarema;FZ. AGUAPE;-3.0035;-39.789666666667;2009;11;0.0;0.0;0.0;0.0;0.0;0.0;0.0;0.0;0.0;0.0;0.0;0.0;0.0;0.0;0.0;0.0;0.0;0.0;0.0;0.0;0.0;0.0;0.0;0.0;0.0;0.0;0.0;0.0;0.0;0.0;0.0;888.0
Itarema;FZ. AGUAPE;-3.0035;-39.789666666667;2009;12;0.0;0.0;0.0;0.0;0.0;0.0;0.0;0.0;0.0;0.0;0.0;0.0;0.0;0.0;0.0;0.0;0.0;0.0;0.0;0.0;0.0;0.0;0.0;0.0;0.0;0.0;0.0;0.0;0.0;0.0;0.0;0.0
Itarema;FZ. AGUAPE;-3.0035;-39.789666666667;2010;1;122.6;0.0;0.0;105.2;0.0;0.0;0.0;0.0;0.0;0.0;0.0;0.0;0.0;0.0;0.0;0.0;0.0;0.0;0.0;0.0;0.0;0.0;0.0;0.0;0.0;0.0;0.0;5.2;0.0;0.0;0.0;12.2
Itarema;FZ. AGUAPE;-3.0035;-39.789666666667;2010;2;22.8;0.0;0.0;0.0;0.0;0.0;0.0;0.0;0.0;8.2;8.2;0.0;0.0;0.0;0.0;3.2;0.0;0.0;0.0;0.0;0.0;3.2;0.0;0.0;0.0;0.0;0.0;0.0;0.0;888.0;888.0;888.0
Itarema;FZ. AGUAPE;-3.0035;-39.789666666667;2010;3;84.0;0.0;0.0;0.0;0.0;0.0;0.0;0.0;0.0;0.0;0.0;0.0;1.2;0.0;0.0;0.0;0.0;0.0;2.2;4.2;20.2;27.0;0.0;0.0;2.2;27.0;0.0;0.0;0.0;0.0;0.0;0.0
Itarema;FZ. AGUAPE;-3.0035;-39.789666666667;2010;4;358.4;6.2;10.0;19.2;0.0;0.0;0.0;8.4;18.0;8.2;63.0;23.2;19.0;6.2;0.0;0.0;0.0;57.0;75.4;18.2;0.0;4.2;21.0;1.2;0.0;0.0;0.0;0.0;0.0;0.0;0.0;888.0
Itarema;FZ. AGUAPE;-3.0035;-39.789666666667;2010;5;371.8;40.2;40.0;4.2;28.0;5.2;0.0;0.0;0.0;0.0;0.0;0.0;0.0;42.2;0.0;0.0;0.0;0.0;0.0;0.0;0.0;0.0;0.0;4.2;0.0;32.4;32.0;0.0;0.0;0.0;0.0;143.4
Itarema;FZ. AGUAPE;-3.0035;-39.789666666667;2010;6;24.4;0.0;0.0;0.0;5.4;0.0;0.0;0.0;0.0;0.0;0.0;0.0;0.0;0.0;0.0;0.0;0.0;19.0;0.0;0.0;0.0;0.0;0.0;0.0;0.0;0.0;0.0;0.0;0.0;0.0;0.0;888.0
Itarema;FZ. AGUAPE;-3.0035;-39.789666666667;2010;7;31.2;0.0;0.0;0.0;0.0;0.0;0.0;0.0;0.0;0.0;0.0;0.0;0.0;0.0;0.0;12.2;19.0;0.0;0.0;0.0;0.0;0.0;0.0;0.0;0.0;0.0;0.0;0.0;0.0;0.0;0.0;0.0
Itarema;FZ. AGUAPE;-3.0035;-39.789666666667;2010;8;0.0;0.0;0.0;0.0;0.0;0.0;0.0;0.0;0.0;0.0;0.0;0.0;0.0;0.0;0.0;0.0;0.0;0.0;0.0;0.0;0.0;0.0;0.0;0.0;0.0;0.0;0.0;0.0;0.0;0.0;0.0;0.0
Itarema;FZ. AGUAPE;-3.0035;-39.789666666667;2010;9;0.0;0.0;0.0;0.0;0.0;0.0;0.0;0.0;0.0;0.0;0.0;0.0;0.0;0.0;0.0;0.0;0.0;0.0;0.0;0.0;0.0;0.0;0.0;0.0;0.0;0.0;0.0;0.0;0.0;0.0;0.0;888.0
Itarema;FZ. AGUAPE;-3.0035;-39.789666666667;2010;10;0.0;0.0;0.0;0.0;0.0;0.0;0.0;0.0;0.0;0.0;0.0;0.0;0.0;0.0;0.0;0.0;0.0;0.0;0.0;0.0;0.0;0.0;0.0;0.0;0.0;0.0;0.0;0.0;0.0;0.0;0.0;0.0
Itarema;FZ. AGUAPE;-3.0035;-39.789666666667;2010;11;0.0;0.0;0.0;0.0;0.0;0.0;0.0;0.0;0.0;0.0;0.0;0.0;0.0;0.0;0.0;0.0;0.0;0.0;0.0;0.0;0.0;0.0;0.0;0.0;0.0;0.0;0.0;0.0;0.0;0.0;0.0;888.0
Itarema;FZ. AGUAPE;-3.0035;-39.789666666667;2010;12;0.0;0.0;0.0;0.0;0.0;0.0;0.0;0.0;0.0;0.0;0.0;0.0;0.0;0.0;0.0;0.0;0.0;0.0;0.0;0.0;0.0;0.0;0.0;0.0;0.0;0.0;0.0;0.0;0.0;0.0;0.0;0.0
Itarema;FZ. AGUAPE;-3.0035;-39.789666666667;2011;1;355.1;0.0;0.0;0.0;0.0;0.0;0.0;0.0;0.0;72.6;9.0;0.0;0.0;0.0;0.0;0.0;9.0;20.6;1.6;66.8;3.2;43.4;0.0;9.5;76.6;28.2;0.0;2.6;0.0;0.0;0.0;12.0
Itarema;FZ. AGUAPE;-3.0035;-39.789666666667;2011;2;259.8;0.0;0.0;0.0;2.4;0.0;0.0;0.0;1.2;37.0;13.2;1.0;5.4;15.2;25.2;53.2;0.0;0.0;30.0;0.0;12.0;0.0;0.0;2.4;23.6;22.0;0.0;2.0;14.0;888.0;888.0;888.0
Itarema;FZ. AGUAPE;-3.0035;-39.789666666667;2011;3;247.4;16.0;2.0;0.0;12.0;0.0;10.0;0.0;75.6;0.0;8.2;62.6;0.0;39.0;0.0;0.0;0.0;0.0;0.0;0.0;0.0;0.0;0.0;0.0;0.0;0.0;5.0;13.0;4.0;0.0;0.0;0.0
Itarema;FZ. AGUAPE;-3.0035;-39.789666666667;2011;4;309.8;22.2;0.0;16.4;13.0;9.0;0.0;0.0;44.6;30.6;24.0;0.0;46.6;0.0;8.6;0.0;0.0;44.2;4.8;3.8;0.0;16.6;0.0;0.0;7.0;0.0;0.0;18.4;0.0;0.0;0.0;888.0
Itarema;FZ. AGUAPE;-3.0035;-39.789666666667;2011;5;158.3;10.0;0.0;11.2;38.0;29.2;0.0;0.0;0.0;0.0;23.5;0.0;0.0;0.0;0.0;0.0;0.0;0.0;0.0;18.6;15.6;0.0;0.0;0.0;0.0;0.0;0.0;0.0;0.0;12.2;0.0;0.0
Itarema;FZ. AGUAPE;-3.0035;-39.789666666667;2011;6;173.6;0.0;0.0;39.2;0.0;0.0;13.0;0.0;39.2;34.6;0.0;0.0;0.0;0.0;0.0;0.0;0.0;0.0;0.0;22.6;0.0;0.0;0.0;0.0;0.0;0.0;0.0;5.0;0.0;20.0;0.0;888.0
Itarema;FZ. AGUAPE;-3.0035;-39.789666666667;2011;7;55.6;0.0;0.0;0.0;0.0;0.0;11.0;0.0;44.6;0.0;0.0;0.0;0.0;0.0;0.0;0.0;0.0;0.0;0.0;0.0;0.0;0.0;0.0;0.0;0.0;0.0;0.0;0.0;0.0;0.0;0.0;0.0
Itarema;FZ. AGUAPE;-3.0035;-39.789666666667;2011;8;0.0;0.0;0.0;0.0;0.0;0.0;0.0;0.0;0.0;0.0;0.0;0.0;0.0;0.0;0.0;0.0;0.0;0.0;0.0;0.0;0.0;0.0;0.0;0.0;0.0;0.0;0.0;0.0;0.0;0.0;0.0;0.0
Itarema;FZ. AGUAPE;-3.0035;-39.789666666667;2011;9;0.0;0.0;0.0;0.0;0.0;0.0;0.0;0.0;0.0;0.0;0.0;0.0;0.0;0.0;0.0;0.0;0.0;0.0;0.0;0.0;0.0;0.0;0.0;0.0;0.0;0.0;0.0;0.0;0.0;0.0;0.0;888.0
Itarema;FZ. AGUAPE;-3.0035;-39.789666666667;2011;10;0.0;0.0;0.0;0.0;0.0;0.0;0.0;0.0;0.0;0.0;0.0;0.0;0.0;0.0;0.0;0.0;0.0;0.0;0.0;0.0;0.0;0.0;0.0;0.0;0.0;0.0;0.0;0.0;0.0;0.0;0.0;0.0
Itarema;FZ. AGUAPE;-3.0035;-39.789666666667;2011;11;0.0;0.0;0.0;0.0;0.0;0.0;0.0;0.0;0.0;0.0;0.0;0.0;0.0;0.0;0.0;0.0;0.0;0.0;0.0;0.0;0.0;0.0;0.0;0.0;0.0;0.0;0.0;0.0;0.0;0.0;0.0;888.0
Itarema;FZ. AGUAPE;-3.0035;-39.789666666667;2011;12;0.0;0.0;0.0;0.0;0.0;0.0;0.0;0.0;0.0;0.0;0.0;0.0;0.0;0.0;0.0;0.0;0.0;0.0;0.0;0.0;0.0;0.0;0.0;0.0;0.0;0.0;0.0;0.0;0.0;0.0;0.0;0.0
Itarema;FZ. AGUAPE;-3.0035;-39.789666666667;2012;1;0.0;0.0;0.0;0.0;0.0;0.0;0.0;0.0;0.0;0.0;0.0;0.0;0.0;0.0;0.0;0.0;0.0;0.0;0.0;0.0;0.0;0.0;0.0;0.0;0.0;0.0;0.0;0.0;0.0;0.0;0.0;0.0
Itarema;FZ. AGUAPE;-3.0035;-39.789666666667;2012;2;96.0;0.0;0.0;0.0;0.0;0.0;0.0;0.0;0.0;0.0;0.0;0.0;4.0;0.0;0.0;7.8;4.2;0.0;0.0;0.0;0.0;0.0;0.0;0.0;0.0;0.0;0.0;20.0;58.0;2.0;888.0;888.0
Itarema;FZ. AGUAPE;-3.0035;-39.789666666667;2012;3;221.6;0.0;0.0;0.0;34.0;0.0;0.0;10.6;31.2;24.0;0.0;0.0;0.0;0.0;8.8;1.8;0.0;0.0;0.0;0.0;9.0;0.0;0.0;15.2;0.0;40.2;7.2;24.2;3.2;0.0;12.2;0.0
Itarema;FZ. AGUAPE;-3.0035;-39.789666666667;2012;4;223.4;0.0;19.2;0.0;0.0;0.0;0.0;0.0;0.0;0.0;3.8;0.0;0.0;0.0;0.0;35.4;9.8;8.0;0.0;54.6;49.6;27.4;3.6;12.0;0.0;0.0;0.0;0.0;0.0;0.0;0.0;888.0
Itarema;FZ. AGUAPE;-3.0035;-39.789666666667;2012;5;50.0;0.0;0.0;0.0;0.0;0.0;0.0;0.0;0.0;14.0;0.0;0.0;0.0;0.0;9.2;0.0;0.0;0.0;0.0;6.4;0.0;0.0;17.0;3.4;0.0;0.0;0.0;0.0;0.0;0.0;0.0;0.0
Itarema;FZ. AGUAPE;-3.0035;-39.789666666667;2012;6;14.0;0.0;0.0;0.0;0.0;0.0;0.0;4.4;0.0;0.0;0.0;0.0;0.0;0.0;0.0;0.0;0.0;0.0;0.0;0.0;0.0;0.0;9.6;0.0;0.0;0.0;0.0;0.0;0.0;0.0;0.0;888.0
Itarema;FZ. AGUAPE;-3.0035;-39.789666666667;2012;7;8.4;0.0;0.0;0.0;0.0;0.0;0.0;0.0;0.0;0.0;0.0;0.0;0.0;0.0;0.0;0.0;0.0;0.0;0.0;0.0;8.4;0.0;0.0;0.0;0.0;0.0;0.0;0.0;0.0;0.0;0.0;0.0
Itarema;FZ. AGUAPE;-3.0035;-39.789666666667;2012;8;0.0;0.0;0.0;0.0;0.0;0.0;0.0;0.0;0.0;0.0;0.0;0.0;0.0;0.0;0.0;0.0;0.0;0.0;0.0;0.0;0.0;0.0;0.0;0.0;0.0;0.0;0.0;0.0;0.0;0.0;0.0;0.0
Itarema;FZ. AGUAPE;-3.0035;-39.789666666667;2012;9;0.0;0.0;0.0;0.0;0.0;0.0;0.0;0.0;0.0;0.0;0.0;0.0;0.0;0.0;0.0;0.0;0.0;0.0;0.0;0.0;0.0;0.0;0.0;0.0;0.0;0.0;0.0;0.0;0.0;0.0;0.0;888.0
Itarema;FZ. AGUAPE;-3.0035;-39.789666666667;2012;10;0.0;0.0;0.0;0.0;0.0;0.0;0.0;0.0;0.0;0.0;0.0;0.0;0.0;0.0;0.0;0.0;0.0;0.0;0.0;0.0;0.0;0.0;0.0;0.0;0.0;0.0;0.0;0.0;0.0;0.0;0.0;0.0
Itarema;FZ. AGUAPE;-3.0035;-39.789666666667;2012;11;0.0;0.0;0.0;0.0;0.0;0.0;0.0;0.0;0.0;0.0;0.0;0.0;0.0;0.0;0.0;0.0;0.0;0.0;0.0;0.0;0.0;0.0;0.0;0.0;0.0;0.0;0.0;0.0;0.0;0.0;0.0;888.0
Itarema;FZ. AGUAPE;-3.0035;-39.789666666667;2012;12;5.6;0.0;0.0;0.0;0.0;0.0;0.0;0.0;0.0;0.0;0.0;0.0;0.0;0.0;0.0;0.0;0.0;0.0;0.0;0.0;0.0;0.0;0.0;0.0;0.0;5.6;0.0;0.0;0.0;0.0;0.0;0.0
Itarema;FZ. AGUAPE;-3.0035;-39.789666666667;2013;1;47.0;0.0;0.0;6.3;0.0;0.0;0.0;0.0;0.0;0.0;0.0;0.0;0.0;0.0;0.0;0.0;0.0;0.0;0.0;22.7;0.0;18.0;0.0;0.0;0.0;0.0;0.0;0.0;0.0;0.0;0.0;0.0
Itarema;FZ. AGUAPE;-3.0035;-39.789666666667;2013;2;58.9;0.0;0.0;0.0;0.0;0.0;2.3;0.0;0.0;0.0;0.0;0.0;5.4;10.8;8.7;3.2;14.0;0.0;8.1;1.8;2.0;0.0;0.0;0.0;0.0;0.0;2.6;0.0;0.0;888.0;888.0;888.0
Itarema;FZ. AGUAPE;-3.0035;-39.789666666667;2013;3;98.2;0.0;0.0;0.0;0.0;0.0;0.0;0.0;0.0;0.0;0.0;0.0;0.0;0.0;2.5;0.0;0.0;8.6;0.0;4.3;0.0;0.7;0.0;0.0;0.0;5.0;0.0;5.3;0.0;17.2;0.0;54.6
Itarema;FZ. AGUAPE;-3.0035;-39.789666666667;2013;4;193.4;0.0;0.0;0.0;0.0;4.0;0.0;0.0;2.1;0.0;0.0;0.0;0.0;0.0;0.0;1.7;0.0;4.5;33.5;60.5;0.0;0.0;0.0;0.0;14.5;5.5;0.0;6.7;10.0;50.0;0.4;888.0
Itarema;FZ. AGUAPE;-3.0035;-39.789666666667;2013;5;263.3;0.0;0.0;0.0;0.0;0.0;0.0;0.0;0.0;0.0;0.0;0.0;0.0;1.5;37.8;0.0;0.0;0.0;156.6;7.5;8.4;2.6;0.0;12.5;0.0;36.4;0.0;0.0;0.0;0.0;0.0;0.0
Itarema;FZ. AGUAPE;-3.0035;-39.789666666667;2013;6;51.3;0.0;0.0;0.0;14.8;0.0;0.0;0.0;0.0;0.0;23.4;0.0;0.0;0.0;0.0;0.0;1.0;0.0;0.0;0.0;7.0;2.0;0.0;0.0;3.1;0.0;0.0;0.0;0.0;0.0;0.0;888.0
Itarema;FZ. AGUAPE;-3.0035;-39.789666666667;2013;7;14.2;0.0;0.0;0.0;0.0;0.0;0.0;0.0;0.0;0.0;0.0;4.6;0.0;0.0;0.0;0.0;0.0;0.0;9.6;0.0;0.0;0.0;0.0;0.0;0.0;0.0;0.0;0.0;0.0;0.0;0.0;0.0
Itarema;FZ. AGUAPE;-3.0035;-39.789666666667;2013;8;0.0;0.0;0.0;0.0;0.0;0.0;0.0;0.0;0.0;0.0;0.0;0.0;0.0;0.0;0.0;0.0;0.0;0.0;0.0;0.0;0.0;0.0;0.0;0.0;0.0;0.0;0.0;0.0;0.0;0.0;0.0;0.0
Itarema;FZ. AGUAPE;-3.0035;-39.789666666667;2013;9;0.0;0.0;0.0;0.0;0.0;0.0;0.0;0.0;0.0;0.0;0.0;0.0;0.0;0.0;0.0;0.0;0.0;0.0;0.0;0.0;0.0;0.0;0.0;0.0;0.0;0.0;0.0;0.0;0.0;0.0;0.0;888.0
Itarema;FZ. AGUAPE;-3.0035;-39.789666666667;2013;10;0.0;0.0;0.0;0.0;0.0;0.0;0.0;0.0;0.0;0.0;0.0;0.0;0.0;0.0;0.0;0.0;0.0;0.0;0.0;0.0;0.0;0.0;0.0;0.0;0.0;0.0;0.0;0.0;0.0;0.0;0.0;0.0
Itarema;FZ. AGUAPE;-3.0035;-39.789666666667;2013;11;0.0;0.0;0.0;0.0;0.0;0.0;0.0;0.0;0.0;0.0;0.0;0.0;0.0;0.0;0.0;0.0;0.0;0.0;0.0;0.0;0.0;0.0;0.0;0.0;0.0;0.0;0.0;0.0;0.0;0.0;0.0;888.0
Itarema;FZ. AGUAPE;-3.0035;-39.789666666667;2013;12;0.0;0.0;0.0;0.0;0.0;0.0;0.0;0.0;0.0;0.0;0.0;0.0;0.0;0.0;0.0;0.0;0.0;0.0;0.0;0.0;0.0;0.0;0.0;0.0;0.0;0.0;0.0;0.0;0.0;0.0;0.0;0.0
Itarema;FZ. AGUAPE;-3.0035;-39.789666666667;2014;1;83.4;0.0;0.0;8.6;0.0;0.0;34.7;17.8;0.0;4.2;5.1;0.0;0.0;0.0;0.0;0.0;0.0;0.0;0.0;0.0;0.0;0.0;0.0;0.0;0.0;0.0;13.0;0.0;0.0;0.0;0.0;0.0
Itarema;FZ. AGUAPE;-3.0035;-39.789666666667;2014;2;93.4;0.0;0.0;0.0;0.0;0.0;0.0;0.0;0.0;0.0;0.0;0.0;0.0;0.0;34.0;7.0;40.5;7.9;0.0;4.0;0.0;0.0;0.0;0.0;0.0;0.0;0.0;0.0;0.0;888.0;888.0;888.0
Itarema;FZ. AGUAPE;-3.0035;-39.789666666667;2014;3;93.0;0.0;0.0;0.0;0.0;0.0;0.0;0.0;0.0;0.0;8.0;0.0;31.0;1.0;0.0;0.0;7.8;2.0;3.2;0.0;0.7;0.0;2.6;0.0;0.0;0.0;0.0;0.0;0.0;0.0;31.0;5.7
Itarema;FZ. AGUAPE;-3.0035;-39.789666666667;2014;4;274.6;75.0;7.5;11.8;0.0;0.0;0.0;20.6;26.8;11.9;20.1;0.0;5.0;0.0;0.0;0.0;0.0;0.0;0.0;0.0;45.5;0.0;4.2;13.6;0.0;0.0;0.0;26.8;5.8;0.0;0.0;888.0
Itarema;FZ. AGUAPE;-3.0035;-39.789666666667;2014;5;42.6;0.0;0.0;0.0;0.0;0.0;0.0;2.6;0.0;0.0;0.0;2.0;8.2;0.0;3.2;0.0;0.0;0.0;0.0;0.0;0.0;0.0;0.0;25.6;0.0;0.0;0.0;0.0;1.0;0.0;0.0;0.0
Itarema;FZ. AGUAPE;-3.0035;-39.789666666667;2014;6;6.8;0.0;0.0;0.0;0.0;0.0;1.8;0.0;0.0;0.0;0.0;5.0;0.0;0.0;0.0;0.0;0.0;0.0;0.0;0.0;0.0;0.0;0.0;0.0;0.0;0.0;0.0;0.0;0.0;0.0;0.0;888.0
Itarema;FZ. AGUAPE;-3.0035;-39.789666666667;2014;7;0.0;0.0;0.0;0.0;0.0;0.0;0.0;0.0;0.0;0.0;0.0;0.0;0.0;0.0;0.0;0.0;0.0;0.0;0.0;0.0;0.0;0.0;0.0;0.0;0.0;0.0;0.0;0.0;0.0;0.0;0.0;0.0
Itarema;FZ. AGUAPE;-3.0035;-39.789666666667;2014;8;0.0;0.0;0.0;0.0;0.0;0.0;0.0;0.0;0.0;0.0;0.0;0.0;0.0;0.0;0.0;0.0;0.0;0.0;0.0;0.0;0.0;0.0;0.0;0.0;0.0;0.0;0.0;0.0;0.0;0.0;0.0;0.0
Itarema;FZ. AGUAPE;-3.0035;-39.789666666667;2014;9;0.0;0.0;0.0;0.0;0.0;0.0;0.0;0.0;0.0;0.0;0.0;0.0;0.0;0.0;0.0;0.0;0.0;0.0;0.0;0.0;0.0;0.0;0.0;0.0;0.0;0.0;0.0;0.0;0.0;0.0;0.0;888.0
Itarema;FZ. AGUAPE;-3.0035;-39.789666666667;2014;10;0.0;0.0;0.0;0.0;0.0;0.0;0.0;0.0;0.0;0.0;0.0;0.0;0.0;0.0;0.0;0.0;0.0;0.0;0.0;0.0;0.0;0.0;0.0;0.0;0.0;0.0;0.0;0.0;0.0;0.0;0.0;0.0
Itarema;FZ. AGUAPE;-3.0035;-39.789666666667;2014;11;0.0;0.0;0.0;0.0;0.0;0.0;0.0;0.0;0.0;0.0;0.0;0.0;0.0;0.0;0.0;0.0;0.0;0.0;0.0;0.0;0.0;0.0;0.0;0.0;0.0;0.0;0.0;0.0;0.0;0.0;0.0;888.0
Itarema;FZ. AGUAPE;-3.0035;-39.789666666667;2014;12;0.0;0.0;0.0;0.0;0.0;0.0;0.0;0.0;0.0;0.0;0.0;0.0;0.0;0.0;0.0;0.0;0.0;0.0;0.0;0.0;0.0;0.0;0.0;0.0;0.0;0.0;0.0;0.0;0.0;0.0;0.0;0.0
Itarema;FZ. AGUAPE;-3.0035;-39.789666666667;2015;1;0.0;0.0;0.0;0.0;0.0;0.0;0.0;0.0;0.0;0.0;0.0;0.0;0.0;0.0;0.0;0.0;0.0;0.0;0.0;0.0;0.0;0.0;0.0;0.0;0.0;0.0;0.0;0.0;0.0;0.0;0.0;0.0
Itarema;FZ. AGUAPE;-3.0035;-39.789666666667;2015;2;61.1;0.0;0.0;0.0;0.0;0.0;0.0;0.0;0.0;0.0;0.0;0.0;0.0;0.0;0.0;0.0;2.0;0.0;11.0;12.0;0.0;0.0;12.5;12.6;2.0;4.0;0.0;0.0;5.0;888.0;888.0;888.0
Itarema;FZ. AGUAPE;-3.0035;-39.789666666667;2015;3;218.8;6.0;0.0;27.7;0.0;15.0;0.0;18.9;10.3;2.5;0.0;12.8;0.0;0.0;0.0;0.0;0.0;0.0;0.0;0.0;0.0;17.4;25.6;48.0;0.0;0.0;0.0;0.0;5.6;0.0;29.0;0.0
Itarema;FZ. AGUAPE;-3.0035;-39.789666666667;2015;4;304.0;4.6;0.0;15.7;25.3;0.0;0.0;0.0;26.8;17.3;0.0;35.9;40.9;31.2;16.1;0.0;0.0;0.0;8.2;16.0;0.0;3.1;21.2;3.4;15.1;8.2;0.0;0.0;15.0;0.0;0.0;888.0
Itarema;FZ. AGUAPE;-3.0035;-39.789666666667;2015;5;72.7;0.0;0.0;27.0;8.5;0.0;0.0;9.0;0.0;3.5;2.3;0.0;0.0;0.0;0.0;0.0;0.0;0.0;0.0;0.0;0.0;0.0;0.0;9.6;0.0;0.0;5.0;0.0;7.8;0.0;0.0;0.0
Itarema;FZ. AGUAPE;-3.0035;-39.789666666667;2015;6;61.6;0.0;0.0;10.9;50.7;0.0;0.0;0.0;0.0;0.0;0.0;0.0;0.0;0.0;0.0;0.0;0.0;0.0;0.0;0.0;0.0;0.0;0.0;0.0;0.0;0.0;0.0;0.0;0.0;0.0;0.0;888.0
Itarema;FZ. AGUAPE;-3.0035;-39.789666666667;2015;7;43.8;0.0;0.0;0.0;26.0;17.8;0.0;0.0;0.0;0.0;0.0;0.0;0.0;0.0;0.0;0.0;0.0;0.0;0.0;0.0;0.0;0.0;0.0;0.0;0.0;0.0;0.0;0.0;0.0;0.0;0.0;0.0
Itarema;FZ. AGUAPE;-3.0035;-39.789666666667;2015;8;0.0;0.0;0.0;0.0;0.0;0.0;0.0;0.0;0.0;0.0;0.0;0.0;0.0;0.0;0.0;0.0;0.0;0.0;0.0;0.0;0.0;0.0;0.0;0.0;0.0;0.0;0.0;0.0;0.0;0.0;0.0;0.0
Itarema;FZ. AGUAPE;-3.0035;-39.789666666667;2015;9;0.0;0.0;0.0;0.0;0.0;0.0;0.0;0.0;0.0;0.0;0.0;0.0;0.0;0.0;0.0;0.0;0.0;0.0;0.0;0.0;0.0;0.0;0.0;0.0;0.0;0.0;0.0;0.0;0.0;0.0;0.0;888.0
Itarema;FZ. AGUAPE;-3.0035;-39.789666666667;2015;10;0.0;0.0;0.0;0.0;0.0;0.0;0.0;0.0;0.0;0.0;0.0;0.0;0.0;0.0;0.0;0.0;0.0;0.0;0.0;0.0;0.0;0.0;0.0;0.0;0.0;0.0;0.0;0.0;0.0;0.0;0.0;0.0
Itarema;FZ. AGUAPE;-3.0035;-39.789666666667;2015;11;0.0;0.0;0.0;0.0;0.0;0.0;0.0;0.0;0.0;0.0;0.0;0.0;0.0;0.0;0.0;0.0;0.0;0.0;0.0;0.0;0.0;0.0;0.0;0.0;0.0;0.0;0.0;0.0;0.0;0.0;0.0;888.0
Itarema;FZ. AGUAPE;-3.0035;-39.789666666667;2015;12;0.0;0.0;0.0;0.0;0.0;0.0;0.0;0.0;0.0;0.0;0.0;0.0;0.0;0.0;0.0;0.0;0.0;0.0;0.0;0.0;0.0;0.0;0.0;0.0;0.0;0.0;0.0;0.0;0.0;0.0;0.0;0.0
Itarema;FZ. AGUAPE;-3.0035;-39.789666666667;2016;5;0.0;999.0;999.0;999.0;999.0;999.0;999.0;999.0;999.0;999.0;999.0;999.0;999.0;999.0;999.0;999.0;999.0;999.0;999.0;999.0;999.0;999.0;999.0;999.0;999.0;999.0;999.0;999.0;999.0;999.0;999.0;999.0
Itarema;FZ. AGUAPE;-3.0035;-39.789666666667;2017;1;116.7;0.0;0.0;0.0;0.0;0.0;0.0;0.0;0.0;0.0;0.0;34.6;0.0;0.0;0.0;0.0;0.0;3.1;17.0;17.0;6.0;14.0;0.0;4.0;0.0;0.0;0.0;0.0;0.0;0.0;3.0;18.0
Itarema;FZ. AGUAPE;-3.0035;-39.789666666667;2017;2;176.4;0.0;0.0;0.0;0.0;0.0;0.0;0.0;0.0;0.0;0.0;97.0;9.0;0.0;18.0;0.0;0.0;0.0;0.0;12.0;27.0;0.0;0.0;0.0;0.0;0.0;0.0;6.4;7.0;888.0;888.0;888.0
Itarema;FZ. AGUAPE;-3.0035;-39.789666666667;2017;3;96.3;12.0;5.5;0.0;0.0;0.0;0.0;0.0;0.0;0.0;10.0;0.0;0.0;0.0;4.9;0.0;0.0;0.0;0.0;0.0;0.0;10.9;12.0;14.0;0.0;15.0;0.0;9.0;0.0;0.0;3.0;0.0
Itarema;FZ. AGUAPE;-3.0035;-39.789666666667;2017;4;356.5;20.3;72.0;0.0;3.1;22.0;81.2;0.0;0.0;0.0;26.5;62.8;39.0;0.0;29.6;0.0;0.0;0.0;0.0;0.0;0.0;0.0;0.0;0.0;0.0;0.0;0.0;0.0;0.0;0.0;0.0;888.0
Itarema;FZ. AGUAPE;-3.0035;-39.789666666667;2017;5;151.7;0.0;43.0;0.0;20.3;8.7;0.0;0.0;0.0;47.0;3.1;0.0;0.0;0.0;0.0;0.0;0.0;0.0;0.0;0.0;0.0;0.0;0.0;0.0;0.0;0.0;0.0;0.0;19.0;0.0;10.6;0.0
Itarema;FZ. AGUAPE;-3.0035;-39.789666666667;2017;6;20.5;0.0;0.0;0.0;0.0;0.0;0.0;0.0;9.8;0.0;0.0;0.0;0.0;0.0;0.0;0.0;0.0;0.0;0.0;2.9;0.0;0.0;0.0;0.0;0.0;0.0;0.0;7.8;0.0;0.0;0.0;888.0
Itarema;FZ. AGUAPE;-3.0035;-39.789666666667;2017;7;13.3;0.0;0.0;0.0;0.0;0.0;8.0;0.0;0.0;0.0;0.0;0.0;0.0;0.0;0.0;0.0;0.0;0.0;0.0;0.0;0.0;0.0;5.3;0.0;0.0;0.0;0.0;0.0;0.0;0.0;0.0;0.0
Itarema;FZ. AGUAPE;-3.0035;-39.789666666667;2017;8;0.0;0.0;0.0;0.0;0.0;0.0;0.0;0.0;0.0;0.0;0.0;0.0;0.0;0.0;0.0;0.0;0.0;0.0;0.0;0.0;0.0;0.0;0.0;0.0;0.0;0.0;0.0;0.0;0.0;0.0;0.0;0.0
Itarema;FZ. AGUAPE;-3.0035;-39.789666666667;2017;9;0.0;0.0;0.0;0.0;0.0;0.0;0.0;0.0;0.0;0.0;0.0;0.0;0.0;0.0;0.0;0.0;0.0;0.0;0.0;0.0;0.0;0.0;0.0;0.0;0.0;0.0;0.0;0.0;0.0;0.0;0.0;888.0
Itarema;FZ. AGUAPE;-3.0035;-39.789666666667;2017;10;0.0;0.0;0.0;0.0;0.0;0.0;0.0;0.0;0.0;0.0;0.0;0.0;0.0;0.0;0.0;0.0;0.0;0.0;0.0;0.0;0.0;0.0;0.0;0.0;0.0;0.0;0.0;0.0;0.0;0.0;0.0;0.0
Itarema;FZ. AGUAPE;-3.0035;-39.789666666667;2017;11;0.0;0.0;0.0;0.0;0.0;0.0;0.0;0.0;0.0;0.0;0.0;0.0;0.0;0.0;0.0;0.0;0.0;0.0;0.0;0.0;0.0;0.0;0.0;0.0;0.0;0.0;0.0;0.0;0.0;0.0;0.0;888.0
Itarema;FZ. AGUAPE;-3.0035;-39.789666666667;2017;12;0.0;0.0;0.0;0.0;0.0;0.0;0.0;0.0;0.0;0.0;0.0;0.0;0.0;0.0;0.0;0.0;0.0;0.0;0.0;0.0;0.0;0.0;0.0;0.0;0.0;0.0;0.0;0.0;0.0;0.0;0.0;0.0
Itarema;FZ. AGUAPE;-3.0035;-39.789666666667;2018;1;29.2;0.0;0.0;0.0;0.0;0.0;0.0;0.0;0.0;0.0;0.0;0.0;0.0;0.0;0.0;0.0;0.0;0.0;0.0;0.0;0.0;0.0;0.0;0.0;16.4;12.8;0.0;0.0;0.0;0.0;0.0;0.0
Itarema;FZ. AGUAPE;-3.0035;-39.789666666667;2018;2;175.0;0.0;0.0;0.0;0.0;0.0;41.2;0.0;16.0;0.0;0.0;0.0;21.0;11.2;7.0;44.0;0.0;7.2;0.0;7.0;4.0;0.0;5.0;8.4;0.0;0.0;0.0;0.0;3.0;888.0;888.0;888.0
Itarema;FZ. AGUAPE;-3.0035;-39.789666666667;2018;3;116.9;4.4;22.0;0.0;0.0;0.0;0.0;1.0;6.4;6.4;0.0;0.0;2.6;0.0;9.0;0.0;0.0;0.0;0.0;0.0;6.4;0.0;0.0;6.0;0.0;0.0;0.0;6.0;24.2;21.2;1.3;0.0
Itarema;FZ. AGUAPE;-3.0035;-39.789666666667;2018;4;353.0;8.1;16.8;24.2;0.0;10.0;0.0;0.0;0.0;24.0;20.0;13.4;164.4;2.0;2.2;0.0;0.0;24.2;8.8;0.0;0.0;0.0;0.0;0.0;0.0;0.0;15.6;0.0;11.3;0.0;8.0;888.0
Itarema;FZ. AGUAPE;-3.0035;-39.789666666667;2018;5;105.4;0.0;0.0;0.0;0.0;0.0;19.0;1.6;0.0;9.0;22.6;0.0;12.4;0.0;0.0;0.0;0.0;0.0;0.0;0.0;0.0;0.0;0.0;40.8;0.0;0.0;0.0;0.0;0.0;0.0;0.0;0.0
Itarema;FZ. AGUAPE;-3.0035;-39.789666666667;2018;6;57.0;0.0;0.0;0.0;0.0;0.0;13.5;13.5;0.0;0.0;0.0;0.0;0.0;0.0;0.0;0.0;0.0;0.0;8.6;21.4;0.0;0.0;0.0;0.0;0.0;0.0;0.0;0.0;0.0;0.0;0.0;888.0
Itarema;FZ. AGUAPE;-3.0035;-39.789666666667;2018;7;43.4;0.0;0.0;0.0;0.0;0.0;0.0;0.0;0.0;43.4;0.0;0.0;0.0;0.0;0.0;0.0;0.0;0.0;0.0;0.0;0.0;0.0;0.0;0.0;0.0;0.0;0.0;0.0;0.0;0.0;0.0;0.0
Itarema;FZ. AGUAPE;-3.0035;-39.789666666667;2018;8;0.0;0.0;0.0;0.0;0.0;0.0;0.0;0.0;0.0;0.0;0.0;0.0;0.0;0.0;0.0;0.0;0.0;0.0;0.0;0.0;0.0;0.0;0.0;0.0;0.0;0.0;0.0;0.0;0.0;0.0;0.0;0.0
Itarema;FZ. AGUAPE;-3.0035;-39.789666666667;2018;9;0.0;0.0;0.0;0.0;0.0;0.0;0.0;0.0;0.0;0.0;0.0;0.0;0.0;0.0;0.0;0.0;0.0;0.0;0.0;0.0;0.0;0.0;0.0;0.0;0.0;0.0;0.0;0.0;0.0;0.0;0.0;888.0
Itarema;FZ. AGUAPE;-3.0035;-39.789666666667;2018;10;0.0;0.0;0.0;0.0;0.0;0.0;0.0;0.0;0.0;0.0;0.0;0.0;0.0;0.0;0.0;0.0;0.0;0.0;0.0;0.0;0.0;0.0;0.0;0.0;0.0;0.0;0.0;0.0;0.0;0.0;0.0;0.0
Itarema;FZ. AGUAPE;-3.0035;-39.789666666667;2018;11;0.0;0.0;0.0;0.0;0.0;0.0;0.0;0.0;0.0;0.0;0.0;0.0;0.0;0.0;0.0;0.0;0.0;0.0;0.0;0.0;0.0;0.0;0.0;0.0;0.0;0.0;0.0;0.0;0.0;0.0;0.0;888.0
Itarema;FZ. AGUAPE;-3.0035;-39.789666666667;2018;12;0.0;0.0;0.0;0.0;0.0;0.0;0.0;0.0;0.0;0.0;0.0;0.0;0.0;0.0;0.0;0.0;0.0;0.0;0.0;0.0;0.0;0.0;0.0;0.0;0.0;0.0;0.0;0.0;0.0;0.0;0.0;0.0
Itarema;FZ. AGUAPE;-3.0035;-39.789666666667;2019;1;193.4;0.0;0.0;0.0;0.0;0.0;0.0;0.0;0.0;0.0;43.6;0.0;11.2;8.4;16.4;21.4;4.2;12.2;0.0;25.0;11.0;9.2;0.0;0.0;5.4;0.0;12.6;0.0;0.0;0.0;0.0;12.8
Itarema;FZ. AGUAPE;-3.0035;-39.789666666667;2019;2;410.3;0.0;0.0;31.3;0.0;12.0;17.0;42.0;46.0;0.0;0.0;0.0;0.0;0.0;18.8;0.0;0.0;0.0;0.0;42.2;0.0;9.0;41.0;58.2;75.0;0.0;6.6;11.2;0.0;888.0;888.0;888.0
Itarema;FZ. AGUAPE;-3.0035;-39.789666666667;2019;3;595.2;0.0;0.0;0.0;75.0;9.4;17.2;45.0;13.5;6.2;0.0;10.0;13.2;4.0;0.0;0.0;12.0;0.0;0.0;0.0;0.0;0.0;46.6;213.2;3.3;45.4;0.0;7.2;7.6;0.0;3.4;63.0
Itarema;FZ. AGUAPE;-3.0035;-39.789666666667;2019;4;537.6;144.0;0.0;0.0;62.6;27.6;23.8;0.0;0.0;22.8;20.0;50.4;0.0;0.0;37.2;14.0;11.2;11.6;11.2;0.0;9.4;0.0;2.4;16.0;6.6;9.6;2.0;0.0;0.0;26.8;28.4;888.0
Itarema;FZ. AGUAPE;-3.0035;-39.789666666667;2019;5;182.9;11.4;2.0;0.0;0.0;0.0;15.8;0.0;2.4;8.7;26.2;0.0;0.0;0.0;0.0;3.2;0.0;0.0;0.0;19.4;37.4;3.6;22.0;3.4;10.6;1.0;0.0;5.2;0.0;0.0;10.6;0.0
Itarema;FZ. AGUAPE;-3.0035;-39.789666666667;2019;6;56.0;0.0;0.0;0.0;0.0;0.0;0.0;0.0;9.0;0.0;0.0;0.0;35.0;0.0;12.0;0.0;0.0;0.0;0.0;0.0;0.0;0.0;0.0;0.0;0.0;0.0;0.0;0.0;0.0;0.0;0.0;888.0
Itarema;FZ. AGUAPE;-3.0035;-39.789666666667;2019;7;7.0;0.0;0.0;7.0;0.0;0.0;0.0;0.0;0.0;0.0;0.0;0.0;0.0;0.0;0.0;0.0;0.0;0.0;0.0;0.0;0.0;0.0;0.0;0.0;0.0;0.0;0.0;0.0;0.0;0.0;0.0;0.0
Itarema;FZ. AGUAPE;-3.0035;-39.789666666667;2019;8;0.0;0.0;0.0;0.0;0.0;0.0;0.0;0.0;0.0;0.0;0.0;0.0;0.0;0.0;0.0;0.0;0.0;0.0;0.0;0.0;0.0;0.0;0.0;0.0;0.0;0.0;0.0;0.0;0.0;0.0;0.0;0.0
Itarema;FZ. AGUAPE;-3.0035;-39.789666666667;2019;9;0.0;0.0;0.0;0.0;0.0;0.0;0.0;0.0;0.0;0.0;0.0;0.0;0.0;0.0;0.0;0.0;0.0;0.0;0.0;0.0;0.0;0.0;0.0;0.0;0.0;0.0;0.0;0.0;0.0;0.0;0.0;888.0
Itarema;FZ. AGUAPE;-3.0035;-39.789666666667;2019;10;0.0;0.0;0.0;0.0;0.0;0.0;0.0;0.0;0.0;0.0;0.0;0.0;0.0;0.0;0.0;0.0;0.0;0.0;0.0;0.0;0.0;0.0;0.0;0.0;0.0;0.0;0.0;0.0;0.0;0.0;0.0;0.0
Itarema;FZ. AGUAPE;-3.0035;-39.789666666667;2019;11;0.0;0.0;0.0;0.0;0.0;0.0;0.0;0.0;0.0;0.0;0.0;0.0;0.0;0.0;0.0;0.0;0.0;0.0;0.0;0.0;0.0;0.0;0.0;0.0;0.0;0.0;0.0;0.0;0.0;0.0;0.0;888.0
Itarema;FZ. AGUAPE;-3.0035;-39.789666666667;2019;12;18.6;0.0;0.0;0.0;0.0;0.0;0.0;0.0;0.0;0.0;0.0;0.0;0.0;0.0;0.0;0.0;0.0;0.0;0.0;0.0;0.0;0.0;0.0;0.0;0.0;0.0;0.0;0.0;0.0;0.0;0.0;18.6
Itarema;FZ. AGUAPE;-3.0035;-39.789666666667;2020;1;225.8;0.0;0.0;3.0;0.0;0.0;0.0;0.0;29.8;0.0;8.0;36.0;0.0;0.0;11.4;16.4;13.4;0.0;12.4;10.0;12.4;3.4;0.0;0.0;0.0;0.0;0.0;19.0;29.0;0.0;0.0;21.6
Itarema;FZ. AGUAPE;-3.0035;-39.789666666667;2020;2;331.0;26.0;0.0;2.8;5.2;63.0;24.0;0.0;3.0;0.0;50.0;36.0;0.0;0.0;5.0;3.4;0.0;0.0;0.0;4.0;54.4;0.0;0.0;0.0;0.0;37.8;13.4;0.0;0.0;3.0;888.0;888.0
Itarema;FZ. AGUAPE;-3.0035;-39.789666666667;2020;3;277.7;0.0;81.6;0.0;5.8;4.2;0.0;48.3;0.0;0.0;0.0;5.4;0.0;2.0;13.2;0.0;42.0;35.0;0.0;0.0;4.6;0.0;0.0;0.0;0.0;0.0;24.6;11.0;0.0;0.0;0.0;0.0
Itarema;FZ. AGUAPE;-3.0035;-39.789666666667;2020;4;274.3;15.2;3.6;0.0;0.0;0.0;9.6;0.0;0.0;0.0;0.0;0.0;0.0;32.3;7.6;0.0;0.0;12.6;0.0;0.0;0.0;0.0;8.0;138.6;0.0;0.0;0.0;0.0;31.8;0.0;15.0;888.0
Itarema;FZ. AGUAPE;-3.0035;-39.789666666667;2020;5;101.0;0.0;0.0;0.0;0.0;15.2;0.0;0.0;0.0;0.0;0.0;0.0;12.0;0.0;0.0;0.0;36.2;0.0;0.0;0.0;0.0;15.0;0.0;0.0;22.6;0.0;0.0;0.0;0.0;0.0;0.0;0.0
Itarema;FZ. AGUAPE;-3.0035;-39.789666666667;2020;6;89.0;0.0;0.0;0.0;19.0;0.0;0.0;0.0;0.0;0.0;0.0;0.0;0.0;0.0;27.0;0.0;0.0;43.0;0.0;0.0;0.0;0.0;0.0;0.0;0.0;0.0;0.0;0.0;0.0;0.0;0.0;888.0
Itarema;FZ. AGUAPE;-3.0035;-39.789666666667;2020;7;4.0;0.0;0.0;0.0;0.0;0.0;4.0;0.0;0.0;0.0;0.0;0.0;0.0;0.0;0.0;0.0;0.0;0.0;0.0;0.0;0.0;0.0;0.0;0.0;0.0;0.0;0.0;0.0;0.0;0.0;0.0;0.0
Itarema;FZ. AGUAPE;-3.0035;-39.789666666667;2020;8;0.0;0.0;0.0;0.0;0.0;0.0;0.0;0.0;0.0;0.0;0.0;0.0;0.0;0.0;0.0;0.0;0.0;0.0;0.0;0.0;0.0;0.0;0.0;0.0;0.0;0.0;0.0;0.0;0.0;0.0;0.0;0.0
Itarema;FZ. AGUAPE;-3.0035;-39.789666666667;2020;9;0.0;0.0;0.0;0.0;0.0;0.0;0.0;0.0;0.0;0.0;0.0;0.0;0.0;0.0;0.0;0.0;0.0;0.0;0.0;0.0;0.0;0.0;0.0;0.0;0.0;0.0;0.0;0.0;0.0;0.0;0.0;888.0
Itarema;FZ. AGUAPE;-3.0035;-39.789666666667;2020;10;0.0;0.0;0.0;0.0;0.0;0.0;0.0;0.0;0.0;0.0;0.0;0.0;0.0;0.0;0.0;0.0;0.0;0.0;0.0;0.0;0.0;0.0;0.0;0.0;0.0;0.0;0.0;0.0;0.0;0.0;0.0;0.0
Itarema;FZ. AGUAPE;-3.0035;-39.789666666667;2020;11;20.7;0.0;0.0;0.0;0.0;16.6;0.0;0.0;0.0;0.0;0.0;4.1;0.0;0.0;0.0;0.0;0.0;0.0;0.0;0.0;0.0;0.0;0.0;0.0;0.0;0.0;0.0;0.0;0.0;0.0;0.0;888.0
Itarema;FZ. AGUAPE;-3.0035;-39.789666666667;2020;12;0.0;0.0;0.0;0.0;0.0;0.0;0.0;0.0;0.0;0.0;0.0;0.0;0.0;0.0;0.0;0.0;0.0;0.0;0.0;0.0;0.0;0.0;0.0;0.0;0.0;0.0;0.0;0.0;0.0;0.0;0.0;0.0
Itarema;FZ. AGUAPE;-3.0035;-39.789666666667;2021;1;42.4;0.0;0.0;0.0;0.0;0.0;0.0;0.0;0.0;0.0;0.0;0.0;0.0;0.0;18.0;0.0;0.0;0.0;0.0;13.6;3.8;0.0;0.0;0.0;6.0;0.0;1.0;0.0;0.0;0.0;0.0;0.0
Itarema;FZ. AGUAPE;-3.0035;-39.789666666667;2021;2;64.4;0.0;0.0;0.0;0.0;0.0;0.0;0.0;0.0;0.0;0.0;6.8;0.0;9.6;0.0;0.0;48.0;0.0;0.0;0.0;0.0;0.0;0.0;0.0;0.0;0.0;0.0;0.0;0.0;888.0;888.0;888.0
Itarema;FZ. AGUAPE;-3.0035;-39.789666666667;2021;3;214.4;28.2;6.2;5.2;41.6;7.8;0.0;0.0;25.2;0.0;16.0;0.0;0.0;0.0;0.0;0.0;0.4;8.5;1.0;0.0;0.0;0.0;0.0;14.6;17.8;39.4;0.0;0.0;0.0;0.0;1.5;1.0
Itarema;FZ. AGUAPE;-3.0035;-39.789666666667;2021;4;125.9;2.5;0.0;0.0;0.0;3.0;0.0;0.0;0.0;0.0;0.0;0.0;5.4;10.2;6.6;3.2;0.0;0.0;0.0;22.0;17.0;0.0;37.0;16.0;0.0;0.0;3.0;0.0;0.0;0.0;0.0;888.0
Itarema;FZ. AGUAPE;-3.0035;-39.789666666667;2021;5;129.4;0.0;0.0;0.0;45.0;0.0;0.0;2.2;0.0;0.0;0.0;0.0;0.0;13.2;9.0;60.0;0.0;0.0;0.0;0.0;0.0;0.0;0.0;0.0;0.0;0.0;0.0;0.0;0.0;0.0;0.0;0.0
Itarema;FZ. AGUAPE;-3.0035;-39.789666666667;2021;6;73.4;0.0;0.0;0.0;0.0;0.0;0.0;0.0;0.0;0.0;0.0;0.0;0.0;0.0;0.0;0.0;0.0;0.0;73.4;0.0;0.0;0.0;0.0;0.0;0.0;0.0;0.0;0.0;0.0;0.0;0.0;888.0
Itarema;FZ. AGUAPE;-3.0035;-39.789666666667;2021;7;2.4;0.0;2.4;0.0;0.0;0.0;0.0;0.0;0.0;0.0;0.0;0.0;0.0;0.0;0.0;0.0;0.0;0.0;0.0;0.0;0.0;0.0;0.0;0.0;0.0;0.0;0.0;0.0;0.0;0.0;0.0;0.0
Itarema;FZ. AGUAPE;-3.0035;-39.789666666667;2021;8;0.0;0.0;0.0;0.0;0.0;0.0;0.0;0.0;0.0;0.0;0.0;0.0;0.0;0.0;0.0;0.0;0.0;0.0;0.0;0.0;0.0;0.0;0.0;0.0;0.0;0.0;0.0;0.0;0.0;0.0;0.0;0.0
Itarema;FZ. AGUAPE;-3.0035;-39.789666666667;2021;9;0.0;0.0;0.0;0.0;0.0;0.0;0.0;0.0;0.0;0.0;0.0;0.0;0.0;0.0;0.0;0.0;0.0;0.0;0.0;0.0;0.0;0.0;0.0;0.0;0.0;0.0;0.0;0.0;0.0;0.0;0.0;888.0
Itarema;FZ. AGUAPE;-3.0035;-39.789666666667;2021;10;0.0;0.0;0.0;0.0;0.0;0.0;0.0;0.0;0.0;0.0;0.0;0.0;0.0;0.0;0.0;0.0;0.0;0.0;0.0;0.0;0.0;0.0;0.0;0.0;0.0;0.0;0.0;0.0;0.0;0.0;0.0;0.0
Itarema;FZ. AGUAPE;-3.0035;-39.789666666667;2021;11;39.2;0.0;0.0;0.0;0.0;0.0;0.0;0.0;0.0;0.0;0.0;0.0;0.0;10.2;0.0;0.0;29.0;0.0;0.0;0.0;0.0;0.0;0.0;0.0;0.0;0.0;0.0;0.0;0.0;0.0;0.0;888.0
Itarema;FZ. AGUAPE;-3.0035;-39.789666666667;2021;12;0.0;0.0;0.0;0.0;0.0;0.0;0.0;0.0;0.0;0.0;0.0;0.0;0.0;0.0;0.0;0.0;0.0;0.0;0.0;0.0;0.0;0.0;0.0;0.0;0.0;0.0;0.0;0.0;0.0;0.0;0.0;0.0
Itarema;FZ. AGUAPE;-3.0035;-39.789666666667;2022;1;159.8;11.4;50.1;0.0;3.0;0.0;24.0;0.0;0.0;0.0;0.0;0.0;3.5;0.0;0.0;0.0;0.0;11.6;0.0;0.0;0.0;8.2;0.0;0.0;0.0;0.0;3.0;37.0;8.0;0.0;0.0;0.0
Itarema;FZ. AGUAPE;-3.0035;-39.789666666667;2022;2;63.8;0.0;24.0;0.0;5.6;0.0;0.0;0.0;0.0;0.0;0.0;0.0;0.0;0.0;29.6;0.0;0.0;0.0;0.0;0.0;0.0;1.6;0.0;0.0;0.0;3.0;0.0;0.0;0.0;888.0;888.0;888.0
Itarema;FZ. AGUAPE;-3.0035;-39.789666666667;2022;3;401.4;0.0;54.6;0.0;0.0;0.0;0.0;42.0;0.0;8.2;8.8;22.8;23.8;3.2;0.8;3.2;32.4;18.6;0.0;0.0;0.0;13.6;26.6;0.0;26.8;0.0;0.0;25.4;22.2;33.8;3.4;31.2
Itarema;FZ. AGUAPE;-3.0035;-39.789666666667;2022;4;275.2;2.2;0.0;0.0;15.2;9.2;0.0;16.6;6.8;0.0;60.6;2.2;21.2;0.0;0.0;7.8;0.0;0.0;4.4;0.0;25.0;0.0;5.6;0.0;0.0;59.8;0.0;0.0;38.6;0.0;0.0;888.0
Itarema;FZ. AGUAPE;-3.0035;-39.789666666667;2022;5;111.3;0.0;4.4;9.0;0.0;8.7;7.6;0.0;0.0;12.8;6.2;4.2;23.0;4.6;15.6;0.0;0.0;0.0;0.0;0.0;0.0;0.0;4.6;0.0;0.0;10.6;0.0;0.0;0.0;0.0;0.0;0.0
Itarema;FZ. AGUAPE;-3.0035;-39.789666666667;2022;6;14.4;0.0;14.4;0.0;0.0;0.0;0.0;0.0;0.0;0.0;0.0;0.0;0.0;0.0;0.0;0.0;0.0;0.0;0.0;0.0;0.0;0.0;0.0;0.0;0.0;0.0;0.0;0.0;0.0;0.0;0.0;888.0
Itarema;FZ. AGUAPE;-3.0035;-39.789666666667;2022;7;0.0;0.0;0.0;0.0;0.0;0.0;0.0;0.0;0.0;0.0;0.0;0.0;0.0;0.0;0.0;0.0;0.0;0.0;0.0;0.0;0.0;0.0;0.0;0.0;0.0;0.0;0.0;0.0;0.0;0.0;0.0;0.0
Itarema;FZ. AGUAPE;-3.0035;-39.789666666667;2022;8;0.0;0.0;0.0;0.0;0.0;0.0;0.0;0.0;0.0;0.0;0.0;0.0;0.0;0.0;0.0;0.0;0.0;0.0;0.0;0.0;0.0;0.0;0.0;0.0;0.0;0.0;0.0;0.0;0.0;0.0;0.0;0.0
Itarema;FZ. AGUAPE;-3.0035;-39.789666666667;2022;9;0.0;0.0;0.0;0.0;0.0;0.0;0.0;0.0;0.0;0.0;0.0;0.0;0.0;0.0;0.0;0.0;0.0;0.0;0.0;0.0;0.0;0.0;0.0;0.0;0.0;0.0;0.0;0.0;0.0;0.0;0.0;888.0
Itarema;FZ. AGUAPE;-3.0035;-39.789666666667;2022;10;0.0;0.0;0.0;0.0;0.0;0.0;0.0;0.0;0.0;0.0;0.0;0.0;0.0;0.0;0.0;0.0;0.0;0.0;0.0;0.0;0.0;0.0;0.0;0.0;0.0;0.0;0.0;0.0;0.0;0.0;0.0;0.0
Itarema;FZ. AGUAPE;-3.0035;-39.789666666667;2022;11;0.0;0.0;0.0;0.0;0.0;0.0;0.0;0.0;0.0;0.0;0.0;0.0;0.0;0.0;0.0;0.0;0.0;0.0;0.0;0.0;0.0;0.0;0.0;0.0;0.0;0.0;0.0;0.0;0.0;0.0;0.0;888.0
Itarema;FZ. AGUAPE;-3.0035;-39.789666666667;2022;12;22.0;0.0;0.0;0.0;0.0;0.0;0.0;0.0;0.0;0.0;0.0;0.0;0.0;0.0;0.0;0.0;0.0;0.0;0.0;0.0;0.0;0.0;0.0;22.0;0.0;0.0;0.0;0.0;0.0;0.0;0.0;0.0
Itarema;FZ. AGUAPE;-3.0035;-39.789666666667;2023;1;146.7;0.0;0.0;0.0;0.0;0.0;0.0;0.0;0.0;0.0;0.0;0.0;0.0;0.0;0.0;18.8;38.2;0.0;20.2;0.0;0.0;18.5;0.0;3.2;0.0;10.2;30.0;0.0;0.0;0.0;0.0;7.6
Itarema;FZ. AGUAPE;-3.0035;-39.789666666667;2023;2;237.2;0.0;16.4;0.0;9.3;0.0;0.0;37.2;1.4;0.0;0.0;10.9;0.0;4.4;18.0;18.2;0.0;11.0;0.0;0.0;0.0;0.0;26.2;51.6;27.6;5.0;0.0;0.0;0.0;888.0;888.0;888.0
Itarema;FZ. AGUAPE;-3.0035;-39.789666666667;2023;3;340.6;0.0;6.2;20.2;34.8;0.0;0.0;5.4;0.0;0.0;27.0;0.0;20.6;0.0;31.6;1.2;0.0;53.8;0.0;0.0;101.4;0.0;0.0;0.0;8.2;0.0;0.0;20.0;2.4;0.0;7.8;0.0
Itarema;FZ. AGUAPE;-3.0035;-39.789666666667;2023;4;135.2;0.0;0.0;0.0;0.0;0.0;0.0;0.0;0.0;0.0;0.0;12.0;0.0;0.0;25.2;2.2;0.0;8.4;0.0;0.0;0.0;0.0;0.0;0.0;0.0;0.0;1.2;53.0;0.0;33.2;0.0;888.0
Itarema;FZ. AGUAPE;-3.0035;-39.789666666667;2023;5;131.4;41.0;22.8;0.0;0.0;9.0;0.0;0.0;0.0;0.0;0.0;0.0;0.0;0.0;5.0;1.4;14.8;0.0;0.0;0.0;0.0;0.0;7.4;0.0;20.2;0.0;0.0;4.6;0.0;0.0;0.0;5.2
Itarema;FZ. AGUAPE;-3.0035;-39.789666666667;2023;6;70.8;0.0;0.0;0.0;0.0;9.0;0.0;0.0;4.2;0.0;3.4;0.0;0.0;5.4;0.0;0.0;8.0;13.6;27.2;0.0;0.0;0.0;0.0;0.0;0.0;0.0;0.0;0.0;0.0;0.0;0.0;888.0
Itarema;FZ. AGUAPE;-3.0035;-39.789666666667;2023;7;0.0;0.0;0.0;0.0;0.0;0.0;0.0;0.0;0.0;0.0;0.0;0.0;0.0;0.0;0.0;0.0;0.0;0.0;0.0;0.0;0.0;0.0;0.0;0.0;0.0;0.0;0.0;0.0;0.0;0.0;0.0;0.0
Itarema;FZ. AGUAPE;-3.0035;-39.789666666667;2023;8;0.0;0.0;0.0;0.0;0.0;0.0;0.0;0.0;0.0;0.0;0.0;0.0;0.0;0.0;0.0;0.0;0.0;0.0;0.0;0.0;0.0;0.0;0.0;0.0;0.0;0.0;0.0;0.0;0.0;0.0;0.0;0.0
Itarema;FZ. AGUAPE;-3.0035;-39.789666666667;2023;9;0.0;0.0;0.0;0.0;0.0;0.0;0.0;0.0;0.0;0.0;0.0;0.0;0.0;0.0;0.0;0.0;0.0;0.0;0.0;0.0;0.0;0.0;0.0;0.0;0.0;0.0;0.0;0.0;0.0;0.0;0.0;888.0
Itarema;FZ. AGUAPE;-3.0035;-39.789666666667;2023;10;0.0;0.0;0.0;0.0;0.0;0.0;0.0;0.0;0.0;0.0;0.0;0.0;0.0;0.0;0.0;0.0;0.0;0.0;0.0;0.0;0.0;0.0;0.0;0.0;0.0;0.0;0.0;0.0;0.0;0.0;0.0;0.0
Itarema;FZ. AGUAPE;-3.0035;-39.789666666667;2023;11;0.0;0.0;0.0;0.0;0.0;0.0;0.0;0.0;0.0;0.0;0.0;0.0;0.0;0.0;0.0;0.0;0.0;0.0;0.0;0.0;0.0;0.0;0.0;0.0;0.0;0.0;0.0;0.0;0.0;0.0;0.0;888.0
Itarema;FZ. AGUAPE;-3.0035;-39.789666666667;2023;12;5.0;0.0;0.0;0.0;0.0;0.0;0.0;0.0;0.0;0.0;0.0;0.0;0.0;0.0;0.0;0.0;5.0;0.0;0.0;0.0;0.0;0.0;0.0;0.0;0.0;0.0;0.0;0.0;0.0;0.0;0.0;0.0
Itarema;FZ. AGUAPE;-3.0035;-39.789666666667;2024;1;8.8;0.0;0.0;0.0;0.0;0.0;0.0;0.0;0.0;0.0;0.0;0.0;0.0;7.6;0.0;1.2;0.0;0.0;0.0;0.0;0.0;0.0;0.0;0.0;0.0;0.0;0.0;0.0;0.0;0.0;0.0;0.0
Itarema;FZ. AGUAPE;-3.0035;-39.789666666667;2024;2;292.9;2.6;0.0;0.0;0.0;0.0;0.0;0.0;0.0;4.0;0.0;11.0;2.8;8.6;2.0;0.0;0.0;0.0;10.0;53.4;19.2;31.6;13.6;20.2;4.8;20.5;4.6;24.2;59.8;0.0;888.0;888.0
Itarema;FZ. AGUAPE;-3.0035;-39.789666666667;2024;3;417.6;0.0;0.0;0.0;0.0;23.4;13.6;19.2;16.2;0.0;0.0;14.4;5.2;13.2;0.0;38.4;0.0;77.0;11.2;0.0;5.2;4.4;0.0;25.4;0.0;52.4;6.8;40.0;0.4;0.0;13.2;38.0
Itarema;FZ. AGUAPE;-3.0035;-39.789666666667;2024;4;256.0;0.0;0.0;3.4;14.2;2.4;6.4;0.0;0.0;43.4;10.6;28.4;4.2;0.0;15.2;15.8;0.0;7.0;43.0;21.8;0.0;0.0;23.4;10.0;0.0;6.8;0.0;0.0;0.0;0.0;0.0;888.0
Itarema;FZ. AGUAPE;-3.0035;-39.789666666667;2024;5;188.4;4.4;7.4;3.0;0.0;0.0;6.8;0.0;0.0;0.0;0.0;0.0;0.0;56.2;0.0;19.4;7.0;44.4;0.0;0.0;0.0;0.0;0.0;0.0;16.8;0.0;0.0;0.0;0.0;0.0;23.0;0.0
Itarema;FZ. AGUAPE;-3.0035;-39.789666666667;2024;6;123.2;0.0;0.0;0.0;0.0;0.0;5.6;6.8;0.0;34.0;0.0;0.0;0.0;0.0;17.2;0.0;0.0;0.0;0.0;0.0;0.0;0.0;0.0;59.6;0.0;0.0;0.0;0.0;0.0;0.0;0.0;888.0
Itarema;FZ. AGUAPE;-3.0035;-39.789666666667;2024;7;0.0;0.0;0.0;0.0;0.0;0.0;0.0;0.0;0.0;0.0;0.0;0.0;0.0;0.0;0.0;0.0;0.0;0.0;0.0;0.0;0.0;0.0;0.0;0.0;0.0;0.0;0.0;0.0;0.0;0.0;0.0;0.0
Itarema;FZ. AGUAPE;-3.0035;-39.789666666667;2024;8;0.0;0.0;0.0;0.0;0.0;0.0;0.0;0.0;0.0;0.0;0.0;0.0;0.0;0.0;0.0;0.0;0.0;0.0;0.0;0.0;0.0;0.0;0.0;0.0;0.0;0.0;0.0;0.0;0.0;0.0;0.0;0.0
Itarema;FZ. AGUAPE;-3.0035;-39.789666666667;2024;9;0.0;0.0;0.0;0.0;0.0;0.0;0.0;0.0;0.0;0.0;0.0;0.0;0.0;0.0;0.0;0.0;0.0;0.0;0.0;0.0;0.0;0.0;0.0;0.0;0.0;0.0;0.0;0.0;0.0;0.0;0.0;888.0
Itarema;FZ. AGUAPE;-3.0035;-39.789666666667;2024;10;0.0;0.0;0.0;0.0;0.0;0.0;0.0;0.0;0.0;0.0;0.0;0.0;0.0;0.0;0.0;0.0;999.0;999.0;999.0;999.0;999.0;999.0;999.0;999.0;999.0;999.0;999.0;999.0;999.0;999.0;999.0;999.0
