Municipios;Postos;Latitude;Longitude;Anos;Meses;Total;Dia1;Dia2;Dia3;Dia4;Dia5;Dia6;Dia7;Dia8;Dia9;Dia10;Dia11;Dia12;Dia13;Dia14;Dia15;Dia16;Dia17;Dia18;Dia19;Dia20;Dia21;Dia22;Dia23;Dia24;Dia25;Dia26;Dia27;Dia28;Dia29;Dia30;Dia31
Iguatu;BARRO ALTO;-6.4483611111111;-39.385333333333;1995;2;105.2;0.0;0.0;6.3;0.0;8.2;0.0;0.0;0.0;16.0;0.0;4.0;0.0;3.3;7.2;0.0;0.0;4.2;21.0;0.0;0.0;5.0;0.0;0.0;14.0;16.0;0.0;0.0;0.0;888.0;888.0;888.0
Iguatu;BARRO ALTO;-6.4483611111111;-39.385333333333;1995;4;237.3;0.0;0.0;0.0;0.0;0.0;39.3;13.0;16.0;4.0;21.0;0.0;0.0;35.0;54.0;14.0;0.0;0.0;0.0;0.0;4.0;6.0;0.0;0.0;0.0;0.0;7.0;2.0;0.0;0.0;22.0;888.0
Iguatu;BARRO ALTO;-6.4483611111111;-39.385333333333;1995;5;250.7;5.2;6.0;0.0;0.0;0.0;72.0;21.0;5.0;15.3;0.0;4.0;0.0;0.0;6.2;0.0;0.0;0.0;0.0;0.0;0.0;0.0;0.0;66.0;10.0;0.0;0.0;27.0;0.0;13.0;0.0;0.0
Iguatu;BARRO ALTO;-6.4483611111111;-39.385333333333;1996;1;263.2;0.0;0.0;0.0;0.0;23.2;0.0;82.0;36.0;0.0;0.0;0.0;18.0;43.0;0.0;0.0;0.0;13.0;0.0;0.0;44.0;0.0;0.0;0.0;0.0;0.0;0.0;0.0;0.0;0.0;0.0;4.0
Iguatu;BARRO ALTO;-6.4483611111111;-39.385333333333;1996;2;186.8;15.0;0.0;14.0;8.0;4.0;0.0;0.0;0.0;0.0;0.0;0.0;0.0;0.0;10.0;3.4;0.0;13.0;0.0;33.2;37.2;0.0;0.0;7.0;0.0;0.0;27.0;0.0;0.0;15.0;888.0;888.0
Iguatu;BARRO ALTO;-6.4483611111111;-39.385333333333;1996;3;89.4;0.0;12.0;29.0;0.0;2.3;0.0;0.0;0.0;0.0;9.3;0.0;0.0;0.0;0.0;0.0;0.0;0.0;0.0;5.4;0.0;0.0;0.0;5.4;0.0;0.0;0.0;0.0;26.0;0.0;0.0;0.0
Iguatu;BARRO ALTO;-6.4483611111111;-39.385333333333;1996;4;302.1;0.0;0.0;64.0;42.0;4.3;0.0;47.0;17.0;10.2;0.0;0.0;0.0;0.0;0.0;32.0;11.2;0.0;7.0;0.0;2.0;23.4;0.0;0.0;7.3;8.4;0.0;9.3;0.0;0.0;17.0;888.0
Iguatu;BARRO ALTO;-6.4483611111111;-39.385333333333;1996;5;0.0;0.0;0.0;0.0;0.0;0.0;0.0;0.0;0.0;0.0;0.0;0.0;0.0;0.0;0.0;0.0;0.0;0.0;0.0;0.0;0.0;0.0;0.0;0.0;0.0;0.0;0.0;0.0;0.0;0.0;0.0;0.0
Iguatu;BARRO ALTO;-6.4483611111111;-39.385333333333;1996;6;0.0;0.0;0.0;0.0;0.0;0.0;0.0;0.0;0.0;0.0;0.0;0.0;0.0;0.0;0.0;0.0;0.0;0.0;0.0;0.0;0.0;0.0;0.0;0.0;0.0;0.0;0.0;0.0;0.0;0.0;0.0;888.0
Iguatu;BARRO ALTO;-6.4483611111111;-39.385333333333;1996;7;0.0;0.0;0.0;0.0;0.0;0.0;0.0;0.0;0.0;0.0;0.0;0.0;0.0;0.0;0.0;0.0;0.0;0.0;0.0;0.0;0.0;0.0;0.0;0.0;0.0;0.0;0.0;0.0;0.0;0.0;0.0;0.0
Iguatu;BARRO ALTO;-6.4483611111111;-39.385333333333;1996;8;0.0;0.0;0.0;0.0;0.0;0.0;0.0;0.0;0.0;0.0;0.0;0.0;0.0;0.0;0.0;0.0;0.0;0.0;0.0;0.0;0.0;0.0;0.0;0.0;0.0;0.0;0.0;0.0;0.0;0.0;0.0;0.0
Iguatu;BARRO ALTO;-6.4483611111111;-39.385333333333;1996;9;0.0;0.0;0.0;0.0;0.0;0.0;0.0;0.0;0.0;0.0;0.0;0.0;0.0;0.0;0.0;0.0;0.0;0.0;0.0;0.0;0.0;0.0;0.0;0.0;0.0;0.0;0.0;0.0;0.0;0.0;0.0;888.0
Iguatu;BARRO ALTO;-6.4483611111111;-39.385333333333;1996;10;0.0;0.0;0.0;0.0;0.0;0.0;0.0;0.0;0.0;0.0;0.0;0.0;0.0;0.0;0.0;0.0;0.0;0.0;0.0;0.0;0.0;0.0;0.0;0.0;0.0;0.0;0.0;0.0;0.0;0.0;0.0;0.0
Iguatu;BARRO ALTO;-6.4483611111111;-39.385333333333;1996;11;0.0;0.0;0.0;0.0;0.0;0.0;0.0;0.0;0.0;0.0;0.0;0.0;0.0;0.0;0.0;0.0;0.0;0.0;0.0;0.0;0.0;0.0;0.0;0.0;0.0;0.0;0.0;0.0;0.0;0.0;0.0;888.0
Iguatu;BARRO ALTO;-6.4483611111111;-39.385333333333;1996;12;0.0;0.0;0.0;0.0;0.0;0.0;0.0;0.0;0.0;0.0;0.0;0.0;0.0;0.0;0.0;0.0;0.0;0.0;0.0;0.0;0.0;0.0;0.0;0.0;0.0;0.0;0.0;0.0;0.0;0.0;0.0;0.0
Iguatu;BARRO ALTO;-6.4483611111111;-39.385333333333;1997;5;0.0;0.0;0.0;0.0;0.0;0.0;0.0;0.0;0.0;0.0;0.0;0.0;0.0;0.0;0.0;0.0;0.0;0.0;0.0;0.0;0.0;0.0;0.0;0.0;0.0;0.0;0.0;0.0;0.0;0.0;0.0;0.0
Iguatu;BARRO ALTO;-6.4483611111111;-39.385333333333;1997;11;0.0;0.0;0.0;0.0;0.0;0.0;0.0;0.0;0.0;0.0;0.0;0.0;0.0;0.0;0.0;0.0;0.0;0.0;0.0;0.0;0.0;0.0;0.0;0.0;0.0;0.0;0.0;0.0;0.0;0.0;0.0;888.0
Iguatu;BARRO ALTO;-6.4483611111111;-39.385333333333;2004;1;183.6;0.0;0.0;0.0;0.0;0.0;0.0;0.0;0.0;0.0;0.0;0.0;0.0;0.0;0.0;25.4;0.0;0.0;4.2;0.0;0.0;0.0;80.6;0.0;0.0;0.0;0.0;0.0;0.0;0.0;73.4;0.0
Iguatu;BARRO ALTO;-6.4483611111111;-39.385333333333;2004;2;143.8;0.0;0.0;0.0;0.0;0.0;0.0;0.0;0.0;0.0;0.0;0.0;21.4;26.4;0.0;0.0;0.0;0.0;62.6;0.0;0.0;0.0;0.0;0.0;0.0;0.0;33.4;0.0;0.0;0.0;888.0;888.0
Iguatu;BARRO ALTO;-6.4483611111111;-39.385333333333;2004;3;159.4;9.2;12.6;16.2;20.4;0.0;0.0;0.0;0.0;0.0;16.2;0.0;0.0;0.0;0.0;25.2;6.0;30.0;16.2;0.0;0.0;0.0;0.0;0.0;0.0;0.0;7.4;0.0;0.0;0.0;0.0;0.0
Iguatu;BARRO ALTO;-6.4483611111111;-39.385333333333;2004;4;228.0;0.0;0.0;0.0;0.0;19.4;0.0;0.0;0.0;0.0;0.0;0.0;0.0;34.2;0.0;122.4;37.4;0.0;5.0;0.0;0.0;0.0;9.6;0.0;0.0;0.0;0.0;0.0;0.0;0.0;0.0;888.0
Iguatu;BARRO ALTO;-6.4483611111111;-39.385333333333;2004;5;0.0;0.0;0.0;0.0;0.0;0.0;0.0;0.0;0.0;0.0;0.0;0.0;0.0;0.0;0.0;0.0;0.0;0.0;0.0;0.0;0.0;0.0;0.0;0.0;0.0;0.0;0.0;0.0;0.0;0.0;0.0;0.0
Iguatu;BARRO ALTO;-6.4483611111111;-39.385333333333;2004;6;0.0;0.0;0.0;0.0;0.0;0.0;0.0;0.0;0.0;0.0;0.0;0.0;0.0;0.0;0.0;0.0;0.0;0.0;0.0;0.0;0.0;0.0;0.0;0.0;0.0;0.0;0.0;0.0;0.0;0.0;0.0;888.0
Iguatu;BARRO ALTO;-6.4483611111111;-39.385333333333;2004;7;0.0;0.0;0.0;0.0;0.0;0.0;0.0;0.0;0.0;0.0;0.0;0.0;0.0;0.0;0.0;0.0;0.0;0.0;0.0;0.0;0.0;0.0;0.0;0.0;0.0;0.0;0.0;0.0;0.0;0.0;0.0;0.0
Iguatu;BARRO ALTO;-6.4483611111111;-39.385333333333;2004;8;0.0;0.0;0.0;0.0;0.0;0.0;0.0;0.0;0.0;0.0;0.0;0.0;0.0;0.0;0.0;0.0;0.0;0.0;0.0;0.0;0.0;0.0;0.0;0.0;0.0;0.0;0.0;0.0;0.0;0.0;0.0;0.0
Iguatu;BARRO ALTO;-6.4483611111111;-39.385333333333;2007;1;31.3;0.0;0.0;0.0;10.2;0.0;0.0;8.0;0.0;0.0;13.1;0.0;0.0;0.0;0.0;0.0;0.0;0.0;0.0;0.0;0.0;0.0;0.0;0.0;0.0;0.0;0.0;0.0;0.0;0.0;0.0;0.0
Iguatu;BARRO ALTO;-6.4483611111111;-39.385333333333;2007;2;52.0;0.0;0.0;0.0;0.0;19.3;0.0;12.1;0.0;6.4;0.0;0.0;0.0;0.0;14.2;999.0;999.0;999.0;999.0;999.0;999.0;999.0;999.0;999.0;999.0;999.0;999.0;999.0;999.0;888.0;888.0;888.0
Iguatu;BARRO ALTO;-6.4483611111111;-39.385333333333;2008;1;163.2;0.0;0.0;0.0;0.0;0.0;0.0;0.0;0.0;0.0;0.0;0.0;0.0;0.0;12.2;27.4;0.0;0.0;0.0;0.0;0.0;0.0;0.0;0.0;0.0;46.2;0.0;36.2;41.2;0.0;0.0;0.0
Iguatu;BARRO ALTO;-6.4483611111111;-39.385333333333;2008;2;165.4;0.0;0.0;0.0;0.0;0.0;0.0;25.2;0.0;0.0;0.0;0.0;0.0;0.0;0.0;0.0;25.2;15.2;10.2;0.0;0.0;0.0;0.0;0.0;0.0;0.0;0.0;89.6;0.0;0.0;888.0;888.0
Iguatu;BARRO ALTO;-6.4483611111111;-39.385333333333;2008;3;501.0;0.0;0.0;0.0;0.0;0.0;0.0;17.4;0.0;29.2;22.4;57.4;0.0;0.0;0.0;0.0;0.0;13.2;108.2;26.1;0.0;0.0;0.0;26.2;46.1;45.2;49.4;0.0;0.0;0.0;56.2;4.0
Iguatu;BARRO ALTO;-6.4483611111111;-39.385333333333;2008;4;401.8;57.0;0.0;0.0;0.0;0.0;0.0;0.0;17.4;8.2;0.0;29.6;0.0;12.2;0.0;0.0;76.2;0.0;0.0;0.0;0.0;0.0;0.0;0.0;0.0;76.4;10.2;0.0;0.0;0.0;114.6;888.0
Iguatu;BARRO ALTO;-6.4483611111111;-39.385333333333;2008;5;105.6;66.2;0.0;7.0;0.0;0.0;13.2;0.0;0.0;19.2;0.0;0.0;0.0;0.0;0.0;0.0;0.0;0.0;0.0;0.0;0.0;0.0;0.0;0.0;0.0;0.0;0.0;0.0;0.0;0.0;0.0;0.0
Iguatu;BARRO ALTO;-6.4483611111111;-39.385333333333;2008;6;0.0;0.0;0.0;0.0;0.0;0.0;0.0;0.0;0.0;0.0;0.0;0.0;0.0;0.0;0.0;0.0;0.0;0.0;0.0;0.0;0.0;0.0;0.0;0.0;0.0;0.0;0.0;0.0;0.0;0.0;0.0;888.0
Iguatu;BARRO ALTO;-6.4483611111111;-39.385333333333;2008;7;0.0;0.0;0.0;0.0;0.0;0.0;0.0;0.0;0.0;0.0;0.0;0.0;0.0;0.0;0.0;0.0;0.0;0.0;0.0;0.0;0.0;0.0;0.0;0.0;0.0;0.0;0.0;0.0;0.0;0.0;0.0;0.0
Iguatu;BARRO ALTO;-6.4483611111111;-39.385333333333;2008;8;0.0;0.0;0.0;0.0;0.0;0.0;0.0;0.0;0.0;0.0;0.0;0.0;0.0;0.0;0.0;0.0;0.0;0.0;0.0;0.0;0.0;0.0;0.0;0.0;0.0;0.0;0.0;0.0;0.0;0.0;0.0;0.0
Iguatu;BARRO ALTO;-6.4483611111111;-39.385333333333;2008;9;1.0;0.0;0.0;0.0;0.0;0.0;0.0;0.0;0.0;0.0;0.0;0.0;0.0;0.0;0.0;0.0;0.0;0.0;0.0;0.0;0.0;0.0;0.0;0.0;0.0;0.0;0.0;1.0;0.0;0.0;0.0;888.0
Iguatu;BARRO ALTO;-6.4483611111111;-39.385333333333;2008;10;1.0;0.0;0.0;0.0;0.0;0.0;0.0;0.0;0.0;0.0;0.0;0.0;0.0;0.0;0.0;0.0;0.0;0.0;0.0;0.0;0.0;0.0;0.0;0.0;0.0;0.0;0.0;0.0;0.0;0.0;1.0;0.0
Iguatu;BARRO ALTO;-6.4483611111111;-39.385333333333;2008;11;0.0;0.0;0.0;0.0;0.0;0.0;0.0;0.0;0.0;0.0;0.0;0.0;0.0;0.0;0.0;0.0;0.0;0.0;0.0;0.0;0.0;0.0;0.0;0.0;0.0;0.0;0.0;0.0;0.0;0.0;0.0;888.0
Iguatu;BARRO ALTO;-6.4483611111111;-39.385333333333;2008;12;0.0;0.0;0.0;0.0;0.0;0.0;0.0;0.0;0.0;0.0;0.0;0.0;0.0;0.0;0.0;0.0;0.0;0.0;0.0;0.0;0.0;0.0;0.0;0.0;0.0;0.0;0.0;0.0;0.0;0.0;0.0;0.0
Iguatu;BARRO ALTO;-6.4483611111111;-39.385333333333;2009;1;183.6;0.0;0.0;0.0;0.0;0.0;0.0;0.0;0.0;0.0;0.0;0.0;0.0;0.0;0.0;25.4;0.0;0.0;4.2;0.0;0.0;0.0;80.6;0.0;0.0;0.0;0.0;0.0;0.0;0.0;73.4;0.0
Iguatu;BARRO ALTO;-6.4483611111111;-39.385333333333;2009;2;143.8;0.0;0.0;0.0;0.0;0.0;0.0;0.0;0.0;0.0;0.0;0.0;21.4;26.4;0.0;0.0;0.0;0.0;62.6;0.0;0.0;0.0;0.0;0.0;0.0;0.0;33.4;0.0;0.0;888.0;888.0;888.0
Iguatu;BARRO ALTO;-6.4483611111111;-39.385333333333;2009;3;159.4;9.2;12.6;16.2;20.4;0.0;0.0;0.0;0.0;0.0;16.2;0.0;0.0;0.0;0.0;25.2;6.0;30.0;16.2;0.0;0.0;0.0;0.0;0.0;0.0;0.0;7.4;0.0;0.0;0.0;0.0;0.0
Iguatu;BARRO ALTO;-6.4483611111111;-39.385333333333;2009;4;341.4;0.0;0.0;0.0;0.0;19.4;0.0;0.0;0.0;0.0;0.0;0.0;0.0;34.2;0.0;122.4;37.4;0.0;5.0;0.0;0.0;0.0;9.6;52.4;0.0;25.6;0.0;0.0;35.4;0.0;0.0;888.0
Iguatu;BARRO ALTO;-6.4483611111111;-39.385333333333;2009;5;182.7;37.4;0.0;0.0;0.0;0.0;12.6;25.3;0.0;30.2;7.2;0.0;0.0;0.0;0.0;15.4;0.0;0.0;3.2;0.0;0.0;0.0;0.0;0.0;0.0;0.0;0.0;0.0;51.4;0.0;0.0;0.0
Iguatu;BARRO ALTO;-6.4483611111111;-39.385333333333;2009;6;0.0;0.0;0.0;0.0;0.0;0.0;0.0;0.0;0.0;0.0;0.0;0.0;0.0;0.0;0.0;0.0;0.0;0.0;0.0;0.0;0.0;0.0;0.0;0.0;0.0;0.0;0.0;0.0;0.0;0.0;0.0;888.0
Iguatu;BARRO ALTO;-6.4483611111111;-39.385333333333;2009;7;0.0;0.0;0.0;0.0;0.0;0.0;0.0;0.0;0.0;0.0;0.0;0.0;0.0;0.0;0.0;0.0;0.0;0.0;0.0;0.0;0.0;0.0;0.0;0.0;0.0;0.0;0.0;0.0;0.0;0.0;0.0;0.0
Iguatu;BARRO ALTO;-6.4483611111111;-39.385333333333;2010;1;112.8;11.2;18.4;0.0;0.0;0.0;14.2;0.0;0.0;0.0;18.4;0.0;0.0;0.0;0.0;0.0;0.0;0.0;0.0;39.4;0.0;0.0;0.0;0.0;0.0;0.0;0.0;11.2;0.0;0.0;0.0;0.0
Iguatu;BARRO ALTO;-6.4483611111111;-39.385333333333;2010;2;70.4;0.0;0.0;0.0;0.0;0.0;0.0;0.0;32.6;0.0;26.0;5.4;0.0;0.0;0.0;6.4;0.0;0.0;0.0;0.0;0.0;0.0;0.0;0.0;0.0;0.0;0.0;0.0;0.0;888.0;888.0;888.0
Iguatu;BARRO ALTO;-6.4483611111111;-39.385333333333;2010;3;131.0;0.0;0.0;0.0;0.0;0.0;0.0;8.2;0.0;0.0;0.0;0.0;0.0;0.0;0.0;0.0;0.0;0.0;0.0;5.4;0.0;60.4;0.0;3.0;0.0;0.0;0.0;15.2;18.6;20.2;0.0;0.0
Iguatu;BARRO ALTO;-6.4483611111111;-39.385333333333;2010;4;188.8;0.0;0.0;0.0;0.0;0.0;0.0;0.0;0.0;0.0;12.4;51.2;0.0;0.0;0.0;0.0;17.4;0.0;0.0;84.4;0.0;0.0;0.0;0.0;0.0;0.0;0.0;0.0;0.0;15.2;8.2;888.0
Iguatu;BARRO ALTO;-6.4483611111111;-39.385333333333;2010;5;72.4;0.0;0.0;15.6;18.4;0.0;0.0;0.0;0.0;0.0;0.0;0.0;0.0;0.0;30.2;0.0;0.0;0.0;0.0;0.0;0.0;0.0;0.0;0.0;8.2;0.0;0.0;0.0;0.0;0.0;0.0;0.0
Iguatu;BARRO ALTO;-6.4483611111111;-39.385333333333;2010;6;21.8;0.0;0.0;0.0;0.0;3.4;0.0;0.0;0.0;0.0;0.0;0.0;0.0;0.0;0.0;0.0;0.0;0.0;18.4;0.0;0.0;0.0;0.0;0.0;0.0;0.0;0.0;0.0;0.0;0.0;0.0;888.0
Iguatu;BARRO ALTO;-6.4483611111111;-39.385333333333;2010;7;0.0;0.0;0.0;0.0;0.0;0.0;0.0;0.0;0.0;0.0;0.0;0.0;0.0;0.0;0.0;0.0;0.0;0.0;0.0;0.0;0.0;0.0;0.0;0.0;0.0;0.0;0.0;0.0;0.0;0.0;0.0;0.0
Iguatu;BARRO ALTO;-6.4483611111111;-39.385333333333;2010;8;0.0;0.0;0.0;0.0;0.0;0.0;0.0;0.0;0.0;0.0;0.0;0.0;0.0;0.0;0.0;0.0;0.0;0.0;0.0;0.0;0.0;0.0;0.0;0.0;0.0;0.0;0.0;0.0;0.0;0.0;0.0;0.0
Iguatu;BARRO ALTO;-6.4483611111111;-39.385333333333;2010;9;0.0;0.0;0.0;0.0;0.0;0.0;0.0;0.0;0.0;0.0;0.0;0.0;0.0;0.0;0.0;0.0;0.0;0.0;0.0;0.0;0.0;0.0;0.0;0.0;0.0;0.0;0.0;0.0;0.0;0.0;0.0;888.0
Iguatu;BARRO ALTO;-6.4483611111111;-39.385333333333;2010;10;0.0;0.0;0.0;0.0;0.0;0.0;0.0;0.0;0.0;0.0;0.0;0.0;0.0;0.0;0.0;0.0;0.0;0.0;0.0;0.0;0.0;0.0;0.0;0.0;0.0;0.0;0.0;0.0;0.0;0.0;0.0;0.0
Iguatu;BARRO ALTO;-6.4483611111111;-39.385333333333;2010;11;0.0;0.0;0.0;0.0;0.0;0.0;0.0;0.0;0.0;0.0;0.0;0.0;0.0;0.0;0.0;0.0;0.0;0.0;0.0;0.0;0.0;0.0;0.0;0.0;0.0;0.0;0.0;0.0;0.0;0.0;0.0;888.0
Iguatu;BARRO ALTO;-6.4483611111111;-39.385333333333;2010;12;75.0;0.0;0.0;0.0;0.0;0.0;0.0;0.0;0.0;19.4;0.0;14.4;0.0;7.0;0.0;24.0;0.0;10.2;0.0;0.0;0.0;0.0;0.0;0.0;0.0;0.0;0.0;0.0;0.0;0.0;0.0;0.0
Iguatu;BARRO ALTO;-6.4483611111111;-39.385333333333;2011;1;192.8;0.0;0.0;0.0;0.0;0.0;0.0;0.0;0.0;0.0;19.4;0.0;0.0;0.0;0.0;0.0;0.0;7.2;0.0;0.0;0.0;0.0;0.0;11.4;14.6;0.0;10.2;0.0;60.4;0.0;40.2;29.4
Iguatu;BARRO ALTO;-6.4483611111111;-39.385333333333;2011;2;278.3;50.4;0.0;0.0;34.4;23.2;0.0;0.0;0.0;12.6;0.0;0.0;25.2;5.0;0.0;0.0;16.4;0.0;5.2;0.0;46.4;19.3;0.0;0.0;0.0;0.0;0.0;0.0;40.2;888.0;888.0;888.0
Iguatu;BARRO ALTO;-6.4483611111111;-39.385333333333;2011;3;54.8;0.0;0.0;0.0;0.0;0.0;18.4;0.0;5.6;0.0;0.0;0.0;0.0;0.0;0.0;0.0;0.0;0.0;0.0;0.0;0.0;16.4;0.0;0.0;14.4;0.0;0.0;0.0;0.0;0.0;0.0;0.0
Iguatu;BARRO ALTO;-6.4483611111111;-39.385333333333;2011;4;447.2;0.0;0.0;0.0;0.0;0.0;76.4;0.0;0.0;14.6;7.4;13.6;6.2;14.6;0.0;20.2;45.6;32.4;7.0;53.4;31.6;5.0;0.0;39.4;0.0;36.2;0.0;0.0;0.0;0.0;43.6;888.0
Iguatu;BARRO ALTO;-6.4483611111111;-39.385333333333;2011;5;302.0;0.0;22.4;32.6;13.4;54.4;0.0;0.0;0.0;0.0;0.0;22.4;0.0;0.0;0.0;0.0;0.0;0.0;81.6;75.2;0.0;0.0;0.0;0.0;0.0;0.0;0.0;0.0;0.0;0.0;0.0;0.0
Iguatu;BARRO ALTO;-6.4483611111111;-39.385333333333;2011;6;0.0;0.0;0.0;0.0;0.0;0.0;0.0;0.0;0.0;0.0;0.0;0.0;0.0;0.0;0.0;0.0;0.0;0.0;0.0;0.0;0.0;0.0;0.0;0.0;0.0;0.0;0.0;0.0;0.0;0.0;0.0;888.0
Iguatu;BARRO ALTO;-6.4483611111111;-39.385333333333;2011;7;47.8;0.0;0.0;0.0;0.0;0.0;7.4;0.0;0.0;3.2;0.0;0.0;0.0;37.2;0.0;0.0;0.0;0.0;0.0;0.0;0.0;0.0;0.0;0.0;0.0;0.0;0.0;0.0;0.0;0.0;0.0;0.0
Iguatu;BARRO ALTO;-6.4483611111111;-39.385333333333;2011;8;12.4;0.0;0.0;0.0;0.0;0.0;0.0;0.0;0.0;0.0;0.0;0.0;0.0;0.0;0.0;0.0;0.0;0.0;0.0;0.0;0.0;0.0;0.0;0.0;0.0;0.0;12.4;0.0;0.0;0.0;0.0;0.0
Iguatu;BARRO ALTO;-6.4483611111111;-39.385333333333;2011;9;0.0;0.0;0.0;0.0;0.0;0.0;0.0;0.0;0.0;0.0;0.0;0.0;0.0;0.0;0.0;0.0;0.0;0.0;0.0;0.0;0.0;0.0;0.0;0.0;0.0;0.0;0.0;0.0;0.0;0.0;0.0;888.0
Iguatu;BARRO ALTO;-6.4483611111111;-39.385333333333;2011;10;143.0;0.0;0.0;0.0;0.0;0.0;0.0;0.0;0.0;0.0;0.0;0.0;0.0;0.0;0.0;0.0;0.0;0.0;0.0;0.0;0.0;143.0;0.0;0.0;0.0;0.0;0.0;0.0;0.0;0.0;0.0;0.0
Iguatu;BARRO ALTO;-6.4483611111111;-39.385333333333;2011;11;0.0;0.0;0.0;0.0;0.0;0.0;0.0;0.0;0.0;0.0;0.0;0.0;0.0;0.0;0.0;0.0;0.0;0.0;0.0;0.0;0.0;0.0;0.0;0.0;0.0;0.0;0.0;0.0;0.0;0.0;0.0;888.0
Iguatu;BARRO ALTO;-6.4483611111111;-39.385333333333;2011;12;0.0;0.0;0.0;0.0;0.0;0.0;0.0;0.0;0.0;0.0;0.0;0.0;0.0;0.0;0.0;0.0;0.0;0.0;0.0;0.0;0.0;0.0;0.0;0.0;0.0;0.0;0.0;0.0;0.0;0.0;0.0;0.0
Iguatu;BARRO ALTO;-6.4483611111111;-39.385333333333;2012;1;157.6;0.0;0.0;0.0;0.0;0.0;0.0;0.0;0.0;0.0;0.0;0.0;0.0;0.0;0.0;0.0;0.0;0.0;0.0;25.4;0.0;38.4;12.2;25.2;56.4;0.0;0.0;0.0;0.0;0.0;0.0;0.0
Iguatu;BARRO ALTO;-6.4483611111111;-39.385333333333;2012;2;259.8;0.0;0.0;0.0;0.0;0.0;0.0;0.0;0.0;0.0;5.2;0.0;0.0;0.0;0.0;0.0;8.4;38.6;98.4;0.0;0.0;39.4;0.0;0.0;17.2;0.0;0.0;52.6;0.0;0.0;888.0;888.0
Iguatu;BARRO ALTO;-6.4483611111111;-39.385333333333;2012;3;137.2;0.0;0.0;15.4;0.0;14.2;0.0;17.4;0.0;0.0;0.0;0.0;0.0;12.2;0.0;0.0;14.4;0.0;0.0;0.0;10.2;0.0;0.0;0.0;0.0;21.6;18.2;11.4;0.0;2.2;0.0;0.0
Iguatu;BARRO ALTO;-6.4483611111111;-39.385333333333;2012;4;108.6;0.0;35.4;0.0;0.0;10.2;0.0;25.2;0.0;0.0;0.0;0.0;0.0;0.0;0.0;0.0;0.0;0.0;0.0;0.0;32.6;5.2;0.0;0.0;0.0;0.0;0.0;0.0;0.0;0.0;0.0;888.0
Iguatu;BARRO ALTO;-6.4483611111111;-39.385333333333;2012;5;8.2;0.0;0.0;0.0;0.0;0.0;0.0;0.0;0.0;0.0;0.0;0.0;0.0;0.0;0.0;0.0;0.0;0.0;0.0;0.0;0.0;0.0;0.0;0.0;0.0;8.2;0.0;0.0;0.0;0.0;0.0;0.0
Iguatu;BARRO ALTO;-6.4483611111111;-39.385333333333;2012;6;12.4;0.0;0.0;0.0;0.0;0.0;0.0;0.0;0.0;0.0;0.0;0.0;0.0;0.0;0.0;0.0;0.0;0.0;0.0;0.0;0.0;0.0;0.0;0.0;12.4;0.0;0.0;0.0;0.0;0.0;0.0;888.0
Iguatu;BARRO ALTO;-6.4483611111111;-39.385333333333;2012;7;5.0;0.0;0.0;0.0;0.0;0.0;0.0;0.0;0.0;0.0;0.0;5.0;0.0;0.0;0.0;0.0;0.0;0.0;0.0;0.0;0.0;0.0;0.0;0.0;0.0;0.0;0.0;0.0;0.0;0.0;0.0;0.0
Iguatu;BARRO ALTO;-6.4483611111111;-39.385333333333;2012;8;0.0;0.0;0.0;0.0;0.0;0.0;0.0;0.0;0.0;0.0;0.0;0.0;0.0;0.0;0.0;0.0;0.0;0.0;0.0;0.0;0.0;0.0;0.0;0.0;0.0;0.0;0.0;0.0;0.0;0.0;0.0;0.0
Iguatu;BARRO ALTO;-6.4483611111111;-39.385333333333;2012;9;18.2;0.0;0.0;0.0;0.0;0.0;0.0;0.0;0.0;0.0;0.0;0.0;0.0;0.0;0.0;0.0;0.0;0.0;0.0;0.0;0.0;0.0;0.0;0.0;0.0;0.0;0.0;0.0;18.2;0.0;0.0;888.0
Iguatu;BARRO ALTO;-6.4483611111111;-39.385333333333;2012;10;8.2;0.0;0.0;0.0;0.0;0.0;0.0;0.0;0.0;0.0;0.0;0.0;0.0;0.0;8.2;0.0;0.0;0.0;0.0;0.0;0.0;0.0;0.0;0.0;0.0;0.0;0.0;0.0;0.0;0.0;0.0;0.0
Iguatu;BARRO ALTO;-6.4483611111111;-39.385333333333;2012;11;0.0;0.0;0.0;0.0;0.0;0.0;0.0;0.0;0.0;0.0;0.0;0.0;0.0;0.0;0.0;0.0;0.0;0.0;0.0;0.0;0.0;0.0;0.0;0.0;0.0;0.0;0.0;0.0;0.0;0.0;0.0;888.0
Iguatu;BARRO ALTO;-6.4483611111111;-39.385333333333;2012;12;0.0;0.0;0.0;0.0;0.0;0.0;0.0;0.0;0.0;0.0;0.0;0.0;0.0;0.0;0.0;0.0;0.0;0.0;0.0;0.0;0.0;0.0;0.0;0.0;0.0;0.0;0.0;0.0;0.0;0.0;0.0;0.0
Iguatu;BARRO ALTO;-6.4483611111111;-39.385333333333;2013;1;72.2;10.2;0.0;0.0;0.0;0.0;24.6;0.0;0.0;0.0;0.0;0.0;0.0;0.0;0.0;0.0;0.0;0.0;0.0;0.0;0.0;0.0;37.4;0.0;0.0;0.0;0.0;0.0;0.0;0.0;0.0;0.0
Iguatu;BARRO ALTO;-6.4483611111111;-39.385333333333;2013;2;46.2;0.0;0.0;0.0;0.0;0.0;0.0;0.0;0.0;0.0;0.0;0.0;0.0;0.0;0.0;0.0;46.2;0.0;0.0;0.0;0.0;0.0;0.0;0.0;0.0;0.0;0.0;0.0;0.0;888.0;888.0;888.0
Iguatu;BARRO ALTO;-6.4483611111111;-39.385333333333;2013;3;91.8;0.0;0.0;0.0;0.0;0.0;0.0;0.0;0.0;0.0;0.0;0.0;0.0;0.0;0.0;15.4;0.0;0.0;0.0;35.2;0.0;0.0;12.4;0.0;0.0;17.4;0.0;0.0;0.0;0.0;11.4;0.0
Iguatu;BARRO ALTO;-6.4483611111111;-39.385333333333;2013;4;117.0;0.0;6.2;17.2;0.0;0.0;0.0;0.0;0.0;0.0;0.0;0.0;0.0;0.0;0.0;0.0;13.6;0.0;0.0;0.0;0.0;0.0;0.0;0.0;0.0;12.4;67.6;0.0;0.0;0.0;0.0;888.0
Iguatu;BARRO ALTO;-6.4483611111111;-39.385333333333;2013;5;73.8;0.0;0.0;0.0;0.0;0.0;0.0;0.0;0.0;54.4;7.0;0.0;0.0;0.0;0.0;0.0;0.0;0.0;0.0;0.0;0.0;0.0;0.0;0.0;0.0;0.0;12.4;0.0;0.0;0.0;0.0;0.0
Iguatu;BARRO ALTO;-6.4483611111111;-39.385333333333;2013;6;63.7;0.0;0.0;0.0;0.0;22.3;0.0;0.0;0.0;0.0;0.0;0.0;0.0;0.0;0.0;0.0;0.0;0.0;0.0;0.0;0.0;0.0;41.4;0.0;0.0;0.0;0.0;0.0;0.0;0.0;0.0;888.0
Iguatu;BARRO ALTO;-6.4483611111111;-39.385333333333;2013;7;32.4;0.0;0.0;0.0;0.0;0.0;0.0;0.0;0.0;0.0;0.0;0.0;0.0;32.4;0.0;0.0;0.0;0.0;0.0;0.0;0.0;0.0;0.0;0.0;0.0;0.0;0.0;0.0;0.0;0.0;0.0;0.0
Iguatu;BARRO ALTO;-6.4483611111111;-39.385333333333;2013;8;0.0;0.0;0.0;0.0;0.0;0.0;0.0;0.0;0.0;0.0;0.0;0.0;0.0;0.0;0.0;0.0;0.0;0.0;0.0;0.0;0.0;0.0;0.0;0.0;0.0;0.0;0.0;0.0;0.0;0.0;0.0;0.0
Iguatu;BARRO ALTO;-6.4483611111111;-39.385333333333;2013;9;0.0;0.0;0.0;0.0;0.0;0.0;0.0;0.0;0.0;0.0;0.0;0.0;0.0;0.0;0.0;0.0;0.0;0.0;0.0;0.0;0.0;0.0;0.0;0.0;0.0;0.0;0.0;0.0;0.0;0.0;0.0;888.0
Iguatu;BARRO ALTO;-6.4483611111111;-39.385333333333;2013;10;0.0;0.0;0.0;0.0;0.0;0.0;0.0;0.0;0.0;0.0;0.0;0.0;0.0;0.0;0.0;0.0;0.0;0.0;0.0;0.0;0.0;0.0;0.0;0.0;0.0;0.0;0.0;0.0;0.0;0.0;0.0;0.0
Iguatu;BARRO ALTO;-6.4483611111111;-39.385333333333;2013;11;46.0;0.0;0.0;0.0;46.0;0.0;0.0;0.0;0.0;0.0;0.0;0.0;0.0;0.0;0.0;0.0;0.0;0.0;0.0;0.0;0.0;0.0;0.0;0.0;0.0;0.0;0.0;0.0;0.0;0.0;0.0;888.0
Iguatu;BARRO ALTO;-6.4483611111111;-39.385333333333;2013;12;49.0;0.0;0.0;0.0;0.0;0.0;0.0;0.0;0.0;0.0;0.0;0.0;0.0;0.0;0.0;0.0;0.0;0.0;0.0;0.0;35.4;0.0;0.0;13.6;0.0;0.0;0.0;0.0;0.0;0.0;0.0;0.0
Iguatu;BARRO ALTO;-6.4483611111111;-39.385333333333;2014;1;103.4;0.0;0.0;0.0;0.0;0.0;0.0;43.2;0.0;0.0;0.0;0.0;0.0;0.0;0.0;9.4;0.0;0.0;0.0;11.4;22.4;0.0;0.0;0.0;0.0;0.0;0.0;17.0;0.0;0.0;0.0;0.0
Iguatu;BARRO ALTO;-6.4483611111111;-39.385333333333;2014;2;203.8;0.0;0.0;10.0;0.0;26.2;0.0;0.0;0.0;61.6;24.2;33.2;17.2;10.4;0.0;0.0;0.0;0.0;21.0;0.0;0.0;0.0;0.0;0.0;0.0;0.0;0.0;0.0;0.0;888.0;888.0;888.0
Iguatu;BARRO ALTO;-6.4483611111111;-39.385333333333;2014;3;193.2;0.0;0.0;0.0;0.0;0.0;32.0;14.6;0.0;0.0;29.4;0.0;25.2;0.0;0.0;45.4;0.0;0.0;0.0;0.0;10.2;0.0;0.0;0.0;0.0;0.0;0.0;0.0;0.0;0.0;0.0;36.4
Iguatu;BARRO ALTO;-6.4483611111111;-39.385333333333;2014;4;104.3;0.0;6.2;17.2;37.5;0.0;0.0;0.0;0.0;0.0;0.0;0.0;0.0;0.0;0.0;0.0;13.6;0.0;0.0;0.0;0.0;0.0;12.4;0.0;0.0;17.4;0.0;0.0;0.0;0.0;0.0;888.0
Iguatu;BARRO ALTO;-6.4483611111111;-39.385333333333;2014;5;87.0;0.0;0.0;0.0;0.0;0.0;0.0;15.0;0.0;0.0;0.0;0.0;0.0;0.0;0.0;0.0;0.0;0.0;0.0;0.0;0.0;0.0;0.0;0.0;0.0;0.0;0.0;0.0;0.0;72.0;0.0;0.0
Iguatu;BARRO ALTO;-6.4483611111111;-39.385333333333;2014;6;23.0;0.0;0.0;0.0;0.0;0.0;0.0;0.0;0.0;0.0;0.0;0.0;0.0;0.0;0.0;0.0;0.0;0.0;0.0;0.0;0.0;0.0;0.0;0.0;0.0;0.0;0.0;23.0;0.0;0.0;0.0;888.0
Iguatu;BARRO ALTO;-6.4483611111111;-39.385333333333;2014;7;12.0;0.0;0.0;0.0;0.0;0.0;0.0;0.0;0.0;0.0;0.0;0.0;12.0;0.0;0.0;0.0;0.0;0.0;0.0;0.0;0.0;0.0;0.0;0.0;0.0;0.0;0.0;0.0;0.0;0.0;0.0;0.0
Iguatu;BARRO ALTO;-6.4483611111111;-39.385333333333;2014;8;0.0;0.0;0.0;0.0;0.0;0.0;0.0;0.0;0.0;0.0;0.0;0.0;0.0;0.0;0.0;0.0;0.0;0.0;0.0;0.0;0.0;0.0;0.0;0.0;0.0;0.0;0.0;0.0;0.0;0.0;0.0;0.0
Iguatu;BARRO ALTO;-6.4483611111111;-39.385333333333;2014;9;10.4;0.0;0.0;0.0;0.0;0.0;0.0;0.0;0.0;0.0;0.0;0.0;0.0;0.0;0.0;0.0;0.0;0.0;0.0;10.4;0.0;0.0;0.0;0.0;0.0;0.0;0.0;0.0;0.0;0.0;0.0;888.0
Iguatu;BARRO ALTO;-6.4483611111111;-39.385333333333;2014;10;0.0;0.0;0.0;0.0;0.0;0.0;0.0;0.0;0.0;0.0;0.0;0.0;0.0;0.0;0.0;0.0;0.0;0.0;0.0;0.0;0.0;0.0;0.0;0.0;0.0;0.0;0.0;0.0;0.0;0.0;0.0;0.0
Iguatu;BARRO ALTO;-6.4483611111111;-39.385333333333;2014;11;0.0;0.0;0.0;0.0;0.0;0.0;0.0;0.0;0.0;0.0;0.0;0.0;0.0;0.0;0.0;0.0;0.0;0.0;0.0;0.0;0.0;0.0;0.0;0.0;0.0;0.0;0.0;0.0;0.0;0.0;0.0;888.0
Iguatu;BARRO ALTO;-6.4483611111111;-39.385333333333;2014;12;0.0;0.0;0.0;0.0;0.0;0.0;0.0;0.0;0.0;0.0;0.0;0.0;0.0;0.0;0.0;0.0;0.0;0.0;0.0;0.0;0.0;0.0;0.0;0.0;0.0;0.0;0.0;0.0;0.0;0.0;0.0;0.0
Iguatu;BARRO ALTO;-6.4483611111111;-39.385333333333;2015;1;32.0;0.0;0.0;0.0;0.0;0.0;0.0;32.0;0.0;0.0;0.0;0.0;0.0;0.0;0.0;0.0;0.0;0.0;0.0;0.0;0.0;0.0;0.0;0.0;0.0;0.0;0.0;0.0;0.0;0.0;0.0;0.0
Iguatu;BARRO ALTO;-6.4483611111111;-39.385333333333;2015;2;119.8;0.0;0.0;0.0;0.0;26.4;0.0;0.0;0.0;0.0;0.0;0.0;0.0;0.0;0.0;0.0;0.0;0.0;0.0;18.4;35.2;0.0;0.0;12.4;4.0;23.4;0.0;0.0;0.0;888.0;888.0;888.0
Iguatu;BARRO ALTO;-6.4483611111111;-39.385333333333;2015;3;291.4;0.0;50.2;17.4;0.0;0.0;56.2;0.0;0.0;12.2;17.2;0.0;0.0;0.0;0.0;0.0;0.0;0.0;0.0;0.0;0.0;0.0;0.0;36.0;10.0;23.0;0.0;42.0;0.0;0.0;0.0;27.2
Iguatu;BARRO ALTO;-6.4483611111111;-39.385333333333;2015;4;45.6;0.0;0.0;0.0;0.0;0.0;0.0;0.0;0.0;0.0;0.0;0.0;23.4;22.2;0.0;0.0;0.0;0.0;0.0;0.0;0.0;0.0;0.0;0.0;0.0;0.0;0.0;0.0;0.0;0.0;0.0;888.0
Iguatu;BARRO ALTO;-6.4483611111111;-39.385333333333;2015;5;134.8;0.0;0.0;12.2;0.0;0.0;0.0;0.0;0.0;0.0;0.0;0.0;0.0;0.0;0.0;0.0;0.0;0.0;0.0;0.0;27.2;21.2;0.0;12.4;0.0;0.0;11.2;39.4;0.0;11.2;0.0;0.0
Iguatu;BARRO ALTO;-6.4483611111111;-39.385333333333;2015;6;0.0;0.0;0.0;0.0;0.0;0.0;0.0;0.0;0.0;0.0;0.0;0.0;0.0;0.0;0.0;0.0;0.0;0.0;0.0;0.0;0.0;0.0;0.0;0.0;0.0;0.0;0.0;0.0;0.0;0.0;0.0;888.0
Iguatu;BARRO ALTO;-6.4483611111111;-39.385333333333;2015;7;0.0;0.0;0.0;0.0;0.0;0.0;0.0;0.0;0.0;0.0;0.0;0.0;0.0;0.0;0.0;0.0;0.0;0.0;0.0;0.0;0.0;0.0;0.0;0.0;0.0;0.0;0.0;0.0;0.0;0.0;0.0;0.0
Iguatu;BARRO ALTO;-6.4483611111111;-39.385333333333;2015;8;0.0;0.0;0.0;0.0;0.0;0.0;0.0;0.0;0.0;0.0;0.0;0.0;0.0;0.0;0.0;0.0;0.0;0.0;0.0;0.0;0.0;0.0;0.0;0.0;0.0;0.0;0.0;0.0;0.0;0.0;0.0;0.0
Iguatu;BARRO ALTO;-6.4483611111111;-39.385333333333;2015;9;0.0;0.0;0.0;0.0;0.0;0.0;0.0;0.0;0.0;0.0;0.0;0.0;0.0;0.0;0.0;0.0;0.0;0.0;0.0;0.0;0.0;0.0;0.0;0.0;0.0;0.0;0.0;0.0;0.0;0.0;0.0;888.0
Iguatu;BARRO ALTO;-6.4483611111111;-39.385333333333;2015;10;0.0;0.0;0.0;0.0;0.0;0.0;0.0;0.0;0.0;0.0;0.0;0.0;0.0;0.0;0.0;0.0;0.0;0.0;0.0;0.0;0.0;0.0;0.0;0.0;0.0;0.0;0.0;0.0;0.0;0.0;0.0;0.0
Iguatu;BARRO ALTO;-6.4483611111111;-39.385333333333;2015;11;0.0;0.0;0.0;0.0;0.0;0.0;0.0;0.0;0.0;0.0;0.0;0.0;0.0;0.0;0.0;0.0;0.0;0.0;0.0;0.0;0.0;0.0;0.0;0.0;0.0;0.0;0.0;0.0;0.0;0.0;0.0;888.0
Iguatu;BARRO ALTO;-6.4483611111111;-39.385333333333;2015;12;0.0;0.0;0.0;0.0;0.0;0.0;0.0;0.0;0.0;0.0;0.0;0.0;0.0;0.0;0.0;0.0;0.0;0.0;0.0;0.0;0.0;0.0;0.0;0.0;0.0;0.0;0.0;0.0;0.0;0.0;0.0;0.0
Iguatu;BARRO ALTO;-6.4483611111111;-39.385333333333;2016;1;130.0;0.0;0.0;0.0;0.0;0.0;0.0;24.2;22.4;0.0;15.2;0.0;0.0;0.0;0.0;15.4;0.0;0.0;0.0;13.4;0.0;0.0;30.2;0.0;0.0;9.2;0.0;0.0;0.0;0.0;0.0;0.0
Iguatu;BARRO ALTO;-6.4483611111111;-39.385333333333;2016;2;28.4;0.0;28.4;0.0;0.0;0.0;0.0;0.0;0.0;0.0;0.0;0.0;0.0;0.0;0.0;0.0;0.0;0.0;0.0;0.0;0.0;0.0;0.0;0.0;0.0;0.0;0.0;0.0;0.0;0.0;888.0;888.0
Iguatu;BARRO ALTO;-6.4483611111111;-39.385333333333;2016;3;110.4;0.0;0.0;0.0;0.0;0.0;0.0;0.0;12.2;85.2;0.0;0.0;0.0;0.0;0.0;13.0;999.0;999.0;999.0;999.0;999.0;999.0;999.0;999.0;999.0;999.0;999.0;999.0;999.0;999.0;999.0;999.0
Iguatu;BARRO ALTO;-6.4483611111111;-39.385333333333;2016;9;0.0;0.0;0.0;0.0;0.0;0.0;0.0;0.0;0.0;0.0;0.0;0.0;0.0;0.0;0.0;0.0;0.0;0.0;0.0;0.0;0.0;0.0;0.0;0.0;0.0;0.0;0.0;0.0;0.0;0.0;0.0;888.0
Iguatu;BARRO ALTO;-6.4483611111111;-39.385333333333;2016;10;0.0;0.0;0.0;0.0;0.0;0.0;0.0;0.0;0.0;0.0;0.0;0.0;0.0;0.0;0.0;0.0;0.0;0.0;0.0;0.0;0.0;0.0;0.0;0.0;0.0;0.0;0.0;0.0;0.0;0.0;0.0;0.0
Iguatu;BARRO ALTO;-6.4483611111111;-39.385333333333;2016;11;0.0;0.0;0.0;0.0;0.0;0.0;0.0;0.0;0.0;0.0;0.0;0.0;0.0;0.0;0.0;0.0;0.0;0.0;0.0;0.0;0.0;0.0;0.0;0.0;0.0;0.0;0.0;0.0;0.0;0.0;0.0;888.0
Iguatu;BARRO ALTO;-6.4483611111111;-39.385333333333;2016;12;35.2;0.0;0.0;0.0;0.0;0.0;0.0;0.0;0.0;0.0;0.0;0.0;0.0;0.0;0.0;0.0;35.2;0.0;0.0;0.0;0.0;0.0;0.0;0.0;0.0;0.0;0.0;0.0;0.0;0.0;0.0;0.0
Iguatu;BARRO ALTO;-6.4483611111111;-39.385333333333;2017;1;136.2;0.0;0.0;0.0;0.0;0.0;0.0;0.0;8.2;0.0;16.2;0.0;0.0;0.0;0.0;0.0;0.0;71.5;0.0;0.0;0.0;0.0;12.0;0.0;12.0;0.0;6.1;0.0;10.2;0.0;0.0;0.0
Iguatu;BARRO ALTO;-6.4483611111111;-39.385333333333;2017;2;109.0;0.0;0.0;0.0;0.0;0.0;0.0;0.0;0.0;0.0;44.2;0.0;0.0;0.0;0.0;0.0;0.0;0.0;6.2;15.0;15.0;15.2;0.0;0.0;0.0;13.4;0.0;0.0;0.0;888.0;888.0;888.0
Iguatu;BARRO ALTO;-6.4483611111111;-39.385333333333;2017;3;184.6;0.0;0.0;0.0;12.2;16.4;0.0;0.0;0.0;0.0;23.0;39.2;0.0;6.0;26.2;0.0;0.0;0.0;0.0;0.0;0.0;0.0;21.2;6.0;21.2;0.0;0.0;0.0;0.0;0.0;13.2;0.0
Iguatu;BARRO ALTO;-6.4483611111111;-39.385333333333;2017;4;128.2;0.0;0.0;24.2;0.0;20.2;14.1;0.0;15.3;0.0;18.2;0.0;0.0;9.1;0.0;0.0;27.1;0.0;0.0;0.0;0.0;0.0;0.0;0.0;0.0;0.0;0.0;0.0;0.0;0.0;0.0;888.0
Iguatu;BARRO ALTO;-6.4483611111111;-39.385333333333;2017;5;80.4;0.0;0.0;0.0;0.0;0.0;0.0;0.0;0.0;35.4;6.2;10.2;0.0;0.0;0.0;0.0;0.0;0.0;6.2;4.0;18.4;0.0;0.0;0.0;0.0;0.0;0.0;0.0;0.0;0.0;0.0;0.0
Iguatu;BARRO ALTO;-6.4483611111111;-39.385333333333;2017;6;33.4;18.4;0.0;15.0;0.0;0.0;0.0;0.0;0.0;0.0;0.0;0.0;0.0;0.0;0.0;0.0;0.0;0.0;0.0;0.0;0.0;0.0;0.0;0.0;0.0;0.0;0.0;0.0;0.0;0.0;0.0;888.0
Iguatu;BARRO ALTO;-6.4483611111111;-39.385333333333;2017;7;14.0;0.0;14.0;0.0;0.0;0.0;0.0;0.0;0.0;0.0;0.0;0.0;0.0;0.0;0.0;0.0;0.0;0.0;0.0;0.0;0.0;0.0;0.0;0.0;0.0;0.0;0.0;0.0;0.0;0.0;0.0;0.0
Iguatu;BARRO ALTO;-6.4483611111111;-39.385333333333;2017;8;0.0;0.0;0.0;0.0;0.0;0.0;0.0;0.0;0.0;0.0;0.0;0.0;0.0;0.0;0.0;0.0;0.0;0.0;0.0;0.0;0.0;0.0;0.0;0.0;0.0;0.0;0.0;0.0;0.0;0.0;0.0;0.0
Iguatu;BARRO ALTO;-6.4483611111111;-39.385333333333;2017;9;0.0;0.0;0.0;0.0;0.0;0.0;0.0;0.0;0.0;0.0;0.0;0.0;0.0;0.0;0.0;0.0;0.0;0.0;0.0;0.0;0.0;0.0;0.0;0.0;0.0;0.0;0.0;0.0;0.0;0.0;0.0;888.0
Iguatu;BARRO ALTO;-6.4483611111111;-39.385333333333;2017;10;33.4;0.0;0.0;0.0;0.0;0.0;0.0;0.0;0.0;0.0;0.0;0.0;0.0;0.0;0.0;0.0;0.0;33.4;0.0;0.0;0.0;0.0;0.0;0.0;0.0;0.0;0.0;0.0;0.0;0.0;0.0;0.0
Iguatu;BARRO ALTO;-6.4483611111111;-39.385333333333;2017;11;0.0;0.0;0.0;0.0;0.0;0.0;0.0;0.0;0.0;0.0;0.0;0.0;0.0;0.0;0.0;0.0;0.0;0.0;0.0;0.0;0.0;0.0;0.0;0.0;0.0;0.0;0.0;0.0;0.0;0.0;0.0;888.0
Iguatu;BARRO ALTO;-6.4483611111111;-39.385333333333;2017;12;10.2;0.0;0.0;0.0;0.0;0.0;0.0;0.0;0.0;0.0;0.0;0.0;0.0;0.0;0.0;0.0;0.0;0.0;0.0;0.0;0.0;0.0;0.0;10.2;0.0;0.0;0.0;0.0;0.0;0.0;0.0;0.0
Iguatu;BARRO ALTO;-6.4483611111111;-39.385333333333;2018;1;208.4;0.0;0.0;0.0;0.0;0.0;0.0;42.4;0.0;0.0;4.2;0.0;0.0;0.0;0.0;0.0;0.0;0.0;71.4;0.0;0.0;0.0;0.0;0.0;0.0;0.0;0.0;90.4;0.0;0.0;0.0;0.0
Iguatu;BARRO ALTO;-6.4483611111111;-39.385333333333;2018;2;157.1;0.0;0.0;0.0;0.0;0.0;0.0;0.0;28.4;0.0;0.0;0.0;0.0;0.0;15.2;5.2;54.2;5.6;0.0;6.2;10.4;9.2;0.0;0.0;8.2;4.1;0.0;0.0;10.4;888.0;888.0;888.0
Iguatu;BARRO ALTO;-6.4483611111111;-39.385333333333;2018;3;185.6;110.2;11.2;0.0;0.0;0.0;0.0;0.0;0.0;0.0;0.0;0.0;0.0;0.0;0.0;0.0;0.0;0.0;0.0;0.0;0.0;0.0;0.0;0.0;0.0;14.4;0.0;0.0;0.0;4.2;35.4;10.2
Iguatu;BARRO ALTO;-6.4483611111111;-39.385333333333;2018;4;226.2;10.2;18.2;0.0;0.0;0.0;0.0;0.0;0.0;10.2;32.4;43.2;5.2;45.2;0.0;0.0;0.0;8.2;15.2;38.2;0.0;0.0;0.0;0.0;0.0;0.0;0.0;0.0;0.0;0.0;0.0;888.0
Iguatu;BARRO ALTO;-6.4483611111111;-39.385333333333;2018;5;6.0;0.0;0.0;0.0;0.0;0.0;0.0;0.0;0.0;0.0;0.0;0.0;0.0;0.0;0.0;0.0;0.0;0.0;0.0;0.0;0.0;0.0;6.0;0.0;0.0;0.0;0.0;0.0;0.0;0.0;0.0;0.0
Iguatu;BARRO ALTO;-6.4483611111111;-39.385333333333;2018;6;5.2;0.0;0.0;0.0;0.0;0.0;0.0;0.0;0.0;5.2;0.0;0.0;0.0;0.0;0.0;0.0;0.0;0.0;0.0;0.0;0.0;0.0;0.0;0.0;0.0;0.0;0.0;0.0;0.0;0.0;0.0;888.0
Iguatu;BARRO ALTO;-6.4483611111111;-39.385333333333;2018;7;12.4;0.0;0.0;0.0;0.0;0.0;0.0;0.0;0.0;0.0;0.0;0.0;12.4;0.0;0.0;0.0;0.0;0.0;0.0;0.0;0.0;0.0;0.0;0.0;0.0;0.0;0.0;0.0;0.0;0.0;0.0;0.0
Iguatu;BARRO ALTO;-6.4483611111111;-39.385333333333;2018;8;40.2;40.2;0.0;0.0;0.0;0.0;0.0;0.0;0.0;0.0;0.0;0.0;0.0;0.0;0.0;0.0;0.0;0.0;0.0;0.0;0.0;0.0;0.0;0.0;0.0;0.0;0.0;0.0;0.0;0.0;0.0;0.0
Iguatu;BARRO ALTO;-6.4483611111111;-39.385333333333;2018;9;0.0;0.0;0.0;0.0;0.0;0.0;0.0;0.0;0.0;0.0;0.0;0.0;0.0;0.0;0.0;0.0;0.0;0.0;0.0;0.0;0.0;0.0;0.0;0.0;0.0;0.0;0.0;0.0;0.0;0.0;0.0;888.0
Iguatu;BARRO ALTO;-6.4483611111111;-39.385333333333;2018;10;0.0;0.0;0.0;0.0;0.0;0.0;0.0;0.0;0.0;0.0;0.0;0.0;0.0;0.0;0.0;0.0;0.0;0.0;0.0;0.0;0.0;0.0;0.0;0.0;0.0;0.0;0.0;0.0;0.0;0.0;0.0;0.0
Iguatu;BARRO ALTO;-6.4483611111111;-39.385333333333;2018;11;66.6;0.0;0.0;0.0;0.0;0.0;0.0;0.0;0.0;0.0;0.0;0.0;0.0;0.0;0.0;0.0;0.0;0.0;0.0;0.0;0.0;0.0;0.0;0.0;42.4;0.0;0.0;15.2;0.0;9.0;0.0;888.0
Iguatu;BARRO ALTO;-6.4483611111111;-39.385333333333;2018;12;159.6;0.0;0.0;0.0;0.0;0.0;16.2;15.0;0.0;0.0;105.0;0.0;0.0;0.0;0.0;0.0;0.0;0.0;18.4;0.0;0.0;0.0;0.0;0.0;5.0;0.0;0.0;0.0;0.0;0.0;0.0;0.0
Iguatu;BARRO ALTO;-6.4483611111111;-39.385333333333;2019;1;146.0;0.0;0.0;0.0;5.0;0.0;0.0;4.0;26.2;26.4;0.0;0.0;0.0;0.0;30.4;0.0;0.0;0.0;12.2;6.0;0.0;0.0;0.0;0.0;0.0;0.0;10.4;0.0;0.0;0.0;25.4;0.0
Iguatu;BARRO ALTO;-6.4483611111111;-39.385333333333;2019;2;68.4;0.0;0.0;0.0;10.2;0.0;17.2;15.4;0.0;0.0;0.0;0.0;0.0;0.0;0.0;0.0;5.0;0.0;8.4;0.0;0.0;2.6;5.4;4.2;0.0;0.0;0.0;0.0;0.0;888.0;888.0;888.0
Iguatu;BARRO ALTO;-6.4483611111111;-39.385333333333;2019;3;190.4;0.0;0.0;10.4;0.0;5.2;0.0;0.0;0.0;0.0;0.0;0.0;0.0;6.2;0.0;0.0;0.0;0.0;0.0;0.0;0.0;0.0;0.0;0.0;12.4;113.0;0.0;8.2;0.0;13.4;4.0;17.6
Iguatu;BARRO ALTO;-6.4483611111111;-39.385333333333;2019;4;199.6;15.4;6.2;36.6;13.4;14.2;0.0;14.4;12.6;0.0;0.0;6.4;0.0;10.2;6.0;0.0;0.0;0.0;0.0;0.0;0.0;0.0;0.0;0.0;9.2;0.0;0.0;0.0;0.0;0.0;55.0;888.0
Iguatu;BARRO ALTO;-6.4483611111111;-39.385333333333;2019;5;53.0;0.0;9.0;0.0;0.0;0.0;0.0;0.0;0.0;0.0;0.0;0.0;0.0;0.0;0.0;0.0;0.0;28.6;0.0;0.0;0.0;0.0;15.4;0.0;0.0;0.0;0.0;0.0;0.0;0.0;0.0;0.0
Iguatu;BARRO ALTO;-6.4483611111111;-39.385333333333;2019;6;37.8;0.0;0.0;0.0;0.0;0.0;0.0;0.0;0.0;0.0;0.0;0.0;0.0;0.0;15.4;0.0;0.0;0.0;22.4;0.0;0.0;0.0;0.0;0.0;0.0;0.0;0.0;0.0;0.0;0.0;0.0;888.0
Iguatu;BARRO ALTO;-6.4483611111111;-39.385333333333;2019;7;0.0;0.0;0.0;0.0;0.0;0.0;0.0;0.0;0.0;0.0;0.0;0.0;0.0;0.0;0.0;0.0;0.0;0.0;0.0;0.0;0.0;0.0;0.0;0.0;0.0;0.0;0.0;0.0;0.0;0.0;0.0;0.0
Iguatu;BARRO ALTO;-6.4483611111111;-39.385333333333;2019;8;5.0;0.0;0.0;0.0;0.0;0.0;0.0;0.0;0.0;0.0;0.0;0.0;0.0;0.0;0.0;0.0;0.0;0.0;0.0;0.0;0.0;0.0;0.0;0.0;0.0;0.0;0.0;0.0;0.0;0.0;0.0;5.0
Iguatu;BARRO ALTO;-6.4483611111111;-39.385333333333;2019;9;0.0;0.0;0.0;0.0;0.0;0.0;0.0;0.0;0.0;0.0;0.0;0.0;0.0;0.0;0.0;0.0;0.0;0.0;0.0;0.0;0.0;0.0;0.0;0.0;0.0;0.0;0.0;0.0;0.0;0.0;0.0;888.0
Iguatu;BARRO ALTO;-6.4483611111111;-39.385333333333;2019;10;0.0;0.0;0.0;0.0;0.0;0.0;0.0;0.0;0.0;0.0;0.0;0.0;0.0;0.0;0.0;0.0;0.0;0.0;0.0;0.0;0.0;0.0;0.0;0.0;0.0;0.0;0.0;0.0;0.0;0.0;0.0;0.0
Iguatu;BARRO ALTO;-6.4483611111111;-39.385333333333;2019;11;0.0;0.0;0.0;0.0;0.0;0.0;0.0;0.0;0.0;0.0;0.0;0.0;0.0;0.0;0.0;0.0;0.0;0.0;0.0;0.0;0.0;0.0;0.0;0.0;0.0;0.0;0.0;0.0;0.0;0.0;0.0;888.0
Iguatu;BARRO ALTO;-6.4483611111111;-39.385333333333;2019;12;6.0;0.0;0.0;0.0;0.0;0.0;0.0;0.0;6.0;0.0;0.0;0.0;0.0;0.0;0.0;0.0;0.0;0.0;0.0;0.0;0.0;0.0;0.0;0.0;0.0;0.0;0.0;0.0;0.0;0.0;0.0;0.0
Iguatu;BARRO ALTO;-6.4483611111111;-39.385333333333;2020;1;92.6;16.0;0.0;0.0;0.0;0.0;0.0;0.0;0.0;0.0;0.0;26.0;0.0;0.0;0.0;13.0;3.0;0.0;0.0;0.0;0.0;6.0;0.0;0.0;0.0;0.0;0.0;0.0;0.0;0.0;17.4;11.2
Iguatu;BARRO ALTO;-6.4483611111111;-39.385333333333;2020;2;308.0;5.4;0.0;0.0;0.0;73.2;0.0;0.0;0.0;0.0;0.0;0.0;0.0;0.0;6.4;0.0;65.0;2.3;20.2;30.3;0.0;53.0;0.0;32.0;0.0;0.0;0.0;6.2;14.0;0.0;888.0;888.0
Iguatu;BARRO ALTO;-6.4483611111111;-39.385333333333;2020;3;351.4;0.0;0.0;0.0;22.0;0.0;0.0;0.0;0.0;17.0;24.0;0.0;0.0;74.0;17.0;30.2;120.6;12.0;0.0;0.0;0.0;0.0;0.0;0.0;0.0;13.4;0.0;16.2;5.0;0.0;0.0;0.0
Iguatu;BARRO ALTO;-6.4483611111111;-39.385333333333;2020;4;134.2;11.0;10.0;0.0;0.0;0.0;0.0;0.0;0.0;0.0;0.0;0.0;0.0;23.6;0.0;0.0;0.0;0.0;0.0;0.0;13.4;9.2;0.0;29.4;23.4;0.0;0.0;0.0;0.0;0.0;14.2;888.0
Iguatu;BARRO ALTO;-6.4483611111111;-39.385333333333;2020;5;79.0;0.0;0.0;0.0;0.0;0.0;0.0;0.0;0.0;0.0;0.0;0.0;0.0;0.0;0.0;8.2;5.0;0.0;0.0;18.0;0.0;11.2;5.0;10.4;0.0;21.2;0.0;0.0;0.0;0.0;0.0;0.0
Iguatu;BARRO ALTO;-6.4483611111111;-39.385333333333;2020;6;17.0;0.0;0.0;0.0;0.0;0.0;0.0;0.0;0.0;0.0;0.0;0.0;0.0;0.0;0.0;0.0;0.0;0.0;0.0;17.0;0.0;0.0;0.0;0.0;0.0;0.0;0.0;0.0;0.0;0.0;0.0;888.0
Iguatu;BARRO ALTO;-6.4483611111111;-39.385333333333;2020;7;0.0;0.0;0.0;0.0;0.0;0.0;0.0;0.0;0.0;0.0;0.0;0.0;0.0;0.0;0.0;0.0;0.0;0.0;0.0;0.0;0.0;0.0;0.0;0.0;0.0;0.0;0.0;0.0;0.0;0.0;0.0;0.0
Iguatu;BARRO ALTO;-6.4483611111111;-39.385333333333;2020;8;0.0;0.0;0.0;0.0;0.0;0.0;0.0;0.0;0.0;0.0;0.0;0.0;0.0;0.0;0.0;0.0;0.0;0.0;0.0;0.0;0.0;0.0;0.0;0.0;0.0;0.0;0.0;0.0;0.0;0.0;0.0;0.0
Iguatu;BARRO ALTO;-6.4483611111111;-39.385333333333;2020;9;0.0;0.0;0.0;0.0;0.0;0.0;0.0;0.0;0.0;0.0;0.0;0.0;0.0;0.0;0.0;0.0;0.0;0.0;0.0;0.0;0.0;0.0;0.0;0.0;0.0;0.0;0.0;0.0;0.0;0.0;0.0;888.0
Iguatu;BARRO ALTO;-6.4483611111111;-39.385333333333;2020;10;5.0;0.0;0.0;0.0;0.0;0.0;0.0;0.0;0.0;0.0;0.0;0.0;0.0;0.0;0.0;0.0;0.0;0.0;0.0;0.0;0.0;0.0;0.0;0.0;0.0;5.0;0.0;0.0;0.0;0.0;0.0;0.0
Iguatu;BARRO ALTO;-6.4483611111111;-39.385333333333;2020;11;121.0;0.0;0.0;0.0;8.0;0.0;0.0;0.0;0.0;0.0;80.0;10.0;0.0;0.0;0.0;0.0;0.0;0.0;0.0;0.0;0.0;7.0;5.0;0.0;0.0;11.0;0.0;0.0;0.0;0.0;0.0;888.0
Iguatu;BARRO ALTO;-6.4483611111111;-39.385333333333;2020;12;10.0;0.0;10.0;0.0;0.0;0.0;0.0;0.0;0.0;0.0;0.0;0.0;0.0;0.0;0.0;0.0;0.0;0.0;0.0;0.0;0.0;0.0;0.0;0.0;0.0;0.0;0.0;0.0;0.0;0.0;0.0;0.0
Iguatu;BARRO ALTO;-6.4483611111111;-39.385333333333;2021;1;129.0;28.0;0.0;0.0;0.0;9.0;0.0;0.0;0.0;0.0;0.0;0.0;0.0;0.0;0.0;0.0;0.0;0.0;13.0;18.0;0.0;0.0;10.0;0.0;0.0;7.0;8.0;8.0;3.0;25.0;0.0;0.0
Iguatu;BARRO ALTO;-6.4483611111111;-39.385333333333;2021;2;241.0;0.0;0.0;0.0;0.0;0.0;0.0;0.0;0.0;0.0;0.0;20.0;0.0;0.0;85.0;0.0;65.0;0.0;0.0;0.0;0.0;0.0;43.0;0.0;0.0;28.0;0.0;0.0;0.0;888.0;888.0;888.0
Iguatu;BARRO ALTO;-6.4483611111111;-39.385333333333;2021;3;166.5;15.0;0.0;0.0;0.0;0.0;0.0;0.0;0.0;0.0;0.0;0.0;0.0;0.0;0.0;0.0;0.0;0.0;5.0;3.0;0.0;16.0;17.0;0.0;20.5;0.0;90.0;0.0;0.0;0.0;0.0;0.0
Iguatu;BARRO ALTO;-6.4483611111111;-39.385333333333;2021;4;225.4;0.0;0.0;0.0;0.0;17.0;0.0;0.0;0.0;0.0;0.0;0.0;42.4;23.0;0.0;25.0;0.0;0.0;0.0;0.0;0.0;0.0;0.0;0.0;26.0;21.0;0.0;0.0;0.0;71.0;0.0;888.0
Iguatu;BARRO ALTO;-6.4483611111111;-39.385333333333;2021;5;79.0;0.0;0.0;0.0;0.0;0.0;30.0;17.0;15.0;0.0;0.0;0.0;0.0;0.0;0.0;0.0;0.0;0.0;0.0;17.0;0.0;0.0;0.0;0.0;0.0;0.0;0.0;0.0;0.0;0.0;0.0;0.0
Iguatu;BARRO ALTO;-6.4483611111111;-39.385333333333;2021;6;24.0;24.0;0.0;0.0;0.0;0.0;0.0;0.0;0.0;0.0;0.0;0.0;0.0;0.0;0.0;0.0;0.0;0.0;0.0;0.0;0.0;0.0;0.0;0.0;0.0;0.0;0.0;0.0;0.0;0.0;0.0;888.0
Iguatu;BARRO ALTO;-6.4483611111111;-39.385333333333;2021;7;45.0;0.0;45.0;0.0;0.0;0.0;0.0;0.0;0.0;0.0;0.0;0.0;0.0;0.0;0.0;0.0;0.0;0.0;0.0;0.0;0.0;0.0;0.0;0.0;0.0;0.0;0.0;0.0;0.0;0.0;0.0;0.0
Iguatu;BARRO ALTO;-6.4483611111111;-39.385333333333;2021;8;0.0;0.0;0.0;0.0;0.0;0.0;0.0;0.0;0.0;0.0;0.0;0.0;0.0;0.0;0.0;0.0;0.0;0.0;0.0;0.0;0.0;0.0;0.0;0.0;0.0;0.0;0.0;0.0;0.0;0.0;0.0;0.0
Iguatu;BARRO ALTO;-6.4483611111111;-39.385333333333;2021;9;0.0;0.0;0.0;0.0;0.0;0.0;0.0;0.0;0.0;0.0;0.0;0.0;0.0;0.0;0.0;0.0;0.0;0.0;0.0;0.0;0.0;0.0;0.0;0.0;0.0;0.0;0.0;0.0;0.0;0.0;0.0;888.0
Iguatu;BARRO ALTO;-6.4483611111111;-39.385333333333;2021;10;10.0;0.0;0.0;0.0;0.0;0.0;0.0;0.0;0.0;0.0;0.0;0.0;0.0;0.0;0.0;0.0;0.0;0.0;0.0;0.0;0.0;0.0;0.0;0.0;0.0;0.0;0.0;0.0;10.0;0.0;0.0;0.0
Iguatu;BARRO ALTO;-6.4483611111111;-39.385333333333;2021;11;100.0;0.0;0.0;0.0;0.0;0.0;0.0;0.0;0.0;0.0;0.0;0.0;0.0;0.0;30.0;50.0;20.0;0.0;0.0;0.0;0.0;0.0;0.0;0.0;0.0;0.0;0.0;0.0;0.0;0.0;0.0;888.0
Iguatu;BARRO ALTO;-6.4483611111111;-39.385333333333;2021;12;86.2;0.0;0.0;0.0;0.0;46.0;0.0;0.0;0.0;0.0;0.0;0.0;0.0;0.0;0.0;0.0;0.0;0.0;0.0;0.0;0.0;0.0;0.0;0.0;0.0;0.0;12.0;13.0;0.0;0.0;0.0;15.2
Iguatu;BARRO ALTO;-6.4483611111111;-39.385333333333;2022;1;287.8;20.4;40.0;0.0;48.0;0.0;0.0;0.0;0.0;0.0;0.0;25.2;0.0;26.0;0.0;28.2;0.0;0.0;45.0;0.0;0.0;0.0;0.0;0.0;0.0;0.0;0.0;55.0;0.0;0.0;0.0;0.0
Iguatu;BARRO ALTO;-6.4483611111111;-39.385333333333;2022;2;77.2;0.0;0.0;0.0;0.0;17.0;0.0;0.0;18.2;0.0;0.0;0.0;0.0;0.0;0.0;0.0;0.0;0.0;0.0;0.0;8.0;13.0;0.0;0.0;0.0;0.0;0.0;0.0;21.0;888.0;888.0;888.0
Iguatu;BARRO ALTO;-6.4483611111111;-39.385333333333;2022;3;300.0;7.0;3.0;7.0;0.0;0.0;0.0;8.0;0.0;15.0;10.0;27.0;27.0;0.0;0.0;26.0;7.0;5.0;12.0;5.0;0.0;9.0;46.0;0.0;6.0;23.0;0.0;0.0;36.0;21.0;0.0;0.0
Iguatu;BARRO ALTO;-6.4483611111111;-39.385333333333;2022;4;143.0;16.0;31.0;0.0;23.0;0.0;0.0;0.0;0.0;0.0;0.0;0.0;0.0;0.0;0.0;0.0;0.0;26.0;12.0;0.0;0.0;0.0;0.0;0.0;35.0;0.0;0.0;0.0;0.0;0.0;0.0;888.0
Iguatu;BARRO ALTO;-6.4483611111111;-39.385333333333;2022;5;62.2;0.0;0.0;0.0;6.0;0.0;0.0;0.0;0.0;0.0;0.0;0.0;0.0;11.2;37.0;8.0;0.0;0.0;0.0;0.0;0.0;0.0;0.0;0.0;0.0;0.0;0.0;0.0;0.0;0.0;0.0;0.0
Iguatu;BARRO ALTO;-6.4483611111111;-39.385333333333;2022;6;74.6;0.0;20.2;2.0;0.0;0.0;0.0;0.0;0.0;0.0;7.2;36.2;0.0;0.0;0.0;0.0;0.0;0.0;0.0;0.0;9.0;0.0;0.0;0.0;0.0;0.0;0.0;0.0;0.0;0.0;0.0;888.0
Iguatu;BARRO ALTO;-6.4483611111111;-39.385333333333;2022;7;0.0;0.0;0.0;0.0;0.0;0.0;0.0;0.0;0.0;0.0;0.0;0.0;0.0;0.0;0.0;0.0;0.0;0.0;0.0;0.0;0.0;0.0;0.0;0.0;0.0;0.0;0.0;0.0;0.0;0.0;0.0;0.0
Iguatu;BARRO ALTO;-6.4483611111111;-39.385333333333;2022;8;48.2;0.0;0.0;0.0;0.0;48.2;0.0;0.0;0.0;0.0;0.0;0.0;0.0;0.0;0.0;0.0;0.0;0.0;0.0;0.0;0.0;0.0;0.0;0.0;0.0;0.0;0.0;0.0;0.0;0.0;0.0;0.0
Iguatu;BARRO ALTO;-6.4483611111111;-39.385333333333;2022;9;0.0;0.0;0.0;0.0;0.0;0.0;0.0;0.0;0.0;0.0;0.0;0.0;0.0;0.0;0.0;0.0;0.0;0.0;0.0;0.0;0.0;0.0;0.0;0.0;0.0;0.0;0.0;0.0;0.0;0.0;0.0;888.0
Iguatu;BARRO ALTO;-6.4483611111111;-39.385333333333;2022;10;0.0;0.0;0.0;0.0;0.0;0.0;0.0;0.0;0.0;0.0;0.0;0.0;0.0;0.0;0.0;0.0;0.0;0.0;0.0;0.0;0.0;0.0;0.0;0.0;0.0;0.0;0.0;0.0;0.0;0.0;0.0;0.0
Iguatu;BARRO ALTO;-6.4483611111111;-39.385333333333;2022;11;100.0;0.0;0.0;0.0;20.0;0.0;15.0;40.0;0.0;0.0;0.0;0.0;0.0;0.0;25.0;0.0;0.0;0.0;0.0;0.0;0.0;0.0;0.0;0.0;0.0;0.0;0.0;0.0;0.0;0.0;0.0;888.0
Iguatu;BARRO ALTO;-6.4483611111111;-39.385333333333;2022;12;35.0;0.0;35.0;0.0;0.0;0.0;0.0;0.0;0.0;0.0;0.0;0.0;0.0;0.0;0.0;0.0;0.0;0.0;0.0;0.0;0.0;0.0;0.0;0.0;0.0;0.0;0.0;0.0;0.0;0.0;0.0;0.0
Iguatu;BARRO ALTO;-6.4483611111111;-39.385333333333;2023;1;230.4;0.0;27.2;0.0;0.0;0.0;0.0;0.0;0.0;0.0;0.0;0.0;0.0;0.0;0.0;0.0;31.2;0.0;30.0;65.0;60.0;0.0;0.0;0.0;0.0;0.0;0.0;0.0;0.0;0.0;0.0;17.0
Iguatu;BARRO ALTO;-6.4483611111111;-39.385333333333;2023;2;254.2;20.2;110.0;7.0;0.0;0.0;0.0;0.0;0.0;0.0;0.0;0.0;0.0;0.0;0.0;0.0;33.0;12.0;6.0;0.0;9.0;0.0;0.0;33.0;0.0;16.0;8.0;0.0;0.0;888.0;888.0;888.0
Iguatu;BARRO ALTO;-6.4483611111111;-39.385333333333;2023;3;232.0;0.0;0.0;19.0;0.0;0.0;0.0;0.0;0.0;0.0;0.0;0.0;7.0;34.0;0.0;0.0;0.0;0.0;7.0;49.0;21.0;0.0;34.0;0.0;0.0;0.0;0.0;41.0;0.0;0.0;13.0;7.0
Iguatu;BARRO ALTO;-6.4483611111111;-39.385333333333;2023;4;171.5;5.0;0.0;0.0;40.0;12.0;0.0;0.0;0.0;60.0;0.0;0.0;0.0;0.0;29.0;0.0;0.0;10.0;0.0;0.0;0.0;0.0;0.0;0.0;0.0;0.0;0.0;0.0;0.0;15.5;0.0;888.0
Iguatu;BARRO ALTO;-6.4483611111111;-39.385333333333;2023;5;42.4;10.0;0.0;0.0;10.2;0.0;0.0;0.0;0.0;0.0;0.0;0.0;0.0;0.0;0.0;10.2;12.0;0.0;0.0;0.0;0.0;0.0;0.0;0.0;0.0;0.0;0.0;0.0;0.0;0.0;0.0;0.0
Iguatu;BARRO ALTO;-6.4483611111111;-39.385333333333;2023;6;13.0;0.0;0.0;0.0;0.0;0.0;0.0;0.0;0.0;0.0;0.0;0.0;0.0;0.0;0.0;0.0;13.0;0.0;0.0;0.0;0.0;0.0;0.0;0.0;0.0;0.0;0.0;0.0;0.0;0.0;0.0;888.0
Iguatu;BARRO ALTO;-6.4483611111111;-39.385333333333;2023;7;5.0;0.0;0.0;0.0;0.0;0.0;0.0;5.0;0.0;0.0;0.0;0.0;0.0;0.0;0.0;0.0;0.0;0.0;0.0;0.0;0.0;0.0;0.0;0.0;0.0;0.0;0.0;0.0;0.0;0.0;0.0;0.0
Iguatu;BARRO ALTO;-6.4483611111111;-39.385333333333;2023;8;5.0;0.0;0.0;0.0;0.0;0.0;0.0;5.0;0.0;0.0;0.0;0.0;0.0;0.0;0.0;0.0;0.0;0.0;0.0;0.0;0.0;0.0;0.0;0.0;0.0;0.0;0.0;0.0;0.0;0.0;0.0;0.0
Iguatu;BARRO ALTO;-6.4483611111111;-39.385333333333;2023;9;0.0;0.0;0.0;0.0;0.0;0.0;0.0;0.0;0.0;0.0;0.0;0.0;0.0;0.0;0.0;0.0;0.0;0.0;0.0;0.0;0.0;0.0;0.0;0.0;0.0;0.0;0.0;0.0;0.0;0.0;0.0;888.0
Iguatu;BARRO ALTO;-6.4483611111111;-39.385333333333;2023;10;0.0;0.0;0.0;0.0;0.0;0.0;0.0;0.0;0.0;0.0;0.0;0.0;0.0;0.0;0.0;0.0;0.0;0.0;0.0;0.0;0.0;0.0;0.0;0.0;0.0;0.0;0.0;0.0;0.0;0.0;0.0;0.0
Iguatu;BARRO ALTO;-6.4483611111111;-39.385333333333;2023;11;0.0;0.0;0.0;0.0;0.0;0.0;0.0;0.0;0.0;0.0;0.0;0.0;0.0;0.0;0.0;0.0;0.0;0.0;0.0;0.0;0.0;0.0;0.0;0.0;0.0;0.0;0.0;0.0;0.0;0.0;0.0;888.0
Iguatu;BARRO ALTO;-6.4483611111111;-39.385333333333;2023;12;40.0;0.0;0.0;0.0;0.0;0.0;0.0;0.0;0.0;0.0;0.0;0.0;0.0;0.0;0.0;0.0;0.0;0.0;0.0;6.0;9.0;0.0;25.0;0.0;0.0;0.0;0.0;0.0;0.0;0.0;0.0;0.0
Iguatu;BARRO ALTO;-6.4483611111111;-39.385333333333;2024;1;160.0;99.0;0.0;0.0;0.0;0.0;0.0;0.0;0.0;0.0;0.0;0.0;40.0;0.0;0.0;0.0;0.0;0.0;0.0;0.0;0.0;21.0;0.0;0.0;0.0;0.0;0.0;0.0;0.0;0.0;0.0;0.0
Iguatu;BARRO ALTO;-6.4483611111111;-39.385333333333;2024;2;137.0;0.0;0.0;0.0;0.0;0.0;0.0;0.0;0.0;0.0;43.0;0.0;0.0;0.0;0.0;0.0;0.0;0.0;0.0;0.0;50.0;21.0;23.0;0.0;0.0;0.0;0.0;0.0;0.0;0.0;888.0;888.0
Iguatu;BARRO ALTO;-6.4483611111111;-39.385333333333;2024;3;259.3;11.0;23.0;0.0;54.0;13.3;0.0;0.0;0.0;0.0;12.0;0.0;0.0;0.0;26.0;0.0;0.0;0.0;0.0;7.0;0.0;0.0;0.0;0.0;0.0;0.0;0.0;35.0;28.0;0.0;50.0;0.0
Iguatu;BARRO ALTO;-6.4483611111111;-39.385333333333;2024;4;417.0;0.0;0.0;4.0;16.0;16.0;21.0;0.0;5.0;0.0;0.0;0.0;81.0;68.0;0.0;43.0;25.0;0.0;5.0;9.0;21.0;38.0;46.0;19.0;0.0;0.0;0.0;0.0;0.0;0.0;0.0;888.0
Iguatu;BARRO ALTO;-6.4483611111111;-39.385333333333;2024;5;29.4;0.0;0.0;0.0;0.0;0.0;0.0;0.0;0.0;0.0;0.0;0.0;0.0;0.0;0.0;5.4;0.0;0.0;0.0;0.0;0.0;24.0;0.0;0.0;0.0;0.0;0.0;0.0;0.0;0.0;0.0;0.0
Iguatu;BARRO ALTO;-6.4483611111111;-39.385333333333;2024;6;14.0;0.0;0.0;0.0;0.0;0.0;0.0;0.0;9.0;0.0;0.0;0.0;0.0;0.0;0.0;0.0;0.0;0.0;0.0;0.0;0.0;0.0;0.0;0.0;5.0;0.0;0.0;0.0;0.0;0.0;0.0;888.0
Iguatu;BARRO ALTO;-6.4483611111111;-39.385333333333;2024;7;61.0;0.0;0.0;0.0;0.0;0.0;0.0;12.0;3.0;0.0;0.0;46.0;0.0;0.0;0.0;0.0;0.0;0.0;0.0;0.0;0.0;0.0;0.0;0.0;0.0;0.0;0.0;0.0;0.0;0.0;0.0;0.0
Iguatu;BARRO ALTO;-6.4483611111111;-39.385333333333;2024;8;0.0;0.0;0.0;0.0;0.0;0.0;0.0;0.0;0.0;0.0;0.0;0.0;0.0;0.0;0.0;0.0;0.0;0.0;0.0;0.0;0.0;0.0;0.0;0.0;0.0;0.0;0.0;0.0;0.0;0.0;0.0;0.0
Iguatu;BARRO ALTO;-6.4483611111111;-39.385333333333;2024;9;8.0;0.0;0.0;0.0;0.0;0.0;0.0;0.0;0.0;0.0;0.0;0.0;0.0;0.0;0.0;0.0;0.0;0.0;0.0;0.0;0.0;0.0;0.0;0.0;0.0;0.0;0.0;0.0;0.0;0.0;8.0;888.0
Iguatu;BARRO ALTO;-6.4483611111111;-39.385333333333;2024;10;0.0;0.0;0.0;999.0;999.0;999.0;999.0;999.0;999.0;999.0;999.0;999.0;999.0;999.0;999.0;999.0;999.0;999.0;999.0;999.0;999.0;999.0;999.0;999.0;999.0;999.0;999.0;999.0;999.0;999.0;999.0;999.0
