Municipios;Postos;Latitude;Longitude;Anos;Meses;Total;Dia1;Dia2;Dia3;Dia4;Dia5;Dia6;Dia7;Dia8;Dia9;Dia10;Dia11;Dia12;Dia13;Dia14;Dia15;Dia16;Dia17;Dia18;Dia19;Dia20;Dia21;Dia22;Dia23;Dia24;Dia25;Dia26;Dia27;Dia28;Dia29;Dia30;Dia31
Senador Pompeu;BONFIM;-5.5215833333333;-39.499888888889;2000;11;0.0;0.0;0.0;0.0;0.0;0.0;0.0;0.0;0.0;0.0;0.0;0.0;0.0;0.0;0.0;0.0;0.0;0.0;0.0;0.0;0.0;0.0;0.0;0.0;0.0;0.0;0.0;0.0;0.0;0.0;0.0;888.0
Senador Pompeu;BONFIM;-5.5215833333333;-39.499888888889;2000;12;33.2;0.0;0.0;0.0;0.0;0.0;0.0;0.0;0.0;0.0;0.0;0.0;0.0;0.0;0.0;16.2;17.0;0.0;0.0;0.0;0.0;0.0;0.0;0.0;0.0;0.0;0.0;0.0;0.0;0.0;0.0;0.0
Senador Pompeu;BONFIM;-5.5215833333333;-39.499888888889;2001;1;48.0;0.0;0.0;0.0;0.0;0.0;0.0;0.0;0.0;0.0;0.0;0.0;36.0;12.0;0.0;0.0;0.0;0.0;0.0;0.0;0.0;0.0;0.0;0.0;0.0;0.0;0.0;0.0;0.0;0.0;0.0;0.0
Senador Pompeu;BONFIM;-5.5215833333333;-39.499888888889;2001;2;69.0;0.0;0.0;0.0;0.0;0.0;0.0;0.0;0.0;0.0;0.0;0.0;0.0;9.0;0.0;0.0;8.0;0.0;0.0;0.0;0.0;0.0;0.0;0.0;0.0;0.0;30.0;22.0;0.0;888.0;888.0;888.0
Senador Pompeu;BONFIM;-5.5215833333333;-39.499888888889;2001;3;130.0;5.0;7.0;0.0;0.0;0.0;0.0;0.0;0.0;13.0;0.0;0.0;20.0;5.0;48.0;0.0;0.0;0.0;0.0;20.0;12.0;0.0;0.0;0.0;0.0;0.0;0.0;0.0;0.0;0.0;0.0;0.0
Senador Pompeu;BONFIM;-5.5215833333333;-39.499888888889;2001;4;95.0;0.0;0.0;32.0;0.0;0.0;0.0;0.0;0.0;0.0;0.0;0.0;0.0;0.0;0.0;5.0;7.0;0.0;0.0;0.0;0.0;0.0;0.0;0.0;0.0;0.0;0.0;6.0;45.0;0.0;0.0;888.0
Senador Pompeu;BONFIM;-5.5215833333333;-39.499888888889;2001;5;0.0;0.0;0.0;0.0;0.0;0.0;0.0;0.0;0.0;0.0;0.0;0.0;0.0;0.0;0.0;0.0;0.0;0.0;0.0;0.0;0.0;0.0;0.0;0.0;0.0;0.0;0.0;0.0;0.0;0.0;0.0;0.0
Senador Pompeu;BONFIM;-5.5215833333333;-39.499888888889;2001;6;78.0;65.0;0.0;0.0;7.0;0.0;0.0;6.0;0.0;0.0;0.0;0.0;0.0;0.0;0.0;0.0;0.0;0.0;0.0;0.0;0.0;0.0;0.0;0.0;0.0;0.0;0.0;0.0;0.0;0.0;0.0;888.0
Senador Pompeu;BONFIM;-5.5215833333333;-39.499888888889;2001;7;0.0;0.0;0.0;0.0;0.0;0.0;0.0;0.0;0.0;0.0;0.0;0.0;0.0;0.0;0.0;0.0;0.0;0.0;0.0;0.0;0.0;0.0;0.0;0.0;0.0;0.0;0.0;0.0;0.0;0.0;0.0;0.0
Senador Pompeu;BONFIM;-5.5215833333333;-39.499888888889;2001;8;0.0;0.0;0.0;0.0;0.0;0.0;0.0;0.0;0.0;0.0;0.0;0.0;0.0;0.0;0.0;0.0;0.0;0.0;0.0;0.0;0.0;0.0;0.0;0.0;0.0;0.0;0.0;0.0;0.0;0.0;0.0;0.0
Senador Pompeu;BONFIM;-5.5215833333333;-39.499888888889;2001;9;0.0;0.0;0.0;0.0;0.0;0.0;0.0;0.0;0.0;0.0;0.0;0.0;0.0;0.0;0.0;0.0;0.0;0.0;0.0;0.0;0.0;0.0;0.0;0.0;0.0;0.0;0.0;0.0;0.0;0.0;0.0;888.0
Senador Pompeu;BONFIM;-5.5215833333333;-39.499888888889;2001;10;0.0;0.0;0.0;0.0;0.0;0.0;0.0;0.0;0.0;0.0;0.0;0.0;0.0;0.0;0.0;0.0;0.0;0.0;0.0;0.0;0.0;0.0;0.0;0.0;0.0;0.0;0.0;0.0;0.0;0.0;0.0;0.0
Senador Pompeu;BONFIM;-5.5215833333333;-39.499888888889;2001;11;0.0;0.0;0.0;0.0;0.0;0.0;0.0;0.0;0.0;0.0;0.0;0.0;0.0;0.0;0.0;0.0;0.0;0.0;0.0;0.0;0.0;0.0;0.0;0.0;0.0;0.0;0.0;0.0;0.0;0.0;0.0;888.0
Senador Pompeu;BONFIM;-5.5215833333333;-39.499888888889;2001;12;0.0;0.0;0.0;0.0;0.0;0.0;0.0;0.0;0.0;0.0;0.0;0.0;0.0;0.0;0.0;0.0;0.0;0.0;0.0;0.0;0.0;0.0;0.0;0.0;0.0;0.0;0.0;0.0;0.0;0.0;0.0;0.0
Senador Pompeu;BONFIM;-5.5215833333333;-39.499888888889;2002;1;349.0;0.0;0.0;0.0;0.0;0.0;25.0;0.0;17.0;58.0;0.0;0.0;55.0;0.0;0.0;0.0;60.0;35.0;0.0;18.0;0.0;0.0;21.0;0.0;0.0;0.0;0.0;0.0;60.0;0.0;0.0;0.0
Senador Pompeu;BONFIM;-5.5215833333333;-39.499888888889;2002;2;51.0;0.0;0.0;0.0;0.0;0.0;0.0;0.0;0.0;0.0;25.0;0.0;16.0;0.0;0.0;0.0;0.0;0.0;0.0;0.0;0.0;0.0;10.0;0.0;0.0;0.0;0.0;0.0;0.0;888.0;888.0;888.0
Senador Pompeu;BONFIM;-5.5215833333333;-39.499888888889;2002;3;265.0;0.0;0.0;0.0;70.0;16.0;0.0;20.0;40.0;0.0;0.0;0.0;0.0;0.0;0.0;0.0;0.0;30.0;0.0;0.0;0.0;0.0;35.0;0.0;0.0;0.0;0.0;0.0;37.0;17.0;0.0;0.0
Senador Pompeu;BONFIM;-5.5215833333333;-39.499888888889;2002;4;143.0;0.0;22.0;0.0;0.0;10.0;0.0;17.0;20.0;0.0;12.0;0.0;32.0;0.0;0.0;0.0;0.0;0.0;0.0;0.0;0.0;0.0;0.0;0.0;10.0;0.0;20.0;0.0;0.0;0.0;0.0;888.0
Senador Pompeu;BONFIM;-5.5215833333333;-39.499888888889;2002;5;103.0;68.0;0.0;0.0;0.0;0.0;0.0;0.0;0.0;0.0;0.0;10.0;0.0;0.0;0.0;25.0;0.0;0.0;0.0;0.0;0.0;0.0;0.0;0.0;0.0;0.0;0.0;0.0;0.0;0.0;0.0;0.0
Senador Pompeu;BONFIM;-5.5215833333333;-39.499888888889;2002;6;44.0;20.0;0.0;0.0;0.0;0.0;0.0;0.0;0.0;0.0;0.0;0.0;0.0;12.0;0.0;0.0;0.0;0.0;0.0;0.0;12.0;0.0;0.0;0.0;0.0;0.0;0.0;0.0;0.0;0.0;0.0;888.0
Senador Pompeu;BONFIM;-5.5215833333333;-39.499888888889;2002;7;28.0;10.0;0.0;0.0;0.0;0.0;0.0;0.0;0.0;0.0;0.0;0.0;18.0;0.0;0.0;0.0;0.0;0.0;0.0;0.0;0.0;0.0;0.0;0.0;0.0;0.0;0.0;0.0;0.0;0.0;0.0;0.0
Senador Pompeu;BONFIM;-5.5215833333333;-39.499888888889;2002;8;0.0;0.0;0.0;0.0;0.0;0.0;0.0;0.0;0.0;0.0;0.0;0.0;0.0;0.0;0.0;0.0;0.0;0.0;0.0;0.0;0.0;0.0;0.0;0.0;0.0;0.0;0.0;0.0;0.0;0.0;0.0;0.0
Senador Pompeu;BONFIM;-5.5215833333333;-39.499888888889;2002;9;0.0;0.0;0.0;0.0;0.0;0.0;0.0;0.0;0.0;0.0;0.0;0.0;0.0;0.0;0.0;0.0;0.0;0.0;0.0;0.0;0.0;0.0;0.0;0.0;0.0;0.0;0.0;0.0;0.0;0.0;0.0;888.0
Senador Pompeu;BONFIM;-5.5215833333333;-39.499888888889;2002;10;0.0;0.0;0.0;0.0;0.0;0.0;0.0;0.0;0.0;0.0;0.0;0.0;0.0;0.0;0.0;0.0;0.0;0.0;0.0;0.0;0.0;0.0;0.0;0.0;0.0;0.0;0.0;0.0;0.0;0.0;0.0;0.0
Senador Pompeu;BONFIM;-5.5215833333333;-39.499888888889;2002;11;0.0;0.0;0.0;0.0;0.0;0.0;0.0;0.0;0.0;0.0;0.0;0.0;0.0;0.0;0.0;0.0;0.0;0.0;0.0;0.0;0.0;0.0;0.0;0.0;0.0;0.0;0.0;0.0;0.0;0.0;0.0;888.0
Senador Pompeu;BONFIM;-5.5215833333333;-39.499888888889;2002;12;0.0;0.0;0.0;0.0;0.0;0.0;0.0;0.0;0.0;0.0;0.0;0.0;0.0;0.0;0.0;0.0;0.0;0.0;0.0;0.0;0.0;0.0;0.0;0.0;0.0;0.0;0.0;0.0;0.0;0.0;0.0;0.0
Senador Pompeu;BONFIM;-5.5215833333333;-39.499888888889;2003;1;0.0;0.0;0.0;0.0;0.0;0.0;0.0;0.0;0.0;0.0;0.0;0.0;0.0;0.0;0.0;0.0;0.0;0.0;0.0;0.0;0.0;0.0;0.0;0.0;0.0;0.0;0.0;0.0;0.0;0.0;0.0;0.0
Senador Pompeu;BONFIM;-5.5215833333333;-39.499888888889;2003;2;83.0;0.0;0.0;0.0;0.0;0.0;0.0;0.0;0.0;0.0;0.0;0.0;10.0;25.0;0.0;0.0;0.0;0.0;0.0;0.0;0.0;0.0;0.0;0.0;17.5;30.5;0.0;0.0;0.0;888.0;888.0;888.0
Senador Pompeu;BONFIM;-5.5215833333333;-39.499888888889;2003;3;322.5;0.0;0.0;0.0;45.0;7.5;0.0;0.0;0.0;0.0;0.0;0.0;0.0;0.0;50.0;0.0;40.0;38.0;12.0;0.0;0.0;17.0;0.0;27.5;0.0;0.0;15.0;7.5;27.5;0.0;20.0;15.5
Senador Pompeu;BONFIM;-5.5215833333333;-39.499888888889;2003;4;114.5;0.0;0.0;0.0;5.0;50.0;7.5;0.0;0.0;0.0;0.0;0.0;0.0;0.0;52.0;0.0;0.0;0.0;0.0;0.0;0.0;0.0;0.0;0.0;0.0;0.0;0.0;0.0;0.0;0.0;0.0;888.0
Senador Pompeu;BONFIM;-5.5215833333333;-39.499888888889;2003;5;48.0;0.0;0.0;0.0;0.0;48.0;0.0;0.0;0.0;0.0;0.0;0.0;0.0;0.0;0.0;0.0;0.0;0.0;0.0;0.0;0.0;0.0;0.0;0.0;0.0;0.0;0.0;0.0;0.0;0.0;0.0;0.0
Senador Pompeu;BONFIM;-5.5215833333333;-39.499888888889;2003;6;112.0;0.0;0.0;0.0;0.0;42.0;22.0;0.0;0.0;0.0;0.0;0.0;0.0;0.0;0.0;0.0;48.0;0.0;0.0;0.0;0.0;0.0;0.0;0.0;0.0;0.0;0.0;0.0;0.0;0.0;0.0;888.0
Senador Pompeu;BONFIM;-5.5215833333333;-39.499888888889;2003;7;0.0;0.0;0.0;0.0;0.0;0.0;0.0;0.0;0.0;0.0;0.0;0.0;0.0;0.0;0.0;0.0;0.0;0.0;0.0;0.0;0.0;0.0;0.0;0.0;0.0;0.0;0.0;0.0;0.0;0.0;0.0;0.0
Senador Pompeu;BONFIM;-5.5215833333333;-39.499888888889;2003;8;0.0;0.0;0.0;0.0;0.0;0.0;0.0;0.0;0.0;0.0;0.0;0.0;0.0;0.0;0.0;0.0;0.0;0.0;0.0;0.0;0.0;0.0;0.0;0.0;0.0;0.0;0.0;0.0;0.0;0.0;0.0;0.0
Senador Pompeu;BONFIM;-5.5215833333333;-39.499888888889;2003;9;0.0;0.0;0.0;0.0;0.0;0.0;0.0;0.0;0.0;0.0;0.0;0.0;0.0;0.0;0.0;0.0;0.0;0.0;0.0;0.0;0.0;0.0;0.0;0.0;0.0;0.0;0.0;0.0;0.0;0.0;0.0;888.0
Senador Pompeu;BONFIM;-5.5215833333333;-39.499888888889;2003;10;0.0;0.0;0.0;0.0;0.0;0.0;0.0;0.0;0.0;0.0;0.0;0.0;0.0;0.0;0.0;0.0;0.0;0.0;0.0;0.0;0.0;0.0;0.0;0.0;0.0;0.0;0.0;0.0;0.0;0.0;0.0;0.0
Senador Pompeu;BONFIM;-5.5215833333333;-39.499888888889;2003;11;0.0;0.0;0.0;0.0;0.0;0.0;0.0;0.0;0.0;0.0;0.0;0.0;0.0;0.0;0.0;0.0;0.0;0.0;0.0;0.0;0.0;0.0;0.0;0.0;0.0;0.0;0.0;0.0;0.0;0.0;0.0;888.0
Senador Pompeu;BONFIM;-5.5215833333333;-39.499888888889;2003;12;0.0;0.0;0.0;0.0;0.0;0.0;0.0;0.0;0.0;0.0;0.0;0.0;0.0;0.0;0.0;0.0;0.0;0.0;0.0;0.0;0.0;0.0;0.0;0.0;0.0;0.0;0.0;0.0;0.0;0.0;0.0;0.0
Senador Pompeu;BONFIM;-5.5215833333333;-39.499888888889;2004;1;390.0;0.0;0.0;0.0;0.0;0.0;0.0;0.0;0.0;0.0;0.0;0.0;0.0;0.0;16.0;4.0;0.0;10.0;19.0;0.0;7.0;44.0;0.0;68.0;10.0;7.0;3.0;17.0;145.0;40.0;0.0;0.0
Senador Pompeu;BONFIM;-5.5215833333333;-39.499888888889;2004;2;270.0;0.0;25.0;0.0;0.0;62.0;0.0;0.0;0.0;10.0;0.0;0.0;0.0;25.0;7.0;62.0;0.0;0.0;9.0;0.0;0.0;0.0;0.0;0.0;0.0;0.0;0.0;0.0;0.0;70.0;888.0;888.0
Senador Pompeu;BONFIM;-5.5215833333333;-39.499888888889;2004;3;0.0;0.0;0.0;0.0;0.0;0.0;0.0;0.0;0.0;0.0;0.0;0.0;0.0;0.0;0.0;0.0;0.0;0.0;0.0;0.0;0.0;0.0;0.0;0.0;0.0;0.0;0.0;0.0;0.0;0.0;0.0;0.0
Senador Pompeu;BONFIM;-5.5215833333333;-39.499888888889;2004;4;60.0;0.0;0.0;0.0;0.0;0.0;0.0;0.0;0.0;0.0;0.0;0.0;0.0;0.0;0.0;0.0;0.0;0.0;0.0;0.0;0.0;7.0;4.0;0.0;0.0;0.0;0.0;49.0;0.0;0.0;0.0;888.0
Senador Pompeu;BONFIM;-5.5215833333333;-39.499888888889;2004;5;101.0;0.0;0.0;0.0;0.0;7.0;0.0;0.0;0.0;0.0;0.0;0.0;0.0;0.0;0.0;0.0;0.0;0.0;0.0;0.0;0.0;87.0;0.0;7.0;0.0;0.0;0.0;0.0;0.0;0.0;0.0;0.0
Senador Pompeu;BONFIM;-5.5215833333333;-39.499888888889;2004;6;179.0;50.0;0.0;0.0;0.0;0.0;0.0;0.0;0.0;0.0;0.0;0.0;0.0;0.0;62.0;0.0;67.0;0.0;0.0;0.0;0.0;0.0;0.0;0.0;0.0;0.0;0.0;0.0;0.0;0.0;0.0;888.0
Senador Pompeu;BONFIM;-5.5215833333333;-39.499888888889;2004;7;0.0;0.0;0.0;0.0;0.0;0.0;0.0;0.0;0.0;0.0;0.0;0.0;0.0;0.0;0.0;0.0;0.0;0.0;0.0;0.0;0.0;0.0;0.0;0.0;0.0;0.0;0.0;0.0;0.0;0.0;0.0;0.0
Senador Pompeu;BONFIM;-5.5215833333333;-39.499888888889;2004;8;0.0;0.0;0.0;0.0;0.0;0.0;0.0;0.0;0.0;0.0;0.0;0.0;0.0;0.0;0.0;0.0;0.0;0.0;0.0;0.0;0.0;0.0;0.0;0.0;0.0;0.0;0.0;0.0;0.0;0.0;0.0;0.0
Senador Pompeu;BONFIM;-5.5215833333333;-39.499888888889;2004;9;0.0;0.0;0.0;0.0;0.0;0.0;0.0;0.0;0.0;0.0;0.0;0.0;0.0;0.0;0.0;0.0;0.0;0.0;0.0;0.0;0.0;0.0;0.0;0.0;0.0;0.0;0.0;0.0;0.0;0.0;0.0;888.0
Senador Pompeu;BONFIM;-5.5215833333333;-39.499888888889;2004;10;0.0;0.0;0.0;0.0;0.0;0.0;0.0;0.0;0.0;0.0;0.0;0.0;0.0;0.0;0.0;0.0;0.0;0.0;0.0;0.0;0.0;0.0;0.0;0.0;0.0;0.0;0.0;0.0;0.0;0.0;0.0;0.0
Senador Pompeu;BONFIM;-5.5215833333333;-39.499888888889;2004;11;0.0;0.0;0.0;0.0;0.0;0.0;0.0;0.0;0.0;0.0;0.0;0.0;0.0;0.0;0.0;0.0;0.0;0.0;0.0;0.0;0.0;0.0;0.0;0.0;0.0;0.0;0.0;0.0;0.0;0.0;0.0;888.0
Senador Pompeu;BONFIM;-5.5215833333333;-39.499888888889;2004;12;0.0;0.0;0.0;0.0;0.0;0.0;0.0;0.0;0.0;0.0;0.0;0.0;0.0;0.0;0.0;0.0;0.0;0.0;0.0;0.0;0.0;0.0;0.0;0.0;0.0;0.0;0.0;0.0;0.0;0.0;0.0;0.0
Senador Pompeu;BONFIM;-5.5215833333333;-39.499888888889;2005;1;0.0;0.0;0.0;0.0;0.0;0.0;0.0;0.0;0.0;0.0;0.0;0.0;0.0;0.0;0.0;0.0;0.0;0.0;0.0;0.0;0.0;0.0;0.0;0.0;0.0;0.0;0.0;0.0;0.0;0.0;0.0;0.0
Senador Pompeu;BONFIM;-5.5215833333333;-39.499888888889;2005;2;0.0;0.0;0.0;0.0;0.0;0.0;0.0;0.0;0.0;0.0;0.0;0.0;0.0;0.0;0.0;0.0;0.0;0.0;0.0;0.0;0.0;0.0;0.0;0.0;0.0;0.0;0.0;0.0;0.0;888.0;888.0;888.0
Senador Pompeu;BONFIM;-5.5215833333333;-39.499888888889;2005;3;286.0;0.0;0.0;0.0;0.0;0.0;0.0;0.0;0.0;0.0;0.0;0.0;0.0;0.0;0.0;0.0;0.0;0.0;0.0;0.0;0.0;0.0;0.0;18.0;31.0;0.0;96.0;0.0;131.0;0.0;10.0;0.0
Senador Pompeu;BONFIM;-5.5215833333333;-39.499888888889;2005;4;67.0;0.0;0.0;0.0;0.0;0.0;0.0;0.0;0.0;0.0;0.0;0.0;0.0;27.0;0.0;0.0;0.0;0.0;16.0;21.0;0.0;0.0;0.0;0.0;0.0;0.0;0.0;0.0;3.0;0.0;0.0;888.0
Senador Pompeu;BONFIM;-5.5215833333333;-39.499888888889;2005;5;251.0;16.0;3.0;0.0;0.0;8.0;0.0;0.0;0.0;32.0;38.0;56.0;0.0;19.0;0.0;35.0;0.0;0.0;0.0;0.0;16.0;0.0;0.0;0.0;0.0;0.0;12.0;0.0;16.0;0.0;0.0;0.0
Senador Pompeu;BONFIM;-5.5215833333333;-39.499888888889;2005;6;64.0;0.0;0.0;5.0;0.0;0.0;0.0;0.0;6.0;2.0;0.0;0.0;0.0;0.0;0.0;0.0;0.0;0.0;16.0;0.0;35.0;0.0;0.0;0.0;0.0;0.0;0.0;0.0;0.0;0.0;0.0;888.0
Senador Pompeu;BONFIM;-5.5215833333333;-39.499888888889;2005;7;0.0;0.0;0.0;0.0;0.0;0.0;0.0;0.0;0.0;0.0;0.0;0.0;0.0;0.0;0.0;0.0;0.0;0.0;0.0;0.0;0.0;0.0;0.0;0.0;0.0;0.0;0.0;0.0;0.0;0.0;0.0;0.0
Senador Pompeu;BONFIM;-5.5215833333333;-39.499888888889;2005;8;0.0;0.0;0.0;0.0;0.0;0.0;0.0;0.0;0.0;0.0;0.0;0.0;0.0;0.0;0.0;0.0;0.0;0.0;0.0;0.0;0.0;0.0;0.0;0.0;0.0;0.0;0.0;0.0;0.0;0.0;0.0;0.0
Senador Pompeu;BONFIM;-5.5215833333333;-39.499888888889;2005;9;0.0;0.0;0.0;0.0;0.0;0.0;0.0;0.0;0.0;0.0;0.0;0.0;0.0;0.0;0.0;0.0;0.0;0.0;0.0;0.0;0.0;0.0;0.0;0.0;0.0;0.0;0.0;0.0;0.0;0.0;0.0;888.0
Senador Pompeu;BONFIM;-5.5215833333333;-39.499888888889;2005;10;0.0;0.0;0.0;0.0;0.0;0.0;0.0;0.0;0.0;0.0;0.0;0.0;0.0;0.0;0.0;0.0;0.0;0.0;0.0;0.0;0.0;0.0;0.0;0.0;0.0;0.0;0.0;0.0;0.0;0.0;0.0;0.0
Senador Pompeu;BONFIM;-5.5215833333333;-39.499888888889;2005;11;0.0;0.0;0.0;0.0;0.0;0.0;0.0;0.0;0.0;0.0;0.0;0.0;0.0;0.0;0.0;0.0;0.0;0.0;0.0;0.0;0.0;0.0;0.0;0.0;0.0;0.0;0.0;0.0;0.0;0.0;0.0;888.0
Senador Pompeu;BONFIM;-5.5215833333333;-39.499888888889;2005;12;14.0;0.0;0.0;0.0;0.0;0.0;0.0;0.0;0.0;0.0;0.0;0.0;0.0;0.0;14.0;0.0;0.0;0.0;0.0;0.0;0.0;0.0;0.0;0.0;0.0;0.0;0.0;0.0;0.0;0.0;0.0;0.0
Senador Pompeu;BONFIM;-5.5215833333333;-39.499888888889;2006;1;0.0;0.0;0.0;0.0;0.0;0.0;0.0;0.0;0.0;0.0;0.0;0.0;0.0;0.0;0.0;0.0;0.0;0.0;0.0;0.0;0.0;0.0;0.0;0.0;0.0;0.0;0.0;0.0;0.0;0.0;0.0;0.0
Senador Pompeu;BONFIM;-5.5215833333333;-39.499888888889;2006;2;93.0;0.0;0.0;0.0;0.0;0.0;0.0;0.0;0.0;0.0;0.0;0.0;0.0;0.0;0.0;0.0;0.0;4.0;38.0;0.0;0.0;0.0;0.0;0.0;16.0;0.0;0.0;0.0;35.0;888.0;888.0;888.0
Senador Pompeu;BONFIM;-5.5215833333333;-39.499888888889;2006;3;141.0;25.0;0.0;0.0;0.0;0.0;0.0;0.0;0.0;0.0;0.0;0.0;0.0;0.0;31.0;0.0;0.0;0.0;0.0;0.0;16.0;0.0;0.0;0.0;51.0;0.0;2.0;0.0;16.0;0.0;0.0;0.0
Senador Pompeu;BONFIM;-5.5215833333333;-39.499888888889;2006;4;90.0;0.0;0.0;0.0;15.0;0.0;0.0;0.0;0.0;0.0;0.0;0.0;31.0;0.0;0.0;0.0;0.0;0.0;9.0;0.0;0.0;0.0;0.0;0.0;19.0;0.0;0.0;0.0;0.0;16.0;0.0;888.0
Senador Pompeu;BONFIM;-5.5215833333333;-39.499888888889;2006;5;232.0;16.0;3.0;0.0;0.0;8.0;0.0;0.0;0.0;32.0;38.0;56.0;0.0;0.0;0.0;35.0;0.0;0.0;0.0;0.0;0.0;16.0;0.0;0.0;0.0;0.0;12.0;0.0;16.0;0.0;0.0;0.0
Senador Pompeu;BONFIM;-5.5215833333333;-39.499888888889;2006;6;59.0;0.0;0.0;0.0;0.0;0.0;0.0;0.0;0.0;0.0;0.0;0.0;0.0;0.0;0.0;0.0;0.0;0.0;0.0;0.0;0.0;0.0;0.0;0.0;0.0;0.0;0.0;0.0;0.0;59.0;0.0;888.0
Senador Pompeu;BONFIM;-5.5215833333333;-39.499888888889;2006;7;0.0;0.0;0.0;0.0;0.0;0.0;0.0;0.0;0.0;0.0;0.0;0.0;0.0;0.0;0.0;0.0;0.0;0.0;0.0;0.0;0.0;0.0;0.0;0.0;0.0;0.0;0.0;0.0;0.0;0.0;0.0;0.0
Senador Pompeu;BONFIM;-5.5215833333333;-39.499888888889;2006;8;0.0;0.0;0.0;0.0;0.0;0.0;0.0;0.0;0.0;0.0;0.0;0.0;0.0;0.0;0.0;0.0;0.0;0.0;0.0;0.0;0.0;0.0;0.0;0.0;0.0;0.0;0.0;0.0;0.0;0.0;0.0;0.0
Senador Pompeu;BONFIM;-5.5215833333333;-39.499888888889;2006;9;0.0;0.0;0.0;0.0;0.0;0.0;0.0;0.0;0.0;0.0;0.0;0.0;0.0;0.0;0.0;0.0;0.0;0.0;0.0;0.0;0.0;0.0;0.0;0.0;0.0;0.0;0.0;0.0;0.0;0.0;0.0;888.0
Senador Pompeu;BONFIM;-5.5215833333333;-39.499888888889;2006;10;0.0;0.0;0.0;0.0;0.0;0.0;0.0;0.0;0.0;0.0;0.0;0.0;0.0;0.0;0.0;0.0;0.0;0.0;0.0;0.0;0.0;0.0;0.0;0.0;0.0;0.0;0.0;0.0;0.0;0.0;0.0;0.0
Senador Pompeu;BONFIM;-5.5215833333333;-39.499888888889;2006;11;0.0;0.0;0.0;0.0;0.0;0.0;0.0;0.0;0.0;0.0;0.0;0.0;0.0;0.0;0.0;0.0;0.0;0.0;0.0;0.0;0.0;0.0;0.0;0.0;0.0;0.0;0.0;0.0;0.0;0.0;0.0;888.0
Senador Pompeu;BONFIM;-5.5215833333333;-39.499888888889;2006;12;0.0;0.0;0.0;0.0;0.0;0.0;0.0;0.0;0.0;0.0;0.0;0.0;0.0;0.0;0.0;0.0;0.0;0.0;0.0;0.0;0.0;0.0;0.0;0.0;0.0;0.0;0.0;0.0;0.0;0.0;0.0;0.0
Senador Pompeu;BONFIM;-5.5215833333333;-39.499888888889;2007;1;0.0;0.0;0.0;0.0;0.0;0.0;0.0;0.0;0.0;0.0;0.0;0.0;0.0;0.0;0.0;0.0;0.0;0.0;0.0;0.0;0.0;0.0;0.0;0.0;0.0;0.0;0.0;0.0;0.0;0.0;0.0;0.0
Senador Pompeu;BONFIM;-5.5215833333333;-39.499888888889;2007;2;176.0;0.0;0.0;0.0;0.0;0.0;0.0;0.0;0.0;0.0;0.0;0.0;0.0;8.0;0.0;0.0;7.0;0.0;31.0;12.0;13.0;41.0;0.0;64.0;0.0;0.0;0.0;0.0;0.0;888.0;888.0;888.0
Senador Pompeu;BONFIM;-5.5215833333333;-39.499888888889;2007;3;189.0;21.0;10.0;0.0;0.0;0.0;0.0;0.0;24.0;0.0;82.0;0.0;0.0;0.0;6.0;0.0;0.0;0.0;19.0;0.0;18.0;0.0;0.0;0.0;0.0;0.0;0.0;0.0;0.0;0.0;0.0;9.0
Senador Pompeu;BONFIM;-5.5215833333333;-39.499888888889;2007;4;91.0;0.0;6.0;0.0;0.0;0.0;0.0;0.0;0.0;0.0;0.0;0.0;0.0;0.0;0.0;0.0;0.0;0.0;10.0;6.0;12.0;18.0;6.0;9.0;0.0;0.0;0.0;0.0;0.0;0.0;24.0;888.0
Senador Pompeu;BONFIM;-5.5215833333333;-39.499888888889;2007;5;75.0;25.0;0.0;3.0;0.0;0.0;0.0;0.0;0.0;0.0;0.0;0.0;0.0;0.0;0.0;0.0;0.0;0.0;0.0;0.0;19.0;0.0;0.0;15.0;0.0;0.0;0.0;0.0;0.0;0.0;13.0;0.0
Senador Pompeu;BONFIM;-5.5215833333333;-39.499888888889;2007;6;12.0;0.0;12.0;0.0;0.0;0.0;0.0;0.0;0.0;0.0;0.0;0.0;0.0;0.0;0.0;0.0;0.0;0.0;0.0;0.0;0.0;0.0;0.0;0.0;0.0;0.0;0.0;0.0;0.0;0.0;0.0;888.0
Senador Pompeu;BONFIM;-5.5215833333333;-39.499888888889;2007;7;0.0;0.0;0.0;0.0;0.0;0.0;0.0;0.0;0.0;0.0;0.0;0.0;0.0;0.0;0.0;0.0;0.0;0.0;0.0;0.0;0.0;0.0;0.0;0.0;0.0;0.0;0.0;0.0;0.0;0.0;0.0;0.0
Senador Pompeu;BONFIM;-5.5215833333333;-39.499888888889;2007;8;0.0;0.0;0.0;0.0;0.0;0.0;0.0;0.0;0.0;0.0;0.0;0.0;0.0;0.0;0.0;0.0;0.0;0.0;0.0;0.0;0.0;0.0;0.0;0.0;0.0;0.0;0.0;0.0;0.0;0.0;0.0;0.0
Senador Pompeu;BONFIM;-5.5215833333333;-39.499888888889;2007;9;0.0;0.0;0.0;0.0;0.0;0.0;0.0;0.0;0.0;0.0;0.0;0.0;0.0;0.0;0.0;0.0;0.0;0.0;0.0;0.0;0.0;0.0;0.0;0.0;0.0;0.0;0.0;0.0;0.0;0.0;0.0;888.0
Senador Pompeu;BONFIM;-5.5215833333333;-39.499888888889;2007;10;0.0;0.0;0.0;0.0;0.0;0.0;0.0;0.0;0.0;0.0;0.0;0.0;0.0;0.0;0.0;0.0;0.0;0.0;0.0;0.0;0.0;0.0;0.0;0.0;0.0;0.0;0.0;0.0;0.0;0.0;0.0;0.0
Senador Pompeu;BONFIM;-5.5215833333333;-39.499888888889;2007;11;0.0;0.0;0.0;0.0;0.0;0.0;0.0;0.0;0.0;0.0;0.0;0.0;0.0;0.0;0.0;0.0;0.0;0.0;0.0;0.0;0.0;0.0;0.0;0.0;0.0;0.0;0.0;0.0;0.0;0.0;0.0;888.0
Senador Pompeu;BONFIM;-5.5215833333333;-39.499888888889;2007;12;36.0;0.0;0.0;0.0;0.0;0.0;0.0;0.0;0.0;0.0;0.0;0.0;0.0;0.0;0.0;0.0;0.0;0.0;0.0;0.0;0.0;0.0;0.0;0.0;0.0;0.0;0.0;0.0;0.0;0.0;0.0;36.0
Senador Pompeu;BONFIM;-5.5215833333333;-39.499888888889;2008;1;42.0;0.0;0.0;0.0;0.0;0.0;0.0;0.0;0.0;0.0;0.0;0.0;0.0;0.0;0.0;0.0;0.0;0.0;0.0;0.0;0.0;0.0;0.0;35.0;0.0;0.0;0.0;0.0;7.0;0.0;0.0;0.0
Senador Pompeu;BONFIM;-5.5215833333333;-39.499888888889;2008;2;72.0;31.0;0.0;0.0;0.0;0.0;0.0;0.0;0.0;0.0;0.0;0.0;0.0;0.0;0.0;0.0;0.0;0.0;0.0;0.0;0.0;0.0;0.0;0.0;0.0;0.0;0.0;0.0;41.0;0.0;888.0;888.0
Senador Pompeu;BONFIM;-5.5215833333333;-39.499888888889;2008;3;118.0;0.0;0.0;11.0;0.0;0.0;0.0;12.0;0.0;10.0;0.0;0.0;23.0;0.0;0.0;0.0;0.0;0.0;0.0;0.0;0.0;0.0;0.0;34.0;0.0;0.0;12.0;0.0;16.0;0.0;0.0;0.0
Senador Pompeu;BONFIM;-5.5215833333333;-39.499888888889;2008;4;252.0;12.0;3.0;18.0;0.0;0.0;3.0;34.0;0.0;0.0;11.0;0.0;0.0;0.0;38.0;26.0;0.0;0.0;0.0;0.0;0.0;0.0;0.0;0.0;0.0;37.0;0.0;0.0;0.0;70.0;0.0;888.0
Senador Pompeu;BONFIM;-5.5215833333333;-39.499888888889;2008;5;110.0;16.0;0.0;0.0;0.0;0.0;0.0;0.0;0.0;0.0;51.0;0.0;16.0;0.0;0.0;0.0;0.0;0.0;7.0;0.0;0.0;0.0;0.0;0.0;0.0;0.0;7.0;0.0;0.0;13.0;0.0;0.0
Senador Pompeu;BONFIM;-5.5215833333333;-39.499888888889;2008;6;28.0;0.0;0.0;0.0;0.0;0.0;7.0;0.0;0.0;0.0;0.0;0.0;0.0;0.0;0.0;0.0;0.0;0.0;0.0;0.0;0.0;0.0;0.0;0.0;0.0;0.0;0.0;0.0;21.0;0.0;0.0;888.0
Senador Pompeu;BONFIM;-5.5215833333333;-39.499888888889;2008;7;0.0;0.0;0.0;0.0;0.0;0.0;0.0;0.0;0.0;0.0;0.0;0.0;0.0;0.0;0.0;0.0;0.0;0.0;0.0;0.0;0.0;0.0;0.0;0.0;0.0;0.0;0.0;0.0;0.0;0.0;0.0;0.0
Senador Pompeu;BONFIM;-5.5215833333333;-39.499888888889;2008;8;0.0;0.0;0.0;0.0;0.0;0.0;0.0;999.0;999.0;999.0;999.0;999.0;999.0;999.0;999.0;999.0;999.0;999.0;999.0;999.0;999.0;999.0;999.0;999.0;999.0;999.0;999.0;999.0;999.0;999.0;999.0;999.0
Senador Pompeu;BONFIM;-5.5215833333333;-39.499888888889;2008;12;0.0;0.0;999.0;999.0;999.0;999.0;999.0;999.0;999.0;999.0;999.0;999.0;999.0;999.0;999.0;999.0;999.0;999.0;999.0;999.0;999.0;999.0;999.0;999.0;999.0;999.0;999.0;999.0;999.0;999.0;999.0;999.0
Senador Pompeu;BONFIM;-5.5215833333333;-39.499888888889;2009;2;0.0;0.0;999.0;999.0;999.0;999.0;999.0;999.0;999.0;999.0;999.0;999.0;999.0;999.0;999.0;999.0;999.0;999.0;999.0;999.0;999.0;999.0;999.0;999.0;999.0;999.0;999.0;999.0;999.0;888.0;888.0;888.0
Senador Pompeu;BONFIM;-5.5215833333333;-39.499888888889;2009;4;0.0;0.0;999.0;999.0;999.0;999.0;999.0;999.0;999.0;999.0;999.0;999.0;999.0;999.0;999.0;999.0;999.0;999.0;999.0;999.0;999.0;999.0;999.0;999.0;999.0;999.0;999.0;999.0;999.0;999.0;999.0;888.0
Senador Pompeu;BONFIM;-5.5215833333333;-39.499888888889;2010;4;19.0;0.0;0.0;0.0;19.0;999.0;999.0;999.0;999.0;999.0;999.0;999.0;999.0;999.0;999.0;999.0;999.0;999.0;999.0;999.0;999.0;999.0;999.0;999.0;999.0;999.0;999.0;999.0;999.0;999.0;999.0;888.0
Senador Pompeu;BONFIM;-5.5215833333333;-39.499888888889;2012;1;0.0;0.0;999.0;999.0;999.0;999.0;999.0;999.0;999.0;999.0;999.0;999.0;999.0;999.0;999.0;999.0;999.0;999.0;999.0;999.0;999.0;999.0;999.0;999.0;999.0;999.0;999.0;999.0;999.0;999.0;999.0;999.0
Senador Pompeu;BONFIM;-5.5215833333333;-39.499888888889;2012;2;0.0;0.0;999.0;999.0;999.0;999.0;999.0;999.0;999.0;999.0;999.0;999.0;999.0;999.0;999.0;999.0;999.0;999.0;999.0;999.0;999.0;999.0;999.0;999.0;999.0;999.0;999.0;999.0;999.0;999.0;888.0;888.0
Senador Pompeu;BONFIM;-5.5215833333333;-39.499888888889;2012;3;0.0;0.0;999.0;999.0;999.0;999.0;999.0;999.0;999.0;999.0;999.0;999.0;999.0;999.0;999.0;999.0;999.0;999.0;999.0;999.0;999.0;999.0;999.0;999.0;999.0;999.0;999.0;999.0;999.0;999.0;999.0;999.0
Senador Pompeu;BONFIM;-5.5215833333333;-39.499888888889;2018;1;23.0;0.0;0.0;0.0;0.0;0.0;0.0;0.0;0.0;0.0;0.0;0.0;0.0;0.0;0.0;0.0;0.0;0.0;0.0;0.0;0.0;0.0;23.0;0.0;0.0;0.0;0.0;0.0;0.0;0.0;0.0;0.0
Senador Pompeu;BONFIM;-5.5215833333333;-39.499888888889;2018;2;84.0;0.0;0.0;0.0;0.0;0.0;0.0;0.0;0.0;0.0;35.0;0.0;0.0;0.0;0.0;0.0;0.0;0.0;0.0;0.0;0.0;0.0;0.0;0.0;19.0;30.0;0.0;0.0;0.0;888.0;888.0;888.0
Senador Pompeu;BONFIM;-5.5215833333333;-39.499888888889;2018;3;90.0;0.0;0.0;0.0;0.0;0.0;0.0;0.0;0.0;0.0;0.0;0.0;0.0;0.0;0.0;0.0;0.0;0.0;0.0;0.0;0.0;0.0;0.0;0.0;0.0;0.0;0.0;0.0;0.0;0.0;0.0;90.0
Senador Pompeu;BONFIM;-5.5215833333333;-39.499888888889;2018;4;265.0;30.0;90.0;0.0;0.0;0.0;0.0;0.0;0.0;0.0;85.0;0.0;0.0;60.0;0.0;0.0;0.0;0.0;0.0;0.0;0.0;0.0;0.0;0.0;0.0;0.0;0.0;0.0;0.0;0.0;0.0;888.0
Senador Pompeu;BONFIM;-5.5215833333333;-39.499888888889;2018;5;20.0;20.0;0.0;0.0;0.0;0.0;0.0;0.0;0.0;0.0;0.0;0.0;0.0;0.0;0.0;0.0;0.0;0.0;0.0;0.0;0.0;0.0;0.0;0.0;0.0;0.0;0.0;0.0;0.0;0.0;0.0;0.0
Senador Pompeu;BONFIM;-5.5215833333333;-39.499888888889;2018;6;0.0;0.0;0.0;0.0;0.0;0.0;0.0;0.0;0.0;0.0;0.0;0.0;0.0;0.0;0.0;0.0;0.0;0.0;0.0;0.0;0.0;0.0;0.0;0.0;0.0;0.0;0.0;0.0;0.0;0.0;0.0;888.0
Senador Pompeu;BONFIM;-5.5215833333333;-39.499888888889;2018;7;0.0;0.0;0.0;0.0;0.0;0.0;0.0;0.0;0.0;0.0;0.0;0.0;0.0;0.0;0.0;0.0;0.0;0.0;0.0;0.0;0.0;0.0;0.0;0.0;0.0;0.0;0.0;0.0;0.0;0.0;0.0;0.0
Senador Pompeu;BONFIM;-5.5215833333333;-39.499888888889;2018;8;0.0;0.0;0.0;0.0;0.0;0.0;0.0;0.0;0.0;0.0;0.0;0.0;0.0;0.0;0.0;0.0;0.0;0.0;0.0;0.0;0.0;0.0;0.0;0.0;0.0;0.0;0.0;0.0;0.0;0.0;0.0;0.0
Senador Pompeu;BONFIM;-5.5215833333333;-39.499888888889;2018;9;0.0;0.0;0.0;0.0;0.0;0.0;0.0;0.0;0.0;0.0;0.0;0.0;0.0;0.0;0.0;0.0;0.0;0.0;0.0;0.0;0.0;0.0;0.0;0.0;0.0;0.0;0.0;0.0;0.0;0.0;0.0;888.0
Senador Pompeu;BONFIM;-5.5215833333333;-39.499888888889;2018;10;0.0;0.0;0.0;0.0;0.0;0.0;0.0;0.0;0.0;0.0;0.0;0.0;0.0;0.0;0.0;0.0;0.0;0.0;0.0;0.0;0.0;0.0;0.0;0.0;0.0;0.0;0.0;0.0;0.0;0.0;0.0;0.0
Senador Pompeu;BONFIM;-5.5215833333333;-39.499888888889;2018;11;0.0;0.0;0.0;0.0;0.0;0.0;0.0;0.0;0.0;0.0;0.0;0.0;0.0;0.0;0.0;0.0;0.0;0.0;0.0;0.0;0.0;0.0;0.0;0.0;0.0;0.0;0.0;0.0;0.0;0.0;0.0;888.0
Senador Pompeu;BONFIM;-5.5215833333333;-39.499888888889;2018;12;80.0;0.0;0.0;0.0;0.0;0.0;14.0;46.0;0.0;0.0;0.0;0.0;0.0;0.0;0.0;0.0;0.0;0.0;0.0;0.0;0.0;0.0;0.0;0.0;20.0;0.0;0.0;0.0;0.0;0.0;0.0;0.0
Senador Pompeu;BONFIM;-5.5215833333333;-39.499888888889;2019;1;128.0;0.0;0.0;0.0;0.0;0.0;0.0;0.0;0.0;0.0;25.0;0.0;0.0;0.0;0.0;0.0;0.0;28.0;0.0;0.0;0.0;0.0;0.0;0.0;0.0;0.0;0.0;0.0;0.0;0.0;75.0;0.0
Senador Pompeu;BONFIM;-5.5215833333333;-39.499888888889;2019;2;154.0;0.0;0.0;0.0;0.0;0.0;0.0;0.0;0.0;0.0;0.0;0.0;0.0;0.0;47.0;65.0;0.0;0.0;0.0;0.0;0.0;0.0;0.0;24.0;18.0;0.0;0.0;0.0;0.0;888.0;888.0;888.0
Senador Pompeu;BONFIM;-5.5215833333333;-39.499888888889;2019;3;128.0;0.0;0.0;0.0;0.0;0.0;0.0;0.0;0.0;0.0;42.0;0.0;0.0;0.0;20.0;0.0;0.0;0.0;0.0;0.0;0.0;0.0;0.0;0.0;18.0;0.0;0.0;28.0;20.0;0.0;0.0;0.0
Senador Pompeu;BONFIM;-5.5215833333333;-39.499888888889;2019;4;99.0;0.0;0.0;0.0;0.0;0.0;0.0;0.0;0.0;0.0;0.0;0.0;18.0;0.0;0.0;0.0;22.0;0.0;0.0;0.0;0.0;0.0;0.0;0.0;0.0;0.0;20.0;0.0;0.0;0.0;39.0;888.0
Senador Pompeu;BONFIM;-5.5215833333333;-39.499888888889;2019;5;75.0;0.0;0.0;0.0;0.0;0.0;0.0;0.0;9.0;0.0;0.0;0.0;0.0;0.0;0.0;0.0;0.0;0.0;15.0;0.0;0.0;0.0;51.0;0.0;0.0;0.0;0.0;0.0;0.0;0.0;0.0;0.0
Senador Pompeu;BONFIM;-5.5215833333333;-39.499888888889;2019;6;35.0;0.0;0.0;0.0;0.0;0.0;0.0;0.0;0.0;0.0;0.0;0.0;0.0;0.0;0.0;35.0;0.0;0.0;0.0;0.0;0.0;0.0;0.0;0.0;0.0;0.0;0.0;0.0;0.0;0.0;0.0;888.0
Senador Pompeu;BONFIM;-5.5215833333333;-39.499888888889;2019;7;0.0;0.0;0.0;0.0;0.0;0.0;0.0;0.0;0.0;0.0;0.0;0.0;0.0;0.0;0.0;0.0;0.0;0.0;0.0;0.0;0.0;0.0;0.0;0.0;0.0;0.0;0.0;0.0;0.0;0.0;0.0;0.0
Senador Pompeu;BONFIM;-5.5215833333333;-39.499888888889;2019;8;0.0;0.0;0.0;0.0;0.0;0.0;0.0;0.0;0.0;0.0;0.0;0.0;0.0;0.0;0.0;0.0;0.0;0.0;0.0;0.0;0.0;0.0;0.0;0.0;0.0;0.0;0.0;0.0;0.0;0.0;0.0;0.0
Senador Pompeu;BONFIM;-5.5215833333333;-39.499888888889;2019;9;13.0;0.0;0.0;0.0;0.0;0.0;0.0;0.0;0.0;0.0;0.0;0.0;0.0;0.0;0.0;0.0;0.0;0.0;0.0;0.0;0.0;0.0;0.0;0.0;13.0;0.0;0.0;0.0;0.0;0.0;0.0;888.0
Senador Pompeu;BONFIM;-5.5215833333333;-39.499888888889;2019;10;0.0;0.0;0.0;0.0;0.0;0.0;0.0;0.0;0.0;0.0;0.0;0.0;0.0;0.0;0.0;0.0;0.0;0.0;0.0;0.0;0.0;0.0;0.0;0.0;0.0;0.0;0.0;0.0;0.0;0.0;0.0;0.0
Senador Pompeu;BONFIM;-5.5215833333333;-39.499888888889;2019;11;0.0;0.0;0.0;0.0;0.0;0.0;0.0;0.0;0.0;0.0;0.0;0.0;0.0;0.0;0.0;0.0;0.0;0.0;0.0;0.0;0.0;0.0;0.0;0.0;0.0;0.0;0.0;0.0;0.0;0.0;0.0;888.0
Senador Pompeu;BONFIM;-5.5215833333333;-39.499888888889;2019;12;0.0;0.0;0.0;0.0;0.0;0.0;0.0;0.0;0.0;0.0;0.0;0.0;0.0;0.0;0.0;0.0;0.0;0.0;0.0;0.0;0.0;0.0;0.0;0.0;0.0;0.0;0.0;0.0;0.0;0.0;0.0;0.0
Senador Pompeu;BONFIM;-5.5215833333333;-39.499888888889;2020;1;38.0;0.0;0.0;0.0;0.0;0.0;0.0;0.0;0.0;0.0;15.0;0.0;0.0;0.0;0.0;0.0;0.0;0.0;0.0;0.0;0.0;0.0;0.0;0.0;0.0;0.0;0.0;0.0;23.0;0.0;0.0;0.0
Senador Pompeu;BONFIM;-5.5215833333333;-39.499888888889;2020;2;225.0;0.0;0.0;0.0;0.0;15.0;0.0;0.0;0.0;0.0;0.0;0.0;0.0;31.0;0.0;90.0;0.0;0.0;78.0;0.0;0.0;11.0;0.0;0.0;0.0;0.0;0.0;0.0;0.0;0.0;888.0;888.0
Senador Pompeu;BONFIM;-5.5215833333333;-39.499888888889;2020;3;152.0;0.0;0.0;0.0;0.0;50.0;0.0;0.0;0.0;0.0;0.0;0.0;0.0;30.0;0.0;20.0;0.0;0.0;0.0;0.0;0.0;0.0;24.0;0.0;0.0;10.0;0.0;0.0;0.0;0.0;0.0;18.0
Senador Pompeu;BONFIM;-5.5215833333333;-39.499888888889;2020;4;76.0;0.0;0.0;0.0;0.0;0.0;0.0;0.0;0.0;0.0;0.0;0.0;0.0;0.0;0.0;0.0;0.0;0.0;0.0;0.0;0.0;35.0;0.0;0.0;29.0;12.0;0.0;0.0;0.0;0.0;0.0;888.0
Senador Pompeu;BONFIM;-5.5215833333333;-39.499888888889;2020;5;180.0;0.0;0.0;0.0;0.0;0.0;25.0;0.0;0.0;0.0;9.0;0.0;0.0;0.0;0.0;0.0;30.0;0.0;0.0;25.0;14.0;0.0;0.0;0.0;25.0;12.0;0.0;0.0;0.0;40.0;0.0;0.0
Senador Pompeu;BONFIM;-5.5215833333333;-39.499888888889;2020;6;14.0;0.0;0.0;0.0;0.0;0.0;0.0;0.0;14.0;0.0;0.0;0.0;0.0;0.0;0.0;0.0;0.0;0.0;0.0;0.0;0.0;0.0;0.0;0.0;0.0;0.0;0.0;0.0;0.0;0.0;0.0;888.0
Senador Pompeu;BONFIM;-5.5215833333333;-39.499888888889;2020;7;66.0;0.0;0.0;0.0;0.0;0.0;14.0;3.0;0.0;0.0;0.0;27.0;5.0;0.0;0.0;0.0;0.0;0.0;0.0;0.0;0.0;17.0;0.0;0.0;0.0;0.0;0.0;0.0;0.0;0.0;0.0;0.0
Senador Pompeu;BONFIM;-5.5215833333333;-39.499888888889;2020;8;0.0;0.0;0.0;0.0;0.0;0.0;0.0;0.0;0.0;0.0;0.0;0.0;0.0;0.0;0.0;0.0;0.0;0.0;0.0;0.0;0.0;0.0;0.0;0.0;0.0;0.0;0.0;0.0;0.0;0.0;0.0;0.0
Senador Pompeu;BONFIM;-5.5215833333333;-39.499888888889;2020;9;0.0;0.0;0.0;0.0;0.0;0.0;0.0;0.0;0.0;0.0;0.0;0.0;0.0;0.0;0.0;0.0;0.0;0.0;0.0;0.0;0.0;0.0;0.0;0.0;0.0;0.0;0.0;0.0;0.0;0.0;0.0;888.0
Senador Pompeu;BONFIM;-5.5215833333333;-39.499888888889;2020;10;0.0;0.0;0.0;0.0;0.0;0.0;0.0;0.0;0.0;0.0;0.0;0.0;0.0;0.0;0.0;0.0;0.0;0.0;0.0;0.0;0.0;0.0;0.0;0.0;0.0;0.0;0.0;0.0;0.0;0.0;999.0;999.0
Senador Pompeu;BONFIM;-5.5215833333333;-39.499888888889;2020;11;0.0;999.0;999.0;999.0;999.0;999.0;999.0;999.0;999.0;999.0;999.0;999.0;999.0;999.0;999.0;999.0;999.0;999.0;999.0;999.0;999.0;999.0;999.0;999.0;999.0;999.0;999.0;999.0;999.0;999.0;999.0;888.0
Senador Pompeu;BONFIM;-5.5215833333333;-39.499888888889;2021;11;5.0;0.0;0.0;0.0;0.0;0.0;0.0;0.0;0.0;0.0;0.0;0.0;0.0;0.0;0.0;0.0;0.0;0.0;0.0;0.0;0.0;0.0;0.0;5.0;0.0;0.0;0.0;0.0;0.0;0.0;0.0;888.0
Senador Pompeu;BONFIM;-5.5215833333333;-39.499888888889;2021;12;108.5;0.0;0.0;9.0;0.0;0.0;0.0;0.0;0.0;0.0;0.0;0.0;0.0;0.0;0.0;0.0;0.0;0.0;0.0;0.0;0.0;0.0;0.0;0.0;0.0;0.0;26.0;3.0;0.0;0.0;32.5;38.0
Senador Pompeu;BONFIM;-5.5215833333333;-39.499888888889;2022;1;98.0;7.0;0.0;0.0;0.0;9.0;0.0;0.0;0.0;0.0;7.5;6.0;0.0;10.0;0.0;20.5;0.0;0.0;18.0;0.0;0.0;0.0;0.0;0.0;0.0;0.0;0.0;11.0;0.0;9.0;0.0;0.0
Senador Pompeu;BONFIM;-5.5215833333333;-39.499888888889;2022;2;39.0;0.0;0.0;0.0;0.0;0.0;0.0;0.0;0.0;0.0;0.0;0.0;0.0;0.0;0.0;22.0;0.0;0.0;0.0;14.0;0.0;0.0;0.0;0.0;0.0;0.0;0.0;0.0;3.0;888.0;888.0;888.0
Senador Pompeu;BONFIM;-5.5215833333333;-39.499888888889;2022;3;218.4;25.0;4.0;6.0;0.0;27.5;0.0;33.0;0.0;0.0;0.0;30.0;0.0;0.0;0.0;3.0;3.0;0.0;0.0;0.0;34.0;0.0;10.5;7.5;19.5;15.4;0.0;0.0;0.0;0.0;0.0;0.0
Senador Pompeu;BONFIM;-5.5215833333333;-39.499888888889;2022;4;151.0;0.0;3.0;0.0;0.0;0.0;0.0;0.0;23.0;0.0;0.0;15.5;0.0;0.0;0.0;0.0;0.0;23.0;0.0;8.0;8.5;33.0;0.0;17.0;14.5;3.0;0.0;0.0;0.0;2.5;0.0;888.0
Senador Pompeu;BONFIM;-5.5215833333333;-39.499888888889;2022;5;178.7;21.7;0.0;5.5;14.0;0.0;0.0;0.0;6.0;0.0;0.0;0.0;0.0;7.5;0.0;4.0;0.0;0.0;0.0;0.0;0.0;116.0;0.0;0.0;0.0;0.0;0.0;0.0;4.0;0.0;0.0;0.0
Senador Pompeu;BONFIM;-5.5215833333333;-39.499888888889;2022;6;81.0;9.8;8.7;19.0;0.0;15.0;4.5;0.0;0.0;0.0;0.0;0.0;0.0;0.0;0.0;0.0;0.0;0.0;0.0;0.0;0.0;22.5;0.0;0.0;1.5;0.0;0.0;0.0;0.0;0.0;0.0;888.0
Senador Pompeu;BONFIM;-5.5215833333333;-39.499888888889;2022;7;62.0;0.0;5.0;3.0;0.0;16.0;0.0;0.0;27.0;6.0;0.0;0.0;0.0;0.0;0.0;0.0;0.0;0.0;0.0;0.0;0.0;5.0;0.0;0.0;0.0;0.0;0.0;0.0;0.0;0.0;0.0;0.0
Senador Pompeu;BONFIM;-5.5215833333333;-39.499888888889;2022;8;59.0;0.0;0.0;0.0;16.0;32.5;0.0;0.0;0.0;0.0;0.0;0.0;0.0;10.5;0.0;0.0;0.0;0.0;0.0;0.0;0.0;0.0;0.0;0.0;0.0;0.0;0.0;0.0;0.0;0.0;0.0;0.0
Senador Pompeu;BONFIM;-5.5215833333333;-39.499888888889;2022;9;0.0;0.0;0.0;0.0;0.0;0.0;0.0;0.0;0.0;0.0;0.0;0.0;0.0;0.0;0.0;0.0;0.0;0.0;0.0;0.0;0.0;0.0;0.0;0.0;0.0;0.0;0.0;0.0;0.0;0.0;0.0;888.0
Senador Pompeu;BONFIM;-5.5215833333333;-39.499888888889;2022;10;0.0;0.0;0.0;0.0;0.0;0.0;0.0;0.0;0.0;0.0;0.0;0.0;0.0;0.0;0.0;0.0;0.0;0.0;0.0;0.0;0.0;0.0;0.0;0.0;0.0;0.0;0.0;0.0;0.0;0.0;0.0;0.0
Senador Pompeu;BONFIM;-5.5215833333333;-39.499888888889;2022;11;80.7;0.0;0.0;0.0;0.0;0.0;0.0;60.0;3.0;0.0;0.0;0.0;0.0;3.8;0.0;5.9;0.0;0.0;0.0;0.0;0.0;0.0;0.0;0.0;0.0;4.0;0.0;0.0;0.0;0.0;4.0;888.0
Senador Pompeu;BONFIM;-5.5215833333333;-39.499888888889;2022;12;0.0;0.0;0.0;0.0;0.0;0.0;0.0;0.0;0.0;0.0;0.0;0.0;0.0;0.0;0.0;0.0;0.0;0.0;0.0;0.0;0.0;0.0;0.0;0.0;0.0;0.0;0.0;0.0;0.0;0.0;0.0;0.0
Senador Pompeu;BONFIM;-5.5215833333333;-39.499888888889;2023;1;61.0;0.0;0.0;0.0;0.0;0.0;0.0;0.0;0.0;0.0;0.0;0.0;0.0;0.0;0.0;0.0;18.0;11.0;0.0;21.0;0.0;4.0;0.0;0.0;0.0;3.0;4.0;0.0;0.0;0.0;0.0;0.0
Senador Pompeu;BONFIM;-5.5215833333333;-39.499888888889;2023;2;181.5;0.0;9.5;0.0;0.0;0.0;6.0;10.0;0.0;0.0;6.0;0.0;0.0;0.0;4.0;0.0;0.0;0.0;34.5;0.0;23.0;0.0;0.0;25.5;61.0;0.0;2.0;0.0;0.0;888.0;888.0;888.0
Senador Pompeu;BONFIM;-5.5215833333333;-39.499888888889;2023;3;452.5;0.0;0.0;10.0;0.0;0.0;0.0;0.0;0.0;45.0;0.0;0.0;17.0;0.0;35.5;44.0;0.0;90.5;0.0;17.0;0.0;13.0;0.0;0.0;40.0;0.0;0.0;105.0;4.0;9.0;22.5;0.0
Senador Pompeu;BONFIM;-5.5215833333333;-39.499888888889;2023;4;102.5;6.5;7.0;10.5;6.0;0.0;0.0;0.0;18.5;0.0;6.0;2.0;0.0;0.0;0.0;0.0;6.0;14.0;0.0;0.0;0.0;0.0;0.0;0.0;0.0;0.0;4.5;12.5;0.0;0.0;9.0;888.0
Senador Pompeu;BONFIM;-5.5215833333333;-39.499888888889;2023;5;104.3;18.5;0.0;0.0;0.0;0.0;0.0;7.5;0.0;0.0;0.0;0.0;0.0;0.0;0.0;24.3;0.0;0.0;0.0;32.0;22.0;0.0;0.0;0.0;0.0;0.0;0.0;0.0;0.0;0.0;0.0;0.0
Senador Pompeu;BONFIM;-5.5215833333333;-39.499888888889;2023;6;67.0;0.0;0.0;0.0;0.0;0.0;0.0;0.0;34.5;0.0;4.0;0.0;0.0;0.0;0.0;12.0;0.0;0.0;0.0;11.0;0.0;0.0;0.0;0.0;0.0;0.0;2.0;0.0;0.0;3.5;0.0;888.0
Senador Pompeu;BONFIM;-5.5215833333333;-39.499888888889;2023;7;15.0;0.0;0.0;0.0;0.0;0.0;0.0;3.0;1.0;3.5;0.0;0.0;0.0;0.0;0.0;0.0;5.5;2.0;0.0;0.0;0.0;0.0;0.0;0.0;0.0;0.0;0.0;0.0;0.0;0.0;0.0;0.0
Senador Pompeu;BONFIM;-5.5215833333333;-39.499888888889;2023;8;2.5;0.0;0.0;0.0;0.0;0.0;0.0;0.0;0.0;0.0;0.0;0.0;0.0;0.0;0.0;2.5;0.0;0.0;0.0;0.0;0.0;0.0;0.0;0.0;0.0;0.0;0.0;0.0;0.0;0.0;0.0;0.0
Senador Pompeu;BONFIM;-5.5215833333333;-39.499888888889;2023;9;0.0;0.0;0.0;0.0;0.0;0.0;0.0;0.0;0.0;0.0;0.0;0.0;0.0;0.0;0.0;0.0;0.0;0.0;0.0;0.0;0.0;0.0;0.0;0.0;0.0;0.0;0.0;0.0;0.0;0.0;0.0;888.0
Senador Pompeu;BONFIM;-5.5215833333333;-39.499888888889;2023;10;0.0;0.0;0.0;0.0;0.0;0.0;0.0;0.0;0.0;0.0;0.0;0.0;0.0;0.0;0.0;0.0;0.0;0.0;0.0;0.0;0.0;0.0;0.0;0.0;0.0;0.0;0.0;0.0;0.0;0.0;0.0;0.0
Senador Pompeu;BONFIM;-5.5215833333333;-39.499888888889;2023;11;0.0;0.0;0.0;0.0;0.0;0.0;0.0;0.0;0.0;0.0;0.0;0.0;0.0;0.0;0.0;0.0;0.0;0.0;0.0;0.0;0.0;0.0;0.0;0.0;0.0;0.0;0.0;0.0;0.0;0.0;0.0;888.0
Senador Pompeu;BONFIM;-5.5215833333333;-39.499888888889;2023;12;69.0;0.0;0.0;0.0;0.0;0.0;0.0;0.0;0.0;0.0;0.0;0.0;0.0;0.0;0.0;0.0;0.0;0.0;0.0;0.0;13.0;0.0;0.0;0.0;0.0;0.0;0.0;0.0;0.0;0.0;0.0;56.0
Senador Pompeu;BONFIM;-5.5215833333333;-39.499888888889;2024;1;33.0;18.5;0.0;0.0;0.0;0.0;0.0;0.0;0.0;0.0;6.5;0.0;8.0;0.0;0.0;0.0;0.0;0.0;0.0;0.0;0.0;0.0;0.0;0.0;0.0;0.0;0.0;0.0;0.0;0.0;0.0;0.0
Senador Pompeu;BONFIM;-5.5215833333333;-39.499888888889;2024;2;150.5;0.0;0.0;0.0;0.0;0.0;0.0;0.0;3.0;0.0;4.0;0.0;0.0;29.0;0.0;4.0;36.0;0.0;2.0;0.0;14.0;5.5;0.0;11.5;4.0;6.0;4.0;0.0;13.5;14.0;888.0;888.0
Senador Pompeu;BONFIM;-5.5215833333333;-39.499888888889;2024;3;209.0;0.0;0.0;22.5;0.0;0.0;0.0;0.0;0.0;0.0;0.0;5.0;0.0;0.0;8.0;0.0;17.0;17.5;0.0;9.5;0.0;0.0;0.0;0.0;32.5;0.0;13.0;14.5;16.0;0.0;0.0;53.5
Senador Pompeu;BONFIM;-5.5215833333333;-39.499888888889;2024;4;150.5;10.0;13.0;0.0;1.0;0.0;0.0;2.5;3.0;0.0;11.5;0.0;0.0;0.0;0.0;0.0;83.0;0.0;4.0;0.0;0.0;2.0;0.0;0.0;0.0;6.0;0.0;0.0;8.0;6.5;0.0;888.0
Senador Pompeu;BONFIM;-5.5215833333333;-39.499888888889;2024;5;100.0;0.0;0.0;0.0;0.0;0.0;0.0;0.0;1.5;0.0;2.0;0.0;0.0;0.0;0.0;4.0;11.0;5.0;0.0;3.5;23.5;17.5;4.0;0.0;0.0;0.0;16.0;0.0;0.0;10.0;2.0;0.0
Senador Pompeu;BONFIM;-5.5215833333333;-39.499888888889;2024;6;98.5;1.0;0.0;0.0;0.0;25.0;15.0;0.0;5.0;11.5;7.5;0.0;0.0;0.0;1.5;0.0;4.0;0.0;0.0;0.0;0.0;28.0;0.0;0.0;0.0;0.0;0.0;0.0;0.0;0.0;0.0;888.0
Senador Pompeu;BONFIM;-5.5215833333333;-39.499888888889;2024;7;38.0;0.0;0.0;0.0;0.0;0.0;0.0;22.0;12.0;0.0;0.0;0.0;0.0;4.0;0.0;0.0;0.0;0.0;0.0;0.0;0.0;0.0;0.0;0.0;0.0;0.0;0.0;0.0;0.0;0.0;0.0;0.0
Senador Pompeu;BONFIM;-5.5215833333333;-39.499888888889;2024;8;0.0;0.0;0.0;0.0;0.0;0.0;0.0;0.0;0.0;0.0;0.0;0.0;0.0;0.0;0.0;0.0;0.0;0.0;0.0;0.0;0.0;0.0;0.0;0.0;0.0;0.0;0.0;0.0;0.0;0.0;0.0;0.0
Senador Pompeu;BONFIM;-5.5215833333333;-39.499888888889;2024;9;0.0;0.0;0.0;0.0;0.0;0.0;0.0;0.0;0.0;0.0;0.0;0.0;0.0;0.0;0.0;0.0;0.0;0.0;0.0;0.0;0.0;0.0;0.0;0.0;0.0;0.0;0.0;0.0;0.0;0.0;0.0;888.0
Senador Pompeu;BONFIM;-5.5215833333333;-39.499888888889;2024;10;0.0;0.0;0.0;0.0;0.0;0.0;0.0;0.0;0.0;0.0;0.0;0.0;0.0;0.0;0.0;0.0;0.0;0.0;0.0;0.0;0.0;0.0;0.0;0.0;999.0;999.0;999.0;999.0;999.0;999.0;999.0;999.0
