Municipios;Postos;Latitude;Longitude;Anos;Meses;Total;Dia1;Dia2;Dia3;Dia4;Dia5;Dia6;Dia7;Dia8;Dia9;Dia10;Dia11;Dia12;Dia13;Dia14;Dia15;Dia16;Dia17;Dia18;Dia19;Dia20;Dia21;Dia22;Dia23;Dia24;Dia25;Dia26;Dia27;Dia28;Dia29;Dia30;Dia31
Quiterianópolis;CRUZ;-5.7878611111111;-40.617611111111;2000;12;52.0;0.0;0.0;0.0;0.0;0.0;0.0;0.0;0.0;0.0;0.0;0.0;0.0;0.0;14.0;13.0;16.0;9.0;0.0;0.0;0.0;0.0;0.0;0.0;0.0;0.0;0.0;0.0;0.0;0.0;0.0;0.0
Quiterianópolis;CRUZ;-5.7878611111111;-40.617611111111;2001;1;110.0;0.0;9.0;0.0;39.0;0.0;0.0;0.0;0.0;0.0;8.0;5.0;3.0;0.0;43.0;0.0;0.0;0.0;0.0;0.0;0.0;0.0;0.0;0.0;0.0;0.0;3.0;0.0;0.0;0.0;0.0;0.0
Quiterianópolis;CRUZ;-5.7878611111111;-40.617611111111;2001;2;119.0;0.0;9.0;0.0;39.0;0.0;0.0;0.0;0.0;0.0;8.0;5.0;3.0;6.0;46.0;0.0;0.0;0.0;0.0;0.0;0.0;0.0;0.0;0.0;0.0;0.0;3.0;0.0;0.0;888.0;888.0;888.0
Quiterianópolis;CRUZ;-5.7878611111111;-40.617611111111;2001;3;127.0;13.0;0.0;0.0;0.0;0.0;0.0;0.0;0.0;2.0;0.0;39.0;0.0;24.0;28.0;0.0;0.0;0.0;0.0;0.0;0.0;0.0;13.0;0.0;0.0;4.0;0.0;0.0;0.0;0.0;1.0;3.0
Quiterianópolis;CRUZ;-5.7878611111111;-40.617611111111;2001;4;136.0;2.0;0.0;1.0;0.0;0.0;0.0;0.0;0.0;0.0;1.0;4.0;17.0;3.0;0.0;8.0;1.0;3.0;39.0;20.0;0.0;2.0;0.0;0.0;0.0;0.0;0.0;0.0;25.0;10.0;0.0;888.0
Quiterianópolis;CRUZ;-5.7878611111111;-40.617611111111;2001;5;8.0;0.0;0.0;0.0;0.0;0.0;0.0;0.0;0.0;0.0;0.0;0.0;0.0;0.0;0.0;0.0;0.0;0.0;0.0;0.0;3.0;0.0;0.0;0.0;0.0;0.0;0.0;5.0;0.0;0.0;0.0;0.0
Quiterianópolis;CRUZ;-5.7878611111111;-40.617611111111;2001;6;63.0;53.0;0.0;9.0;1.0;0.0;0.0;0.0;0.0;0.0;0.0;0.0;0.0;0.0;0.0;0.0;0.0;0.0;0.0;0.0;0.0;0.0;0.0;0.0;0.0;0.0;0.0;0.0;0.0;0.0;0.0;888.0
Quiterianópolis;CRUZ;-5.7878611111111;-40.617611111111;2001;7;0.0;0.0;0.0;0.0;0.0;0.0;0.0;0.0;0.0;0.0;0.0;0.0;0.0;0.0;0.0;0.0;0.0;0.0;0.0;0.0;0.0;0.0;0.0;0.0;0.0;0.0;0.0;0.0;0.0;0.0;0.0;0.0
Quiterianópolis;CRUZ;-5.7878611111111;-40.617611111111;2001;8;0.0;0.0;0.0;0.0;0.0;0.0;0.0;0.0;0.0;0.0;0.0;0.0;0.0;0.0;0.0;0.0;0.0;0.0;0.0;0.0;0.0;0.0;0.0;0.0;0.0;0.0;0.0;0.0;0.0;0.0;0.0;0.0
Quiterianópolis;CRUZ;-5.7878611111111;-40.617611111111;2001;9;0.0;0.0;0.0;0.0;0.0;0.0;0.0;0.0;0.0;0.0;0.0;0.0;0.0;0.0;0.0;0.0;0.0;0.0;0.0;0.0;0.0;0.0;0.0;0.0;0.0;0.0;0.0;0.0;0.0;0.0;0.0;888.0
Quiterianópolis;CRUZ;-5.7878611111111;-40.617611111111;2001;10;7.0;0.0;0.0;0.0;0.0;0.0;0.0;0.0;0.0;0.0;0.0;0.0;0.0;7.0;0.0;0.0;0.0;0.0;0.0;0.0;0.0;0.0;0.0;0.0;0.0;0.0;0.0;0.0;0.0;0.0;0.0;0.0
Quiterianópolis;CRUZ;-5.7878611111111;-40.617611111111;2001;11;0.0;0.0;0.0;0.0;0.0;0.0;0.0;0.0;0.0;0.0;0.0;0.0;0.0;0.0;0.0;0.0;0.0;0.0;0.0;0.0;0.0;0.0;0.0;0.0;0.0;0.0;0.0;0.0;0.0;0.0;0.0;888.0
Quiterianópolis;CRUZ;-5.7878611111111;-40.617611111111;2001;12;14.0;0.0;0.0;0.0;0.0;0.0;0.0;0.0;0.0;0.0;0.0;0.0;0.0;0.0;0.0;0.0;0.0;0.0;0.0;0.0;0.0;0.0;0.0;0.0;0.0;0.0;0.0;0.0;0.0;0.0;14.0;0.0
Quiterianópolis;CRUZ;-5.7878611111111;-40.617611111111;2002;1;135.0;13.0;3.0;0.0;0.0;0.0;0.0;0.0;8.0;10.0;0.0;0.0;0.0;35.0;0.0;0.0;0.0;11.0;15.0;0.0;0.0;0.0;0.0;0.0;0.0;0.0;0.0;12.0;28.0;0.0;0.0;0.0
Quiterianópolis;CRUZ;-5.7878611111111;-40.617611111111;2002;2;20.0;0.0;0.0;0.0;1.0;0.0;0.0;0.0;0.0;0.0;14.0;0.0;0.0;5.0;0.0;0.0;0.0;0.0;0.0;0.0;0.0;0.0;0.0;0.0;0.0;0.0;0.0;0.0;0.0;888.0;888.0;888.0
Quiterianópolis;CRUZ;-5.7878611111111;-40.617611111111;2002;3;142.0;0.0;0.0;0.0;3.0;38.0;6.0;22.0;38.0;10.0;0.0;0.0;7.0;0.0;0.0;0.0;1.0;0.0;0.0;0.0;0.0;0.0;0.0;0.0;4.0;0.0;0.0;10.0;0.0;1.0;2.0;0.0
Quiterianópolis;CRUZ;-5.7878611111111;-40.617611111111;2002;4;92.0;1.0;2.0;1.0;4.0;6.0;0.0;27.0;9.0;0.0;0.0;8.0;0.0;0.0;10.0;0.0;0.0;0.0;0.0;0.0;0.0;0.0;0.0;0.0;0.0;0.0;0.0;0.0;0.0;24.0;0.0;888.0
Quiterianópolis;CRUZ;-5.7878611111111;-40.617611111111;2002;5;37.0;1.0;21.0;15.0;0.0;0.0;0.0;0.0;0.0;0.0;0.0;0.0;0.0;0.0;0.0;0.0;0.0;0.0;0.0;0.0;0.0;0.0;0.0;0.0;0.0;0.0;0.0;0.0;0.0;0.0;0.0;0.0
Quiterianópolis;CRUZ;-5.7878611111111;-40.617611111111;2002;6;0.0;0.0;0.0;0.0;0.0;0.0;0.0;0.0;0.0;0.0;0.0;0.0;0.0;0.0;0.0;0.0;0.0;0.0;0.0;0.0;0.0;0.0;0.0;0.0;0.0;0.0;0.0;0.0;0.0;0.0;0.0;888.0
Quiterianópolis;CRUZ;-5.7878611111111;-40.617611111111;2002;7;0.0;0.0;0.0;0.0;0.0;0.0;0.0;0.0;0.0;0.0;0.0;0.0;0.0;0.0;0.0;0.0;0.0;0.0;0.0;0.0;0.0;0.0;0.0;0.0;0.0;0.0;0.0;0.0;0.0;0.0;0.0;0.0
Quiterianópolis;CRUZ;-5.7878611111111;-40.617611111111;2002;8;0.0;0.0;0.0;0.0;0.0;0.0;0.0;0.0;0.0;0.0;0.0;0.0;0.0;0.0;0.0;0.0;0.0;0.0;0.0;0.0;0.0;0.0;0.0;0.0;0.0;0.0;0.0;0.0;0.0;0.0;0.0;0.0
Quiterianópolis;CRUZ;-5.7878611111111;-40.617611111111;2002;9;0.0;0.0;0.0;0.0;0.0;0.0;0.0;0.0;0.0;0.0;0.0;0.0;0.0;0.0;0.0;0.0;0.0;0.0;0.0;0.0;0.0;0.0;0.0;0.0;0.0;0.0;0.0;0.0;0.0;0.0;0.0;888.0
Quiterianópolis;CRUZ;-5.7878611111111;-40.617611111111;2002;10;0.0;0.0;0.0;0.0;0.0;0.0;0.0;0.0;0.0;0.0;0.0;0.0;0.0;0.0;0.0;0.0;0.0;0.0;0.0;0.0;0.0;0.0;0.0;0.0;0.0;0.0;0.0;0.0;0.0;0.0;0.0;0.0
Quiterianópolis;CRUZ;-5.7878611111111;-40.617611111111;2002;11;0.0;0.0;0.0;0.0;0.0;0.0;0.0;0.0;0.0;0.0;0.0;0.0;0.0;0.0;0.0;0.0;0.0;0.0;0.0;0.0;0.0;0.0;0.0;0.0;0.0;0.0;0.0;0.0;0.0;0.0;0.0;888.0
Quiterianópolis;CRUZ;-5.7878611111111;-40.617611111111;2002;12;19.0;0.0;1.0;0.0;0.0;0.0;0.0;0.0;0.0;18.0;0.0;0.0;0.0;0.0;0.0;0.0;0.0;0.0;0.0;0.0;0.0;0.0;0.0;0.0;0.0;0.0;0.0;0.0;0.0;0.0;0.0;0.0
Quiterianópolis;CRUZ;-5.7878611111111;-40.617611111111;2003;1;24.0;0.0;0.0;0.0;0.0;0.0;0.0;0.0;0.0;0.0;0.0;0.0;0.0;0.0;0.0;0.0;0.0;0.0;0.0;0.0;0.0;7.0;3.0;8.0;0.0;2.0;0.0;0.0;4.0;0.0;0.0;0.0
Quiterianópolis;CRUZ;-5.7878611111111;-40.617611111111;2003;2;184.0;0.0;0.0;0.0;0.0;11.0;0.0;0.0;0.0;0.0;0.0;0.0;5.0;60.0;0.0;0.0;0.0;0.0;0.0;0.0;0.0;18.0;0.0;0.0;0.0;13.0;63.0;14.0;0.0;888.0;888.0;888.0
Quiterianópolis;CRUZ;-5.7878611111111;-40.617611111111;2003;3;294.0;70.0;14.0;0.0;14.0;7.0;0.0;0.0;0.0;0.0;0.0;0.0;0.0;0.0;0.0;4.0;18.0;14.0;0.0;0.0;117.0;5.0;3.0;0.0;9.0;0.0;9.0;0.0;0.0;0.0;3.0;7.0
Quiterianópolis;CRUZ;-5.7878611111111;-40.617611111111;2003;4;84.0;0.0;5.0;0.0;0.0;35.0;0.0;0.0;0.0;10.0;0.0;0.0;0.0;0.0;0.0;0.0;0.0;0.0;0.0;1.0;0.0;0.0;2.0;0.0;0.0;0.0;0.0;0.0;24.0;5.0;2.0;888.0
Quiterianópolis;CRUZ;-5.7878611111111;-40.617611111111;2003;5;24.0;5.0;0.0;0.0;0.0;7.0;0.0;0.0;0.0;0.0;0.0;0.0;0.0;0.0;0.0;0.0;0.0;0.0;0.0;0.0;0.0;0.0;0.0;0.0;0.0;0.0;0.0;0.0;0.0;0.0;0.0;12.0
Quiterianópolis;CRUZ;-5.7878611111111;-40.617611111111;2003;6;21.0;0.0;0.0;0.0;0.0;0.0;0.0;0.0;0.0;0.0;0.0;0.0;0.0;13.0;0.0;0.0;8.0;0.0;0.0;0.0;0.0;0.0;0.0;0.0;0.0;0.0;0.0;0.0;0.0;0.0;0.0;888.0
Quiterianópolis;CRUZ;-5.7878611111111;-40.617611111111;2003;7;0.0;0.0;0.0;0.0;0.0;0.0;0.0;0.0;0.0;0.0;0.0;0.0;0.0;0.0;0.0;0.0;0.0;0.0;0.0;0.0;0.0;0.0;0.0;0.0;0.0;0.0;0.0;0.0;0.0;0.0;0.0;0.0
Quiterianópolis;CRUZ;-5.7878611111111;-40.617611111111;2003;8;0.0;0.0;0.0;0.0;0.0;0.0;0.0;0.0;0.0;0.0;0.0;0.0;0.0;0.0;0.0;0.0;0.0;0.0;0.0;0.0;0.0;0.0;0.0;0.0;0.0;0.0;0.0;0.0;0.0;0.0;0.0;0.0
Quiterianópolis;CRUZ;-5.7878611111111;-40.617611111111;2003;9;0.0;0.0;0.0;0.0;0.0;0.0;0.0;0.0;0.0;0.0;0.0;0.0;0.0;0.0;0.0;0.0;0.0;0.0;0.0;0.0;0.0;0.0;0.0;0.0;0.0;0.0;0.0;0.0;0.0;0.0;0.0;888.0
Quiterianópolis;CRUZ;-5.7878611111111;-40.617611111111;2003;10;0.0;0.0;0.0;0.0;0.0;0.0;0.0;0.0;0.0;0.0;0.0;0.0;0.0;0.0;0.0;0.0;0.0;0.0;0.0;0.0;0.0;0.0;0.0;0.0;0.0;0.0;0.0;0.0;0.0;0.0;0.0;0.0
Quiterianópolis;CRUZ;-5.7878611111111;-40.617611111111;2003;11;0.0;0.0;0.0;0.0;0.0;0.0;0.0;0.0;0.0;0.0;0.0;0.0;0.0;0.0;0.0;0.0;0.0;0.0;0.0;0.0;0.0;0.0;0.0;0.0;0.0;0.0;0.0;0.0;0.0;0.0;0.0;888.0
Quiterianópolis;CRUZ;-5.7878611111111;-40.617611111111;2003;12;15.0;0.0;0.0;0.0;0.0;0.0;0.0;0.0;0.0;0.0;0.0;0.0;0.0;0.0;0.0;0.0;0.0;0.0;0.0;0.0;0.0;0.0;0.0;0.0;0.0;0.0;0.0;0.0;15.0;0.0;0.0;0.0
Quiterianópolis;CRUZ;-5.7878611111111;-40.617611111111;2004;1;479.0;0.0;0.0;0.0;0.0;0.0;0.0;0.0;0.0;16.0;0.0;0.0;59.0;8.0;0.0;0.0;0.0;10.0;13.0;0.0;35.0;23.0;10.0;0.0;33.0;29.0;5.0;80.0;42.0;36.0;40.0;40.0
Quiterianópolis;CRUZ;-5.7878611111111;-40.617611111111;2004;2;167.0;0.0;0.0;0.0;0.0;2.0;19.0;25.0;0.0;3.0;0.0;0.0;0.0;0.0;0.0;0.0;42.0;10.0;0.0;0.0;0.0;0.0;0.0;0.0;0.0;20.0;0.0;0.0;46.0;0.0;888.0;888.0
Quiterianópolis;CRUZ;-5.7878611111111;-40.617611111111;2004;3;48.0;0.0;0.0;0.0;0.0;0.0;0.0;0.0;18.0;0.0;0.0;0.0;0.0;0.0;0.0;0.0;30.0;0.0;0.0;0.0;0.0;0.0;0.0;0.0;0.0;0.0;0.0;0.0;0.0;0.0;0.0;0.0
Quiterianópolis;CRUZ;-5.7878611111111;-40.617611111111;2004;4;54.0;0.0;0.0;0.0;0.0;0.0;0.0;0.0;20.0;0.0;0.0;0.0;0.0;0.0;0.0;0.0;0.0;0.0;0.0;0.0;0.0;0.0;0.0;0.0;0.0;0.0;13.0;21.0;0.0;0.0;0.0;888.0
Quiterianópolis;CRUZ;-5.7878611111111;-40.617611111111;2004;5;53.0;0.0;0.0;0.0;0.0;0.0;0.0;0.0;0.0;0.0;0.0;31.0;0.0;0.0;0.0;0.0;0.0;1.0;0.0;8.0;13.0;0.0;0.0;0.0;0.0;0.0;0.0;0.0;0.0;0.0;0.0;0.0
Quiterianópolis;CRUZ;-5.7878611111111;-40.617611111111;2004;6;0.0;0.0;0.0;0.0;0.0;0.0;0.0;0.0;0.0;0.0;0.0;0.0;0.0;0.0;0.0;0.0;0.0;0.0;0.0;0.0;0.0;0.0;0.0;0.0;0.0;0.0;0.0;0.0;0.0;0.0;0.0;888.0
Quiterianópolis;CRUZ;-5.7878611111111;-40.617611111111;2004;7;6.0;0.0;0.0;0.0;0.0;0.0;0.0;0.0;0.0;2.0;0.0;0.0;0.0;0.0;0.0;0.0;0.0;0.0;0.0;0.0;2.0;0.0;0.0;0.0;0.0;2.0;0.0;0.0;0.0;0.0;0.0;0.0
Quiterianópolis;CRUZ;-5.7878611111111;-40.617611111111;2004;8;0.0;0.0;0.0;0.0;0.0;0.0;0.0;0.0;0.0;0.0;0.0;0.0;0.0;0.0;0.0;0.0;0.0;0.0;0.0;0.0;0.0;0.0;0.0;0.0;0.0;0.0;0.0;0.0;0.0;0.0;0.0;0.0
Quiterianópolis;CRUZ;-5.7878611111111;-40.617611111111;2004;9;0.0;0.0;0.0;0.0;0.0;0.0;0.0;0.0;0.0;0.0;0.0;0.0;0.0;0.0;0.0;0.0;0.0;0.0;0.0;0.0;0.0;0.0;0.0;0.0;0.0;0.0;0.0;0.0;0.0;0.0;0.0;888.0
Quiterianópolis;CRUZ;-5.7878611111111;-40.617611111111;2004;10;0.0;0.0;0.0;0.0;0.0;0.0;0.0;0.0;0.0;0.0;0.0;0.0;0.0;0.0;0.0;0.0;0.0;0.0;0.0;0.0;0.0;0.0;0.0;0.0;0.0;0.0;0.0;0.0;0.0;0.0;0.0;0.0
Quiterianópolis;CRUZ;-5.7878611111111;-40.617611111111;2004;11;0.0;0.0;0.0;0.0;0.0;0.0;0.0;0.0;0.0;0.0;0.0;0.0;0.0;0.0;0.0;0.0;0.0;0.0;0.0;0.0;0.0;0.0;0.0;0.0;0.0;0.0;0.0;0.0;0.0;0.0;0.0;888.0
Quiterianópolis;CRUZ;-5.7878611111111;-40.617611111111;2004;12;0.0;0.0;0.0;0.0;0.0;0.0;0.0;0.0;0.0;0.0;0.0;0.0;0.0;0.0;0.0;0.0;0.0;0.0;0.0;0.0;0.0;0.0;0.0;0.0;0.0;0.0;0.0;0.0;0.0;0.0;0.0;0.0
Quiterianópolis;CRUZ;-5.7878611111111;-40.617611111111;2005;1;82.0;0.0;0.0;0.0;0.0;0.0;0.0;0.0;0.0;0.0;0.0;0.0;0.0;0.0;0.0;0.0;0.0;16.0;0.0;0.0;0.0;26.0;0.0;0.0;0.0;30.0;0.0;0.0;0.0;10.0;0.0;0.0
Quiterianópolis;CRUZ;-5.7878611111111;-40.617611111111;2005;2;120.0;0.0;2.0;0.0;11.0;0.0;0.0;0.0;0.0;0.0;20.0;0.0;0.0;0.0;0.0;0.0;0.0;0.0;0.0;0.0;0.0;0.0;0.0;0.0;0.0;0.0;27.0;0.0;60.0;888.0;888.0;888.0
Quiterianópolis;CRUZ;-5.7878611111111;-40.617611111111;2005;3;253.0;0.0;0.0;0.0;0.0;0.0;0.0;0.0;0.0;0.0;0.0;0.0;0.0;0.0;0.0;0.0;0.0;0.0;0.0;35.0;21.0;5.0;15.0;0.0;2.0;0.0;20.0;40.0;39.0;34.0;40.0;2.0
Quiterianópolis;CRUZ;-5.7878611111111;-40.617611111111;2005;4;0.0;0.0;999.0;999.0;999.0;999.0;999.0;999.0;999.0;999.0;999.0;999.0;999.0;999.0;999.0;999.0;999.0;999.0;999.0;999.0;999.0;999.0;999.0;999.0;999.0;999.0;999.0;999.0;999.0;999.0;999.0;888.0
Quiterianópolis;CRUZ;-5.7878611111111;-40.617611111111;2005;5;0.0;0.0;999.0;999.0;999.0;999.0;999.0;999.0;999.0;999.0;999.0;999.0;999.0;999.0;999.0;999.0;999.0;999.0;999.0;999.0;999.0;999.0;999.0;999.0;999.0;999.0;999.0;999.0;999.0;999.0;999.0;999.0
Quiterianópolis;CRUZ;-5.7878611111111;-40.617611111111;2005;6;0.0;0.0;999.0;999.0;999.0;999.0;999.0;999.0;999.0;999.0;999.0;999.0;999.0;999.0;999.0;999.0;999.0;999.0;999.0;999.0;999.0;999.0;999.0;999.0;999.0;999.0;999.0;999.0;999.0;999.0;999.0;888.0
Quiterianópolis;CRUZ;-5.7878611111111;-40.617611111111;2006;1;0.0;999.0;999.0;999.0;999.0;999.0;999.0;999.0;999.0;999.0;999.0;999.0;999.0;999.0;999.0;999.0;999.0;999.0;999.0;999.0;999.0;999.0;999.0;999.0;999.0;999.0;999.0;999.0;999.0;999.0;999.0;999.0
Quiterianópolis;CRUZ;-5.7878611111111;-40.617611111111;2006;2;0.0;0.0;999.0;999.0;999.0;999.0;999.0;999.0;999.0;999.0;999.0;999.0;999.0;999.0;999.0;999.0;999.0;999.0;999.0;999.0;999.0;999.0;999.0;999.0;999.0;999.0;999.0;999.0;999.0;888.0;888.0;888.0
Quiterianópolis;CRUZ;-5.7878611111111;-40.617611111111;2006;3;0.0;0.0;999.0;999.0;999.0;999.0;999.0;999.0;999.0;999.0;999.0;999.0;999.0;999.0;999.0;999.0;999.0;999.0;999.0;999.0;999.0;999.0;999.0;999.0;999.0;999.0;999.0;999.0;999.0;999.0;999.0;999.0
Quiterianópolis;CRUZ;-5.7878611111111;-40.617611111111;2006;10;0.0;0.0;999.0;999.0;999.0;999.0;999.0;999.0;999.0;999.0;999.0;999.0;999.0;999.0;999.0;999.0;999.0;999.0;999.0;999.0;999.0;999.0;999.0;999.0;999.0;999.0;999.0;999.0;999.0;999.0;999.0;999.0
Quiterianópolis;CRUZ;-5.7878611111111;-40.617611111111;2006;11;10.0;0.0;0.0;0.0;0.0;0.0;0.0;0.0;0.0;0.0;0.0;0.0;0.0;0.0;0.0;0.0;0.0;0.0;0.0;0.0;0.0;0.0;0.0;0.0;0.0;0.0;0.0;0.0;0.0;10.0;0.0;888.0
Quiterianópolis;CRUZ;-5.7878611111111;-40.617611111111;2006;12;0.0;0.0;0.0;0.0;0.0;0.0;0.0;0.0;0.0;0.0;0.0;0.0;0.0;0.0;0.0;0.0;0.0;0.0;0.0;0.0;0.0;0.0;0.0;0.0;0.0;0.0;0.0;0.0;0.0;0.0;0.0;0.0
Quiterianópolis;CRUZ;-5.7878611111111;-40.617611111111;2007;1;0.0;0.0;0.0;0.0;0.0;0.0;0.0;0.0;0.0;0.0;0.0;0.0;0.0;0.0;0.0;0.0;0.0;0.0;0.0;0.0;0.0;0.0;0.0;0.0;0.0;0.0;0.0;0.0;0.0;0.0;0.0;0.0
Quiterianópolis;CRUZ;-5.7878611111111;-40.617611111111;2007;2;259.0;0.0;0.0;0.0;0.0;0.0;5.0;0.0;35.0;0.0;0.0;13.0;16.0;0.0;25.0;0.0;5.0;0.0;23.0;30.0;13.0;20.0;40.0;0.0;30.0;0.0;0.0;4.0;0.0;888.0;888.0;888.0
Quiterianópolis;CRUZ;-5.7878611111111;-40.617611111111;2007;3;77.0;2.0;11.0;0.0;0.0;2.0;0.0;6.0;0.0;8.0;0.0;0.0;0.0;0.0;0.0;0.0;33.0;0.0;0.0;0.0;0.0;0.0;0.0;0.0;0.0;0.0;0.0;0.0;0.0;0.0;0.0;15.0
Quiterianópolis;CRUZ;-5.7878611111111;-40.617611111111;2007;4;103.0;0.0;0.0;6.0;0.0;0.0;0.0;0.0;0.0;0.0;0.0;0.0;0.0;0.0;9.0;0.0;0.0;0.0;46.0;0.0;2.0;0.0;10.0;1.0;0.0;0.0;0.0;29.0;0.0;0.0;0.0;888.0
Quiterianópolis;CRUZ;-5.7878611111111;-40.617611111111;2007;5;15.0;15.0;0.0;0.0;0.0;0.0;0.0;0.0;0.0;0.0;0.0;0.0;0.0;0.0;0.0;0.0;0.0;0.0;0.0;0.0;0.0;0.0;0.0;0.0;0.0;0.0;0.0;0.0;0.0;0.0;0.0;0.0
Quiterianópolis;CRUZ;-5.7878611111111;-40.617611111111;2007;6;0.0;0.0;0.0;0.0;0.0;0.0;0.0;0.0;0.0;0.0;0.0;0.0;0.0;0.0;0.0;0.0;0.0;0.0;0.0;0.0;0.0;0.0;0.0;0.0;0.0;0.0;0.0;0.0;0.0;0.0;0.0;888.0
Quiterianópolis;CRUZ;-5.7878611111111;-40.617611111111;2007;7;0.0;0.0;0.0;0.0;0.0;0.0;0.0;0.0;0.0;0.0;0.0;0.0;0.0;0.0;0.0;0.0;0.0;0.0;0.0;0.0;0.0;0.0;0.0;0.0;0.0;0.0;0.0;0.0;0.0;0.0;0.0;0.0
Quiterianópolis;CRUZ;-5.7878611111111;-40.617611111111;2007;8;0.0;0.0;0.0;0.0;0.0;0.0;0.0;0.0;0.0;0.0;0.0;0.0;0.0;0.0;0.0;0.0;0.0;0.0;0.0;0.0;0.0;0.0;0.0;0.0;0.0;0.0;0.0;0.0;0.0;0.0;0.0;0.0
Quiterianópolis;CRUZ;-5.7878611111111;-40.617611111111;2007;9;0.0;0.0;0.0;0.0;0.0;0.0;0.0;0.0;0.0;0.0;0.0;0.0;0.0;0.0;0.0;0.0;0.0;0.0;0.0;0.0;0.0;0.0;0.0;0.0;0.0;0.0;0.0;0.0;0.0;0.0;0.0;888.0
Quiterianópolis;CRUZ;-5.7878611111111;-40.617611111111;2007;10;0.0;0.0;0.0;0.0;0.0;0.0;0.0;0.0;0.0;0.0;0.0;0.0;0.0;0.0;0.0;0.0;0.0;0.0;0.0;0.0;0.0;0.0;0.0;0.0;0.0;0.0;0.0;0.0;0.0;0.0;0.0;0.0
Quiterianópolis;CRUZ;-5.7878611111111;-40.617611111111;2007;11;0.0;0.0;0.0;0.0;0.0;0.0;0.0;0.0;0.0;0.0;0.0;0.0;0.0;0.0;0.0;0.0;0.0;0.0;0.0;0.0;0.0;0.0;0.0;0.0;0.0;0.0;0.0;0.0;0.0;0.0;0.0;888.0
Quiterianópolis;CRUZ;-5.7878611111111;-40.617611111111;2007;12;30.0;0.0;0.0;0.0;0.0;0.0;0.0;0.0;0.0;0.0;0.0;0.0;0.0;0.0;0.0;0.0;0.0;0.0;0.0;0.0;0.0;0.0;0.0;0.0;0.0;0.0;0.0;0.0;0.0;30.0;0.0;0.0
Quiterianópolis;CRUZ;-5.7878611111111;-40.617611111111;2008;1;58.0;0.0;0.0;0.0;0.0;0.0;0.0;0.0;0.0;0.0;0.0;0.0;0.0;0.0;0.0;38.0;20.0;999.0;999.0;999.0;999.0;999.0;999.0;999.0;999.0;999.0;999.0;999.0;999.0;999.0;999.0;999.0
Quiterianópolis;CRUZ;-5.7878611111111;-40.617611111111;2008;2;0.0;0.0;999.0;999.0;999.0;999.0;999.0;999.0;999.0;999.0;999.0;999.0;999.0;999.0;999.0;999.0;999.0;999.0;999.0;999.0;999.0;999.0;999.0;999.0;999.0;999.0;999.0;999.0;999.0;999.0;888.0;888.0
Quiterianópolis;CRUZ;-5.7878611111111;-40.617611111111;2008;3;0.0;0.0;999.0;999.0;999.0;999.0;999.0;999.0;999.0;999.0;999.0;999.0;999.0;999.0;999.0;999.0;999.0;999.0;999.0;999.0;999.0;999.0;999.0;999.0;999.0;999.0;999.0;999.0;999.0;999.0;999.0;999.0
Quiterianópolis;CRUZ;-5.7878611111111;-40.617611111111;2008;12;0.0;0.0;999.0;999.0;999.0;999.0;999.0;999.0;999.0;999.0;999.0;999.0;999.0;999.0;999.0;999.0;999.0;999.0;999.0;999.0;999.0;999.0;999.0;999.0;999.0;999.0;999.0;999.0;999.0;999.0;999.0;999.0
Quiterianópolis;CRUZ;-5.7878611111111;-40.617611111111;2010;1;0.0;0.0;0.0;0.0;0.0;0.0;0.0;0.0;0.0;0.0;0.0;0.0;0.0;0.0;0.0;0.0;0.0;0.0;0.0;0.0;0.0;0.0;0.0;0.0;0.0;0.0;0.0;0.0;0.0;0.0;0.0;0.0
Quiterianópolis;CRUZ;-5.7878611111111;-40.617611111111;2010;2;0.0;0.0;0.0;0.0;0.0;0.0;0.0;0.0;0.0;0.0;0.0;0.0;0.0;0.0;0.0;0.0;0.0;0.0;0.0;0.0;0.0;0.0;0.0;0.0;0.0;0.0;0.0;0.0;0.0;888.0;888.0;888.0
Quiterianópolis;CRUZ;-5.7878611111111;-40.617611111111;2010;3;93.0;0.0;0.0;0.0;0.0;0.0;0.0;0.0;0.0;0.0;0.0;0.0;0.0;0.0;0.0;0.0;0.0;0.0;0.0;30.0;15.0;0.0;0.0;0.0;0.0;0.0;0.0;0.0;0.0;48.0;0.0;0.0
Quiterianópolis;CRUZ;-5.7878611111111;-40.617611111111;2010;4;130.0;0.0;0.0;0.0;26.0;0.0;0.0;0.0;0.0;80.0;4.0;3.0;13.0;4.0;0.0;0.0;0.0;0.0;0.0;0.0;0.0;0.0;0.0;0.0;0.0;0.0;0.0;0.0;0.0;0.0;0.0;888.0
Quiterianópolis;CRUZ;-5.7878611111111;-40.617611111111;2010;5;39.0;0.0;0.0;11.0;0.0;0.0;0.0;0.0;0.0;0.0;0.0;0.0;0.0;21.0;7.0;0.0;0.0;0.0;0.0;0.0;0.0;0.0;0.0;0.0;0.0;0.0;0.0;0.0;0.0;0.0;0.0;0.0
Quiterianópolis;CRUZ;-5.7878611111111;-40.617611111111;2010;6;0.0;0.0;0.0;0.0;0.0;0.0;0.0;0.0;0.0;0.0;0.0;0.0;0.0;0.0;0.0;0.0;0.0;0.0;0.0;0.0;0.0;0.0;0.0;0.0;0.0;0.0;0.0;0.0;0.0;0.0;0.0;888.0
Quiterianópolis;CRUZ;-5.7878611111111;-40.617611111111;2010;7;0.0;0.0;0.0;0.0;0.0;0.0;0.0;0.0;0.0;0.0;0.0;0.0;0.0;0.0;0.0;0.0;0.0;0.0;0.0;0.0;0.0;0.0;0.0;0.0;0.0;0.0;0.0;0.0;0.0;0.0;0.0;0.0
Quiterianópolis;CRUZ;-5.7878611111111;-40.617611111111;2010;8;0.0;0.0;0.0;0.0;0.0;0.0;0.0;0.0;0.0;0.0;0.0;0.0;0.0;0.0;0.0;0.0;0.0;0.0;0.0;0.0;0.0;0.0;0.0;0.0;0.0;0.0;0.0;0.0;0.0;0.0;0.0;0.0
Quiterianópolis;CRUZ;-5.7878611111111;-40.617611111111;2010;9;0.0;0.0;0.0;0.0;0.0;0.0;0.0;0.0;0.0;0.0;0.0;0.0;0.0;0.0;0.0;0.0;0.0;0.0;0.0;0.0;0.0;0.0;0.0;0.0;0.0;0.0;0.0;0.0;0.0;0.0;0.0;888.0
Quiterianópolis;CRUZ;-5.7878611111111;-40.617611111111;2010;10;0.0;0.0;0.0;0.0;0.0;0.0;0.0;0.0;0.0;0.0;0.0;0.0;0.0;0.0;0.0;0.0;0.0;0.0;0.0;0.0;0.0;0.0;0.0;0.0;0.0;0.0;0.0;0.0;0.0;0.0;0.0;0.0
Quiterianópolis;CRUZ;-5.7878611111111;-40.617611111111;2010;11;0.0;0.0;0.0;0.0;0.0;0.0;0.0;0.0;0.0;0.0;0.0;0.0;0.0;0.0;0.0;0.0;0.0;0.0;0.0;0.0;0.0;0.0;0.0;0.0;0.0;0.0;0.0;0.0;0.0;0.0;0.0;888.0
Quiterianópolis;CRUZ;-5.7878611111111;-40.617611111111;2010;12;97.0;0.0;0.0;0.0;0.0;0.0;0.0;0.0;0.0;12.0;0.0;46.0;15.0;20.0;0.0;4.0;999.0;999.0;999.0;999.0;999.0;999.0;999.0;999.0;999.0;999.0;999.0;999.0;999.0;999.0;999.0;999.0
Quiterianópolis;CRUZ;-5.7878611111111;-40.617611111111;2011;1;239.0;0.0;0.0;8.0;0.0;0.0;0.0;0.0;16.0;0.0;4.0;9.0;0.0;0.0;0.0;0.0;0.0;0.0;0.0;0.0;4.0;24.0;28.0;19.0;21.0;17.0;44.0;0.0;24.0;0.0;0.0;21.0
Quiterianópolis;CRUZ;-5.7878611111111;-40.617611111111;2011;2;177.0;10.0;6.0;8.0;0.0;10.0;0.0;0.0;0.0;0.0;0.0;0.0;0.0;0.0;0.0;0.0;8.0;0.0;0.0;0.0;0.0;15.0;5.0;0.0;0.0;0.0;0.0;95.0;20.0;888.0;888.0;888.0
Quiterianópolis;CRUZ;-5.7878611111111;-40.617611111111;2011;3;126.0;16.0;17.0;8.0;0.0;0.0;0.0;0.0;6.0;14.0;5.0;0.0;8.0;0.0;37.0;0.0;0.0;0.0;0.0;0.0;0.0;0.0;0.0;0.0;0.0;0.0;0.0;0.0;11.0;4.0;0.0;0.0
Quiterianópolis;CRUZ;-5.7878611111111;-40.617611111111;2011;4;54.0;0.0;0.0;0.0;0.0;0.0;0.0;0.0;0.0;0.0;0.0;0.0;0.0;14.0;0.0;0.0;0.0;0.0;0.0;0.0;40.0;0.0;0.0;0.0;0.0;0.0;0.0;0.0;0.0;0.0;0.0;888.0
Quiterianópolis;CRUZ;-5.7878611111111;-40.617611111111;2011;5;162.0;0.0;0.0;20.0;18.0;17.0;10.0;0.0;0.0;0.0;0.0;0.0;13.0;0.0;0.0;0.0;0.0;0.0;5.0;13.0;48.0;0.0;0.0;0.0;18.0;0.0;0.0;0.0;0.0;0.0;0.0;0.0
Quiterianópolis;CRUZ;-5.7878611111111;-40.617611111111;2011;6;0.0;0.0;0.0;0.0;0.0;0.0;0.0;0.0;0.0;0.0;0.0;0.0;0.0;0.0;0.0;0.0;0.0;0.0;0.0;0.0;0.0;0.0;0.0;0.0;0.0;0.0;0.0;0.0;0.0;0.0;0.0;888.0
Quiterianópolis;CRUZ;-5.7878611111111;-40.617611111111;2011;7;46.0;0.0;0.0;0.0;0.0;0.0;0.0;0.0;0.0;0.0;0.0;0.0;0.0;46.0;0.0;0.0;0.0;0.0;0.0;0.0;0.0;0.0;0.0;0.0;0.0;0.0;0.0;0.0;0.0;0.0;0.0;0.0
Quiterianópolis;CRUZ;-5.7878611111111;-40.617611111111;2011;8;0.0;0.0;0.0;0.0;0.0;0.0;0.0;0.0;0.0;0.0;0.0;0.0;0.0;0.0;0.0;0.0;0.0;0.0;0.0;0.0;0.0;0.0;0.0;0.0;0.0;0.0;0.0;0.0;0.0;0.0;0.0;0.0
Quiterianópolis;CRUZ;-5.7878611111111;-40.617611111111;2011;9;0.0;0.0;0.0;0.0;0.0;0.0;0.0;0.0;0.0;0.0;0.0;0.0;0.0;0.0;0.0;0.0;0.0;0.0;0.0;0.0;0.0;0.0;0.0;0.0;0.0;0.0;0.0;0.0;0.0;0.0;0.0;888.0
Quiterianópolis;CRUZ;-5.7878611111111;-40.617611111111;2011;10;72.0;0.0;0.0;0.0;0.0;0.0;0.0;0.0;0.0;0.0;0.0;0.0;0.0;0.0;0.0;0.0;0.0;0.0;0.0;30.0;0.0;42.0;0.0;0.0;0.0;0.0;0.0;0.0;0.0;0.0;0.0;0.0
Quiterianópolis;CRUZ;-5.7878611111111;-40.617611111111;2011;11;0.0;0.0;0.0;0.0;0.0;0.0;0.0;0.0;0.0;0.0;0.0;0.0;0.0;0.0;0.0;0.0;0.0;0.0;0.0;0.0;0.0;0.0;0.0;0.0;0.0;0.0;0.0;0.0;0.0;0.0;0.0;888.0
Quiterianópolis;CRUZ;-5.7878611111111;-40.617611111111;2011;12;0.0;0.0;0.0;0.0;0.0;0.0;0.0;0.0;0.0;0.0;0.0;0.0;0.0;0.0;0.0;0.0;0.0;0.0;0.0;0.0;0.0;0.0;0.0;0.0;0.0;0.0;0.0;0.0;0.0;0.0;0.0;0.0
Quiterianópolis;CRUZ;-5.7878611111111;-40.617611111111;2012;1;140.0;0.0;0.0;0.0;0.0;0.0;0.0;0.0;0.0;0.0;0.0;0.0;0.0;0.0;0.0;0.0;0.0;0.0;11.0;21.0;0.0;46.0;3.0;18.0;6.0;35.0;0.0;0.0;0.0;0.0;0.0;0.0
Quiterianópolis;CRUZ;-5.7878611111111;-40.617611111111;2012;2;154.0;0.0;0.0;0.0;0.0;0.0;0.0;0.0;0.0;0.0;0.0;0.0;0.0;0.0;0.0;0.0;14.0;0.0;42.0;44.0;0.0;54.0;0.0;0.0;0.0;0.0;0.0;0.0;0.0;0.0;888.0;888.0
Quiterianópolis;CRUZ;-5.7878611111111;-40.617611111111;2012;3;10.0;0.0;0.0;0.0;0.0;0.0;0.0;0.0;0.0;0.0;0.0;10.0;999.0;999.0;999.0;999.0;999.0;999.0;999.0;999.0;999.0;999.0;999.0;999.0;999.0;999.0;999.0;999.0;999.0;999.0;999.0;999.0
Quiterianópolis;CRUZ;-5.7878611111111;-40.617611111111;2013;1;55.0;0.0;0.0;0.0;0.0;14.0;0.0;0.0;0.0;0.0;0.0;0.0;0.0;0.0;0.0;0.0;7.0;0.0;7.0;1.0;0.0;0.0;26.0;0.0;0.0;999.0;999.0;999.0;999.0;999.0;999.0;999.0
Quiterianópolis;CRUZ;-5.7878611111111;-40.617611111111;2013;2;42.0;0.0;0.0;0.0;0.0;0.0;0.0;0.0;0.0;0.0;10.0;1.0;5.0;0.0;0.0;9.0;12.0;0.0;5.0;999.0;999.0;999.0;999.0;999.0;999.0;999.0;999.0;999.0;999.0;888.0;888.0;888.0
Quiterianópolis;CRUZ;-5.7878611111111;-40.617611111111;2013;3;11.0;0.0;0.0;0.0;0.0;0.0;0.0;0.0;0.0;0.0;0.0;0.0;0.0;0.0;0.0;0.0;0.0;0.0;0.0;0.0;5.0;0.0;0.0;0.0;0.0;0.0;6.0;0.0;0.0;0.0;0.0;0.0
Quiterianópolis;CRUZ;-5.7878611111111;-40.617611111111;2013;4;60.0;0.0;0.0;0.0;0.0;0.0;4.0;0.0;0.0;0.0;0.0;0.0;0.0;0.0;0.0;0.0;19.0;0.0;12.0;8.0;0.0;0.0;0.0;0.0;9.0;0.0;0.0;0.0;0.0;0.0;8.0;888.0
Quiterianópolis;CRUZ;-5.7878611111111;-40.617611111111;2013;5;45.0;5.0;0.0;0.0;0.0;0.0;0.0;0.0;0.0;0.0;31.0;0.0;0.0;0.0;0.0;9.0;0.0;0.0;0.0;0.0;0.0;0.0;0.0;0.0;0.0;0.0;0.0;0.0;0.0;0.0;0.0;0.0
Quiterianópolis;CRUZ;-5.7878611111111;-40.617611111111;2013;6;18.0;0.0;0.0;0.0;0.0;0.0;0.0;0.0;0.0;0.0;0.0;0.0;0.0;8.0;10.0;0.0;0.0;0.0;0.0;0.0;0.0;0.0;0.0;0.0;0.0;0.0;0.0;0.0;0.0;0.0;0.0;888.0
Quiterianópolis;CRUZ;-5.7878611111111;-40.617611111111;2013;7;0.0;0.0;0.0;0.0;0.0;0.0;0.0;0.0;0.0;0.0;0.0;0.0;0.0;0.0;0.0;0.0;0.0;0.0;0.0;0.0;0.0;0.0;0.0;0.0;0.0;0.0;0.0;0.0;0.0;0.0;0.0;0.0
Quiterianópolis;CRUZ;-5.7878611111111;-40.617611111111;2013;8;0.0;0.0;0.0;0.0;0.0;0.0;0.0;0.0;0.0;0.0;0.0;0.0;0.0;0.0;0.0;0.0;0.0;0.0;0.0;0.0;0.0;0.0;0.0;0.0;0.0;0.0;0.0;0.0;0.0;0.0;0.0;0.0
Quiterianópolis;CRUZ;-5.7878611111111;-40.617611111111;2013;9;0.0;0.0;0.0;0.0;0.0;0.0;0.0;0.0;0.0;0.0;0.0;0.0;0.0;0.0;0.0;0.0;0.0;0.0;0.0;0.0;0.0;0.0;0.0;0.0;0.0;0.0;0.0;0.0;0.0;0.0;0.0;888.0
Quiterianópolis;CRUZ;-5.7878611111111;-40.617611111111;2013;10;8.0;0.0;0.0;0.0;0.0;0.0;0.0;0.0;0.0;0.0;0.0;0.0;0.0;0.0;8.0;0.0;0.0;0.0;0.0;0.0;0.0;0.0;0.0;0.0;0.0;0.0;0.0;0.0;0.0;0.0;0.0;0.0
Quiterianópolis;CRUZ;-5.7878611111111;-40.617611111111;2013;11;68.0;0.0;0.0;17.0;51.0;0.0;0.0;0.0;0.0;0.0;0.0;0.0;0.0;0.0;0.0;0.0;0.0;0.0;0.0;0.0;0.0;0.0;0.0;0.0;0.0;0.0;0.0;0.0;0.0;0.0;0.0;888.0
Quiterianópolis;CRUZ;-5.7878611111111;-40.617611111111;2013;12;26.0;0.0;0.0;0.0;0.0;0.0;0.0;0.0;0.0;0.0;0.0;0.0;0.0;0.0;0.0;0.0;0.0;0.0;0.0;0.0;26.0;0.0;0.0;0.0;0.0;0.0;0.0;0.0;0.0;0.0;0.0;0.0
Quiterianópolis;CRUZ;-5.7878611111111;-40.617611111111;2014;1;47.0;0.0;0.0;0.0;0.0;0.0;0.0;0.0;12.0;0.0;0.0;0.0;0.0;0.0;0.0;0.0;0.0;0.0;0.0;0.0;0.0;14.0;0.0;0.0;0.0;0.0;0.0;0.0;0.0;0.0;0.0;21.0
Quiterianópolis;CRUZ;-5.7878611111111;-40.617611111111;2014;2;56.0;0.0;0.0;0.0;12.0;18.0;0.0;4.0;0.0;0.0;13.0;5.0;0.0;0.0;4.0;0.0;0.0;0.0;0.0;0.0;0.0;0.0;0.0;0.0;0.0;0.0;0.0;0.0;0.0;888.0;888.0;888.0
Quiterianópolis;CRUZ;-5.7878611111111;-40.617611111111;2014;3;36.0;0.0;0.0;0.0;0.0;0.0;0.0;0.0;0.0;0.0;0.0;0.0;13.0;0.0;0.0;0.0;0.0;0.0;0.0;0.0;0.0;0.0;0.0;0.0;0.0;0.0;0.0;0.0;0.0;0.0;0.0;23.0
Quiterianópolis;CRUZ;-5.7878611111111;-40.617611111111;2014;4;80.0;0.0;6.0;9.0;0.0;0.0;8.0;10.0;0.0;0.0;6.0;0.0;0.0;0.0;27.0;0.0;0.0;0.0;8.0;6.0;0.0;0.0;0.0;0.0;0.0;0.0;0.0;0.0;0.0;0.0;0.0;888.0
Quiterianópolis;CRUZ;-5.7878611111111;-40.617611111111;2014;5;77.0;1.0;0.0;0.0;0.0;68.0;0.0;0.0;0.0;0.0;0.0;0.0;0.0;0.0;0.0;0.0;0.0;0.0;0.0;0.0;0.0;0.0;0.0;0.0;0.0;0.0;0.0;0.0;0.0;8.0;0.0;0.0
Quiterianópolis;CRUZ;-5.7878611111111;-40.617611111111;2014;6;3.0;0.0;0.0;0.0;0.0;0.0;0.0;0.0;0.0;0.0;0.0;0.0;0.0;0.0;0.0;0.0;0.0;0.0;0.0;0.0;0.0;0.0;0.0;0.0;0.0;0.0;0.0;0.0;0.0;0.0;3.0;888.0
Quiterianópolis;CRUZ;-5.7878611111111;-40.617611111111;2014;7;0.0;0.0;0.0;0.0;0.0;0.0;0.0;0.0;0.0;0.0;0.0;0.0;0.0;0.0;0.0;0.0;0.0;0.0;0.0;0.0;0.0;0.0;0.0;0.0;0.0;0.0;0.0;0.0;0.0;0.0;0.0;0.0
Quiterianópolis;CRUZ;-5.7878611111111;-40.617611111111;2014;8;0.0;0.0;0.0;0.0;0.0;0.0;0.0;0.0;0.0;0.0;0.0;0.0;0.0;0.0;0.0;0.0;0.0;0.0;0.0;0.0;0.0;0.0;0.0;0.0;0.0;0.0;0.0;0.0;0.0;0.0;0.0;0.0
Quiterianópolis;CRUZ;-5.7878611111111;-40.617611111111;2014;9;0.0;0.0;0.0;0.0;0.0;0.0;0.0;0.0;0.0;0.0;0.0;0.0;0.0;0.0;0.0;0.0;0.0;0.0;0.0;0.0;0.0;0.0;0.0;0.0;0.0;0.0;0.0;0.0;0.0;0.0;0.0;888.0
Quiterianópolis;CRUZ;-5.7878611111111;-40.617611111111;2014;10;0.0;0.0;0.0;0.0;0.0;0.0;0.0;0.0;0.0;0.0;0.0;0.0;0.0;0.0;0.0;0.0;0.0;0.0;0.0;0.0;0.0;0.0;0.0;0.0;0.0;0.0;0.0;0.0;0.0;0.0;0.0;0.0
Quiterianópolis;CRUZ;-5.7878611111111;-40.617611111111;2014;11;0.0;0.0;0.0;0.0;0.0;0.0;0.0;0.0;0.0;0.0;0.0;0.0;0.0;0.0;0.0;0.0;0.0;0.0;0.0;0.0;0.0;0.0;0.0;0.0;0.0;0.0;0.0;0.0;0.0;0.0;0.0;888.0
Quiterianópolis;CRUZ;-5.7878611111111;-40.617611111111;2014;12;0.0;0.0;0.0;0.0;0.0;0.0;0.0;0.0;0.0;0.0;0.0;0.0;0.0;0.0;0.0;0.0;0.0;0.0;0.0;0.0;0.0;0.0;0.0;0.0;0.0;0.0;0.0;0.0;0.0;0.0;0.0;0.0
Quiterianópolis;CRUZ;-5.7878611111111;-40.617611111111;2015;1;53.0;0.0;0.0;8.0;45.0;0.0;0.0;0.0;0.0;0.0;0.0;0.0;0.0;0.0;0.0;0.0;0.0;0.0;0.0;0.0;0.0;0.0;0.0;0.0;0.0;0.0;0.0;0.0;0.0;0.0;0.0;0.0
Quiterianópolis;CRUZ;-5.7878611111111;-40.617611111111;2015;2;105.0;0.0;0.0;0.0;8.0;0.0;0.0;0.0;0.0;0.0;0.0;0.0;0.0;0.0;0.0;0.0;0.0;0.0;0.0;22.0;39.0;0.0;0.0;17.0;0.0;0.0;19.0;0.0;0.0;888.0;888.0;888.0
Quiterianópolis;CRUZ;-5.7878611111111;-40.617611111111;2015;3;142.0;8.0;12.0;0.0;0.0;0.0;0.0;0.0;0.0;13.0;26.0;0.0;0.0;0.0;0.0;0.0;0.0;0.0;0.0;0.0;0.0;28.0;14.0;17.0;0.0;0.0;0.0;0.0;0.0;0.0;10.0;14.0
Quiterianópolis;CRUZ;-5.7878611111111;-40.617611111111;2015;4;140.0;0.0;0.0;0.0;0.0;0.0;0.0;0.0;0.0;21.0;0.0;0.0;81.0;0.0;0.0;0.0;0.0;0.0;0.0;0.0;0.0;0.0;4.0;13.0;13.0;8.0;0.0;0.0;0.0;0.0;0.0;888.0
Quiterianópolis;CRUZ;-5.7878611111111;-40.617611111111;2015;5;18.0;0.0;0.0;0.0;0.0;5.0;0.0;0.0;4.0;0.0;0.0;0.0;0.0;0.0;0.0;0.0;0.0;0.0;0.0;0.0;0.0;0.0;0.0;9.0;0.0;0.0;0.0;0.0;0.0;0.0;0.0;0.0
Quiterianópolis;CRUZ;-5.7878611111111;-40.617611111111;2015;6;49.0;0.0;0.0;0.0;0.0;30.0;14.0;5.0;0.0;0.0;0.0;0.0;0.0;0.0;0.0;0.0;0.0;0.0;0.0;0.0;0.0;0.0;0.0;0.0;0.0;0.0;0.0;0.0;0.0;0.0;0.0;888.0
Quiterianópolis;CRUZ;-5.7878611111111;-40.617611111111;2015;7;0.0;0.0;0.0;0.0;0.0;0.0;0.0;0.0;0.0;0.0;0.0;0.0;0.0;0.0;0.0;0.0;0.0;0.0;0.0;0.0;0.0;0.0;0.0;0.0;0.0;0.0;0.0;0.0;0.0;0.0;0.0;0.0
Quiterianópolis;CRUZ;-5.7878611111111;-40.617611111111;2015;8;0.0;0.0;0.0;0.0;0.0;0.0;0.0;0.0;0.0;0.0;0.0;0.0;0.0;0.0;0.0;0.0;0.0;0.0;0.0;0.0;0.0;0.0;0.0;0.0;0.0;0.0;0.0;0.0;0.0;0.0;0.0;0.0
Quiterianópolis;CRUZ;-5.7878611111111;-40.617611111111;2015;9;0.0;0.0;0.0;0.0;0.0;0.0;0.0;0.0;0.0;0.0;0.0;0.0;0.0;0.0;0.0;0.0;0.0;0.0;0.0;0.0;0.0;0.0;0.0;0.0;0.0;0.0;0.0;0.0;0.0;0.0;0.0;888.0
Quiterianópolis;CRUZ;-5.7878611111111;-40.617611111111;2015;10;0.0;0.0;0.0;0.0;0.0;0.0;0.0;0.0;0.0;0.0;0.0;0.0;0.0;0.0;0.0;0.0;0.0;0.0;0.0;0.0;0.0;0.0;0.0;0.0;0.0;0.0;0.0;0.0;0.0;0.0;0.0;0.0
Quiterianópolis;CRUZ;-5.7878611111111;-40.617611111111;2015;11;0.0;0.0;0.0;0.0;0.0;0.0;0.0;0.0;0.0;0.0;0.0;0.0;0.0;0.0;0.0;0.0;0.0;0.0;0.0;0.0;0.0;0.0;0.0;0.0;0.0;0.0;0.0;0.0;0.0;0.0;0.0;888.0
Quiterianópolis;CRUZ;-5.7878611111111;-40.617611111111;2015;12;36.0;0.0;0.0;0.0;0.0;0.0;0.0;0.0;0.0;0.0;0.0;0.0;0.0;0.0;0.0;0.0;0.0;0.0;0.0;0.0;0.0;0.0;0.0;0.0;0.0;0.0;17.0;0.0;0.0;0.0;0.0;19.0
Quiterianópolis;CRUZ;-5.7878611111111;-40.617611111111;2016;1;248.0;0.0;0.0;0.0;0.0;0.0;0.0;23.0;13.0;0.0;0.0;0.0;0.0;0.0;0.0;0.0;0.0;0.0;0.0;0.0;0.0;91.0;46.0;0.0;40.0;35.0;0.0;0.0;0.0;0.0;0.0;0.0
Quiterianópolis;CRUZ;-5.7878611111111;-40.617611111111;2016;2;20.0;13.0;0.0;4.0;0.0;3.0;0.0;0.0;0.0;0.0;0.0;0.0;0.0;0.0;0.0;0.0;0.0;999.0;0.0;0.0;0.0;0.0;0.0;0.0;0.0;0.0;0.0;0.0;0.0;0.0;888.0;888.0
Quiterianópolis;CRUZ;-5.7878611111111;-40.617611111111;2016;3;130.0;0.0;0.0;0.0;0.0;0.0;0.0;0.0;0.0;44.0;0.0;0.0;0.0;0.0;10.0;10.0;0.0;6.0;30.0;0.0;0.0;0.0;0.0;0.0;0.0;0.0;0.0;0.0;0.0;0.0;30.0;0.0
Quiterianópolis;CRUZ;-5.7878611111111;-40.617611111111;2016;4;52.0;29.0;0.0;8.0;15.0;0.0;0.0;0.0;0.0;0.0;0.0;0.0;0.0;0.0;0.0;0.0;0.0;0.0;0.0;0.0;0.0;0.0;0.0;0.0;0.0;0.0;0.0;0.0;0.0;0.0;0.0;888.0
Quiterianópolis;CRUZ;-5.7878611111111;-40.617611111111;2016;5;79.0;0.0;0.0;17.0;0.0;0.0;0.0;0.0;0.0;0.0;0.0;0.0;52.0;10.0;0.0;0.0;0.0;0.0;0.0;0.0;0.0;0.0;0.0;0.0;0.0;0.0;0.0;0.0;0.0;0.0;0.0;0.0
Quiterianópolis;CRUZ;-5.7878611111111;-40.617611111111;2016;6;0.0;0.0;0.0;0.0;0.0;0.0;0.0;0.0;0.0;0.0;0.0;0.0;0.0;0.0;0.0;0.0;0.0;0.0;0.0;0.0;0.0;0.0;0.0;0.0;0.0;0.0;0.0;0.0;0.0;0.0;0.0;888.0
Quiterianópolis;CRUZ;-5.7878611111111;-40.617611111111;2016;7;0.0;0.0;0.0;0.0;0.0;0.0;0.0;0.0;0.0;0.0;0.0;0.0;0.0;0.0;0.0;0.0;0.0;0.0;0.0;0.0;0.0;0.0;0.0;0.0;0.0;0.0;0.0;0.0;0.0;0.0;0.0;0.0
Quiterianópolis;CRUZ;-5.7878611111111;-40.617611111111;2016;8;0.0;0.0;0.0;0.0;0.0;0.0;0.0;0.0;0.0;0.0;0.0;0.0;0.0;0.0;0.0;0.0;0.0;0.0;0.0;0.0;0.0;0.0;0.0;0.0;0.0;0.0;0.0;0.0;0.0;0.0;0.0;0.0
Quiterianópolis;CRUZ;-5.7878611111111;-40.617611111111;2016;9;0.0;0.0;0.0;0.0;0.0;0.0;0.0;0.0;0.0;0.0;0.0;0.0;0.0;0.0;0.0;0.0;0.0;0.0;0.0;0.0;0.0;0.0;0.0;0.0;0.0;0.0;0.0;0.0;0.0;0.0;0.0;888.0
Quiterianópolis;CRUZ;-5.7878611111111;-40.617611111111;2016;10;0.0;0.0;0.0;0.0;0.0;0.0;0.0;0.0;0.0;0.0;0.0;0.0;0.0;0.0;0.0;0.0;0.0;0.0;0.0;0.0;0.0;0.0;0.0;0.0;0.0;0.0;0.0;0.0;0.0;0.0;0.0;0.0
Quiterianópolis;CRUZ;-5.7878611111111;-40.617611111111;2016;11;0.0;0.0;0.0;0.0;0.0;0.0;0.0;0.0;0.0;0.0;0.0;0.0;0.0;0.0;0.0;0.0;0.0;0.0;0.0;0.0;0.0;0.0;0.0;0.0;0.0;0.0;0.0;0.0;0.0;0.0;0.0;888.0
Quiterianópolis;CRUZ;-5.7878611111111;-40.617611111111;2016;12;50.0;0.0;0.0;0.0;0.0;0.0;0.0;0.0;0.0;0.0;0.0;0.0;0.0;0.0;0.0;0.0;0.0;0.0;28.0;22.0;0.0;0.0;0.0;0.0;0.0;0.0;0.0;0.0;0.0;0.0;0.0;0.0
Quiterianópolis;CRUZ;-5.7878611111111;-40.617611111111;2017;1;34.0;0.0;0.0;0.0;0.0;0.0;0.0;0.0;0.0;0.0;0.0;0.0;0.0;0.0;0.0;0.0;0.0;0.0;0.0;0.0;34.0;0.0;0.0;0.0;0.0;0.0;0.0;0.0;0.0;0.0;0.0;0.0
Quiterianópolis;CRUZ;-5.7878611111111;-40.617611111111;2017;2;122.0;0.0;0.0;0.0;0.0;0.0;0.0;0.0;0.0;0.0;0.0;26.0;19.0;0.0;0.0;0.0;0.0;0.0;0.0;0.0;35.0;19.0;0.0;0.0;0.0;12.0;0.0;0.0;11.0;888.0;888.0;888.0
Quiterianópolis;CRUZ;-5.7878611111111;-40.617611111111;2017;3;92.0;18.0;0.0;11.0;0.0;0.0;0.0;0.0;0.0;27.0;0.0;0.0;15.0;21.0;0.0;0.0;0.0;0.0;0.0;0.0;0.0;0.0;0.0;0.0;0.0;0.0;0.0;0.0;0.0;0.0;0.0;0.0
Quiterianópolis;CRUZ;-5.7878611111111;-40.617611111111;2017;4;51.0;0.0;0.0;0.0;0.0;0.0;0.0;0.0;0.0;0.0;10.0;0.0;23.0;0.0;0.0;0.0;0.0;0.0;0.0;18.0;0.0;0.0;0.0;0.0;0.0;0.0;0.0;0.0;0.0;0.0;0.0;888.0
Quiterianópolis;CRUZ;-5.7878611111111;-40.617611111111;2017;5;38.0;38.0;999.0;999.0;999.0;999.0;999.0;999.0;999.0;999.0;999.0;999.0;999.0;999.0;999.0;999.0;999.0;999.0;999.0;999.0;999.0;999.0;999.0;999.0;999.0;999.0;999.0;999.0;999.0;999.0;999.0;999.0
Quiterianópolis;CRUZ;-5.7878611111111;-40.617611111111;2018;12;193.0;0.0;0.0;0.0;0.0;0.0;100.0;0.0;5.0;0.0;10.0;0.0;0.0;0.0;0.0;0.0;0.0;0.0;30.0;0.0;0.0;0.0;0.0;0.0;40.0;8.0;0.0;0.0;0.0;0.0;0.0;0.0
Quiterianópolis;CRUZ;-5.7878611111111;-40.617611111111;2019;1;121.0;0.0;0.0;0.0;0.0;0.0;10.0;3.0;0.0;0.0;26.0;0.0;0.0;0.0;0.0;0.0;0.0;20.0;0.0;0.0;18.0;0.0;0.0;0.0;7.0;0.0;25.0;0.0;10.0;0.0;2.0;0.0
Quiterianópolis;CRUZ;-5.7878611111111;-40.617611111111;2019;2;245.0;8.0;3.0;0.0;11.0;4.0;19.0;11.0;0.0;0.0;0.0;0.0;0.0;0.0;11.0;0.0;125.0;0.0;14.0;0.0;0.0;6.0;0.0;11.0;14.0;4.0;0.0;4.0;0.0;888.0;888.0;888.0
Quiterianópolis;CRUZ;-5.7878611111111;-40.617611111111;2019;3;265.0;0.0;0.0;3.0;9.0;6.0;0.0;0.0;11.0;2.0;0.0;0.0;0.0;8.0;0.0;0.0;0.0;0.0;0.0;10.0;0.0;2.0;4.0;3.0;35.0;0.0;0.0;4.0;25.0;15.0;14.0;114.0
Quiterianópolis;CRUZ;-5.7878611111111;-40.617611111111;2019;4;85.0;0.0;8.0;0.0;0.0;2.0;17.0;3.0;0.0;0.0;0.0;0.0;0.0;12.0;0.0;13.0;0.0;3.0;0.0;13.0;0.0;3.0;0.0;0.0;3.0;0.0;0.0;0.0;0.0;0.0;8.0;888.0
Quiterianópolis;CRUZ;-5.7878611111111;-40.617611111111;2019;5;36.0;0.0;0.0;0.0;0.0;0.0;0.0;0.0;0.0;10.0;0.0;0.0;0.0;0.0;0.0;15.0;0.0;0.0;4.0;0.0;0.0;0.0;0.0;0.0;5.0;2.0;0.0;0.0;0.0;0.0;0.0;0.0
Quiterianópolis;CRUZ;-5.7878611111111;-40.617611111111;2019;6;20.0;0.0;0.0;0.0;0.0;0.0;0.0;0.0;0.0;0.0;0.0;0.0;0.0;0.0;2.0;0.0;0.0;0.0;18.0;0.0;0.0;0.0;0.0;0.0;0.0;0.0;0.0;0.0;0.0;0.0;0.0;888.0
Quiterianópolis;CRUZ;-5.7878611111111;-40.617611111111;2019;7;25.0;2.0;7.0;0.0;0.0;0.0;0.0;0.0;0.0;0.0;0.0;0.0;6.0;4.0;6.0;0.0;0.0;0.0;0.0;0.0;0.0;0.0;0.0;0.0;0.0;0.0;0.0;0.0;0.0;0.0;0.0;0.0
Quiterianópolis;CRUZ;-5.7878611111111;-40.617611111111;2019;8;0.0;0.0;0.0;0.0;0.0;0.0;0.0;0.0;0.0;0.0;0.0;0.0;0.0;0.0;0.0;0.0;0.0;0.0;0.0;0.0;0.0;0.0;0.0;0.0;0.0;0.0;0.0;0.0;0.0;0.0;0.0;0.0
Quiterianópolis;CRUZ;-5.7878611111111;-40.617611111111;2019;9;14.0;0.0;0.0;0.0;0.0;0.0;0.0;0.0;0.0;0.0;0.0;0.0;0.0;0.0;0.0;0.0;0.0;0.0;0.0;0.0;0.0;0.0;0.0;0.0;14.0;0.0;0.0;0.0;0.0;0.0;0.0;888.0
Quiterianópolis;CRUZ;-5.7878611111111;-40.617611111111;2019;10;0.0;0.0;0.0;0.0;0.0;0.0;0.0;0.0;0.0;0.0;0.0;0.0;0.0;0.0;0.0;0.0;0.0;0.0;0.0;0.0;0.0;0.0;0.0;0.0;0.0;0.0;0.0;0.0;0.0;0.0;0.0;0.0
Quiterianópolis;CRUZ;-5.7878611111111;-40.617611111111;2019;11;0.0;0.0;0.0;0.0;0.0;0.0;0.0;0.0;0.0;0.0;0.0;0.0;0.0;0.0;0.0;0.0;0.0;0.0;0.0;0.0;0.0;0.0;0.0;0.0;0.0;0.0;0.0;0.0;0.0;0.0;0.0;888.0
Quiterianópolis;CRUZ;-5.7878611111111;-40.617611111111;2019;12;7.0;0.0;0.0;0.0;0.0;0.0;0.0;0.0;0.0;1.0;4.0;0.0;0.0;0.0;0.0;0.0;0.0;0.0;0.0;0.0;0.0;0.0;0.0;0.0;0.0;0.0;0.0;0.0;0.0;0.0;0.0;2.0
Quiterianópolis;CRUZ;-5.7878611111111;-40.617611111111;2020;1;154.0;21.0;0.0;0.0;5.0;16.0;0.0;10.0;27.0;8.0;8.0;0.0;0.0;0.0;0.0;3.0;18.0;0.0;0.0;0.0;0.0;5.0;3.0;0.0;4.0;0.0;0.0;0.0;11.0;0.0;4.0;11.0
Quiterianópolis;CRUZ;-5.7878611111111;-40.617611111111;2020;2;197.0;0.0;37.0;0.0;19.0;9.0;10.0;0.0;1.0;0.0;36.0;0.0;5.0;0.0;17.0;6.0;0.0;5.0;8.0;23.0;0.0;15.0;0.0;0.0;0.0;0.0;4.0;0.0;0.0;2.0;888.0;888.0
Quiterianópolis;CRUZ;-5.7878611111111;-40.617611111111;2020;3;437.0;0.0;23.0;2.0;7.0;38.0;15.0;6.0;54.0;0.0;18.0;28.0;0.0;0.0;27.0;35.0;104.0;0.0;0.0;2.0;20.0;0.0;7.0;1.0;0.0;0.0;28.0;0.0;22.0;0.0;0.0;0.0
Quiterianópolis;CRUZ;-5.7878611111111;-40.617611111111;2020;4;124.0;0.0;0.0;0.0;0.0;0.0;0.0;0.0;0.0;0.0;0.0;0.0;0.0;8.0;0.0;0.0;2.0;14.0;10.0;6.0;4.0;58.0;4.0;0.0;0.0;10.0;0.0;8.0;0.0;0.0;0.0;888.0
Quiterianópolis;CRUZ;-5.7878611111111;-40.617611111111;2020;5;32.0;0.0;0.0;0.0;0.0;0.0;0.0;1.0;0.0;0.0;0.0;0.0;0.0;0.0;0.0;0.0;2.0;4.0;0.0;14.0;3.0;2.0;3.0;0.0;0.0;0.0;1.0;0.0;0.0;2.0;0.0;0.0
Quiterianópolis;CRUZ;-5.7878611111111;-40.617611111111;2020;6;0.0;0.0;0.0;0.0;0.0;0.0;0.0;0.0;0.0;0.0;0.0;0.0;0.0;0.0;0.0;0.0;0.0;0.0;0.0;0.0;0.0;0.0;0.0;0.0;0.0;0.0;0.0;0.0;0.0;0.0;0.0;888.0
Quiterianópolis;CRUZ;-5.7878611111111;-40.617611111111;2020;7;1.0;0.0;0.0;0.0;0.0;0.0;0.0;1.0;0.0;0.0;0.0;0.0;0.0;0.0;0.0;0.0;0.0;0.0;0.0;0.0;0.0;0.0;0.0;0.0;0.0;0.0;0.0;0.0;0.0;0.0;0.0;0.0
Quiterianópolis;CRUZ;-5.7878611111111;-40.617611111111;2020;8;0.0;0.0;0.0;0.0;0.0;0.0;0.0;0.0;0.0;0.0;0.0;0.0;0.0;0.0;0.0;0.0;0.0;0.0;0.0;0.0;0.0;0.0;0.0;0.0;0.0;0.0;0.0;0.0;0.0;0.0;0.0;0.0
Quiterianópolis;CRUZ;-5.7878611111111;-40.617611111111;2020;9;0.0;0.0;0.0;0.0;0.0;0.0;0.0;0.0;0.0;0.0;0.0;0.0;0.0;0.0;0.0;0.0;0.0;0.0;0.0;0.0;0.0;0.0;0.0;0.0;0.0;0.0;0.0;0.0;0.0;0.0;0.0;888.0
Quiterianópolis;CRUZ;-5.7878611111111;-40.617611111111;2020;10;0.0;0.0;0.0;0.0;0.0;0.0;0.0;0.0;0.0;0.0;0.0;0.0;0.0;0.0;0.0;0.0;0.0;0.0;0.0;0.0;0.0;0.0;0.0;0.0;0.0;0.0;0.0;0.0;0.0;0.0;0.0;0.0
Quiterianópolis;CRUZ;-5.7878611111111;-40.617611111111;2020;11;18.0;0.0;0.0;0.0;0.0;0.0;0.0;0.0;0.0;0.0;0.0;0.0;0.0;0.0;0.0;0.0;0.0;0.0;0.0;0.0;18.0;0.0;0.0;0.0;0.0;0.0;0.0;0.0;0.0;0.0;0.0;888.0
Quiterianópolis;CRUZ;-5.7878611111111;-40.617611111111;2020;12;8.0;0.0;0.0;0.0;0.0;0.0;0.0;0.0;0.0;0.0;0.0;0.0;0.0;0.0;0.0;8.0;0.0;0.0;0.0;0.0;0.0;0.0;0.0;0.0;0.0;0.0;0.0;0.0;0.0;0.0;0.0;0.0
Quiterianópolis;CRUZ;-5.7878611111111;-40.617611111111;2021;1;33.0;0.0;0.0;0.0;0.0;0.0;0.0;0.0;0.0;0.0;0.0;0.0;0.0;0.0;0.0;0.0;0.0;0.0;0.0;0.0;17.0;0.0;1.0;0.0;0.0;0.0;0.0;5.0;0.0;10.0;0.0;0.0
Quiterianópolis;CRUZ;-5.7878611111111;-40.617611111111;2021;2;261.0;0.0;0.0;0.0;0.0;0.0;0.0;0.0;0.0;2.0;0.0;7.0;0.0;0.0;0.0;0.0;170.0;5.0;0.0;32.0;0.0;0.0;0.0;12.0;17.0;0.0;0.0;7.0;9.0;888.0;888.0;888.0
Quiterianópolis;CRUZ;-5.7878611111111;-40.617611111111;2021;3;100.0;0.0;13.0;8.0;0.0;14.0;0.0;0.0;0.0;0.0;0.0;0.0;0.0;0.0;0.0;0.0;0.0;0.0;0.0;2.0;0.0;1.0;0.0;0.0;0.0;20.0;27.0;6.0;3.0;6.0;0.0;0.0
Quiterianópolis;CRUZ;-5.7878611111111;-40.617611111111;2021;4;101.0;0.0;0.0;0.0;0.0;4.0;0.0;0.0;0.0;0.0;0.0;2.0;37.0;0.0;0.0;0.0;0.0;0.0;0.0;0.0;0.0;0.0;28.0;25.0;0.0;0.0;5.0;0.0;0.0;0.0;0.0;888.0
Quiterianópolis;CRUZ;-5.7878611111111;-40.617611111111;2021;5;4.0;0.0;0.0;0.0;0.0;1.0;3.0;0.0;0.0;0.0;0.0;0.0;0.0;0.0;0.0;0.0;0.0;0.0;0.0;0.0;0.0;0.0;0.0;0.0;0.0;0.0;0.0;0.0;0.0;0.0;0.0;0.0
Quiterianópolis;CRUZ;-5.7878611111111;-40.617611111111;2021;6;2.0;1.0;0.0;0.0;0.0;0.0;0.0;0.0;0.0;0.0;0.0;0.0;0.0;0.0;0.0;0.0;0.0;0.0;1.0;0.0;0.0;0.0;0.0;0.0;0.0;0.0;0.0;0.0;0.0;0.0;0.0;888.0
Quiterianópolis;CRUZ;-5.7878611111111;-40.617611111111;2021;7;4.0;0.0;4.0;0.0;0.0;0.0;0.0;0.0;0.0;0.0;0.0;0.0;0.0;0.0;0.0;0.0;0.0;0.0;0.0;0.0;0.0;0.0;0.0;0.0;0.0;0.0;0.0;0.0;0.0;0.0;0.0;0.0
Quiterianópolis;CRUZ;-5.7878611111111;-40.617611111111;2021;8;0.0;0.0;0.0;0.0;0.0;0.0;0.0;0.0;0.0;0.0;0.0;0.0;0.0;0.0;0.0;0.0;0.0;0.0;0.0;0.0;0.0;0.0;0.0;0.0;0.0;0.0;0.0;0.0;0.0;0.0;0.0;0.0
Quiterianópolis;CRUZ;-5.7878611111111;-40.617611111111;2021;9;1.0;0.0;0.0;0.0;0.0;0.0;0.0;0.0;0.0;0.0;0.0;0.0;0.0;0.0;0.0;1.0;0.0;0.0;0.0;0.0;0.0;0.0;0.0;0.0;0.0;0.0;0.0;0.0;0.0;0.0;0.0;888.0
Quiterianópolis;CRUZ;-5.7878611111111;-40.617611111111;2021;10;4.0;0.0;0.0;0.0;0.0;0.0;0.0;0.0;0.0;0.0;0.0;0.0;0.0;0.0;0.0;0.0;0.0;0.0;0.0;0.0;0.0;0.0;0.0;0.0;0.0;0.0;0.0;0.0;0.0;0.0;0.0;4.0
Quiterianópolis;CRUZ;-5.7878611111111;-40.617611111111;2021;11;52.0;7.0;0.0;0.0;0.0;0.0;5.0;4.0;0.0;0.0;0.0;0.0;0.0;0.0;36.0;0.0;0.0;0.0;0.0;0.0;0.0;0.0;0.0;0.0;0.0;0.0;0.0;0.0;0.0;0.0;0.0;888.0
Quiterianópolis;CRUZ;-5.7878611111111;-40.617611111111;2021;12;6.0;0.0;0.0;0.0;0.0;0.0;0.0;0.0;0.0;0.0;0.0;0.0;0.0;0.0;0.0;0.0;0.0;0.0;0.0;0.0;0.0;0.0;0.0;0.0;2.0;0.0;0.0;0.0;0.0;0.0;0.0;4.0
Quiterianópolis;CRUZ;-5.7878611111111;-40.617611111111;2022;1;211.0;0.0;8.0;0.0;18.0;0.0;85.0;0.0;0.0;0.0;0.0;0.0;0.0;0.0;0.0;16.0;22.0;6.0;4.0;0.0;0.0;0.0;4.0;0.0;0.0;0.0;0.0;22.0;8.0;18.0;0.0;0.0
Quiterianópolis;CRUZ;-5.7878611111111;-40.617611111111;2022;2;17.0;0.0;0.0;0.0;0.0;0.0;2.0;3.0;0.0;0.0;0.0;0.0;0.0;0.0;0.0;0.0;0.0;0.0;10.0;0.0;2.0;0.0;0.0;0.0;0.0;0.0;0.0;0.0;0.0;888.0;888.0;888.0
Quiterianópolis;CRUZ;-5.7878611111111;-40.617611111111;2022;3;288.0;12.0;12.0;0.0;0.0;1.0;14.0;30.0;0.0;15.0;0.0;13.0;8.0;4.0;2.0;10.0;33.0;15.0;4.0;2.0;5.0;3.0;0.0;8.0;21.0;35.0;12.0;14.0;5.0;10.0;0.0;0.0
Quiterianópolis;CRUZ;-5.7878611111111;-40.617611111111;2022;4;157.0;17.0;13.0;0.0;0.0;0.0;0.0;0.0;15.0;14.0;0.0;0.0;12.0;8.0;17.0;0.0;0.0;0.0;9.0;0.0;0.0;0.0;24.0;0.0;28.0;0.0;0.0;0.0;0.0;0.0;0.0;888.0
Quiterianópolis;CRUZ;-5.7878611111111;-40.617611111111;2022;5;53.0;0.0;0.0;0.0;1.0;0.0;0.0;4.0;0.0;0.0;0.0;0.0;0.0;0.0;0.0;15.0;0.0;0.0;0.0;0.0;20.0;10.0;0.0;0.0;0.0;0.0;0.0;3.0;0.0;0.0;0.0;0.0
Quiterianópolis;CRUZ;-5.7878611111111;-40.617611111111;2022;6;87.0;0.0;10.0;15.0;8.0;11.0;0.0;0.0;0.0;10.0;0.0;15.0;8.0;0.0;0.0;0.0;0.0;0.0;0.0;0.0;0.0;10.0;0.0;0.0;0.0;0.0;0.0;0.0;0.0;0.0;0.0;888.0
Quiterianópolis;CRUZ;-5.7878611111111;-40.617611111111;2022;7;29.0;0.0;0.0;0.0;0.0;10.0;0.0;0.0;15.0;0.0;0.0;0.0;0.0;0.0;4.0;0.0;0.0;0.0;0.0;0.0;0.0;0.0;0.0;0.0;0.0;0.0;0.0;0.0;0.0;0.0;0.0;0.0
Quiterianópolis;CRUZ;-5.7878611111111;-40.617611111111;2022;8;34.0;0.0;0.0;0.0;10.0;24.0;0.0;0.0;0.0;0.0;0.0;0.0;0.0;0.0;0.0;0.0;0.0;0.0;0.0;0.0;0.0;0.0;0.0;0.0;0.0;0.0;0.0;0.0;0.0;0.0;0.0;0.0
Quiterianópolis;CRUZ;-5.7878611111111;-40.617611111111;2022;9;0.0;0.0;0.0;0.0;0.0;0.0;0.0;0.0;0.0;0.0;0.0;0.0;0.0;0.0;0.0;0.0;0.0;0.0;0.0;0.0;0.0;0.0;0.0;0.0;0.0;0.0;0.0;0.0;0.0;0.0;0.0;888.0
Quiterianópolis;CRUZ;-5.7878611111111;-40.617611111111;2022;10;17.0;0.0;0.0;0.0;0.0;0.0;0.0;0.0;0.0;15.0;0.0;0.0;0.0;0.0;0.0;0.0;0.0;0.0;0.0;0.0;0.0;0.0;0.0;0.0;0.0;0.0;2.0;0.0;0.0;0.0;0.0;0.0
Quiterianópolis;CRUZ;-5.7878611111111;-40.617611111111;2022;11;148.0;0.0;0.0;0.0;10.0;5.0;95.0;15.0;11.0;0.0;0.0;0.0;0.0;0.0;0.0;0.0;0.0;0.0;0.0;0.0;0.0;0.0;0.0;0.0;0.0;0.0;0.0;0.0;0.0;8.0;4.0;888.0
Quiterianópolis;CRUZ;-5.7878611111111;-40.617611111111;2022;12;65.0;8.0;4.0;0.0;0.0;0.0;0.0;0.0;0.0;0.0;0.0;0.0;0.0;0.0;0.0;0.0;0.0;0.0;0.0;0.0;0.0;0.0;0.0;18.0;5.0;3.0;0.0;0.0;7.0;2.0;14.0;4.0
Quiterianópolis;CRUZ;-5.7878611111111;-40.617611111111;2023;1;146.0;0.0;3.0;26.0;0.0;0.0;0.0;0.0;0.0;0.0;0.0;0.0;0.0;0.0;0.0;8.0;15.0;9.0;3.0;26.0;22.0;0.0;2.0;5.0;14.0;5.0;0.0;0.0;8.0;0.0;0.0;0.0
Quiterianópolis;CRUZ;-5.7878611111111;-40.617611111111;2023;2;90.0;4.0;0.0;0.0;0.0;0.0;0.0;36.0;0.0;0.0;0.0;5.0;0.0;0.0;9.0;0.0;0.0;0.0;1.0;0.0;5.0;0.0;0.0;7.0;5.0;15.0;0.0;3.0;0.0;888.0;888.0;888.0
Quiterianópolis;CRUZ;-5.7878611111111;-40.617611111111;2023;3;212.0;0.0;0.0;4.0;10.0;0.0;0.0;0.0;0.0;0.0;0.0;0.0;2.0;0.0;32.0;5.0;6.0;35.0;0.0;0.0;2.0;51.0;2.0;0.0;3.0;0.0;0.0;15.0;11.0;5.0;6.0;23.0
Quiterianópolis;CRUZ;-5.7878611111111;-40.617611111111;2023;4;202.0;0.0;49.0;3.0;0.0;0.0;6.0;14.0;0.0;15.0;8.0;0.0;0.0;0.0;0.0;16.0;4.0;26.0;0.0;7.0;0.0;0.0;0.0;0.0;0.0;0.0;0.0;49.0;5.0;0.0;0.0;888.0
Quiterianópolis;CRUZ;-5.7878611111111;-40.617611111111;2023;5;13.0;7.0;0.0;0.0;0.0;0.0;0.0;0.0;0.0;0.0;0.0;0.0;0.0;0.0;0.0;0.0;4.0;0.0;0.0;0.0;0.0;0.0;0.0;0.0;0.0;2.0;0.0;0.0;0.0;0.0;0.0;0.0
Quiterianópolis;CRUZ;-5.7878611111111;-40.617611111111;2023;6;26.0;0.0;0.0;0.0;0.0;0.0;0.0;0.0;0.0;0.0;8.0;0.0;0.0;0.0;0.0;2.0;15.0;0.0;1.0;0.0;0.0;0.0;0.0;0.0;0.0;0.0;0.0;0.0;0.0;0.0;0.0;888.0
Quiterianópolis;CRUZ;-5.7878611111111;-40.617611111111;2023;7;5.0;0.0;0.0;0.0;0.0;0.0;0.0;4.0;0.0;0.0;0.0;1.0;0.0;0.0;0.0;0.0;0.0;0.0;0.0;0.0;0.0;0.0;0.0;0.0;0.0;0.0;0.0;0.0;0.0;0.0;0.0;0.0
Quiterianópolis;CRUZ;-5.7878611111111;-40.617611111111;2023;8;0.0;0.0;0.0;0.0;0.0;0.0;0.0;0.0;0.0;0.0;0.0;0.0;0.0;0.0;0.0;0.0;0.0;0.0;0.0;0.0;0.0;0.0;0.0;0.0;0.0;0.0;0.0;0.0;0.0;0.0;0.0;0.0
Quiterianópolis;CRUZ;-5.7878611111111;-40.617611111111;2023;9;0.0;0.0;0.0;0.0;0.0;0.0;0.0;0.0;0.0;0.0;0.0;0.0;0.0;0.0;0.0;0.0;0.0;0.0;0.0;0.0;0.0;0.0;0.0;0.0;0.0;0.0;0.0;0.0;0.0;0.0;0.0;888.0
Quiterianópolis;CRUZ;-5.7878611111111;-40.617611111111;2023;10;0.0;0.0;0.0;0.0;0.0;0.0;0.0;0.0;0.0;0.0;0.0;0.0;0.0;0.0;0.0;0.0;0.0;0.0;0.0;0.0;0.0;0.0;0.0;0.0;0.0;0.0;0.0;0.0;0.0;0.0;0.0;0.0
Quiterianópolis;CRUZ;-5.7878611111111;-40.617611111111;2023;11;10.0;0.0;0.0;0.0;0.0;0.0;4.0;0.0;0.0;0.0;0.0;0.0;0.0;0.0;0.0;0.0;0.0;0.0;0.0;0.0;0.0;0.0;0.0;0.0;0.0;0.0;0.0;0.0;0.0;4.0;2.0;888.0
Quiterianópolis;CRUZ;-5.7878611111111;-40.617611111111;2023;12;45.0;0.0;0.0;0.0;0.0;0.0;0.0;0.0;0.0;0.0;0.0;0.0;0.0;0.0;0.0;0.0;0.0;0.0;8.0;2.0;32.0;3.0;0.0;0.0;0.0;0.0;0.0;0.0;0.0;0.0;0.0;0.0
Quiterianópolis;CRUZ;-5.7878611111111;-40.617611111111;2024;1;118.0;0.0;0.0;40.0;0.0;0.0;0.0;2.0;0.0;0.0;0.0;0.0;6.0;10.0;0.0;0.0;0.0;2.0;0.0;0.0;0.0;0.0;1.0;0.0;57.0;0.0;0.0;0.0;0.0;0.0;0.0;0.0
Quiterianópolis;CRUZ;-5.7878611111111;-40.617611111111;2024;2;148.0;0.0;0.0;0.0;0.0;0.0;0.0;0.0;0.0;0.0;1.0;27.0;0.0;0.0;0.0;10.0;8.0;0.0;0.0;14.0;24.0;10.0;7.0;9.0;4.0;6.0;0.0;0.0;28.0;0.0;888.0;888.0
Quiterianópolis;CRUZ;-5.7878611111111;-40.617611111111;2024;3;223.0;0.0;0.0;0.0;20.0;0.0;4.0;0.0;0.0;0.0;2.0;0.0;0.0;5.0;9.0;0.0;6.0;0.0;0.0;0.0;0.0;8.0;5.0;10.0;90.0;3.0;13.0;8.0;0.0;0.0;40.0;0.0
Quiterianópolis;CRUZ;-5.7878611111111;-40.617611111111;2024;4;231.0;60.0;0.0;0.0;0.0;0.0;0.0;24.0;0.0;3.0;62.0;7.0;20.0;3.0;5.0;8.0;14.0;4.0;0.0;15.0;4.0;2.0;0.0;0.0;0.0;0.0;0.0;0.0;0.0;0.0;0.0;888.0
Quiterianópolis;CRUZ;-5.7878611111111;-40.617611111111;2024;5;30.0;0.0;0.0;0.0;5.0;3.0;0.0;0.0;1.0;0.0;0.0;0.0;0.0;0.0;0.0;0.0;0.0;2.0;0.0;0.0;0.0;18.0;0.0;0.0;0.0;0.0;0.0;0.0;0.0;0.0;0.0;1.0
Quiterianópolis;CRUZ;-5.7878611111111;-40.617611111111;2024;6;8.0;0.0;0.0;2.0;0.0;0.0;4.0;0.0;0.0;0.0;0.0;0.0;0.0;0.0;0.0;2.0;0.0;0.0;0.0;0.0;0.0;0.0;0.0;0.0;0.0;0.0;0.0;0.0;0.0;0.0;0.0;888.0
Quiterianópolis;CRUZ;-5.7878611111111;-40.617611111111;2024;7;9.0;0.0;0.0;0.0;0.0;0.0;0.0;4.0;3.0;0.0;0.0;2.0;0.0;0.0;0.0;0.0;0.0;0.0;0.0;0.0;0.0;0.0;0.0;0.0;0.0;0.0;0.0;0.0;0.0;0.0;0.0;0.0
Quiterianópolis;CRUZ;-5.7878611111111;-40.617611111111;2024;8;0.0;0.0;0.0;0.0;0.0;0.0;0.0;0.0;0.0;0.0;0.0;0.0;0.0;0.0;0.0;0.0;0.0;0.0;0.0;0.0;0.0;0.0;0.0;0.0;0.0;0.0;0.0;0.0;0.0;0.0;0.0;0.0
Quiterianópolis;CRUZ;-5.7878611111111;-40.617611111111;2024;9;0.0;0.0;0.0;0.0;0.0;0.0;0.0;0.0;0.0;0.0;0.0;0.0;0.0;0.0;0.0;0.0;0.0;0.0;0.0;0.0;0.0;0.0;0.0;0.0;0.0;0.0;0.0;0.0;0.0;0.0;0.0;888.0
Quiterianópolis;CRUZ;-5.7878611111111;-40.617611111111;2024;10;0.0;0.0;0.0;0.0;0.0;0.0;0.0;0.0;0.0;0.0;0.0;0.0;0.0;0.0;0.0;0.0;0.0;0.0;0.0;0.0;0.0;0.0;0.0;0.0;999.0;999.0;999.0;999.0;999.0;999.0;999.0;999.0
