Municipios;Postos;Latitude;Longitude;Anos;Meses;Total;Dia1;Dia2;Dia3;Dia4;Dia5;Dia6;Dia7;Dia8;Dia9;Dia10;Dia11;Dia12;Dia13;Dia14;Dia15;Dia16;Dia17;Dia18;Dia19;Dia20;Dia21;Dia22;Dia23;Dia24;Dia25;Dia26;Dia27;Dia28;Dia29;Dia30;Dia31
Tamboril;SAO MONTE ALEGRE;-4.92375;-40.181444444444;2002;1;201.0;0.0;0.0;6.0;0.0;0.0;45.0;5.0;25.0;23.0;0.0;0.0;14.0;0.0;0.0;14.0;45.0;0.0;0.0;0.0;0.0;0.0;0.0;0.0;0.0;0.0;24.0;0.0;0.0;0.0;0.0;0.0
Tamboril;SAO MONTE ALEGRE;-4.92375;-40.181444444444;2002;2;27.0;0.0;11.0;0.0;0.0;0.0;10.0;0.0;0.0;6.0;0.0;0.0;0.0;0.0;0.0;0.0;0.0;0.0;0.0;0.0;0.0;0.0;0.0;0.0;0.0;0.0;0.0;0.0;0.0;888.0;888.0;888.0
Tamboril;SAO MONTE ALEGRE;-4.92375;-40.181444444444;2002;3;53.0;0.0;0.0;0.0;0.0;0.0;0.0;15.0;7.0;7.0;0.0;0.0;0.0;0.0;0.0;0.0;0.0;0.0;0.0;0.0;0.0;0.0;0.0;0.0;11.0;0.0;0.0;0.0;13.0;0.0;0.0;0.0
Tamboril;SAO MONTE ALEGRE;-4.92375;-40.181444444444;2002;4;123.0;14.0;0.0;15.0;0.0;20.0;6.0;0.0;14.0;17.0;0.0;0.0;0.0;0.0;0.0;0.0;0.0;0.0;0.0;12.0;0.0;0.0;0.0;25.0;0.0;0.0;0.0;0.0;0.0;0.0;0.0;888.0
Tamboril;SAO MONTE ALEGRE;-4.92375;-40.181444444444;2002;5;69.0;0.0;25.0;13.0;0.0;0.0;0.0;14.0;0.0;0.0;0.0;0.0;0.0;0.0;0.0;0.0;0.0;0.0;17.0;0.0;0.0;0.0;0.0;0.0;0.0;0.0;0.0;0.0;0.0;0.0;0.0;0.0
Tamboril;SAO MONTE ALEGRE;-4.92375;-40.181444444444;2002;6;46.0;46.0;0.0;0.0;0.0;0.0;0.0;0.0;0.0;0.0;0.0;0.0;0.0;0.0;0.0;0.0;0.0;0.0;0.0;0.0;0.0;0.0;0.0;0.0;0.0;0.0;0.0;0.0;0.0;0.0;0.0;888.0
Tamboril;SAO MONTE ALEGRE;-4.92375;-40.181444444444;2002;7;0.0;0.0;0.0;0.0;0.0;0.0;0.0;0.0;0.0;0.0;0.0;0.0;0.0;0.0;0.0;0.0;0.0;0.0;0.0;0.0;0.0;0.0;0.0;0.0;0.0;0.0;0.0;0.0;0.0;0.0;0.0;0.0
Tamboril;SAO MONTE ALEGRE;-4.92375;-40.181444444444;2002;8;0.0;0.0;0.0;0.0;0.0;0.0;0.0;0.0;0.0;0.0;0.0;0.0;0.0;0.0;0.0;0.0;0.0;0.0;0.0;0.0;0.0;0.0;0.0;0.0;0.0;0.0;0.0;0.0;0.0;0.0;0.0;0.0
Tamboril;SAO MONTE ALEGRE;-4.92375;-40.181444444444;2002;9;0.0;0.0;0.0;0.0;0.0;0.0;0.0;0.0;0.0;0.0;0.0;0.0;0.0;0.0;0.0;0.0;0.0;0.0;0.0;0.0;0.0;0.0;0.0;0.0;0.0;0.0;0.0;0.0;0.0;0.0;0.0;888.0
Tamboril;SAO MONTE ALEGRE;-4.92375;-40.181444444444;2002;10;0.0;0.0;0.0;0.0;0.0;0.0;0.0;0.0;0.0;0.0;0.0;0.0;0.0;0.0;0.0;0.0;0.0;0.0;0.0;0.0;0.0;0.0;0.0;0.0;0.0;0.0;0.0;0.0;0.0;0.0;0.0;0.0
Tamboril;SAO MONTE ALEGRE;-4.92375;-40.181444444444;2002;11;0.0;0.0;0.0;0.0;0.0;0.0;0.0;0.0;0.0;0.0;0.0;0.0;0.0;0.0;0.0;0.0;0.0;0.0;0.0;0.0;0.0;0.0;0.0;0.0;0.0;0.0;0.0;0.0;0.0;0.0;0.0;888.0
Tamboril;SAO MONTE ALEGRE;-4.92375;-40.181444444444;2002;12;31.0;0.0;0.0;0.0;0.0;0.0;0.0;0.0;0.0;0.0;0.0;0.0;0.0;0.0;0.0;0.0;0.0;0.0;31.0;0.0;0.0;0.0;0.0;0.0;0.0;0.0;0.0;0.0;0.0;0.0;0.0;0.0
Tamboril;SAO MONTE ALEGRE;-4.92375;-40.181444444444;2003;1;169.0;0.0;0.0;0.0;0.0;0.0;0.0;0.0;0.0;0.0;0.0;0.0;0.0;0.0;0.0;0.0;0.0;0.0;0.0;94.0;31.0;5.0;0.0;0.0;2.0;18.0;12.0;0.0;0.0;7.0;0.0;0.0
Tamboril;SAO MONTE ALEGRE;-4.92375;-40.181444444444;2003;2;82.6;0.0;0.0;18.0;3.0;5.0;0.0;0.0;0.0;0.0;0.0;4.0;0.0;7.0;2.1;0.0;0.0;10.4;0.0;0.0;0.0;7.1;0.0;0.0;2.0;18.0;0.0;0.0;6.0;888.0;888.0;888.0
Tamboril;SAO MONTE ALEGRE;-4.92375;-40.181444444444;2003;3;158.1;0.0;0.0;25.0;0.0;0.0;0.0;0.0;0.0;0.0;5.0;0.0;0.0;0.0;8.4;0.0;0.0;0.0;0.0;10.0;12.4;29.0;11.4;24.0;3.0;17.4;3.1;0.0;0.0;0.0;9.4;0.0
Tamboril;SAO MONTE ALEGRE;-4.92375;-40.181444444444;2003;4;95.4;18.4;2.2;0.0;0.0;18.0;17.0;2.1;0.0;0.0;2.3;0.0;0.0;0.0;0.0;0.0;0.0;0.0;0.0;0.0;0.0;0.0;0.0;0.0;0.0;0.0;11.0;4.3;14.3;2.4;3.4;888.0
Tamboril;SAO MONTE ALEGRE;-4.92375;-40.181444444444;2003;5;19.2;1.0;0.0;0.0;8.0;0.0;0.0;0.0;0.0;0.0;0.0;0.0;6.0;0.0;0.0;0.0;0.0;0.0;0.0;0.0;0.0;0.0;4.2;0.0;0.0;0.0;0.0;0.0;0.0;0.0;0.0;0.0
Tamboril;SAO MONTE ALEGRE;-4.92375;-40.181444444444;2003;6;60.0;0.0;0.0;0.0;0.0;5.0;3.0;0.0;0.0;12.0;0.0;0.0;0.0;0.0;0.0;0.0;28.0;12.0;0.0;0.0;0.0;0.0;0.0;0.0;0.0;0.0;0.0;0.0;0.0;0.0;0.0;888.0
Tamboril;SAO MONTE ALEGRE;-4.92375;-40.181444444444;2003;7;0.0;0.0;0.0;0.0;0.0;0.0;0.0;0.0;0.0;0.0;0.0;0.0;0.0;0.0;0.0;0.0;0.0;0.0;0.0;0.0;0.0;0.0;0.0;0.0;0.0;0.0;0.0;0.0;0.0;0.0;0.0;0.0
Tamboril;SAO MONTE ALEGRE;-4.92375;-40.181444444444;2003;8;0.0;0.0;0.0;0.0;0.0;0.0;0.0;0.0;0.0;0.0;0.0;0.0;0.0;0.0;0.0;0.0;0.0;0.0;0.0;0.0;0.0;0.0;0.0;0.0;0.0;0.0;0.0;0.0;0.0;0.0;0.0;0.0
Tamboril;SAO MONTE ALEGRE;-4.92375;-40.181444444444;2003;9;0.0;0.0;0.0;0.0;0.0;0.0;0.0;0.0;0.0;0.0;0.0;0.0;0.0;0.0;0.0;0.0;0.0;0.0;0.0;0.0;0.0;0.0;0.0;0.0;0.0;0.0;0.0;0.0;0.0;0.0;0.0;888.0
Tamboril;SAO MONTE ALEGRE;-4.92375;-40.181444444444;2003;10;0.0;0.0;0.0;0.0;0.0;0.0;0.0;0.0;0.0;0.0;0.0;0.0;0.0;0.0;0.0;0.0;0.0;0.0;0.0;0.0;0.0;0.0;0.0;0.0;0.0;0.0;0.0;0.0;0.0;0.0;0.0;0.0
Tamboril;SAO MONTE ALEGRE;-4.92375;-40.181444444444;2003;11;0.0;0.0;0.0;0.0;0.0;0.0;0.0;0.0;0.0;0.0;0.0;0.0;0.0;0.0;0.0;0.0;0.0;0.0;0.0;0.0;0.0;0.0;0.0;0.0;0.0;0.0;0.0;0.0;0.0;0.0;0.0;888.0
Tamboril;SAO MONTE ALEGRE;-4.92375;-40.181444444444;2003;12;0.0;0.0;0.0;0.0;0.0;0.0;0.0;0.0;0.0;0.0;0.0;0.0;0.0;0.0;0.0;0.0;0.0;0.0;0.0;0.0;0.0;0.0;0.0;0.0;0.0;0.0;0.0;0.0;0.0;0.0;0.0;0.0
Tamboril;SAO MONTE ALEGRE;-4.92375;-40.181444444444;2004;1;352.9;0.0;0.0;0.0;0.0;0.0;0.0;0.0;0.0;0.0;0.0;0.0;20.4;9.4;9.0;0.0;0.0;0.0;25.4;0.0;0.0;3.4;37.4;21.3;30.4;58.0;56.0;26.0;22.1;5.1;29.0;0.0
Tamboril;SAO MONTE ALEGRE;-4.92375;-40.181444444444;2004;2;182.7;0.0;0.0;0.0;0.0;0.0;6.4;0.0;0.0;19.2;0.0;0.0;0.0;16.1;56.0;0.0;39.0;13.0;0.0;0.0;0.0;0.0;0.0;0.0;0.0;0.0;0.0;0.0;0.0;33.0;888.0;888.0
Tamboril;SAO MONTE ALEGRE;-4.92375;-40.181444444444;2004;3;68.5;0.0;0.0;0.0;0.0;0.0;0.0;28.0;20.0;0.0;2.0;0.0;0.0;0.0;0.0;0.0;10.0;3.2;0.0;3.0;0.0;0.0;0.0;0.0;0.0;0.0;0.0;0.0;0.0;0.0;0.0;2.3
Tamboril;SAO MONTE ALEGRE;-4.92375;-40.181444444444;2004;4;41.5;0.0;0.0;0.0;0.0;0.0;0.0;2.3;0.0;0.0;0.0;0.0;0.0;0.0;0.0;0.0;0.0;0.0;0.0;12.2;0.0;0.0;9.0;0.0;12.0;0.0;0.0;0.0;0.0;6.0;0.0;888.0
Tamboril;SAO MONTE ALEGRE;-4.92375;-40.181444444444;2004;5;42.3;0.0;0.0;0.0;0.0;4.0;0.0;0.0;0.0;0.0;0.0;0.0;0.0;0.0;0.0;0.0;0.0;0.0;0.0;0.0;0.0;36.0;0.0;2.3;0.0;0.0;0.0;0.0;0.0;0.0;0.0;0.0
Tamboril;SAO MONTE ALEGRE;-4.92375;-40.181444444444;2004;6;0.0;0.0;0.0;0.0;0.0;0.0;0.0;0.0;0.0;0.0;0.0;0.0;0.0;0.0;0.0;0.0;0.0;0.0;0.0;0.0;0.0;0.0;0.0;0.0;0.0;0.0;0.0;0.0;0.0;0.0;0.0;888.0
Tamboril;SAO MONTE ALEGRE;-4.92375;-40.181444444444;2004;7;0.0;0.0;0.0;0.0;0.0;0.0;0.0;0.0;0.0;0.0;0.0;0.0;0.0;0.0;0.0;0.0;0.0;0.0;0.0;0.0;0.0;0.0;0.0;0.0;0.0;0.0;0.0;0.0;0.0;0.0;0.0;0.0
Tamboril;SAO MONTE ALEGRE;-4.92375;-40.181444444444;2004;8;0.0;0.0;0.0;0.0;0.0;0.0;0.0;0.0;0.0;0.0;0.0;0.0;0.0;0.0;0.0;0.0;0.0;0.0;0.0;0.0;0.0;0.0;0.0;0.0;0.0;0.0;0.0;0.0;0.0;0.0;0.0;0.0
Tamboril;SAO MONTE ALEGRE;-4.92375;-40.181444444444;2004;9;0.0;0.0;0.0;0.0;0.0;0.0;0.0;0.0;0.0;0.0;0.0;0.0;0.0;0.0;0.0;0.0;0.0;0.0;0.0;0.0;0.0;0.0;0.0;0.0;0.0;0.0;0.0;0.0;0.0;0.0;0.0;888.0
Tamboril;SAO MONTE ALEGRE;-4.92375;-40.181444444444;2004;10;0.0;0.0;0.0;0.0;0.0;0.0;0.0;0.0;0.0;0.0;0.0;0.0;0.0;0.0;0.0;0.0;0.0;0.0;0.0;0.0;0.0;0.0;0.0;0.0;0.0;0.0;0.0;0.0;0.0;0.0;0.0;0.0
Tamboril;SAO MONTE ALEGRE;-4.92375;-40.181444444444;2004;11;0.0;0.0;0.0;0.0;0.0;0.0;0.0;0.0;0.0;0.0;0.0;0.0;0.0;0.0;0.0;0.0;0.0;0.0;0.0;0.0;0.0;0.0;0.0;0.0;0.0;0.0;0.0;0.0;0.0;0.0;0.0;888.0
Tamboril;SAO MONTE ALEGRE;-4.92375;-40.181444444444;2004;12;0.0;0.0;0.0;0.0;0.0;0.0;0.0;0.0;0.0;0.0;0.0;0.0;0.0;0.0;0.0;0.0;0.0;0.0;0.0;0.0;0.0;0.0;0.0;0.0;0.0;0.0;0.0;0.0;0.0;0.0;0.0;0.0
Tamboril;SAO MONTE ALEGRE;-4.92375;-40.181444444444;2005;1;143.3;0.0;0.0;0.0;0.0;0.0;0.0;0.0;0.0;0.0;0.0;0.0;0.0;0.0;9.4;0.0;17.0;13.2;0.0;0.0;42.3;0.0;0.0;0.0;30.0;8.4;23.0;0.0;0.0;0.0;0.0;0.0
Tamboril;SAO MONTE ALEGRE;-4.92375;-40.181444444444;2005;2;60.0;4.0;0.0;0.0;0.0;0.0;0.0;0.0;0.0;0.0;0.0;0.0;0.0;0.0;35.0;0.0;21.0;0.0;0.0;0.0;0.0;0.0;0.0;0.0;0.0;0.0;0.0;0.0;0.0;888.0;888.0;888.0
Tamboril;SAO MONTE ALEGRE;-4.92375;-40.181444444444;2005;3;199.8;0.0;0.0;0.0;0.0;0.0;0.0;0.0;0.0;0.0;0.0;0.0;0.0;0.0;0.0;0.0;26.0;0.0;14.0;0.0;0.0;0.0;0.0;0.0;0.0;40.4;103.0;6.3;4.1;6.0;0.0;0.0
Tamboril;SAO MONTE ALEGRE;-4.92375;-40.181444444444;2005;4;92.3;0.0;0.0;0.0;0.0;0.0;0.0;0.0;15.3;0.0;20.0;0.0;0.0;15.0;2.0;0.0;0.0;28.0;0.0;0.0;0.0;0.0;0.0;0.0;0.0;0.0;0.0;0.0;0.0;0.0;12.0;888.0
Tamboril;SAO MONTE ALEGRE;-4.92375;-40.181444444444;2005;5;107.4;27.0;0.0;3.0;0.0;0.0;0.0;3.4;0.0;0.0;0.0;0.0;0.0;0.0;0.0;4.3;9.0;10.0;20.3;0.0;0.0;0.0;0.0;0.0;0.0;0.0;0.0;0.0;15.0;15.4;0.0;0.0
Tamboril;SAO MONTE ALEGRE;-4.92375;-40.181444444444;2005;6;32.2;0.0;0.0;9.0;0.0;0.0;7.2;0.0;0.0;0.0;7.0;0.0;0.0;9.0;0.0;0.0;0.0;0.0;0.0;0.0;0.0;0.0;0.0;0.0;0.0;0.0;0.0;0.0;0.0;0.0;0.0;888.0
Tamboril;SAO MONTE ALEGRE;-4.92375;-40.181444444444;2005;7;10.0;0.0;0.0;0.0;0.0;0.0;0.0;0.0;0.0;0.0;10.0;0.0;0.0;0.0;0.0;0.0;0.0;0.0;0.0;0.0;0.0;0.0;0.0;0.0;0.0;0.0;0.0;0.0;0.0;0.0;0.0;0.0
Tamboril;SAO MONTE ALEGRE;-4.92375;-40.181444444444;2005;8;0.0;0.0;0.0;0.0;0.0;0.0;0.0;0.0;0.0;0.0;0.0;0.0;0.0;0.0;0.0;0.0;0.0;0.0;0.0;0.0;0.0;0.0;0.0;0.0;0.0;0.0;0.0;0.0;0.0;0.0;0.0;0.0
Tamboril;SAO MONTE ALEGRE;-4.92375;-40.181444444444;2005;9;0.0;0.0;0.0;0.0;0.0;0.0;0.0;0.0;0.0;0.0;0.0;0.0;0.0;0.0;0.0;0.0;0.0;0.0;0.0;0.0;0.0;0.0;0.0;0.0;0.0;0.0;0.0;0.0;0.0;0.0;0.0;888.0
Tamboril;SAO MONTE ALEGRE;-4.92375;-40.181444444444;2005;10;0.0;0.0;0.0;0.0;0.0;0.0;0.0;0.0;0.0;0.0;0.0;0.0;0.0;0.0;0.0;0.0;0.0;0.0;0.0;0.0;0.0;0.0;0.0;0.0;0.0;0.0;0.0;0.0;0.0;0.0;0.0;0.0
Tamboril;SAO MONTE ALEGRE;-4.92375;-40.181444444444;2005;11;0.0;0.0;0.0;0.0;0.0;0.0;0.0;0.0;0.0;0.0;0.0;0.0;0.0;0.0;0.0;0.0;0.0;0.0;0.0;0.0;0.0;0.0;0.0;0.0;0.0;0.0;0.0;0.0;0.0;0.0;0.0;888.0
Tamboril;SAO MONTE ALEGRE;-4.92375;-40.181444444444;2005;12;0.0;0.0;0.0;0.0;0.0;0.0;0.0;0.0;0.0;0.0;0.0;0.0;0.0;0.0;0.0;0.0;0.0;0.0;0.0;0.0;0.0;0.0;0.0;0.0;0.0;0.0;0.0;0.0;0.0;0.0;0.0;0.0
Tamboril;SAO MONTE ALEGRE;-4.92375;-40.181444444444;2006;1;21.0;21.0;0.0;0.0;0.0;0.0;0.0;0.0;0.0;0.0;0.0;0.0;0.0;0.0;0.0;0.0;0.0;0.0;0.0;0.0;0.0;0.0;0.0;0.0;0.0;0.0;0.0;0.0;0.0;0.0;0.0;0.0
Tamboril;SAO MONTE ALEGRE;-4.92375;-40.181444444444;2006;2;167.0;0.0;0.0;0.0;0.0;0.0;0.0;0.0;0.0;0.0;0.0;0.0;0.0;0.0;0.0;0.0;3.0;57.0;0.0;0.0;0.0;0.0;0.0;10.0;52.0;3.0;0.0;0.0;42.0;888.0;888.0;888.0
Tamboril;SAO MONTE ALEGRE;-4.92375;-40.181444444444;2006;3;81.0;0.0;0.0;23.0;0.0;0.0;0.0;0.0;0.0;0.0;3.0;4.0;0.0;0.0;0.0;0.0;0.0;17.0;0.0;0.0;0.0;7.0;0.0;0.0;21.0;0.0;6.0;0.0;0.0;0.0;0.0;0.0
Tamboril;SAO MONTE ALEGRE;-4.92375;-40.181444444444;2006;4;82.8;0.0;0.0;0.0;0.0;0.0;0.0;0.0;0.0;43.0;0.0;0.0;10.0;2.2;0.0;0.0;0.0;0.0;2.0;0.0;0.0;0.0;2.2;0.0;0.0;0.0;0.0;0.0;21.0;2.4;0.0;888.0
Tamboril;SAO MONTE ALEGRE;-4.92375;-40.181444444444;2006;5;106.9;0.0;0.0;0.0;0.0;0.0;10.4;0.0;31.4;22.3;0.0;0.0;0.0;6.2;0.0;0.0;0.0;6.4;0.0;0.0;0.0;0.0;0.0;0.0;30.2;0.0;0.0;0.0;0.0;0.0;0.0;0.0
Tamboril;SAO MONTE ALEGRE;-4.92375;-40.181444444444;2006;6;0.0;0.0;0.0;0.0;0.0;0.0;0.0;0.0;0.0;0.0;0.0;0.0;0.0;0.0;0.0;0.0;0.0;0.0;0.0;0.0;0.0;0.0;0.0;0.0;0.0;0.0;0.0;0.0;0.0;0.0;0.0;888.0
Tamboril;SAO MONTE ALEGRE;-4.92375;-40.181444444444;2006;7;0.0;0.0;0.0;0.0;0.0;0.0;0.0;0.0;0.0;0.0;0.0;0.0;0.0;0.0;0.0;0.0;0.0;0.0;0.0;0.0;0.0;0.0;0.0;0.0;0.0;0.0;0.0;0.0;0.0;0.0;0.0;0.0
Tamboril;SAO MONTE ALEGRE;-4.92375;-40.181444444444;2006;8;0.0;0.0;0.0;0.0;0.0;0.0;0.0;0.0;0.0;0.0;0.0;0.0;0.0;0.0;0.0;0.0;0.0;0.0;0.0;0.0;0.0;0.0;0.0;0.0;0.0;0.0;0.0;0.0;0.0;0.0;0.0;0.0
Tamboril;SAO MONTE ALEGRE;-4.92375;-40.181444444444;2006;9;0.0;0.0;0.0;0.0;0.0;0.0;0.0;0.0;0.0;0.0;0.0;0.0;0.0;0.0;0.0;0.0;0.0;0.0;0.0;0.0;0.0;0.0;0.0;0.0;0.0;0.0;0.0;0.0;0.0;0.0;0.0;888.0
Tamboril;SAO MONTE ALEGRE;-4.92375;-40.181444444444;2006;10;0.0;0.0;0.0;0.0;0.0;0.0;0.0;0.0;0.0;0.0;0.0;0.0;0.0;0.0;0.0;0.0;0.0;0.0;0.0;0.0;0.0;0.0;0.0;0.0;0.0;0.0;0.0;0.0;0.0;0.0;0.0;0.0
Tamboril;SAO MONTE ALEGRE;-4.92375;-40.181444444444;2006;11;0.0;0.0;0.0;0.0;0.0;0.0;0.0;0.0;0.0;0.0;0.0;0.0;0.0;0.0;0.0;0.0;0.0;0.0;0.0;0.0;0.0;0.0;0.0;0.0;0.0;0.0;0.0;0.0;0.0;0.0;0.0;888.0
Tamboril;SAO MONTE ALEGRE;-4.92375;-40.181444444444;2006;12;0.0;0.0;0.0;0.0;0.0;0.0;0.0;0.0;0.0;0.0;0.0;0.0;0.0;0.0;0.0;999.0;999.0;999.0;999.0;999.0;999.0;999.0;999.0;999.0;999.0;999.0;999.0;999.0;999.0;999.0;999.0;999.0
Tamboril;SAO MONTE ALEGRE;-4.92375;-40.181444444444;2007;1;0.0;0.0;999.0;999.0;999.0;999.0;999.0;999.0;999.0;999.0;999.0;999.0;999.0;999.0;999.0;999.0;999.0;999.0;999.0;999.0;999.0;999.0;999.0;999.0;999.0;999.0;999.0;999.0;999.0;999.0;999.0;999.0
Tamboril;SAO MONTE ALEGRE;-4.92375;-40.181444444444;2007;2;171.4;0.0;0.0;0.0;0.0;0.0;0.0;0.0;0.0;0.0;0.0;0.0;0.0;36.0;0.0;10.0;8.0;0.0;17.0;0.0;70.2;17.1;13.1;0.0;0.0;0.0;0.0;0.0;0.0;888.0;888.0;888.0
Tamboril;SAO MONTE ALEGRE;-4.92375;-40.181444444444;2007;3;72.0;38.0;0.0;5.2;0.0;5.3;0.0;0.0;0.0;0.0;0.0;0.0;13.2;0.0;0.0;0.0;0.0;0.0;0.0;0.0;0.0;0.0;0.0;0.0;0.0;0.0;10.3;0.0;0.0;0.0;0.0;0.0
Tamboril;SAO MONTE ALEGRE;-4.92375;-40.181444444444;2007;4;114.0;38.0;0.0;0.0;0.0;0.0;6.1;0.0;5.2;0.0;0.0;0.0;0.0;0.0;0.0;0.0;0.0;20.2;8.2;0.0;8.0;0.0;4.3;0.0;0.0;0.0;4.0;0.0;0.0;18.0;2.0;888.0
Tamboril;SAO MONTE ALEGRE;-4.92375;-40.181444444444;2007;5;0.0;0.0;0.0;0.0;0.0;0.0;0.0;0.0;0.0;0.0;0.0;0.0;0.0;0.0;0.0;0.0;0.0;0.0;0.0;0.0;0.0;0.0;0.0;0.0;0.0;0.0;0.0;0.0;0.0;0.0;0.0;0.0
Tamboril;SAO MONTE ALEGRE;-4.92375;-40.181444444444;2007;6;0.0;0.0;0.0;0.0;0.0;0.0;0.0;0.0;0.0;0.0;0.0;0.0;0.0;0.0;0.0;0.0;0.0;0.0;0.0;0.0;0.0;0.0;0.0;0.0;0.0;0.0;0.0;0.0;0.0;0.0;0.0;888.0
Tamboril;SAO MONTE ALEGRE;-4.92375;-40.181444444444;2007;7;0.0;0.0;0.0;0.0;0.0;0.0;0.0;0.0;0.0;0.0;0.0;0.0;0.0;0.0;0.0;0.0;0.0;0.0;0.0;0.0;0.0;0.0;0.0;0.0;0.0;0.0;0.0;0.0;0.0;0.0;0.0;0.0
Tamboril;SAO MONTE ALEGRE;-4.92375;-40.181444444444;2007;8;0.0;0.0;0.0;0.0;0.0;0.0;0.0;0.0;0.0;0.0;0.0;0.0;0.0;0.0;0.0;0.0;0.0;0.0;0.0;0.0;0.0;0.0;0.0;0.0;0.0;0.0;0.0;0.0;0.0;0.0;0.0;0.0
Tamboril;SAO MONTE ALEGRE;-4.92375;-40.181444444444;2007;9;0.0;0.0;0.0;0.0;0.0;0.0;0.0;0.0;0.0;0.0;0.0;0.0;0.0;0.0;0.0;0.0;0.0;0.0;0.0;0.0;0.0;0.0;0.0;0.0;0.0;0.0;0.0;0.0;0.0;0.0;0.0;888.0
Tamboril;SAO MONTE ALEGRE;-4.92375;-40.181444444444;2007;10;0.0;0.0;0.0;0.0;0.0;0.0;0.0;0.0;0.0;0.0;0.0;0.0;0.0;0.0;0.0;0.0;0.0;0.0;0.0;0.0;0.0;0.0;0.0;0.0;0.0;0.0;0.0;0.0;0.0;0.0;0.0;0.0
Tamboril;SAO MONTE ALEGRE;-4.92375;-40.181444444444;2007;11;0.0;0.0;0.0;0.0;0.0;0.0;0.0;0.0;0.0;0.0;0.0;0.0;0.0;0.0;0.0;0.0;0.0;0.0;0.0;0.0;0.0;0.0;0.0;0.0;0.0;0.0;0.0;0.0;0.0;0.0;0.0;888.0
Tamboril;SAO MONTE ALEGRE;-4.92375;-40.181444444444;2007;12;53.0;0.0;0.0;0.0;0.0;0.0;0.0;0.0;0.0;0.0;0.0;0.0;0.0;0.0;0.0;53.0;0.0;0.0;0.0;0.0;0.0;0.0;0.0;0.0;0.0;0.0;0.0;0.0;0.0;0.0;0.0;0.0
Tamboril;SAO MONTE ALEGRE;-4.92375;-40.181444444444;2008;1;38.4;0.0;0.0;0.0;0.0;0.0;0.0;0.0;0.0;0.0;0.0;0.0;0.0;0.0;0.0;0.0;0.0;0.0;22.4;0.0;0.0;0.0;0.0;0.0;0.0;0.0;0.0;0.0;16.0;0.0;0.0;0.0
Tamboril;SAO MONTE ALEGRE;-4.92375;-40.181444444444;2008;2;73.9;0.0;34.4;0.0;0.0;0.0;0.0;0.0;0.0;0.0;0.0;0.0;0.0;0.0;0.0;0.0;0.0;0.0;0.0;0.0;7.1;0.0;0.0;0.0;0.0;0.0;0.0;0.0;32.4;0.0;888.0;888.0
Tamboril;SAO MONTE ALEGRE;-4.92375;-40.181444444444;2008;3;266.7;0.0;32.0;0.0;0.0;0.0;0.0;0.0;15.2;0.0;15.3;0.0;0.0;0.0;8.4;12.3;33.4;0.0;6.3;0.0;20.3;5.5;15.0;0.0;0.0;0.0;16.1;26.2;23.4;8.2;17.1;12.0
Tamboril;SAO MONTE ALEGRE;-4.92375;-40.181444444444;2008;4;128.5;6.2;7.0;5.1;8.2;0.0;54.0;0.0;0.0;26.0;0.0;0.0;0.0;0.0;0.0;0.0;5.0;0.0;0.0;0.0;0.0;10.0;0.0;0.0;0.0;7.0;0.0;0.0;0.0;0.0;0.0;888.0
Tamboril;SAO MONTE ALEGRE;-4.92375;-40.181444444444;2008;5;37.9;15.1;0.0;4.2;9.3;7.0;0.0;0.0;0.0;0.0;0.0;0.0;0.0;0.0;0.0;0.0;0.0;0.0;0.0;0.0;0.0;0.0;0.0;0.0;0.0;0.0;0.0;0.0;2.3;0.0;0.0;0.0
Tamboril;SAO MONTE ALEGRE;-4.92375;-40.181444444444;2008;6;0.0;0.0;0.0;0.0;0.0;0.0;0.0;0.0;0.0;0.0;0.0;0.0;0.0;0.0;0.0;0.0;0.0;0.0;0.0;0.0;0.0;0.0;0.0;0.0;0.0;0.0;0.0;0.0;0.0;0.0;0.0;888.0
Tamboril;SAO MONTE ALEGRE;-4.92375;-40.181444444444;2008;7;0.0;0.0;0.0;0.0;0.0;0.0;0.0;0.0;0.0;0.0;0.0;0.0;0.0;0.0;0.0;0.0;0.0;0.0;0.0;0.0;0.0;999.0;0.0;0.0;0.0;0.0;0.0;0.0;0.0;0.0;0.0;0.0
Tamboril;SAO MONTE ALEGRE;-4.92375;-40.181444444444;2008;8;0.0;0.0;0.0;0.0;0.0;0.0;0.0;0.0;0.0;0.0;0.0;0.0;0.0;0.0;0.0;0.0;0.0;0.0;0.0;0.0;0.0;0.0;0.0;0.0;0.0;0.0;0.0;0.0;0.0;0.0;0.0;0.0
Tamboril;SAO MONTE ALEGRE;-4.92375;-40.181444444444;2008;9;0.0;0.0;0.0;0.0;0.0;0.0;0.0;0.0;0.0;0.0;0.0;0.0;0.0;0.0;0.0;0.0;0.0;0.0;0.0;0.0;0.0;0.0;0.0;0.0;0.0;0.0;0.0;0.0;0.0;0.0;0.0;888.0
Tamboril;SAO MONTE ALEGRE;-4.92375;-40.181444444444;2008;10;0.0;0.0;0.0;0.0;0.0;0.0;0.0;0.0;0.0;0.0;0.0;0.0;0.0;0.0;0.0;0.0;0.0;0.0;0.0;0.0;0.0;0.0;0.0;0.0;0.0;0.0;0.0;0.0;0.0;0.0;0.0;0.0
Tamboril;SAO MONTE ALEGRE;-4.92375;-40.181444444444;2008;11;0.0;0.0;0.0;0.0;0.0;0.0;0.0;0.0;0.0;0.0;0.0;0.0;0.0;0.0;0.0;0.0;0.0;0.0;0.0;0.0;0.0;0.0;0.0;0.0;0.0;0.0;0.0;0.0;0.0;0.0;0.0;888.0
Tamboril;SAO MONTE ALEGRE;-4.92375;-40.181444444444;2008;12;0.0;0.0;0.0;0.0;0.0;0.0;0.0;0.0;0.0;0.0;0.0;0.0;0.0;0.0;0.0;0.0;0.0;0.0;0.0;0.0;0.0;0.0;0.0;0.0;0.0;0.0;0.0;0.0;0.0;0.0;0.0;0.0
Tamboril;SAO MONTE ALEGRE;-4.92375;-40.181444444444;2009;1;30.0;0.0;0.0;0.0;0.0;0.0;0.0;0.0;0.0;0.0;0.0;0.0;0.0;0.0;0.0;0.0;0.0;0.0;0.0;0.0;0.0;0.0;9.0;0.0;6.0;0.0;15.0;0.0;0.0;0.0;0.0;0.0
Tamboril;SAO MONTE ALEGRE;-4.92375;-40.181444444444;2009;2;111.6;0.0;0.0;0.0;0.0;0.0;0.0;0.0;0.0;0.0;0.0;0.0;0.0;0.0;0.0;0.0;28.1;0.0;8.2;0.0;10.0;43.0;0.0;15.3;0.0;0.0;7.0;0.0;0.0;888.0;888.0;888.0
Tamboril;SAO MONTE ALEGRE;-4.92375;-40.181444444444;2009;3;174.8;0.0;0.0;0.0;0.0;0.0;0.0;0.0;0.0;0.0;0.0;0.0;61.2;0.0;14.4;15.2;21.4;0.0;0.0;13.0;0.0;0.0;8.4;0.0;0.0;0.0;13.0;0.0;28.2;0.0;0.0;0.0
Tamboril;SAO MONTE ALEGRE;-4.92375;-40.181444444444;2009;4;343.6;14.4;0.0;13.2;8.0;7.0;28.0;13.0;0.0;0.0;40.1;23.0;6.2;8.3;0.0;0.0;18.0;0.0;0.0;0.0;9.0;12.0;0.0;18.0;0.0;45.0;0.0;30.1;0.0;15.3;35.0;888.0
Tamboril;SAO MONTE ALEGRE;-4.92375;-40.181444444444;2009;5;232.5;0.0;24.2;45.0;0.0;64.0;0.0;16.2;0.0;9.0;8.4;24.0;0.0;8.1;0.0;0.0;0.0;0.0;0.0;0.0;0.0;0.0;0.0;14.2;3.3;0.0;0.0;10.0;0.0;0.0;6.1;0.0
Tamboril;SAO MONTE ALEGRE;-4.92375;-40.181444444444;2009;6;46.0;0.0;4.0;0.0;9.3;0.0;7.0;4.3;0.0;0.0;0.0;0.0;8.3;6.1;0.0;0.0;0.0;0.0;7.0;0.0;0.0;0.0;0.0;0.0;0.0;0.0;0.0;0.0;0.0;0.0;0.0;888.0
Tamboril;SAO MONTE ALEGRE;-4.92375;-40.181444444444;2009;7;0.0;0.0;0.0;0.0;0.0;0.0;0.0;0.0;0.0;0.0;0.0;0.0;0.0;0.0;0.0;0.0;0.0;0.0;0.0;0.0;0.0;0.0;0.0;0.0;0.0;0.0;0.0;0.0;0.0;0.0;0.0;0.0
Tamboril;SAO MONTE ALEGRE;-4.92375;-40.181444444444;2009;8;0.0;0.0;0.0;0.0;0.0;0.0;0.0;0.0;0.0;0.0;0.0;0.0;0.0;0.0;0.0;0.0;0.0;0.0;0.0;0.0;0.0;0.0;0.0;0.0;0.0;0.0;0.0;0.0;0.0;0.0;0.0;0.0
Tamboril;SAO MONTE ALEGRE;-4.92375;-40.181444444444;2009;9;0.0;0.0;0.0;0.0;0.0;0.0;0.0;0.0;0.0;0.0;0.0;0.0;0.0;0.0;0.0;0.0;0.0;0.0;0.0;0.0;0.0;0.0;0.0;0.0;0.0;0.0;0.0;0.0;0.0;0.0;0.0;888.0
Tamboril;SAO MONTE ALEGRE;-4.92375;-40.181444444444;2009;10;0.0;0.0;0.0;0.0;0.0;0.0;0.0;0.0;0.0;0.0;0.0;0.0;0.0;0.0;0.0;0.0;0.0;0.0;0.0;0.0;0.0;0.0;0.0;0.0;0.0;0.0;0.0;0.0;0.0;0.0;0.0;0.0
Tamboril;SAO MONTE ALEGRE;-4.92375;-40.181444444444;2009;11;0.0;0.0;0.0;0.0;0.0;0.0;0.0;0.0;0.0;0.0;0.0;0.0;0.0;0.0;0.0;0.0;0.0;0.0;0.0;0.0;0.0;0.0;0.0;0.0;0.0;0.0;0.0;0.0;0.0;0.0;0.0;888.0
Tamboril;SAO MONTE ALEGRE;-4.92375;-40.181444444444;2009;12;0.0;0.0;0.0;0.0;0.0;0.0;0.0;0.0;0.0;0.0;0.0;0.0;0.0;0.0;0.0;0.0;0.0;0.0;0.0;0.0;0.0;0.0;0.0;999.0;999.0;999.0;999.0;999.0;999.0;999.0;999.0;999.0
Tamboril;SAO MONTE ALEGRE;-4.92375;-40.181444444444;2011;1;109.6;0.0;0.0;0.0;0.0;0.0;26.1;0.0;0.0;0.0;0.0;0.0;36.2;9.0;0.0;0.0;0.0;0.0;0.0;0.0;38.3;0.0;0.0;0.0;0.0;0.0;0.0;0.0;0.0;0.0;0.0;0.0
Tamboril;SAO MONTE ALEGRE;-4.92375;-40.181444444444;2011;2;184.3;0.0;0.0;0.0;0.0;0.0;0.0;0.0;0.0;0.0;0.0;0.0;0.0;0.0;6.1;0.0;9.2;0.0;0.0;12.0;35.0;0.0;73.0;0.0;0.0;0.0;10.0;27.0;12.0;888.0;888.0;888.0
Tamboril;SAO MONTE ALEGRE;-4.92375;-40.181444444444;2011;3;177.8;26.0;36.3;12.0;13.3;0.0;0.0;0.0;0.0;28.0;0.0;0.0;9.0;0.0;21.2;0.0;0.0;0.0;0.0;0.0;0.0;0.0;32.0;0.0;0.0;0.0;0.0;0.0;0.0;0.0;0.0;0.0
Tamboril;SAO MONTE ALEGRE;-4.92375;-40.181444444444;2011;4;73.0;28.0;11.0;16.0;0.0;0.0;0.0;0.0;0.0;0.0;0.0;0.0;0.0;0.0;0.0;0.0;0.0;0.0;0.0;0.0;0.0;0.0;0.0;0.0;0.0;0.0;0.0;0.0;18.0;0.0;0.0;888.0
Tamboril;SAO MONTE ALEGRE;-4.92375;-40.181444444444;2011;5;121.3;0.0;8.0;8.0;0.0;0.0;9.0;15.0;0.0;0.0;0.0;51.0;0.0;0.0;0.0;0.0;0.0;30.3;0.0;0.0;0.0;0.0;0.0;0.0;0.0;0.0;0.0;0.0;0.0;0.0;0.0;0.0
Tamboril;SAO MONTE ALEGRE;-4.92375;-40.181444444444;2011;6;0.0;0.0;0.0;999.0;999.0;999.0;999.0;999.0;999.0;999.0;999.0;999.0;999.0;999.0;999.0;999.0;999.0;999.0;999.0;999.0;999.0;999.0;999.0;999.0;999.0;999.0;999.0;999.0;999.0;999.0;999.0;888.0
Tamboril;SAO MONTE ALEGRE;-4.92375;-40.181444444444;2012;1;0.0;0.0;999.0;999.0;999.0;999.0;999.0;999.0;999.0;999.0;999.0;999.0;999.0;999.0;999.0;999.0;999.0;999.0;999.0;999.0;999.0;999.0;999.0;999.0;999.0;999.0;999.0;999.0;999.0;999.0;999.0;999.0
Tamboril;SAO MONTE ALEGRE;-4.92375;-40.181444444444;2012;2;0.0;0.0;999.0;999.0;999.0;999.0;999.0;999.0;999.0;999.0;999.0;999.0;999.0;999.0;999.0;999.0;999.0;999.0;999.0;999.0;999.0;999.0;999.0;999.0;999.0;999.0;999.0;999.0;999.0;999.0;888.0;888.0
Tamboril;SAO MONTE ALEGRE;-4.92375;-40.181444444444;2012;3;0.0;0.0;999.0;999.0;999.0;999.0;999.0;999.0;999.0;999.0;999.0;999.0;999.0;999.0;999.0;999.0;999.0;999.0;999.0;999.0;999.0;999.0;999.0;999.0;999.0;999.0;999.0;999.0;999.0;999.0;999.0;999.0
Tamboril;SAO MONTE ALEGRE;-4.92375;-40.181444444444;2013;1;68.5;0.0;0.0;32.4;0.0;0.0;0.0;0.0;0.0;0.0;0.0;0.0;0.0;0.0;0.0;26.1;0.0;0.0;10.0;0.0;0.0;0.0;0.0;0.0;0.0;0.0;0.0;0.0;0.0;0.0;0.0;0.0
Tamboril;SAO MONTE ALEGRE;-4.92375;-40.181444444444;2013;2;44.6;0.0;0.0;0.0;0.0;0.0;0.0;0.0;0.0;0.0;0.0;0.0;0.0;3.4;0.0;0.0;0.0;0.0;0.0;41.2;0.0;0.0;0.0;0.0;0.0;0.0;0.0;0.0;0.0;888.0;888.0;888.0
Tamboril;SAO MONTE ALEGRE;-4.92375;-40.181444444444;2013;3;13.2;0.0;0.0;0.0;0.0;0.0;0.0;0.0;0.0;0.0;0.0;0.0;0.0;0.0;0.0;0.0;0.0;0.0;0.0;0.0;0.0;0.0;0.0;0.0;13.2;0.0;0.0;0.0;0.0;0.0;0.0;0.0
Tamboril;SAO MONTE ALEGRE;-4.92375;-40.181444444444;2013;4;58.6;0.0;0.0;0.0;0.0;0.0;0.0;0.0;0.0;0.0;0.0;0.0;0.0;0.0;0.0;0.0;0.0;0.0;0.0;0.0;0.0;0.0;0.0;0.0;0.0;0.0;10.2;0.0;0.0;48.4;0.0;888.0
Tamboril;SAO MONTE ALEGRE;-4.92375;-40.181444444444;2013;5;104.0;8.7;0.0;0.0;0.0;0.0;0.0;0.0;0.0;0.0;26.0;0.0;0.0;0.0;21.2;0.0;0.0;0.0;0.0;0.0;0.0;0.0;10.1;16.0;0.0;0.0;0.0;0.0;22.0;0.0;0.0;0.0
Tamboril;SAO MONTE ALEGRE;-4.92375;-40.181444444444;2013;6;36.0;0.0;0.0;0.0;0.0;0.0;0.0;0.0;0.0;0.0;20.0;0.0;0.0;0.0;0.0;0.0;16.0;0.0;0.0;0.0;0.0;0.0;0.0;0.0;0.0;0.0;0.0;0.0;0.0;0.0;0.0;888.0
Tamboril;SAO MONTE ALEGRE;-4.92375;-40.181444444444;2013;7;9.0;0.0;0.0;0.0;0.0;0.0;0.0;0.0;9.0;0.0;0.0;0.0;0.0;0.0;0.0;0.0;0.0;0.0;0.0;0.0;0.0;0.0;0.0;0.0;0.0;0.0;0.0;0.0;0.0;0.0;0.0;0.0
Tamboril;SAO MONTE ALEGRE;-4.92375;-40.181444444444;2013;8;0.0;0.0;0.0;0.0;0.0;0.0;0.0;0.0;0.0;0.0;0.0;0.0;0.0;0.0;0.0;0.0;0.0;0.0;0.0;0.0;0.0;0.0;0.0;0.0;0.0;0.0;0.0;0.0;0.0;0.0;0.0;0.0
Tamboril;SAO MONTE ALEGRE;-4.92375;-40.181444444444;2013;9;0.0;0.0;0.0;0.0;0.0;0.0;0.0;0.0;0.0;0.0;999.0;999.0;999.0;999.0;999.0;999.0;999.0;999.0;999.0;999.0;999.0;999.0;999.0;999.0;999.0;999.0;999.0;999.0;999.0;999.0;999.0;888.0
Tamboril;SAO MONTE ALEGRE;-4.92375;-40.181444444444;2015;1;0.0;0.0;0.0;0.0;0.0;0.0;0.0;0.0;0.0;0.0;0.0;0.0;0.0;0.0;0.0;0.0;0.0;0.0;0.0;0.0;0.0;0.0;0.0;0.0;0.0;0.0;0.0;0.0;0.0;0.0;0.0;0.0
Tamboril;SAO MONTE ALEGRE;-4.92375;-40.181444444444;2015;2;36.5;0.0;0.0;0.0;0.0;0.0;0.0;0.0;0.0;0.0;0.0;0.0;0.0;0.0;0.0;0.0;0.0;0.0;0.0;0.0;0.0;0.0;0.0;0.0;0.0;10.1;5.0;13.3;8.1;888.0;888.0;888.0
Tamboril;SAO MONTE ALEGRE;-4.92375;-40.181444444444;2015;3;122.6;0.0;0.0;0.0;0.0;0.0;0.0;0.0;0.0;0.0;0.0;0.0;0.0;0.0;0.0;0.0;0.0;0.0;0.0;0.0;0.0;92.3;0.0;12.0;5.3;0.0;0.0;0.0;13.0;0.0;0.0;0.0
Tamboril;SAO MONTE ALEGRE;-4.92375;-40.181444444444;2015;4;67.0;0.0;32.0;25.0;0.0;10.0;0.0;0.0;0.0;0.0;0.0;0.0;0.0;0.0;0.0;0.0;0.0;0.0;0.0;0.0;0.0;0.0;0.0;0.0;0.0;0.0;0.0;0.0;0.0;0.0;0.0;888.0
Tamboril;SAO MONTE ALEGRE;-4.92375;-40.181444444444;2015;5;26.2;0.0;0.0;0.0;0.0;0.0;0.0;0.0;0.0;0.0;0.0;0.0;0.0;0.0;0.0;0.0;0.0;6.2;0.0;0.0;0.0;0.0;0.0;0.0;20.0;0.0;0.0;0.0;0.0;0.0;0.0;0.0
Tamboril;SAO MONTE ALEGRE;-4.92375;-40.181444444444;2015;6;14.0;0.0;0.0;0.0;5.0;0.0;0.0;0.0;0.0;0.0;0.0;0.0;0.0;4.0;0.0;0.0;0.0;0.0;0.0;0.0;0.0;0.0;0.0;0.0;5.0;0.0;0.0;0.0;0.0;0.0;0.0;888.0
Tamboril;SAO MONTE ALEGRE;-4.92375;-40.181444444444;2015;7;0.0;0.0;0.0;0.0;0.0;0.0;0.0;0.0;0.0;0.0;0.0;0.0;0.0;0.0;0.0;0.0;0.0;0.0;0.0;0.0;0.0;0.0;0.0;0.0;0.0;0.0;0.0;0.0;0.0;0.0;0.0;0.0
Tamboril;SAO MONTE ALEGRE;-4.92375;-40.181444444444;2015;8;0.0;0.0;0.0;0.0;0.0;0.0;0.0;0.0;0.0;0.0;0.0;0.0;0.0;0.0;0.0;0.0;0.0;0.0;0.0;0.0;0.0;0.0;0.0;0.0;0.0;0.0;0.0;0.0;0.0;0.0;0.0;0.0
Tamboril;SAO MONTE ALEGRE;-4.92375;-40.181444444444;2015;9;0.0;0.0;0.0;0.0;0.0;0.0;0.0;0.0;0.0;0.0;0.0;0.0;0.0;0.0;0.0;0.0;0.0;0.0;0.0;0.0;0.0;0.0;0.0;0.0;0.0;0.0;0.0;0.0;0.0;0.0;0.0;888.0
Tamboril;SAO MONTE ALEGRE;-4.92375;-40.181444444444;2015;10;0.0;0.0;0.0;0.0;0.0;0.0;0.0;0.0;0.0;0.0;0.0;0.0;0.0;0.0;0.0;0.0;0.0;0.0;0.0;0.0;0.0;0.0;0.0;0.0;0.0;0.0;0.0;0.0;0.0;0.0;0.0;0.0
Tamboril;SAO MONTE ALEGRE;-4.92375;-40.181444444444;2015;11;0.0;0.0;0.0;0.0;0.0;0.0;0.0;0.0;0.0;0.0;0.0;0.0;0.0;0.0;0.0;0.0;0.0;0.0;0.0;0.0;0.0;0.0;0.0;0.0;0.0;0.0;0.0;0.0;0.0;0.0;0.0;888.0
Tamboril;SAO MONTE ALEGRE;-4.92375;-40.181444444444;2015;12;0.0;0.0;0.0;0.0;0.0;0.0;0.0;0.0;0.0;0.0;0.0;0.0;0.0;0.0;0.0;0.0;0.0;0.0;0.0;0.0;0.0;0.0;0.0;0.0;0.0;0.0;0.0;0.0;0.0;0.0;0.0;0.0
Tamboril;SAO MONTE ALEGRE;-4.92375;-40.181444444444;2016;1;184.0;0.0;0.0;0.0;0.0;0.0;0.0;5.2;0.0;0.0;10.1;0.0;0.0;15.0;0.0;0.0;0.0;19.5;0.0;22.3;0.0;13.0;35.6;0.0;17.3;46.0;0.0;0.0;0.0;0.0;0.0;0.0
Tamboril;SAO MONTE ALEGRE;-4.92375;-40.181444444444;2016;2;54.0;0.0;0.0;0.0;0.0;0.0;0.0;0.0;0.0;0.0;0.0;0.0;0.0;0.0;0.0;0.0;0.0;0.0;0.0;0.0;12.0;0.0;0.0;0.0;0.0;0.0;0.0;0.0;0.0;42.0;888.0;888.0
Tamboril;SAO MONTE ALEGRE;-4.92375;-40.181444444444;2016;3;146.3;0.0;0.0;0.0;0.0;0.0;0.0;0.0;0.0;0.0;0.0;0.0;0.0;0.0;0.0;0.0;0.0;0.0;0.0;0.0;0.0;92.3;0.0;0.0;0.0;0.0;0.0;0.0;0.0;0.0;42.0;12.0
Tamboril;SAO MONTE ALEGRE;-4.92375;-40.181444444444;2016;4;105.0;17.0;1.0;0.0;0.0;0.0;0.0;0.0;0.0;0.0;20.2;0.0;19.5;14.3;0.0;0.0;8.0;0.0;0.0;0.0;15.0;0.0;0.0;0.0;0.0;0.0;0.0;10.0;0.0;0.0;0.0;888.0
Tamboril;SAO MONTE ALEGRE;-4.92375;-40.181444444444;2016;5;55.3;0.0;0.0;0.0;0.0;0.0;0.0;0.0;0.0;20.2;0.0;0.0;5.0;0.0;0.0;0.0;0.0;0.0;10.0;0.0;0.0;0.0;0.0;0.0;8.1;0.0;0.0;0.0;2.0;0.0;10.0;0.0
Tamboril;SAO MONTE ALEGRE;-4.92375;-40.181444444444;2016;6;38.2;0.0;0.0;0.0;0.0;0.0;0.0;0.0;0.0;0.0;0.0;0.0;8.2;0.0;0.0;5.0;0.0;0.0;0.0;10.0;0.0;0.0;0.0;0.0;0.0;0.0;5.0;0.0;10.0;0.0;0.0;888.0
Tamboril;SAO MONTE ALEGRE;-4.92375;-40.181444444444;2016;7;0.0;0.0;0.0;0.0;0.0;0.0;0.0;0.0;0.0;0.0;0.0;0.0;0.0;0.0;0.0;0.0;0.0;0.0;0.0;0.0;0.0;0.0;0.0;0.0;0.0;0.0;0.0;0.0;0.0;0.0;0.0;0.0
Tamboril;SAO MONTE ALEGRE;-4.92375;-40.181444444444;2016;8;0.0;0.0;0.0;0.0;0.0;0.0;0.0;0.0;0.0;0.0;0.0;0.0;0.0;0.0;0.0;0.0;0.0;0.0;0.0;0.0;0.0;0.0;0.0;0.0;0.0;0.0;0.0;0.0;0.0;0.0;0.0;0.0
Tamboril;SAO MONTE ALEGRE;-4.92375;-40.181444444444;2016;9;0.0;0.0;0.0;0.0;0.0;0.0;0.0;0.0;0.0;0.0;0.0;0.0;0.0;0.0;0.0;0.0;0.0;0.0;0.0;0.0;0.0;0.0;0.0;0.0;0.0;0.0;0.0;0.0;0.0;0.0;0.0;888.0
Tamboril;SAO MONTE ALEGRE;-4.92375;-40.181444444444;2016;10;0.0;0.0;0.0;0.0;0.0;0.0;0.0;0.0;0.0;0.0;0.0;0.0;0.0;0.0;0.0;0.0;0.0;0.0;0.0;0.0;0.0;0.0;0.0;0.0;0.0;0.0;0.0;0.0;0.0;0.0;0.0;0.0
Tamboril;SAO MONTE ALEGRE;-4.92375;-40.181444444444;2016;11;0.0;0.0;0.0;0.0;0.0;0.0;0.0;0.0;0.0;0.0;0.0;0.0;0.0;0.0;0.0;0.0;0.0;0.0;0.0;0.0;0.0;0.0;0.0;0.0;0.0;0.0;0.0;0.0;0.0;0.0;0.0;888.0
Tamboril;SAO MONTE ALEGRE;-4.92375;-40.181444444444;2016;12;0.0;0.0;0.0;0.0;0.0;0.0;0.0;0.0;0.0;0.0;0.0;0.0;0.0;0.0;0.0;0.0;0.0;0.0;0.0;0.0;0.0;0.0;0.0;0.0;0.0;0.0;0.0;0.0;0.0;0.0;0.0;0.0
Tamboril;SAO MONTE ALEGRE;-4.92375;-40.181444444444;2017;1;51.7;0.0;0.0;0.0;0.0;19.4;0.0;10.0;0.0;0.0;0.0;0.0;0.0;0.0;2.3;0.0;0.0;0.0;20.0;999.0;0.0;0.0;0.0;0.0;0.0;0.0;0.0;0.0;0.0;0.0;0.0;0.0
Tamboril;SAO MONTE ALEGRE;-4.92375;-40.181444444444;2017;2;97.0;0.0;0.0;0.0;0.0;0.0;0.0;0.0;0.0;0.0;0.0;0.0;0.0;0.0;0.0;0.0;8.0;5.0;20.0;0.0;0.0;0.0;40.0;0.0;0.0;17.0;0.0;7.0;0.0;888.0;888.0;888.0
Tamboril;SAO MONTE ALEGRE;-4.92375;-40.181444444444;2017;3;19.3;0.0;0.0;0.0;0.0;0.0;0.0;0.0;0.0;0.0;0.0;0.0;0.0;0.0;0.0;0.0;0.0;0.0;0.0;0.0;0.0;10.0;0.0;0.0;0.0;0.0;0.0;5.3;0.0;4.0;0.0;0.0
Tamboril;SAO MONTE ALEGRE;-4.92375;-40.181444444444;2017;4;18.0;0.0;0.0;0.0;0.0;0.0;0.0;0.0;0.0;0.0;0.0;0.0;0.0;0.0;10.0;0.0;3.0;0.0;0.0;0.0;5.0;0.0;0.0;0.0;0.0;0.0;0.0;0.0;0.0;0.0;0.0;888.0
Tamboril;SAO MONTE ALEGRE;-4.92375;-40.181444444444;2017;5;16.5;0.0;0.0;0.0;0.0;4.0;0.0;0.0;0.0;0.0;0.0;0.0;0.0;2.0;0.0;0.0;0.0;2.5;0.0;0.0;0.0;0.0;0.0;0.0;0.0;8.0;0.0;0.0;0.0;0.0;0.0;0.0
Tamboril;SAO MONTE ALEGRE;-4.92375;-40.181444444444;2017;6;13.0;0.0;0.0;0.0;0.0;0.0;0.0;0.0;0.0;0.0;0.0;0.0;0.0;0.0;4.0;0.0;0.0;0.0;0.0;0.0;0.0;0.0;9.0;0.0;0.0;0.0;0.0;0.0;0.0;0.0;0.0;888.0
Tamboril;SAO MONTE ALEGRE;-4.92375;-40.181444444444;2017;7;3.2;3.2;0.0;0.0;0.0;0.0;0.0;0.0;0.0;0.0;0.0;0.0;0.0;0.0;0.0;0.0;0.0;0.0;0.0;0.0;0.0;0.0;0.0;0.0;0.0;0.0;0.0;0.0;0.0;0.0;0.0;0.0
Tamboril;SAO MONTE ALEGRE;-4.92375;-40.181444444444;2017;8;22.0;0.0;0.0;0.0;0.0;0.0;0.0;0.0;0.0;0.0;0.0;0.0;0.0;0.0;0.0;0.0;0.0;0.0;0.0;0.0;0.0;0.0;0.0;0.0;0.0;0.0;0.0;0.0;22.0;0.0;0.0;0.0
Tamboril;SAO MONTE ALEGRE;-4.92375;-40.181444444444;2017;9;0.0;0.0;0.0;0.0;0.0;0.0;0.0;0.0;0.0;0.0;0.0;0.0;0.0;0.0;0.0;0.0;0.0;0.0;0.0;0.0;0.0;0.0;0.0;0.0;0.0;0.0;0.0;0.0;0.0;0.0;0.0;888.0
Tamboril;SAO MONTE ALEGRE;-4.92375;-40.181444444444;2017;10;0.0;0.0;0.0;0.0;0.0;0.0;0.0;0.0;0.0;0.0;0.0;0.0;0.0;0.0;0.0;0.0;0.0;0.0;0.0;0.0;0.0;0.0;0.0;0.0;0.0;0.0;0.0;0.0;0.0;0.0;0.0;0.0
Tamboril;SAO MONTE ALEGRE;-4.92375;-40.181444444444;2017;11;0.0;0.0;0.0;0.0;0.0;0.0;0.0;0.0;0.0;0.0;0.0;0.0;0.0;0.0;0.0;0.0;0.0;0.0;0.0;0.0;0.0;0.0;0.0;0.0;0.0;0.0;0.0;0.0;0.0;0.0;0.0;888.0
Tamboril;SAO MONTE ALEGRE;-4.92375;-40.181444444444;2017;12;0.0;0.0;0.0;0.0;0.0;0.0;0.0;0.0;0.0;0.0;0.0;0.0;0.0;0.0;0.0;0.0;0.0;0.0;0.0;0.0;0.0;0.0;0.0;0.0;0.0;0.0;0.0;0.0;0.0;0.0;0.0;0.0
Tamboril;SAO MONTE ALEGRE;-4.92375;-40.181444444444;2018;1;99.2;0.0;0.0;0.0;0.0;0.0;0.0;0.0;0.0;0.0;0.0;0.0;0.0;0.0;0.0;0.0;0.0;0.0;0.0;90.0;0.0;0.0;0.0;0.0;0.0;0.0;0.0;9.2;0.0;0.0;0.0;0.0
Tamboril;SAO MONTE ALEGRE;-4.92375;-40.181444444444;2018;2;213.7;0.0;0.0;0.0;0.0;0.0;0.0;0.0;90.0;8.3;0.0;0.0;50.0;11.0;0.0;11.1;0.0;10.0;0.0;0.0;0.0;8.3;0.0;0.0;0.0;0.0;0.0;25.0;0.0;888.0;888.0;888.0
Tamboril;SAO MONTE ALEGRE;-4.92375;-40.181444444444;2018;3;55.2;0.0;0.0;8.2;0.0;0.0;3.0;0.0;0.0;0.0;0.0;12.0;0.0;0.0;0.0;0.0;0.0;0.0;0.0;0.0;0.0;0.0;0.0;3.0;0.0;0.0;13.0;0.0;0.0;0.0;5.0;11.0
Tamboril;SAO MONTE ALEGRE;-4.92375;-40.181444444444;2018;4;171.2;0.0;0.0;0.0;10.0;0.0;0.0;0.0;81.0;42.0;8.0;10.0;0.0;1.2;0.0;0.0;14.0;0.0;0.0;0.0;0.0;0.0;0.0;0.0;0.0;0.0;0.0;0.0;0.0;0.0;5.0;888.0
Tamboril;SAO MONTE ALEGRE;-4.92375;-40.181444444444;2018;5;29.0;8.0;0.0;0.0;0.0;0.0;0.0;0.0;0.0;0.0;12.0;0.0;0.0;0.0;0.0;0.0;0.0;9.0;0.0;0.0;0.0;0.0;0.0;0.0;0.0;0.0;0.0;0.0;0.0;0.0;0.0;0.0
Tamboril;SAO MONTE ALEGRE;-4.92375;-40.181444444444;2018;6;9.0;0.0;0.0;0.0;0.0;0.0;9.0;0.0;0.0;0.0;0.0;0.0;0.0;0.0;0.0;0.0;0.0;0.0;0.0;0.0;0.0;0.0;0.0;0.0;0.0;0.0;0.0;0.0;0.0;0.0;0.0;888.0
Tamboril;SAO MONTE ALEGRE;-4.92375;-40.181444444444;2018;7;0.0;0.0;0.0;0.0;0.0;0.0;0.0;0.0;0.0;0.0;0.0;0.0;0.0;0.0;0.0;0.0;0.0;0.0;0.0;0.0;0.0;0.0;0.0;0.0;0.0;0.0;0.0;0.0;0.0;0.0;0.0;0.0
Tamboril;SAO MONTE ALEGRE;-4.92375;-40.181444444444;2018;8;0.0;0.0;0.0;0.0;0.0;0.0;0.0;0.0;0.0;0.0;0.0;0.0;0.0;0.0;0.0;0.0;0.0;0.0;0.0;0.0;0.0;0.0;0.0;0.0;0.0;0.0;0.0;0.0;0.0;0.0;0.0;0.0
Tamboril;SAO MONTE ALEGRE;-4.92375;-40.181444444444;2018;9;0.0;0.0;0.0;0.0;0.0;0.0;0.0;0.0;0.0;0.0;0.0;0.0;0.0;0.0;0.0;0.0;0.0;0.0;0.0;0.0;0.0;0.0;0.0;0.0;0.0;0.0;0.0;0.0;0.0;0.0;0.0;888.0
Tamboril;SAO MONTE ALEGRE;-4.92375;-40.181444444444;2018;10;0.0;0.0;0.0;0.0;0.0;0.0;0.0;0.0;0.0;0.0;0.0;0.0;0.0;0.0;0.0;0.0;0.0;0.0;0.0;0.0;0.0;0.0;0.0;0.0;0.0;0.0;0.0;0.0;0.0;0.0;0.0;0.0
Tamboril;SAO MONTE ALEGRE;-4.92375;-40.181444444444;2018;11;0.0;0.0;0.0;0.0;0.0;0.0;0.0;0.0;0.0;0.0;0.0;0.0;0.0;0.0;0.0;0.0;0.0;0.0;0.0;0.0;0.0;0.0;0.0;0.0;0.0;0.0;0.0;0.0;0.0;0.0;0.0;888.0
Tamboril;SAO MONTE ALEGRE;-4.92375;-40.181444444444;2018;12;167.0;66.0;0.0;0.0;0.0;52.0;0.0;6.0;0.0;0.0;0.0;0.0;0.0;0.0;0.0;0.0;0.0;0.0;0.0;0.0;0.0;0.0;33.0;10.0;0.0;0.0;0.0;0.0;0.0;0.0;0.0;0.0
Tamboril;SAO MONTE ALEGRE;-4.92375;-40.181444444444;2019;1;47.5;0.0;0.0;0.0;0.0;0.0;0.0;0.0;0.0;18.2;0.0;0.0;7.1;0.0;0.0;0.0;0.0;0.0;0.0;0.0;0.0;0.0;0.0;3.0;0.0;0.0;0.0;19.2;0.0;0.0;0.0;0.0
Tamboril;SAO MONTE ALEGRE;-4.92375;-40.181444444444;2019;2;56.0;0.0;0.0;0.0;0.0;0.0;0.0;27.0;11.0;0.0;0.0;0.0;0.0;0.0;0.0;0.0;0.0;12.0;0.0;0.0;0.0;0.0;0.0;0.0;0.0;0.0;6.0;0.0;0.0;888.0;888.0;888.0
Tamboril;SAO MONTE ALEGRE;-4.92375;-40.181444444444;2019;3;83.3;0.0;0.0;0.0;0.0;0.0;0.0;0.0;0.0;20.0;0.0;8.0;12.0;7.2;0.0;0.0;0.0;0.0;12.1;8.0;0.0;10.0;0.0;0.0;6.0;0.0;0.0;0.0;0.0;0.0;0.0;0.0
Tamboril;SAO MONTE ALEGRE;-4.92375;-40.181444444444;2019;4;35.3;0.0;0.0;0.0;0.0;0.0;0.0;0.0;0.0;0.0;0.0;0.0;0.0;0.0;0.0;0.0;0.0;5.0;0.0;0.0;0.0;8.2;0.0;0.0;0.0;0.0;0.0;22.1;0.0;0.0;0.0;888.0
Tamboril;SAO MONTE ALEGRE;-4.92375;-40.181444444444;2019;5;122.9;17.3;11.4;0.0;0.0;0.0;0.0;0.0;0.0;0.0;0.0;0.0;0.0;0.0;0.0;14.2;0.0;0.0;40.0;0.0;0.0;0.0;40.0;0.0;0.0;0.0;0.0;0.0;0.0;0.0;0.0;0.0
Tamboril;SAO MONTE ALEGRE;-4.92375;-40.181444444444;2019;6;54.0;0.0;0.0;0.0;0.0;0.0;0.0;0.0;0.0;0.0;0.0;11.0;0.0;0.0;10.0;0.0;0.0;0.0;8.0;20.0;0.0;0.0;0.0;0.0;0.0;0.0;0.0;0.0;5.0;0.0;0.0;888.0
Tamboril;SAO MONTE ALEGRE;-4.92375;-40.181444444444;2019;7;34.0;0.0;0.0;0.0;0.0;0.0;0.0;0.0;0.0;0.0;0.0;14.0;0.0;0.0;0.0;2.0;0.0;0.0;0.0;0.0;0.0;11.0;2.0;0.0;0.0;0.0;0.0;0.0;0.0;5.0;0.0;0.0
Tamboril;SAO MONTE ALEGRE;-4.92375;-40.181444444444;2019;8;0.0;0.0;0.0;0.0;0.0;0.0;0.0;0.0;0.0;0.0;0.0;0.0;0.0;0.0;0.0;0.0;0.0;0.0;0.0;0.0;0.0;0.0;0.0;0.0;0.0;0.0;0.0;0.0;0.0;0.0;0.0;0.0
Tamboril;SAO MONTE ALEGRE;-4.92375;-40.181444444444;2019;9;12.0;0.0;0.0;0.0;0.0;0.0;0.0;0.0;0.0;0.0;0.0;0.0;0.0;0.0;0.0;0.0;0.0;0.0;0.0;0.0;0.0;0.0;0.0;0.0;12.0;0.0;0.0;0.0;0.0;0.0;0.0;888.0
Tamboril;SAO MONTE ALEGRE;-4.92375;-40.181444444444;2019;10;0.0;0.0;0.0;0.0;0.0;0.0;0.0;0.0;0.0;0.0;0.0;0.0;0.0;0.0;0.0;0.0;0.0;0.0;0.0;0.0;0.0;0.0;0.0;0.0;0.0;0.0;0.0;0.0;0.0;0.0;0.0;0.0
Tamboril;SAO MONTE ALEGRE;-4.92375;-40.181444444444;2019;11;0.0;0.0;0.0;0.0;0.0;0.0;0.0;0.0;0.0;0.0;0.0;0.0;0.0;0.0;0.0;0.0;0.0;0.0;0.0;0.0;0.0;0.0;0.0;0.0;0.0;0.0;0.0;0.0;0.0;0.0;0.0;888.0
Tamboril;SAO MONTE ALEGRE;-4.92375;-40.181444444444;2019;12;44.0;0.0;0.0;0.0;0.0;0.0;0.0;0.0;0.0;38.0;0.0;0.0;0.0;6.0;0.0;0.0;0.0;0.0;0.0;0.0;0.0;0.0;0.0;0.0;0.0;0.0;0.0;0.0;0.0;0.0;0.0;0.0
Tamboril;SAO MONTE ALEGRE;-4.92375;-40.181444444444;2020;1;215.0;25.0;0.0;0.0;0.0;0.0;0.0;0.0;0.0;38.0;0.0;0.0;0.0;0.0;0.0;0.0;0.0;0.0;0.0;0.0;0.0;16.0;0.0;0.0;0.0;0.0;0.0;0.0;21.0;0.0;45.0;70.0
Tamboril;SAO MONTE ALEGRE;-4.92375;-40.181444444444;2020;2;101.1;0.0;0.0;0.0;0.0;11.1;0.0;0.0;0.0;0.0;0.0;0.0;0.0;0.0;0.0;0.0;25.0;0.0;40.0;15.0;0.0;0.0;0.0;0.0;0.0;0.0;10.0;0.0;0.0;0.0;888.0;888.0
Tamboril;SAO MONTE ALEGRE;-4.92375;-40.181444444444;2020;3;316.0;0.0;0.0;65.0;0.0;0.0;10.0;17.0;0.0;0.0;0.0;0.0;0.0;0.0;0.0;35.0;0.0;12.0;0.0;35.0;70.0;25.0;22.0;0.0;0.0;0.0;15.0;0.0;10.0;0.0;0.0;0.0
Tamboril;SAO MONTE ALEGRE;-4.92375;-40.181444444444;2020;4;192.0;25.0;0.0;0.0;0.0;16.0;0.0;0.0;0.0;0.0;0.0;0.0;0.0;0.0;0.0;0.0;18.0;0.0;0.0;0.0;12.0;19.0;60.0;0.0;25.0;10.0;0.0;7.0;0.0;0.0;0.0;888.0
Tamboril;SAO MONTE ALEGRE;-4.92375;-40.181444444444;2020;5;87.0;0.0;0.0;0.0;0.0;0.0;0.0;0.0;0.0;0.0;0.0;0.0;0.0;4.0;0.0;0.0;5.0;16.0;0.0;10.0;5.0;6.0;15.0;0.0;5.0;6.0;0.0;0.0;0.0;15.0;0.0;0.0
Tamboril;SAO MONTE ALEGRE;-4.92375;-40.181444444444;2020;6;30.0;0.0;0.0;0.0;0.0;0.0;0.0;0.0;9.0;7.0;0.0;14.0;0.0;0.0;0.0;0.0;0.0;0.0;0.0;0.0;0.0;0.0;0.0;0.0;0.0;0.0;0.0;0.0;0.0;0.0;0.0;888.0
Tamboril;SAO MONTE ALEGRE;-4.92375;-40.181444444444;2020;7;89.0;0.0;0.0;0.0;0.0;0.0;35.0;0.0;0.0;0.0;0.0;36.0;0.0;2.0;0.0;0.0;0.0;0.0;0.0;0.0;0.0;0.0;16.0;0.0;0.0;0.0;0.0;0.0;0.0;0.0;0.0;0.0
Tamboril;SAO MONTE ALEGRE;-4.92375;-40.181444444444;2020;8;0.0;0.0;0.0;0.0;0.0;0.0;0.0;0.0;0.0;0.0;0.0;0.0;0.0;0.0;0.0;0.0;0.0;0.0;0.0;0.0;0.0;0.0;0.0;0.0;0.0;0.0;0.0;0.0;0.0;0.0;0.0;0.0
Tamboril;SAO MONTE ALEGRE;-4.92375;-40.181444444444;2020;9;0.0;0.0;0.0;0.0;0.0;0.0;0.0;0.0;0.0;0.0;0.0;0.0;0.0;0.0;0.0;0.0;0.0;0.0;0.0;0.0;0.0;0.0;0.0;0.0;0.0;0.0;0.0;0.0;0.0;0.0;0.0;888.0
Tamboril;SAO MONTE ALEGRE;-4.92375;-40.181444444444;2020;10;0.0;0.0;0.0;0.0;0.0;0.0;0.0;0.0;0.0;0.0;0.0;0.0;0.0;0.0;0.0;0.0;0.0;0.0;0.0;0.0;0.0;0.0;0.0;0.0;0.0;0.0;0.0;0.0;0.0;0.0;0.0;0.0
Tamboril;SAO MONTE ALEGRE;-4.92375;-40.181444444444;2020;11;0.0;0.0;0.0;0.0;0.0;0.0;0.0;0.0;0.0;0.0;0.0;0.0;0.0;0.0;0.0;0.0;0.0;0.0;0.0;0.0;0.0;0.0;0.0;0.0;0.0;0.0;0.0;0.0;0.0;0.0;0.0;888.0
Tamboril;SAO MONTE ALEGRE;-4.92375;-40.181444444444;2020;12;0.0;0.0;0.0;0.0;0.0;0.0;0.0;0.0;0.0;0.0;0.0;0.0;0.0;0.0;0.0;0.0;0.0;0.0;0.0;0.0;0.0;0.0;0.0;0.0;0.0;0.0;0.0;0.0;0.0;0.0;0.0;0.0
Tamboril;SAO MONTE ALEGRE;-4.92375;-40.181444444444;2021;1;44.0;0.0;0.0;0.0;0.0;0.0;0.0;0.0;0.0;0.0;0.0;0.0;0.0;0.0;0.0;0.0;0.0;0.0;0.0;13.0;0.0;14.0;0.0;0.0;0.0;0.0;17.0;0.0;0.0;0.0;0.0;0.0
Tamboril;SAO MONTE ALEGRE;-4.92375;-40.181444444444;2021;2;135.9;0.0;0.0;0.0;0.0;0.0;0.0;0.0;0.0;9.0;0.0;0.0;0.0;0.0;0.0;0.0;30.0;38.9;0.0;0.0;0.0;0.0;0.0;0.0;20.0;38.0;0.0;0.0;0.0;888.0;888.0;888.0
Tamboril;SAO MONTE ALEGRE;-4.92375;-40.181444444444;2021;3;96.1;13.0;0.0;10.0;5.0;14.0;0.0;0.0;0.0;0.0;0.0;0.0;0.0;0.0;0.0;0.0;0.0;0.0;0.0;0.0;10.0;0.0;0.0;0.0;0.0;14.0;0.0;9.0;21.1;0.0;0.0;0.0
Tamboril;SAO MONTE ALEGRE;-4.92375;-40.181444444444;2021;4;92.0;0.0;0.0;0.0;0.0;0.0;0.0;0.0;0.0;0.0;4.0;22.0;10.0;0.0;0.0;0.0;0.0;0.0;0.0;0.0;5.0;0.0;10.0;32.0;0.0;0.0;0.0;0.0;0.0;9.0;0.0;888.0
Tamboril;SAO MONTE ALEGRE;-4.92375;-40.181444444444;2021;5;46.0;0.0;0.0;0.0;0.0;20.0;0.0;0.0;0.0;0.0;0.0;0.0;0.0;0.0;16.0;10.0;0.0;0.0;0.0;0.0;0.0;0.0;0.0;0.0;0.0;0.0;0.0;0.0;0.0;0.0;0.0;0.0
Tamboril;SAO MONTE ALEGRE;-4.92375;-40.181444444444;2021;6;14.0;9.0;0.0;0.0;0.0;0.0;0.0;0.0;0.0;0.0;0.0;0.0;0.0;0.0;0.0;0.0;0.0;0.0;5.0;0.0;0.0;0.0;0.0;0.0;0.0;0.0;0.0;0.0;0.0;0.0;0.0;888.0
Tamboril;SAO MONTE ALEGRE;-4.92375;-40.181444444444;2021;7;20.0;0.0;20.0;0.0;0.0;0.0;0.0;0.0;0.0;0.0;0.0;0.0;0.0;0.0;0.0;0.0;0.0;0.0;0.0;0.0;0.0;0.0;0.0;0.0;0.0;0.0;0.0;0.0;0.0;0.0;0.0;0.0
Tamboril;SAO MONTE ALEGRE;-4.92375;-40.181444444444;2021;8;0.0;0.0;0.0;0.0;0.0;0.0;0.0;0.0;0.0;0.0;0.0;0.0;0.0;0.0;0.0;0.0;0.0;0.0;0.0;0.0;0.0;0.0;0.0;0.0;0.0;0.0;0.0;0.0;0.0;0.0;0.0;0.0
Tamboril;SAO MONTE ALEGRE;-4.92375;-40.181444444444;2021;9;0.0;0.0;0.0;0.0;0.0;0.0;0.0;0.0;0.0;0.0;0.0;0.0;0.0;0.0;0.0;0.0;0.0;0.0;0.0;0.0;0.0;0.0;0.0;0.0;0.0;0.0;0.0;0.0;0.0;0.0;0.0;888.0
Tamboril;SAO MONTE ALEGRE;-4.92375;-40.181444444444;2021;10;5.0;0.0;0.0;0.0;0.0;0.0;0.0;0.0;0.0;0.0;0.0;0.0;0.0;0.0;0.0;0.0;0.0;0.0;0.0;0.0;0.0;0.0;0.0;0.0;0.0;0.0;0.0;0.0;0.0;0.0;0.0;5.0
Tamboril;SAO MONTE ALEGRE;-4.92375;-40.181444444444;2021;11;8.0;0.0;0.0;0.0;0.0;0.0;0.0;0.0;8.0;0.0;0.0;0.0;0.0;0.0;0.0;0.0;0.0;0.0;0.0;0.0;0.0;0.0;0.0;0.0;0.0;0.0;0.0;0.0;0.0;0.0;0.0;888.0
Tamboril;SAO MONTE ALEGRE;-4.92375;-40.181444444444;2021;12;14.0;0.0;0.0;0.0;0.0;0.0;0.0;0.0;0.0;0.0;0.0;0.0;0.0;0.0;0.0;0.0;0.0;0.0;0.0;0.0;0.0;0.0;0.0;0.0;0.0;0.0;0.0;8.0;0.0;0.0;6.0;0.0
Tamboril;SAO MONTE ALEGRE;-4.92375;-40.181444444444;2022;1;243.7;52.0;0.0;14.0;0.0;0.0;18.0;0.0;0.0;0.0;0.0;0.0;0.0;17.0;0.0;13.3;40.0;0.0;0.0;0.0;0.0;0.0;0.0;0.0;0.0;0.0;0.0;40.0;0.0;49.4;0.0;0.0
Tamboril;SAO MONTE ALEGRE;-4.92375;-40.181444444444;2022;2;13.0;0.0;0.0;0.0;0.0;0.0;0.0;0.0;0.0;0.0;0.0;0.0;0.0;0.0;0.0;0.0;0.0;0.0;0.0;0.0;0.0;13.0;0.0;0.0;0.0;0.0;0.0;0.0;0.0;888.0;888.0;888.0
Tamboril;SAO MONTE ALEGRE;-4.92375;-40.181444444444;2022;3;168.0;0.0;0.0;0.0;0.0;0.0;5.0;55.0;0.0;0.0;0.0;0.0;0.0;15.0;0.0;0.0;5.0;0.0;25.0;0.0;0.0;10.0;9.0;8.0;0.0;0.0;19.0;0.0;0.0;0.0;17.0;0.0
Tamboril;SAO MONTE ALEGRE;-4.92375;-40.181444444444;2022;4;120.0;8.0;0.0;0.0;0.0;30.0;0.0;0.0;0.0;25.0;0.0;0.0;25.0;0.0;0.0;0.0;0.0;0.0;0.0;0.0;0.0;0.0;0.0;17.0;5.0;10.0;0.0;0.0;0.0;0.0;0.0;888.0
Tamboril;SAO MONTE ALEGRE;-4.92375;-40.181444444444;2022;5;61.0;0.0;0.0;0.0;0.0;0.0;16.0;0.0;0.0;0.0;0.0;0.0;0.0;0.0;0.0;0.0;0.0;0.0;0.0;0.0;0.0;45.0;0.0;0.0;0.0;0.0;0.0;0.0;0.0;0.0;0.0;0.0
Tamboril;SAO MONTE ALEGRE;-4.92375;-40.181444444444;2022;6;51.0;0.0;0.0;20.0;10.0;0.0;0.0;11.0;0.0;0.0;0.0;0.0;0.0;0.0;0.0;0.0;0.0;0.0;0.0;0.0;0.0;10.0;0.0;0.0;0.0;0.0;0.0;0.0;0.0;0.0;0.0;888.0
Tamboril;SAO MONTE ALEGRE;-4.92375;-40.181444444444;2022;7;35.0;0.0;0.0;20.0;0.0;0.0;0.0;0.0;0.0;0.0;0.0;15.0;0.0;0.0;0.0;0.0;0.0;0.0;0.0;0.0;0.0;0.0;0.0;0.0;0.0;0.0;0.0;0.0;0.0;0.0;0.0;0.0
Tamboril;SAO MONTE ALEGRE;-4.92375;-40.181444444444;2022;8;0.0;0.0;0.0;0.0;0.0;0.0;0.0;0.0;0.0;0.0;0.0;0.0;0.0;0.0;0.0;0.0;0.0;0.0;0.0;0.0;0.0;0.0;0.0;0.0;0.0;0.0;0.0;0.0;0.0;0.0;0.0;0.0
Tamboril;SAO MONTE ALEGRE;-4.92375;-40.181444444444;2022;9;0.0;0.0;0.0;0.0;0.0;0.0;0.0;0.0;0.0;0.0;0.0;0.0;0.0;0.0;0.0;0.0;0.0;0.0;0.0;0.0;0.0;0.0;0.0;0.0;0.0;0.0;0.0;0.0;0.0;0.0;0.0;888.0
Tamboril;SAO MONTE ALEGRE;-4.92375;-40.181444444444;2022;10;0.0;0.0;0.0;0.0;0.0;0.0;0.0;0.0;0.0;0.0;0.0;0.0;0.0;0.0;0.0;0.0;0.0;0.0;0.0;0.0;0.0;0.0;0.0;0.0;0.0;0.0;0.0;0.0;0.0;0.0;0.0;0.0
Tamboril;SAO MONTE ALEGRE;-4.92375;-40.181444444444;2022;11;91.0;0.0;0.0;0.0;7.0;12.0;0.0;63.0;0.0;0.0;0.0;0.0;0.0;0.0;0.0;0.0;0.0;0.0;0.0;0.0;0.0;0.0;0.0;0.0;0.0;0.0;0.0;0.0;0.0;0.0;9.0;888.0
Tamboril;SAO MONTE ALEGRE;-4.92375;-40.181444444444;2022;12;0.0;0.0;0.0;0.0;0.0;0.0;0.0;0.0;0.0;0.0;0.0;0.0;0.0;0.0;0.0;0.0;0.0;0.0;0.0;0.0;0.0;0.0;0.0;0.0;0.0;0.0;0.0;0.0;0.0;0.0;0.0;0.0
Tamboril;SAO MONTE ALEGRE;-4.92375;-40.181444444444;2023;1;67.0;0.0;0.0;0.0;0.0;0.0;0.0;0.0;0.0;0.0;0.0;0.0;0.0;0.0;0.0;0.0;17.0;11.0;0.0;20.0;0.0;0.0;0.0;0.0;19.0;0.0;0.0;0.0;0.0;0.0;0.0;0.0
Tamboril;SAO MONTE ALEGRE;-4.92375;-40.181444444444;2023;2;48.0;0.0;6.0;3.0;0.0;0.0;0.0;8.0;0.0;0.0;0.0;0.0;0.0;0.0;0.0;0.0;0.0;0.0;0.0;0.0;0.0;0.0;0.0;15.0;0.0;0.0;16.0;0.0;0.0;888.0;888.0;888.0
Tamboril;SAO MONTE ALEGRE;-4.92375;-40.181444444444;2023;3;314.0;0.0;0.0;18.0;23.0;0.0;0.0;0.0;0.0;0.0;38.0;0.0;0.0;0.0;0.0;23.0;37.0;25.0;0.0;40.0;23.0;20.0;0.0;4.0;6.0;0.0;0.0;10.0;9.0;9.0;10.0;19.0
Tamboril;SAO MONTE ALEGRE;-4.92375;-40.181444444444;2023;4;159.0;0.0;25.0;5.0;40.0;8.0;0.0;0.0;0.0;0.0;0.0;0.0;0.0;0.0;0.0;0.0;0.0;0.0;0.0;8.0;0.0;0.0;0.0;0.0;0.0;0.0;0.0;52.0;21.0;0.0;0.0;888.0
Tamboril;SAO MONTE ALEGRE;-4.92375;-40.181444444444;2023;5;4.0;0.0;0.0;0.0;0.0;0.0;0.0;0.0;0.0;0.0;0.0;0.0;0.0;0.0;0.0;0.0;0.0;0.0;0.0;0.0;0.0;0.0;0.0;0.0;0.0;4.0;0.0;0.0;0.0;0.0;0.0;0.0
Tamboril;SAO MONTE ALEGRE;-4.92375;-40.181444444444;2023;6;45.0;0.0;0.0;0.0;0.0;0.0;0.0;0.0;0.0;0.0;0.0;0.0;0.0;11.0;0.0;14.0;0.0;0.0;0.0;0.0;0.0;0.0;0.0;0.0;0.0;0.0;0.0;0.0;0.0;0.0;20.0;888.0
Tamboril;SAO MONTE ALEGRE;-4.92375;-40.181444444444;2023;7;0.0;0.0;0.0;0.0;0.0;0.0;0.0;0.0;0.0;0.0;0.0;0.0;0.0;0.0;0.0;0.0;0.0;0.0;0.0;0.0;0.0;0.0;0.0;0.0;0.0;0.0;0.0;0.0;0.0;0.0;0.0;0.0
Tamboril;SAO MONTE ALEGRE;-4.92375;-40.181444444444;2023;8;0.0;0.0;0.0;0.0;0.0;0.0;0.0;0.0;0.0;0.0;0.0;0.0;0.0;0.0;0.0;0.0;0.0;0.0;0.0;0.0;0.0;0.0;0.0;0.0;0.0;0.0;0.0;0.0;0.0;0.0;0.0;0.0
Tamboril;SAO MONTE ALEGRE;-4.92375;-40.181444444444;2023;9;0.0;0.0;0.0;0.0;0.0;0.0;0.0;0.0;0.0;0.0;0.0;0.0;0.0;0.0;0.0;0.0;0.0;0.0;0.0;0.0;0.0;0.0;0.0;0.0;0.0;0.0;0.0;0.0;0.0;0.0;0.0;888.0
Tamboril;SAO MONTE ALEGRE;-4.92375;-40.181444444444;2023;10;0.0;0.0;0.0;0.0;0.0;0.0;0.0;0.0;0.0;0.0;0.0;0.0;0.0;0.0;0.0;0.0;0.0;0.0;0.0;0.0;0.0;0.0;0.0;0.0;0.0;0.0;0.0;0.0;0.0;0.0;0.0;0.0
Tamboril;SAO MONTE ALEGRE;-4.92375;-40.181444444444;2023;11;0.0;0.0;0.0;0.0;0.0;0.0;0.0;0.0;0.0;0.0;0.0;0.0;0.0;0.0;0.0;0.0;0.0;0.0;0.0;0.0;0.0;0.0;0.0;0.0;0.0;0.0;0.0;0.0;0.0;0.0;0.0;888.0
Tamboril;SAO MONTE ALEGRE;-4.92375;-40.181444444444;2023;12;88.0;0.0;0.0;0.0;0.0;0.0;0.0;0.0;0.0;0.0;0.0;0.0;0.0;0.0;0.0;0.0;0.0;0.0;0.0;0.0;0.0;20.0;0.0;0.0;0.0;0.0;0.0;0.0;0.0;0.0;0.0;68.0
Tamboril;SAO MONTE ALEGRE;-4.92375;-40.181444444444;2024;1;44.0;0.0;0.0;10.0;6.0;0.0;0.0;0.0;0.0;0.0;0.0;0.0;0.0;13.0;0.0;0.0;0.0;0.0;0.0;0.0;0.0;0.0;0.0;0.0;15.0;0.0;0.0;0.0;0.0;0.0;0.0;0.0
Tamboril;SAO MONTE ALEGRE;-4.92375;-40.181444444444;2024;2;205.0;0.0;0.0;0.0;0.0;0.0;0.0;0.0;0.0;0.0;0.0;0.0;0.0;0.0;10.0;11.0;13.0;0.0;0.0;25.0;0.0;0.0;31.0;0.0;0.0;0.0;0.0;80.0;35.0;0.0;888.0;888.0
Tamboril;SAO MONTE ALEGRE;-4.92375;-40.181444444444;2024;3;235.0;30.0;0.0;25.0;4.0;0.0;17.0;0.0;0.0;0.0;0.0;0.0;0.0;0.0;0.0;0.0;57.0;5.0;4.0;0.0;0.0;0.0;0.0;0.0;35.0;0.0;0.0;0.0;0.0;20.0;20.0;18.0
Tamboril;SAO MONTE ALEGRE;-4.92375;-40.181444444444;2024;4;105.0;25.0;0.0;37.0;0.0;0.0;0.0;0.0;0.0;0.0;0.0;10.0;0.0;0.0;0.0;0.0;0.0;0.0;8.0;0.0;0.0;8.0;0.0;0.0;0.0;7.0;0.0;10.0;0.0;0.0;0.0;888.0
Tamboril;SAO MONTE ALEGRE;-4.92375;-40.181444444444;2024;5;5.0;0.0;0.0;0.0;0.0;0.0;0.0;0.0;0.0;0.0;0.0;0.0;0.0;0.0;0.0;0.0;5.0;0.0;0.0;0.0;0.0;0.0;0.0;0.0;0.0;0.0;0.0;0.0;0.0;0.0;0.0;0.0
Tamboril;SAO MONTE ALEGRE;-4.92375;-40.181444444444;2024;6;88.0;0.0;0.0;0.0;0.0;25.0;0.0;18.0;10.0;0.0;10.0;0.0;0.0;0.0;0.0;5.0;0.0;0.0;0.0;0.0;0.0;0.0;0.0;0.0;20.0;0.0;0.0;0.0;0.0;0.0;0.0;888.0
Tamboril;SAO MONTE ALEGRE;-4.92375;-40.181444444444;2024;7;0.0;0.0;0.0;0.0;0.0;0.0;0.0;0.0;0.0;0.0;0.0;0.0;0.0;0.0;0.0;0.0;0.0;0.0;0.0;0.0;0.0;0.0;0.0;0.0;0.0;0.0;0.0;0.0;0.0;0.0;0.0;0.0
Tamboril;SAO MONTE ALEGRE;-4.92375;-40.181444444444;2024;8;0.0;0.0;0.0;0.0;0.0;0.0;0.0;0.0;0.0;0.0;0.0;0.0;0.0;0.0;0.0;0.0;0.0;0.0;0.0;0.0;0.0;0.0;0.0;0.0;0.0;0.0;0.0;0.0;0.0;0.0;0.0;0.0
Tamboril;SAO MONTE ALEGRE;-4.92375;-40.181444444444;2024;9;0.0;0.0;0.0;0.0;0.0;0.0;0.0;0.0;0.0;0.0;0.0;0.0;0.0;0.0;0.0;0.0;0.0;0.0;0.0;0.0;0.0;0.0;0.0;0.0;0.0;0.0;0.0;0.0;0.0;0.0;0.0;888.0
Tamboril;SAO MONTE ALEGRE;-4.92375;-40.181444444444;2024;10;0.0;0.0;0.0;0.0;0.0;0.0;0.0;0.0;0.0;0.0;0.0;0.0;0.0;0.0;0.0;0.0;0.0;0.0;0.0;0.0;0.0;0.0;0.0;0.0;999.0;999.0;999.0;999.0;999.0;999.0;999.0;999.0
