Municipios;Postos;Latitude;Longitude;Anos;Meses;Total;Dia1;Dia2;Dia3;Dia4;Dia5;Dia6;Dia7;Dia8;Dia9;Dia10;Dia11;Dia12;Dia13;Dia14;Dia15;Dia16;Dia17;Dia18;Dia19;Dia20;Dia21;Dia22;Dia23;Dia24;Dia25;Dia26;Dia27;Dia28;Dia29;Dia30;Dia31
Nova Russas;NOVA BETANIA;-4.6278055555556;-40.518888888889;2000;12;25.0;0.0;0.0;0.0;0.0;0.0;0.0;0.0;0.0;0.0;0.0;0.0;0.0;0.0;0.0;8.0;5.0;12.0;0.0;0.0;0.0;0.0;0.0;0.0;0.0;0.0;0.0;0.0;0.0;0.0;0.0;0.0
Nova Russas;NOVA BETANIA;-4.6278055555556;-40.518888888889;2001;1;25.0;0.0;0.0;3.0;0.0;0.0;0.0;2.0;0.0;0.0;0.0;12.0;0.0;8.0;0.0;0.0;0.0;0.0;0.0;0.0;0.0;0.0;0.0;0.0;0.0;0.0;0.0;0.0;0.0;0.0;0.0;0.0
Nova Russas;NOVA BETANIA;-4.6278055555556;-40.518888888889;2001;2;202.0;0.0;0.0;5.0;0.0;0.0;0.0;0.0;0.0;0.0;12.0;0.0;0.0;5.0;56.0;0.0;0.0;0.0;0.0;0.0;0.0;0.0;0.0;0.0;0.0;0.0;72.0;0.0;52.0;888.0;888.0;888.0
Nova Russas;NOVA BETANIA;-4.6278055555556;-40.518888888889;2001;3;249.0;0.0;22.0;0.0;0.0;0.0;0.0;0.0;0.0;0.0;0.0;0.0;75.0;3.0;30.0;0.0;47.0;0.0;0.0;0.0;0.0;0.0;0.0;0.0;0.0;0.0;21.0;0.0;0.0;5.0;38.0;8.0
Nova Russas;NOVA BETANIA;-4.6278055555556;-40.518888888889;2001;4;324.0;0.0;0.0;45.0;52.0;20.0;0.0;0.0;0.0;0.0;20.0;15.0;17.0;0.0;0.0;12.0;0.0;21.0;5.0;61.0;0.0;21.0;0.0;0.0;0.0;0.0;0.0;0.0;21.0;14.0;0.0;888.0
Nova Russas;NOVA BETANIA;-4.6278055555556;-40.518888888889;2001;5;11.0;0.0;5.0;0.0;0.0;6.0;0.0;0.0;0.0;0.0;0.0;0.0;0.0;0.0;0.0;0.0;0.0;0.0;0.0;0.0;0.0;0.0;0.0;0.0;0.0;0.0;0.0;0.0;0.0;0.0;0.0;0.0
Nova Russas;NOVA BETANIA;-4.6278055555556;-40.518888888889;2001;6;32.0;0.0;4.0;7.0;0.0;8.0;0.0;0.0;6.0;0.0;0.0;0.0;0.0;0.0;0.0;0.0;0.0;0.0;0.0;0.0;0.0;0.0;0.0;0.0;0.0;0.0;0.0;0.0;7.0;0.0;0.0;888.0
Nova Russas;NOVA BETANIA;-4.6278055555556;-40.518888888889;2001;7;7.0;0.0;4.0;0.0;0.0;0.0;0.0;0.0;0.0;0.0;0.0;0.0;0.0;0.0;3.0;0.0;0.0;0.0;0.0;0.0;0.0;0.0;0.0;0.0;0.0;0.0;0.0;0.0;0.0;0.0;0.0;0.0
Nova Russas;NOVA BETANIA;-4.6278055555556;-40.518888888889;2001;8;0.0;0.0;0.0;0.0;0.0;0.0;0.0;0.0;0.0;0.0;0.0;0.0;0.0;0.0;0.0;0.0;0.0;0.0;0.0;0.0;0.0;0.0;0.0;0.0;0.0;0.0;0.0;0.0;0.0;0.0;0.0;0.0
Nova Russas;NOVA BETANIA;-4.6278055555556;-40.518888888889;2001;9;0.0;0.0;0.0;0.0;0.0;0.0;0.0;0.0;0.0;0.0;0.0;0.0;0.0;0.0;0.0;0.0;0.0;0.0;0.0;0.0;0.0;0.0;0.0;0.0;0.0;0.0;0.0;0.0;0.0;0.0;0.0;888.0
Nova Russas;NOVA BETANIA;-4.6278055555556;-40.518888888889;2001;10;0.0;0.0;0.0;0.0;0.0;0.0;0.0;0.0;0.0;0.0;0.0;0.0;0.0;0.0;0.0;0.0;0.0;0.0;0.0;0.0;0.0;0.0;0.0;0.0;0.0;0.0;0.0;0.0;0.0;0.0;0.0;0.0
Nova Russas;NOVA BETANIA;-4.6278055555556;-40.518888888889;2001;11;2.0;0.0;0.0;0.0;0.0;0.0;0.0;0.0;0.0;0.0;0.0;0.0;0.0;0.0;0.0;0.0;0.0;0.0;0.0;0.0;0.0;0.0;0.0;0.0;0.0;0.0;0.0;0.0;0.0;0.0;2.0;888.0
Nova Russas;NOVA BETANIA;-4.6278055555556;-40.518888888889;2001;12;2.0;0.0;0.0;0.0;0.0;0.0;0.0;0.0;0.0;0.0;0.0;2.0;0.0;0.0;0.0;0.0;0.0;0.0;0.0;0.0;0.0;0.0;0.0;0.0;0.0;0.0;0.0;0.0;0.0;0.0;0.0;0.0
Nova Russas;NOVA BETANIA;-4.6278055555556;-40.518888888889;2002;1;299.0;0.0;0.0;0.0;0.0;0.0;0.0;0.0;61.0;5.0;0.0;0.0;0.0;65.0;22.0;5.0;27.0;16.0;0.0;5.0;0.0;0.0;26.0;0.0;0.0;0.0;21.0;0.0;22.0;19.0;5.0;0.0
Nova Russas;NOVA BETANIA;-4.6278055555556;-40.518888888889;2002;2;9.0;0.0;0.0;3.0;0.0;0.0;0.0;6.0;0.0;0.0;0.0;0.0;0.0;0.0;0.0;0.0;0.0;0.0;0.0;0.0;0.0;0.0;0.0;0.0;0.0;0.0;0.0;0.0;0.0;888.0;888.0;888.0
Nova Russas;NOVA BETANIA;-4.6278055555556;-40.518888888889;2002;3;240.0;0.0;0.0;0.0;0.0;45.0;0.0;0.0;33.0;28.0;10.0;0.0;0.0;0.0;0.0;0.0;0.0;13.0;8.0;15.0;4.0;0.0;0.0;0.0;23.0;0.0;30.0;0.0;15.0;16.0;0.0;0.0
Nova Russas;NOVA BETANIA;-4.6278055555556;-40.518888888889;2002;4;275.0;0.0;0.0;0.0;0.0;23.0;33.0;20.0;15.0;0.0;0.0;20.0;0.0;0.0;20.0;15.0;16.0;0.0;16.0;0.0;0.0;7.0;0.0;0.0;0.0;0.0;68.0;14.0;8.0;0.0;0.0;888.0
Nova Russas;NOVA BETANIA;-4.6278055555556;-40.518888888889;2002;5;128.0;0.0;7.0;48.0;0.0;0.0;0.0;23.0;4.0;0.0;0.0;4.0;0.0;0.0;0.0;0.0;0.0;0.0;0.0;0.0;0.0;0.0;0.0;0.0;0.0;0.0;42.0;0.0;0.0;0.0;0.0;0.0
Nova Russas;NOVA BETANIA;-4.6278055555556;-40.518888888889;2002;6;26.0;10.0;0.0;0.0;0.0;0.0;0.0;0.0;0.0;0.0;0.0;0.0;0.0;0.0;0.0;0.0;4.0;0.0;0.0;2.0;0.0;0.0;10.0;0.0;0.0;0.0;0.0;0.0;0.0;0.0;0.0;888.0
Nova Russas;NOVA BETANIA;-4.6278055555556;-40.518888888889;2002;7;9.0;9.0;0.0;0.0;0.0;0.0;0.0;0.0;0.0;0.0;0.0;0.0;0.0;0.0;0.0;0.0;0.0;0.0;0.0;0.0;0.0;0.0;0.0;0.0;0.0;0.0;0.0;0.0;0.0;0.0;0.0;0.0
Nova Russas;NOVA BETANIA;-4.6278055555556;-40.518888888889;2002;8;0.0;0.0;0.0;0.0;0.0;0.0;0.0;0.0;0.0;0.0;0.0;0.0;0.0;0.0;0.0;0.0;0.0;0.0;0.0;0.0;0.0;0.0;0.0;0.0;0.0;0.0;0.0;0.0;0.0;0.0;0.0;0.0
Nova Russas;NOVA BETANIA;-4.6278055555556;-40.518888888889;2002;9;0.0;0.0;0.0;0.0;0.0;0.0;0.0;0.0;0.0;0.0;0.0;0.0;0.0;0.0;0.0;0.0;0.0;0.0;0.0;0.0;0.0;0.0;0.0;0.0;0.0;0.0;0.0;0.0;0.0;0.0;0.0;888.0
Nova Russas;NOVA BETANIA;-4.6278055555556;-40.518888888889;2002;10;0.0;0.0;0.0;0.0;0.0;0.0;0.0;0.0;0.0;0.0;0.0;0.0;0.0;0.0;0.0;0.0;0.0;0.0;0.0;0.0;0.0;0.0;0.0;0.0;0.0;0.0;0.0;0.0;0.0;0.0;0.0;0.0
Nova Russas;NOVA BETANIA;-4.6278055555556;-40.518888888889;2002;11;0.0;0.0;0.0;0.0;0.0;0.0;0.0;0.0;0.0;0.0;0.0;0.0;0.0;0.0;0.0;0.0;0.0;0.0;0.0;0.0;0.0;0.0;0.0;0.0;0.0;0.0;0.0;0.0;0.0;0.0;0.0;888.0
Nova Russas;NOVA BETANIA;-4.6278055555556;-40.518888888889;2002;12;5.0;0.0;0.0;0.0;0.0;0.0;0.0;0.0;0.0;0.0;5.0;0.0;0.0;0.0;0.0;0.0;0.0;0.0;0.0;0.0;0.0;0.0;0.0;0.0;0.0;0.0;0.0;0.0;0.0;0.0;0.0;0.0
Nova Russas;NOVA BETANIA;-4.6278055555556;-40.518888888889;2003;1;26.0;0.0;0.0;0.0;0.0;0.0;0.0;0.0;0.0;0.0;0.0;0.0;0.0;0.0;0.0;0.0;0.0;0.0;0.0;5.0;6.0;0.0;0.0;0.0;6.0;6.0;0.0;0.0;3.0;0.0;0.0;0.0
Nova Russas;NOVA BETANIA;-4.6278055555556;-40.518888888889;2003;2;294.0;0.0;0.0;21.0;0.0;0.0;5.0;0.0;0.0;0.0;0.0;7.0;22.0;72.0;0.0;0.0;0.0;7.0;0.0;51.0;0.0;15.0;0.0;30.0;12.0;42.0;5.0;0.0;5.0;888.0;888.0;888.0
Nova Russas;NOVA BETANIA;-4.6278055555556;-40.518888888889;2003;3;288.0;28.0;0.0;3.0;5.0;3.0;0.0;0.0;0.0;0.0;0.0;22.0;0.0;0.0;22.0;0.0;8.0;0.0;0.0;23.0;25.0;0.0;0.0;9.0;80.0;0.0;5.0;0.0;15.0;0.0;40.0;0.0
Nova Russas;NOVA BETANIA;-4.6278055555556;-40.518888888889;2003;4;145.0;0.0;30.0;0.0;0.0;36.0;0.0;0.0;0.0;0.0;0.0;22.0;0.0;0.0;0.0;0.0;0.0;0.0;0.0;0.0;0.0;0.0;0.0;0.0;0.0;0.0;22.0;0.0;20.0;0.0;15.0;888.0
Nova Russas;NOVA BETANIA;-4.6278055555556;-40.518888888889;2003;5;5.0;0.0;0.0;0.0;0.0;0.0;0.0;0.0;0.0;0.0;0.0;0.0;0.0;0.0;5.0;0.0;0.0;0.0;0.0;0.0;0.0;0.0;0.0;0.0;0.0;0.0;0.0;0.0;0.0;0.0;0.0;0.0
Nova Russas;NOVA BETANIA;-4.6278055555556;-40.518888888889;2003;6;21.0;0.0;0.0;0.0;0.0;6.0;0.0;0.0;0.0;0.0;0.0;0.0;0.0;0.0;0.0;0.0;0.0;0.0;0.0;0.0;0.0;0.0;0.0;15.0;0.0;0.0;0.0;0.0;0.0;0.0;0.0;888.0
Nova Russas;NOVA BETANIA;-4.6278055555556;-40.518888888889;2003;7;0.0;0.0;0.0;0.0;0.0;0.0;0.0;0.0;0.0;0.0;0.0;0.0;0.0;0.0;0.0;0.0;0.0;0.0;0.0;0.0;0.0;0.0;0.0;0.0;0.0;0.0;0.0;0.0;0.0;0.0;0.0;0.0
Nova Russas;NOVA BETANIA;-4.6278055555556;-40.518888888889;2003;8;0.0;0.0;0.0;0.0;0.0;0.0;0.0;0.0;0.0;0.0;0.0;0.0;0.0;0.0;0.0;0.0;0.0;0.0;0.0;0.0;0.0;0.0;0.0;0.0;0.0;0.0;0.0;0.0;0.0;0.0;0.0;0.0
Nova Russas;NOVA BETANIA;-4.6278055555556;-40.518888888889;2003;9;0.0;0.0;0.0;0.0;0.0;0.0;0.0;0.0;0.0;0.0;0.0;0.0;0.0;0.0;0.0;0.0;0.0;0.0;0.0;0.0;0.0;0.0;0.0;0.0;0.0;0.0;0.0;0.0;0.0;0.0;0.0;888.0
Nova Russas;NOVA BETANIA;-4.6278055555556;-40.518888888889;2003;10;0.0;0.0;0.0;0.0;0.0;0.0;0.0;0.0;0.0;0.0;0.0;0.0;0.0;0.0;0.0;0.0;0.0;0.0;0.0;0.0;0.0;0.0;0.0;0.0;0.0;0.0;0.0;0.0;0.0;0.0;0.0;0.0
Nova Russas;NOVA BETANIA;-4.6278055555556;-40.518888888889;2003;11;0.0;0.0;0.0;0.0;0.0;0.0;0.0;0.0;0.0;0.0;0.0;0.0;0.0;0.0;0.0;0.0;0.0;0.0;0.0;0.0;0.0;0.0;0.0;0.0;0.0;0.0;0.0;0.0;0.0;0.0;0.0;888.0
Nova Russas;NOVA BETANIA;-4.6278055555556;-40.518888888889;2003;12;71.0;0.0;0.0;0.0;0.0;0.0;0.0;0.0;0.0;0.0;0.0;0.0;0.0;0.0;0.0;0.0;0.0;0.0;0.0;0.0;0.0;0.0;0.0;0.0;0.0;0.0;0.0;0.0;0.0;71.0;0.0;0.0
Nova Russas;NOVA BETANIA;-4.6278055555556;-40.518888888889;2004;1;441.0;0.0;0.0;3.0;0.0;0.0;0.0;0.0;0.0;0.0;0.0;0.0;35.0;5.0;0.0;0.0;0.0;0.0;62.0;0.0;21.0;0.0;0.0;85.0;33.0;46.0;31.0;41.0;19.0;9.0;51.0;0.0
Nova Russas;NOVA BETANIA;-4.6278055555556;-40.518888888889;2004;2;229.0;0.0;0.0;0.0;17.0;3.0;22.0;0.0;15.0;9.0;4.0;0.0;0.0;0.0;14.0;0.0;80.0;9.0;0.0;0.0;0.0;0.0;3.0;2.0;0.0;0.0;0.0;51.0;0.0;0.0;888.0;888.0
Nova Russas;NOVA BETANIA;-4.6278055555556;-40.518888888889;2004;3;149.0;9.0;0.0;0.0;0.0;0.0;0.0;14.0;26.0;17.0;0.0;0.0;0.0;0.0;0.0;0.0;0.0;16.0;18.0;0.0;0.0;0.0;0.0;0.0;6.0;5.0;0.0;38.0;0.0;0.0;0.0;0.0
Nova Russas;NOVA BETANIA;-4.6278055555556;-40.518888888889;2004;4;101.0;0.0;0.0;0.0;0.0;0.0;0.0;0.0;0.0;0.0;0.0;0.0;0.0;0.0;0.0;5.0;0.0;0.0;0.0;27.0;0.0;0.0;6.0;0.0;0.0;0.0;33.0;30.0;0.0;0.0;0.0;888.0
Nova Russas;NOVA BETANIA;-4.6278055555556;-40.518888888889;2004;5;40.0;0.0;0.0;0.0;0.0;5.0;0.0;0.0;0.0;0.0;0.0;10.0;0.0;0.0;0.0;0.0;0.0;0.0;0.0;0.0;0.0;25.0;0.0;0.0;0.0;0.0;0.0;0.0;0.0;0.0;0.0;0.0
Nova Russas;NOVA BETANIA;-4.6278055555556;-40.518888888889;2004;6;10.0;0.0;0.0;0.0;0.0;0.0;0.0;0.0;0.0;0.0;0.0;0.0;0.0;0.0;0.0;0.0;0.0;0.0;0.0;0.0;0.0;0.0;4.0;3.0;0.0;0.0;0.0;3.0;0.0;0.0;0.0;888.0
Nova Russas;NOVA BETANIA;-4.6278055555556;-40.518888888889;2004;7;0.0;0.0;0.0;0.0;0.0;0.0;0.0;0.0;0.0;0.0;0.0;0.0;0.0;0.0;0.0;0.0;0.0;0.0;0.0;0.0;0.0;0.0;0.0;0.0;0.0;0.0;0.0;0.0;0.0;0.0;0.0;0.0
Nova Russas;NOVA BETANIA;-4.6278055555556;-40.518888888889;2004;8;0.0;0.0;0.0;0.0;0.0;0.0;0.0;0.0;0.0;0.0;0.0;0.0;0.0;0.0;0.0;0.0;0.0;0.0;0.0;0.0;0.0;0.0;0.0;0.0;0.0;0.0;0.0;0.0;0.0;0.0;0.0;0.0
Nova Russas;NOVA BETANIA;-4.6278055555556;-40.518888888889;2004;9;0.0;0.0;0.0;0.0;0.0;0.0;0.0;0.0;0.0;0.0;0.0;0.0;0.0;0.0;0.0;0.0;0.0;0.0;0.0;0.0;0.0;0.0;0.0;0.0;0.0;0.0;0.0;0.0;0.0;0.0;0.0;888.0
Nova Russas;NOVA BETANIA;-4.6278055555556;-40.518888888889;2004;10;0.0;0.0;0.0;0.0;0.0;0.0;0.0;0.0;0.0;0.0;0.0;0.0;0.0;0.0;0.0;0.0;0.0;0.0;0.0;0.0;0.0;0.0;0.0;0.0;0.0;0.0;0.0;0.0;0.0;0.0;0.0;0.0
Nova Russas;NOVA BETANIA;-4.6278055555556;-40.518888888889;2004;11;0.0;0.0;0.0;0.0;0.0;0.0;0.0;0.0;0.0;0.0;0.0;0.0;0.0;0.0;0.0;0.0;0.0;0.0;0.0;0.0;0.0;0.0;0.0;0.0;0.0;0.0;0.0;0.0;0.0;0.0;0.0;888.0
Nova Russas;NOVA BETANIA;-4.6278055555556;-40.518888888889;2004;12;0.0;0.0;0.0;0.0;0.0;0.0;0.0;0.0;0.0;0.0;0.0;0.0;0.0;0.0;0.0;0.0;0.0;0.0;0.0;0.0;0.0;0.0;0.0;0.0;0.0;0.0;0.0;0.0;0.0;0.0;0.0;0.0
Nova Russas;NOVA BETANIA;-4.6278055555556;-40.518888888889;2005;1;76.0;0.0;0.0;0.0;0.0;0.0;0.0;0.0;0.0;0.0;0.0;0.0;0.0;0.0;0.0;0.0;0.0;33.0;0.0;0.0;2.0;0.0;0.0;0.0;0.0;0.0;41.0;0.0;0.0;0.0;0.0;0.0
Nova Russas;NOVA BETANIA;-4.6278055555556;-40.518888888889;2005;2;50.0;0.0;0.0;0.0;0.0;0.0;0.0;0.0;0.0;0.0;0.0;0.0;0.0;9.0;0.0;16.0;6.0;19.0;0.0;0.0;0.0;0.0;0.0;0.0;0.0;0.0;0.0;0.0;0.0;888.0;888.0;888.0
Nova Russas;NOVA BETANIA;-4.6278055555556;-40.518888888889;2005;3;237.0;0.0;0.0;0.0;0.0;0.0;0.0;0.0;0.0;0.0;0.0;0.0;0.0;0.0;9.0;0.0;0.0;0.0;0.0;8.0;7.0;15.0;39.0;0.0;25.0;5.0;64.0;5.0;25.0;17.0;12.0;6.0
Nova Russas;NOVA BETANIA;-4.6278055555556;-40.518888888889;2005;4;75.0;10.0;0.0;0.0;0.0;0.0;0.0;0.0;5.0;0.0;0.0;0.0;0.0;0.0;25.0;15.0;0.0;0.0;0.0;0.0;0.0;0.0;0.0;0.0;0.0;0.0;0.0;0.0;0.0;0.0;20.0;888.0
Nova Russas;NOVA BETANIA;-4.6278055555556;-40.518888888889;2005;5;197.0;0.0;33.0;65.0;0.0;0.0;25.0;0.0;0.0;0.0;0.0;0.0;0.0;0.0;25.0;3.0;0.0;10.0;0.0;0.0;0.0;0.0;0.0;0.0;36.0;0.0;0.0;0.0;0.0;0.0;0.0;0.0
Nova Russas;NOVA BETANIA;-4.6278055555556;-40.518888888889;2005;6;11.0;0.0;0.0;5.0;0.0;0.0;3.0;0.0;0.0;0.0;0.0;0.0;0.0;0.0;0.0;3.0;0.0;0.0;0.0;0.0;0.0;0.0;0.0;0.0;0.0;0.0;0.0;0.0;0.0;0.0;0.0;888.0
Nova Russas;NOVA BETANIA;-4.6278055555556;-40.518888888889;2005;7;0.0;0.0;0.0;0.0;0.0;0.0;0.0;0.0;0.0;0.0;0.0;0.0;0.0;0.0;0.0;0.0;0.0;0.0;0.0;0.0;0.0;0.0;0.0;0.0;0.0;0.0;0.0;0.0;0.0;0.0;0.0;0.0
Nova Russas;NOVA BETANIA;-4.6278055555556;-40.518888888889;2005;8;0.0;0.0;0.0;0.0;0.0;0.0;0.0;0.0;0.0;0.0;0.0;0.0;0.0;0.0;0.0;0.0;0.0;0.0;0.0;0.0;0.0;0.0;0.0;0.0;0.0;0.0;0.0;0.0;0.0;0.0;0.0;0.0
Nova Russas;NOVA BETANIA;-4.6278055555556;-40.518888888889;2005;9;0.0;0.0;0.0;0.0;0.0;0.0;0.0;0.0;0.0;0.0;0.0;0.0;0.0;0.0;0.0;0.0;0.0;0.0;0.0;0.0;0.0;0.0;0.0;0.0;0.0;0.0;0.0;0.0;0.0;0.0;0.0;888.0
Nova Russas;NOVA BETANIA;-4.6278055555556;-40.518888888889;2005;10;0.0;0.0;0.0;0.0;0.0;0.0;0.0;0.0;0.0;0.0;0.0;0.0;0.0;0.0;0.0;0.0;0.0;0.0;0.0;0.0;0.0;0.0;0.0;0.0;0.0;0.0;0.0;0.0;0.0;0.0;0.0;0.0
Nova Russas;NOVA BETANIA;-4.6278055555556;-40.518888888889;2005;11;0.0;0.0;0.0;0.0;0.0;0.0;0.0;0.0;0.0;0.0;0.0;0.0;0.0;0.0;0.0;0.0;0.0;0.0;0.0;0.0;0.0;0.0;0.0;0.0;0.0;0.0;0.0;0.0;0.0;0.0;0.0;888.0
Nova Russas;NOVA BETANIA;-4.6278055555556;-40.518888888889;2005;12;10.0;0.0;0.0;0.0;0.0;0.0;0.0;0.0;0.0;10.0;0.0;0.0;0.0;0.0;0.0;0.0;0.0;0.0;0.0;0.0;0.0;0.0;0.0;0.0;0.0;0.0;0.0;0.0;0.0;0.0;0.0;0.0
Nova Russas;NOVA BETANIA;-4.6278055555556;-40.518888888889;2006;1;35.0;35.0;0.0;0.0;0.0;0.0;0.0;0.0;0.0;0.0;0.0;0.0;0.0;0.0;0.0;0.0;0.0;0.0;0.0;0.0;0.0;0.0;0.0;0.0;0.0;0.0;0.0;0.0;0.0;0.0;0.0;0.0
Nova Russas;NOVA BETANIA;-4.6278055555556;-40.518888888889;2006;2;101.0;0.0;2.0;0.0;0.0;0.0;0.0;0.0;5.0;0.0;0.0;0.0;17.0;0.0;0.0;0.0;15.0;0.0;8.0;0.0;0.0;0.0;0.0;10.0;20.0;0.0;0.0;24.0;0.0;888.0;888.0;888.0
Nova Russas;NOVA BETANIA;-4.6278055555556;-40.518888888889;2006;3;187.0;0.0;31.0;5.0;0.0;9.0;0.0;12.0;0.0;0.0;0.0;0.0;0.0;0.0;19.0;0.0;32.0;0.0;0.0;0.0;13.0;5.0;0.0;0.0;12.0;8.0;5.0;15.0;13.0;0.0;8.0;0.0
Nova Russas;NOVA BETANIA;-4.6278055555556;-40.518888888889;2006;4;339.0;0.0;5.0;0.0;0.0;10.0;38.0;13.0;42.0;0.0;0.0;0.0;34.0;8.0;3.0;0.0;12.0;23.0;0.0;0.0;25.0;15.0;25.0;0.0;10.0;0.0;0.0;0.0;36.0;5.0;35.0;888.0
Nova Russas;NOVA BETANIA;-4.6278055555556;-40.518888888889;2006;5;104.0;5.0;16.0;0.0;0.0;0.0;10.0;0.0;17.0;0.0;8.0;3.0;0.0;0.0;15.0;0.0;10.0;0.0;5.0;0.0;0.0;0.0;0.0;0.0;15.0;0.0;0.0;0.0;0.0;0.0;0.0;0.0
Nova Russas;NOVA BETANIA;-4.6278055555556;-40.518888888889;2006;6;5.0;0.0;0.0;0.0;0.0;0.0;0.0;0.0;0.0;0.0;5.0;0.0;0.0;0.0;0.0;0.0;0.0;0.0;0.0;0.0;0.0;0.0;0.0;0.0;0.0;0.0;0.0;0.0;0.0;0.0;0.0;888.0
Nova Russas;NOVA BETANIA;-4.6278055555556;-40.518888888889;2006;7;0.0;0.0;0.0;0.0;0.0;0.0;0.0;0.0;0.0;0.0;0.0;0.0;0.0;0.0;0.0;0.0;0.0;0.0;0.0;0.0;0.0;0.0;0.0;0.0;0.0;0.0;0.0;0.0;0.0;0.0;0.0;0.0
Nova Russas;NOVA BETANIA;-4.6278055555556;-40.518888888889;2006;8;0.0;0.0;0.0;0.0;0.0;0.0;0.0;0.0;0.0;0.0;0.0;0.0;0.0;0.0;0.0;0.0;0.0;0.0;0.0;0.0;0.0;0.0;0.0;0.0;0.0;0.0;0.0;0.0;0.0;0.0;0.0;0.0
Nova Russas;NOVA BETANIA;-4.6278055555556;-40.518888888889;2006;9;0.0;0.0;0.0;0.0;0.0;0.0;0.0;0.0;0.0;0.0;0.0;0.0;0.0;0.0;0.0;0.0;0.0;0.0;0.0;0.0;0.0;0.0;0.0;0.0;0.0;0.0;0.0;0.0;0.0;0.0;0.0;888.0
Nova Russas;NOVA BETANIA;-4.6278055555556;-40.518888888889;2006;10;0.0;0.0;0.0;0.0;0.0;0.0;0.0;0.0;0.0;0.0;0.0;0.0;0.0;0.0;0.0;0.0;0.0;0.0;0.0;0.0;0.0;0.0;0.0;0.0;0.0;0.0;0.0;0.0;0.0;0.0;0.0;0.0
Nova Russas;NOVA BETANIA;-4.6278055555556;-40.518888888889;2006;11;0.0;0.0;0.0;0.0;0.0;0.0;0.0;0.0;0.0;0.0;0.0;0.0;0.0;0.0;0.0;0.0;0.0;0.0;0.0;0.0;0.0;0.0;0.0;0.0;0.0;0.0;0.0;0.0;0.0;0.0;0.0;888.0
Nova Russas;NOVA BETANIA;-4.6278055555556;-40.518888888889;2006;12;10.0;0.0;0.0;0.0;0.0;0.0;0.0;0.0;0.0;0.0;0.0;0.0;0.0;0.0;0.0;0.0;0.0;0.0;0.0;0.0;0.0;0.0;0.0;0.0;0.0;0.0;0.0;0.0;0.0;0.0;10.0;0.0
Nova Russas;NOVA BETANIA;-4.6278055555556;-40.518888888889;2007;1;31.0;0.0;22.0;0.0;0.0;0.0;0.0;0.0;0.0;0.0;0.0;0.0;0.0;0.0;0.0;0.0;0.0;0.0;0.0;0.0;0.0;5.0;0.0;0.0;0.0;0.0;0.0;0.0;0.0;0.0;0.0;4.0
Nova Russas;NOVA BETANIA;-4.6278055555556;-40.518888888889;2007;2;185.0;0.0;0.0;0.0;5.0;0.0;0.0;0.0;32.0;0.0;0.0;0.0;0.0;0.0;10.0;0.0;0.0;21.0;12.0;23.0;61.0;0.0;0.0;15.0;0.0;0.0;6.0;0.0;0.0;888.0;888.0;888.0
Nova Russas;NOVA BETANIA;-4.6278055555556;-40.518888888889;2007;3;259.0;11.0;41.0;0.0;3.0;0.0;0.0;0.0;31.0;5.0;41.0;0.0;21.0;0.0;0.0;0.0;0.0;28.0;0.0;15.0;0.0;0.0;0.0;16.0;18.0;14.0;0.0;0.0;10.0;5.0;0.0;0.0
Nova Russas;NOVA BETANIA;-4.6278055555556;-40.518888888889;2007;4;198.0;5.0;20.0;0.0;0.0;5.0;0.0;0.0;0.0;0.0;0.0;0.0;0.0;0.0;0.0;0.0;0.0;0.0;35.0;0.0;15.0;28.0;23.0;0.0;11.0;0.0;11.0;15.0;5.0;25.0;0.0;888.0
Nova Russas;NOVA BETANIA;-4.6278055555556;-40.518888888889;2007;5;30.0;10.0;20.0;0.0;0.0;0.0;0.0;0.0;0.0;0.0;0.0;0.0;0.0;0.0;0.0;0.0;0.0;0.0;0.0;0.0;0.0;0.0;0.0;0.0;0.0;0.0;0.0;0.0;0.0;0.0;0.0;0.0
Nova Russas;NOVA BETANIA;-4.6278055555556;-40.518888888889;2007;6;31.0;31.0;0.0;0.0;0.0;0.0;0.0;0.0;0.0;0.0;0.0;0.0;0.0;0.0;0.0;0.0;0.0;0.0;0.0;0.0;0.0;0.0;0.0;0.0;0.0;0.0;0.0;0.0;0.0;0.0;0.0;888.0
Nova Russas;NOVA BETANIA;-4.6278055555556;-40.518888888889;2007;7;7.0;0.0;0.0;0.0;0.0;0.0;0.0;0.0;0.0;0.0;0.0;0.0;0.0;0.0;0.0;0.0;0.0;0.0;0.0;0.0;0.0;0.0;0.0;0.0;7.0;0.0;0.0;0.0;0.0;0.0;0.0;0.0
Nova Russas;NOVA BETANIA;-4.6278055555556;-40.518888888889;2007;8;0.0;0.0;0.0;0.0;0.0;0.0;0.0;0.0;0.0;0.0;0.0;0.0;0.0;0.0;0.0;0.0;0.0;0.0;0.0;0.0;0.0;0.0;0.0;0.0;0.0;0.0;0.0;0.0;0.0;0.0;0.0;0.0
Nova Russas;NOVA BETANIA;-4.6278055555556;-40.518888888889;2007;9;0.0;0.0;0.0;0.0;0.0;0.0;0.0;0.0;0.0;0.0;0.0;0.0;0.0;0.0;0.0;0.0;0.0;0.0;0.0;0.0;0.0;0.0;0.0;0.0;0.0;0.0;0.0;0.0;0.0;0.0;0.0;888.0
Nova Russas;NOVA BETANIA;-4.6278055555556;-40.518888888889;2007;10;0.0;0.0;0.0;0.0;0.0;0.0;0.0;0.0;0.0;0.0;0.0;0.0;0.0;0.0;0.0;0.0;0.0;0.0;0.0;0.0;0.0;0.0;0.0;0.0;0.0;0.0;0.0;0.0;0.0;0.0;0.0;0.0
Nova Russas;NOVA BETANIA;-4.6278055555556;-40.518888888889;2007;11;0.0;0.0;0.0;0.0;0.0;0.0;0.0;0.0;0.0;0.0;0.0;0.0;0.0;0.0;0.0;0.0;0.0;0.0;0.0;0.0;0.0;0.0;0.0;0.0;0.0;0.0;0.0;0.0;0.0;0.0;0.0;888.0
Nova Russas;NOVA BETANIA;-4.6278055555556;-40.518888888889;2007;12;38.0;0.0;0.0;0.0;0.0;0.0;0.0;0.0;0.0;0.0;0.0;0.0;0.0;0.0;0.0;0.0;30.0;8.0;0.0;0.0;0.0;0.0;0.0;0.0;0.0;0.0;0.0;0.0;0.0;0.0;0.0;0.0
Nova Russas;NOVA BETANIA;-4.6278055555556;-40.518888888889;2008;1;82.0;10.0;0.0;0.0;0.0;0.0;0.0;0.0;0.0;0.0;0.0;0.0;0.0;0.0;0.0;0.0;0.0;0.0;0.0;10.0;10.0;11.0;0.0;13.0;6.0;0.0;0.0;0.0;0.0;0.0;0.0;22.0
Nova Russas;NOVA BETANIA;-4.6278055555556;-40.518888888889;2008;2;85.0;0.0;0.0;0.0;0.0;0.0;0.0;0.0;0.0;0.0;0.0;0.0;3.0;10.0;0.0;0.0;0.0;36.0;0.0;0.0;0.0;12.0;0.0;18.0;0.0;0.0;0.0;6.0;0.0;0.0;888.0;888.0
Nova Russas;NOVA BETANIA;-4.6278055555556;-40.518888888889;2008;3;356.0;0.0;6.0;8.0;0.0;10.0;0.0;0.0;7.0;32.0;0.0;0.0;0.0;12.0;0.0;0.0;12.0;22.0;0.0;0.0;45.0;21.0;0.0;0.0;0.0;11.0;14.0;51.0;0.0;67.0;6.0;32.0
Nova Russas;NOVA BETANIA;-4.6278055555556;-40.518888888889;2008;4;244.0;41.0;5.0;0.0;0.0;8.0;6.0;0.0;20.0;0.0;6.0;20.0;0.0;19.0;6.0;0.0;10.0;4.0;5.0;0.0;8.0;14.0;0.0;0.0;0.0;20.0;14.0;0.0;0.0;12.0;26.0;888.0
Nova Russas;NOVA BETANIA;-4.6278055555556;-40.518888888889;2008;5;145.0;0.0;4.0;0.0;0.0;105.0;4.0;0.0;0.0;5.0;21.0;0.0;0.0;0.0;0.0;0.0;0.0;0.0;0.0;0.0;0.0;0.0;0.0;0.0;0.0;0.0;0.0;0.0;6.0;0.0;0.0;0.0
Nova Russas;NOVA BETANIA;-4.6278055555556;-40.518888888889;2008;6;0.0;0.0;0.0;0.0;0.0;0.0;0.0;0.0;0.0;0.0;0.0;0.0;0.0;0.0;0.0;0.0;0.0;0.0;0.0;0.0;0.0;0.0;0.0;0.0;0.0;0.0;0.0;0.0;0.0;0.0;0.0;888.0
Nova Russas;NOVA BETANIA;-4.6278055555556;-40.518888888889;2008;7;2.0;2.0;0.0;0.0;0.0;0.0;0.0;0.0;0.0;0.0;0.0;0.0;0.0;0.0;0.0;0.0;0.0;0.0;0.0;0.0;0.0;0.0;0.0;0.0;0.0;0.0;0.0;0.0;0.0;0.0;0.0;0.0
Nova Russas;NOVA BETANIA;-4.6278055555556;-40.518888888889;2008;8;22.0;0.0;0.0;0.0;0.0;0.0;0.0;0.0;0.0;22.0;0.0;0.0;0.0;0.0;0.0;0.0;0.0;0.0;0.0;0.0;0.0;0.0;0.0;0.0;0.0;0.0;0.0;0.0;0.0;0.0;0.0;0.0
Nova Russas;NOVA BETANIA;-4.6278055555556;-40.518888888889;2008;9;0.0;0.0;0.0;0.0;0.0;0.0;0.0;0.0;0.0;0.0;0.0;0.0;0.0;0.0;0.0;0.0;0.0;0.0;0.0;0.0;0.0;0.0;0.0;0.0;0.0;0.0;0.0;0.0;0.0;0.0;0.0;888.0
Nova Russas;NOVA BETANIA;-4.6278055555556;-40.518888888889;2008;10;0.0;0.0;0.0;0.0;0.0;0.0;0.0;0.0;0.0;0.0;0.0;0.0;0.0;0.0;0.0;0.0;0.0;0.0;0.0;0.0;0.0;0.0;0.0;0.0;0.0;0.0;0.0;0.0;0.0;0.0;0.0;0.0
Nova Russas;NOVA BETANIA;-4.6278055555556;-40.518888888889;2008;11;0.0;0.0;0.0;0.0;0.0;0.0;0.0;0.0;0.0;0.0;0.0;0.0;0.0;0.0;0.0;0.0;0.0;0.0;0.0;0.0;0.0;0.0;0.0;0.0;0.0;0.0;0.0;0.0;0.0;0.0;0.0;888.0
Nova Russas;NOVA BETANIA;-4.6278055555556;-40.518888888889;2008;12;0.0;0.0;0.0;0.0;0.0;0.0;0.0;0.0;0.0;0.0;0.0;0.0;0.0;0.0;0.0;0.0;0.0;0.0;0.0;0.0;0.0;0.0;0.0;0.0;0.0;0.0;0.0;0.0;0.0;0.0;0.0;0.0
Nova Russas;NOVA BETANIA;-4.6278055555556;-40.518888888889;2009;1;220.0;0.0;0.0;0.0;0.0;0.0;0.0;0.0;0.0;0.0;0.0;0.0;0.0;0.0;0.0;0.0;0.0;0.0;0.0;0.0;0.0;5.0;64.0;0.0;14.0;0.0;51.0;0.0;0.0;0.0;5.0;81.0
Nova Russas;NOVA BETANIA;-4.6278055555556;-40.518888888889;2009;2;142.0;4.0;40.0;0.0;15.0;0.0;0.0;0.0;0.0;0.0;0.0;4.0;0.0;0.0;0.0;10.0;0.0;13.0;0.0;0.0;0.0;15.0;9.0;0.0;15.0;0.0;17.0;0.0;0.0;888.0;888.0;888.0
Nova Russas;NOVA BETANIA;-4.6278055555556;-40.518888888889;2009;3;270.0;10.0;24.0;8.0;0.0;14.0;0.0;0.0;11.0;0.0;0.0;0.0;0.0;5.0;0.0;30.0;40.0;5.0;61.0;12.0;0.0;0.0;19.0;0.0;0.0;0.0;14.0;0.0;0.0;17.0;0.0;0.0
Nova Russas;NOVA BETANIA;-4.6278055555556;-40.518888888889;2009;4;470.0;60.0;0.0;0.0;17.0;14.0;0.0;0.0;0.0;0.0;0.0;0.0;50.0;0.0;0.0;0.0;63.0;23.0;0.0;10.0;0.0;26.0;39.0;68.0;0.0;75.0;6.0;0.0;19.0;0.0;0.0;888.0
Nova Russas;NOVA BETANIA;-4.6278055555556;-40.518888888889;2009;5;302.0;37.0;14.0;24.0;0.0;49.0;14.0;12.0;0.0;7.0;22.0;51.0;0.0;0.0;8.0;5.0;20.0;0.0;0.0;0.0;0.0;0.0;0.0;12.0;0.0;0.0;0.0;24.0;0.0;3.0;0.0;0.0
Nova Russas;NOVA BETANIA;-4.6278055555556;-40.518888888889;2009;6;67.0;0.0;0.0;0.0;0.0;42.0;0.0;14.0;0.0;0.0;0.0;0.0;0.0;0.0;0.0;0.0;0.0;0.0;0.0;0.0;0.0;0.0;0.0;1.0;0.0;10.0;0.0;0.0;0.0;0.0;0.0;888.0
Nova Russas;NOVA BETANIA;-4.6278055555556;-40.518888888889;2009;7;41.0;0.0;0.0;0.0;0.0;0.0;0.0;0.0;0.0;0.0;0.0;0.0;0.0;0.0;0.0;0.0;0.0;0.0;0.0;0.0;0.0;0.0;0.0;0.0;41.0;0.0;0.0;0.0;0.0;0.0;0.0;0.0
Nova Russas;NOVA BETANIA;-4.6278055555556;-40.518888888889;2009;8;10.0;0.0;0.0;0.0;0.0;0.0;0.0;0.0;0.0;0.0;0.0;0.0;0.0;0.0;0.0;0.0;0.0;0.0;0.0;0.0;0.0;0.0;0.0;0.0;0.0;0.0;10.0;0.0;0.0;0.0;0.0;0.0
Nova Russas;NOVA BETANIA;-4.6278055555556;-40.518888888889;2009;9;0.0;0.0;0.0;0.0;0.0;0.0;0.0;0.0;0.0;0.0;0.0;0.0;0.0;0.0;0.0;0.0;0.0;0.0;0.0;0.0;0.0;0.0;0.0;0.0;0.0;0.0;0.0;0.0;0.0;0.0;0.0;888.0
Nova Russas;NOVA BETANIA;-4.6278055555556;-40.518888888889;2009;10;0.0;0.0;0.0;0.0;0.0;0.0;0.0;0.0;0.0;0.0;0.0;0.0;0.0;0.0;0.0;0.0;0.0;0.0;0.0;0.0;0.0;0.0;0.0;0.0;0.0;0.0;0.0;0.0;0.0;0.0;0.0;0.0
Nova Russas;NOVA BETANIA;-4.6278055555556;-40.518888888889;2009;11;0.0;0.0;0.0;0.0;0.0;0.0;0.0;0.0;0.0;0.0;0.0;0.0;0.0;0.0;0.0;0.0;0.0;0.0;0.0;0.0;0.0;0.0;0.0;0.0;0.0;0.0;0.0;0.0;0.0;0.0;0.0;888.0
Nova Russas;NOVA BETANIA;-4.6278055555556;-40.518888888889;2009;12;77.0;0.0;0.0;0.0;0.0;0.0;0.0;0.0;0.0;0.0;0.0;0.0;0.0;0.0;0.0;0.0;0.0;0.0;0.0;0.0;0.0;0.0;0.0;0.0;0.0;0.0;14.0;53.0;0.0;0.0;10.0;0.0
Nova Russas;NOVA BETANIA;-4.6278055555556;-40.518888888889;2010;1;117.0;0.0;19.0;17.0;0.0;0.0;0.0;0.0;0.0;0.0;20.0;0.0;3.0;0.0;0.0;0.0;0.0;0.0;0.0;0.0;55.0;0.0;0.0;0.0;0.0;0.0;0.0;0.0;3.0;0.0;0.0;0.0
Nova Russas;NOVA BETANIA;-4.6278055555556;-40.518888888889;2010;2;0.0;0.0;0.0;0.0;0.0;0.0;0.0;0.0;0.0;0.0;0.0;0.0;0.0;0.0;0.0;0.0;0.0;0.0;0.0;0.0;0.0;0.0;0.0;0.0;0.0;0.0;0.0;0.0;0.0;888.0;888.0;888.0
Nova Russas;NOVA BETANIA;-4.6278055555556;-40.518888888889;2010;3;69.0;0.0;0.0;0.0;0.0;0.0;0.0;0.0;0.0;0.0;0.0;0.0;0.0;0.0;0.0;0.0;0.0;0.0;0.0;0.0;0.0;27.0;0.0;0.0;0.0;10.0;7.0;0.0;0.0;25.0;0.0;0.0
Nova Russas;NOVA BETANIA;-4.6278055555556;-40.518888888889;2010;4;188.0;0.0;0.0;0.0;19.0;0.0;0.0;0.0;0.0;10.0;38.0;5.0;38.0;10.0;0.0;0.0;0.0;0.0;10.0;0.0;0.0;10.0;13.0;30.0;0.0;0.0;0.0;0.0;0.0;0.0;5.0;888.0
Nova Russas;NOVA BETANIA;-4.6278055555556;-40.518888888889;2010;5;25.0;0.0;0.0;3.0;0.0;0.0;22.0;0.0;0.0;0.0;0.0;0.0;0.0;0.0;0.0;0.0;0.0;0.0;0.0;0.0;0.0;0.0;0.0;0.0;0.0;0.0;0.0;0.0;0.0;0.0;0.0;0.0
Nova Russas;NOVA BETANIA;-4.6278055555556;-40.518888888889;2010;6;64.0;42.0;0.0;0.0;10.0;0.0;0.0;0.0;0.0;0.0;0.0;0.0;0.0;0.0;0.0;0.0;0.0;0.0;12.0;0.0;0.0;0.0;0.0;0.0;0.0;0.0;0.0;0.0;0.0;0.0;0.0;888.0
Nova Russas;NOVA BETANIA;-4.6278055555556;-40.518888888889;2010;7;0.0;0.0;0.0;0.0;0.0;0.0;0.0;0.0;0.0;0.0;0.0;0.0;0.0;0.0;0.0;0.0;0.0;0.0;0.0;0.0;0.0;0.0;0.0;0.0;0.0;0.0;0.0;0.0;0.0;0.0;0.0;0.0
Nova Russas;NOVA BETANIA;-4.6278055555556;-40.518888888889;2010;8;0.0;0.0;0.0;0.0;0.0;0.0;0.0;0.0;0.0;0.0;0.0;0.0;0.0;0.0;0.0;0.0;0.0;0.0;0.0;0.0;0.0;0.0;0.0;0.0;0.0;0.0;0.0;0.0;0.0;0.0;0.0;0.0
Nova Russas;NOVA BETANIA;-4.6278055555556;-40.518888888889;2010;9;0.0;0.0;0.0;0.0;0.0;0.0;0.0;0.0;0.0;0.0;0.0;0.0;0.0;0.0;0.0;0.0;0.0;0.0;0.0;0.0;0.0;0.0;0.0;0.0;0.0;0.0;0.0;0.0;0.0;0.0;0.0;888.0
Nova Russas;NOVA BETANIA;-4.6278055555556;-40.518888888889;2010;10;82.0;0.0;0.0;0.0;0.0;0.0;0.0;0.0;0.0;0.0;0.0;0.0;0.0;0.0;0.0;0.0;0.0;0.0;0.0;0.0;0.0;0.0;0.0;82.0;0.0;0.0;0.0;0.0;0.0;0.0;0.0;0.0
Nova Russas;NOVA BETANIA;-4.6278055555556;-40.518888888889;2010;11;0.0;0.0;0.0;0.0;0.0;0.0;0.0;0.0;0.0;0.0;0.0;0.0;0.0;0.0;0.0;0.0;0.0;0.0;0.0;0.0;0.0;0.0;0.0;0.0;0.0;0.0;0.0;0.0;0.0;0.0;0.0;888.0
Nova Russas;NOVA BETANIA;-4.6278055555556;-40.518888888889;2010;12;150.0;0.0;0.0;0.0;0.0;0.0;0.0;0.0;0.0;0.0;0.0;0.0;0.0;30.0;0.0;0.0;0.0;0.0;120.0;0.0;0.0;0.0;0.0;0.0;0.0;0.0;0.0;0.0;0.0;0.0;0.0;0.0
Nova Russas;NOVA BETANIA;-4.6278055555556;-40.518888888889;2011;1;120.0;0.0;0.0;0.0;25.0;0.0;0.0;0.0;0.0;0.0;55.0;0.0;0.0;10.0;0.0;0.0;0.0;0.0;0.0;0.0;0.0;0.0;0.0;0.0;0.0;30.0;0.0;0.0;0.0;0.0;0.0;0.0
Nova Russas;NOVA BETANIA;-4.6278055555556;-40.518888888889;2011;2;168.0;30.0;0.0;0.0;0.0;0.0;0.0;0.0;0.0;0.0;0.0;20.0;0.0;10.0;0.0;25.0;0.0;0.0;0.0;0.0;22.0;10.0;0.0;0.0;0.0;0.0;0.0;0.0;51.0;888.0;888.0;888.0
Nova Russas;NOVA BETANIA;-4.6278055555556;-40.518888888889;2011;3;186.0;0.0;18.0;0.0;22.0;0.0;12.0;0.0;0.0;24.0;0.0;0.0;0.0;0.0;0.0;0.0;16.0;32.0;0.0;0.0;0.0;0.0;20.0;0.0;0.0;0.0;0.0;0.0;0.0;42.0;0.0;0.0
Nova Russas;NOVA BETANIA;-4.6278055555556;-40.518888888889;2011;4;330.0;0.0;0.0;0.0;0.0;0.0;0.0;0.0;0.0;0.0;0.0;0.0;0.0;10.0;0.0;35.0;0.0;36.0;16.0;0.0;53.0;0.0;23.0;0.0;0.0;81.0;0.0;0.0;0.0;42.0;34.0;888.0
Nova Russas;NOVA BETANIA;-4.6278055555556;-40.518888888889;2011;5;233.0;0.0;0.0;0.0;42.0;22.0;0.0;0.0;72.0;0.0;0.0;36.0;0.0;0.0;0.0;0.0;0.0;0.0;0.0;0.0;61.0;0.0;0.0;0.0;0.0;0.0;0.0;0.0;0.0;0.0;0.0;0.0
Nova Russas;NOVA BETANIA;-4.6278055555556;-40.518888888889;2011;6;30.0;0.0;0.0;0.0;0.0;0.0;0.0;0.0;0.0;0.0;0.0;0.0;0.0;0.0;0.0;0.0;0.0;0.0;0.0;0.0;0.0;0.0;0.0;0.0;30.0;0.0;0.0;0.0;0.0;0.0;0.0;888.0
Nova Russas;NOVA BETANIA;-4.6278055555556;-40.518888888889;2011;7;35.0;0.0;0.0;0.0;0.0;0.0;0.0;0.0;0.0;0.0;0.0;0.0;0.0;35.0;0.0;0.0;0.0;0.0;0.0;0.0;0.0;0.0;0.0;0.0;0.0;0.0;0.0;0.0;0.0;0.0;0.0;0.0
Nova Russas;NOVA BETANIA;-4.6278055555556;-40.518888888889;2011;8;0.0;0.0;0.0;0.0;0.0;0.0;0.0;0.0;0.0;0.0;0.0;0.0;0.0;0.0;0.0;0.0;0.0;0.0;0.0;0.0;0.0;0.0;0.0;0.0;0.0;0.0;0.0;0.0;0.0;0.0;0.0;0.0
Nova Russas;NOVA BETANIA;-4.6278055555556;-40.518888888889;2011;9;0.0;0.0;0.0;0.0;0.0;0.0;0.0;0.0;0.0;0.0;0.0;0.0;0.0;0.0;0.0;0.0;0.0;0.0;0.0;0.0;0.0;0.0;0.0;0.0;0.0;0.0;0.0;0.0;0.0;0.0;0.0;888.0
Nova Russas;NOVA BETANIA;-4.6278055555556;-40.518888888889;2011;10;0.0;0.0;0.0;0.0;0.0;0.0;0.0;0.0;0.0;0.0;0.0;0.0;0.0;0.0;0.0;0.0;0.0;0.0;0.0;0.0;0.0;0.0;0.0;0.0;0.0;0.0;0.0;0.0;0.0;0.0;0.0;0.0
Nova Russas;NOVA BETANIA;-4.6278055555556;-40.518888888889;2011;11;0.0;0.0;0.0;0.0;0.0;0.0;0.0;0.0;0.0;0.0;0.0;0.0;0.0;0.0;0.0;0.0;0.0;0.0;0.0;0.0;0.0;0.0;0.0;0.0;0.0;0.0;0.0;0.0;0.0;0.0;0.0;888.0
Nova Russas;NOVA BETANIA;-4.6278055555556;-40.518888888889;2011;12;0.0;0.0;0.0;0.0;0.0;0.0;0.0;0.0;0.0;0.0;0.0;0.0;0.0;0.0;0.0;0.0;0.0;0.0;0.0;0.0;0.0;0.0;0.0;0.0;0.0;0.0;0.0;0.0;0.0;0.0;0.0;0.0
Nova Russas;NOVA BETANIA;-4.6278055555556;-40.518888888889;2012;1;0.0;0.0;0.0;0.0;0.0;0.0;0.0;0.0;0.0;0.0;0.0;0.0;0.0;0.0;0.0;0.0;0.0;0.0;0.0;0.0;0.0;0.0;0.0;0.0;0.0;0.0;0.0;0.0;0.0;0.0;0.0;0.0
Nova Russas;NOVA BETANIA;-4.6278055555556;-40.518888888889;2012;2;140.0;0.0;0.0;0.0;0.0;0.0;0.0;0.0;0.0;0.0;0.0;0.0;0.0;0.0;0.0;0.0;25.0;0.0;0.0;0.0;0.0;0.0;15.0;0.0;20.0;0.0;15.0;0.0;65.0;0.0;888.0;888.0
Nova Russas;NOVA BETANIA;-4.6278055555556;-40.518888888889;2012;3;45.0;0.0;0.0;0.0;0.0;0.0;0.0;0.0;0.0;0.0;0.0;0.0;0.0;0.0;0.0;0.0;0.0;0.0;0.0;0.0;0.0;0.0;0.0;0.0;0.0;0.0;0.0;0.0;45.0;0.0;0.0;0.0
Nova Russas;NOVA BETANIA;-4.6278055555556;-40.518888888889;2012;4;51.0;0.0;5.0;0.0;0.0;0.0;0.0;0.0;0.0;0.0;0.0;10.0;0.0;0.0;0.0;20.0;0.0;5.0;11.0;0.0;0.0;0.0;0.0;0.0;0.0;0.0;0.0;0.0;0.0;0.0;0.0;888.0
Nova Russas;NOVA BETANIA;-4.6278055555556;-40.518888888889;2012;5;0.0;0.0;0.0;0.0;0.0;0.0;0.0;0.0;0.0;0.0;0.0;0.0;0.0;0.0;0.0;0.0;0.0;0.0;0.0;0.0;0.0;0.0;0.0;0.0;0.0;0.0;0.0;0.0;0.0;0.0;0.0;0.0
Nova Russas;NOVA BETANIA;-4.6278055555556;-40.518888888889;2012;6;0.0;0.0;0.0;0.0;0.0;0.0;0.0;0.0;0.0;0.0;0.0;0.0;0.0;0.0;0.0;0.0;0.0;0.0;0.0;0.0;0.0;0.0;0.0;0.0;0.0;0.0;0.0;0.0;0.0;0.0;0.0;888.0
Nova Russas;NOVA BETANIA;-4.6278055555556;-40.518888888889;2012;7;0.0;0.0;0.0;0.0;0.0;0.0;0.0;0.0;0.0;0.0;0.0;0.0;0.0;0.0;0.0;0.0;0.0;0.0;0.0;0.0;0.0;0.0;0.0;0.0;0.0;0.0;0.0;0.0;0.0;0.0;0.0;0.0
Nova Russas;NOVA BETANIA;-4.6278055555556;-40.518888888889;2012;8;0.0;0.0;0.0;0.0;0.0;0.0;0.0;0.0;0.0;0.0;0.0;0.0;0.0;0.0;0.0;0.0;0.0;0.0;0.0;0.0;0.0;0.0;0.0;0.0;0.0;0.0;0.0;0.0;0.0;0.0;0.0;0.0
Nova Russas;NOVA BETANIA;-4.6278055555556;-40.518888888889;2012;9;0.0;0.0;0.0;0.0;0.0;0.0;0.0;0.0;0.0;0.0;0.0;0.0;0.0;0.0;0.0;0.0;0.0;0.0;0.0;0.0;0.0;0.0;0.0;0.0;0.0;0.0;0.0;0.0;0.0;0.0;0.0;888.0
Nova Russas;NOVA BETANIA;-4.6278055555556;-40.518888888889;2012;10;0.0;0.0;0.0;0.0;0.0;0.0;0.0;0.0;0.0;0.0;0.0;0.0;0.0;0.0;0.0;0.0;0.0;0.0;0.0;0.0;0.0;0.0;0.0;0.0;0.0;0.0;0.0;0.0;0.0;0.0;0.0;0.0
Nova Russas;NOVA BETANIA;-4.6278055555556;-40.518888888889;2012;11;0.0;0.0;0.0;0.0;0.0;0.0;0.0;0.0;0.0;0.0;0.0;0.0;0.0;0.0;0.0;0.0;0.0;0.0;0.0;0.0;0.0;0.0;0.0;0.0;0.0;0.0;0.0;0.0;0.0;0.0;0.0;888.0
Nova Russas;NOVA BETANIA;-4.6278055555556;-40.518888888889;2012;12;0.0;0.0;0.0;0.0;0.0;0.0;0.0;0.0;0.0;0.0;0.0;0.0;0.0;0.0;0.0;0.0;0.0;0.0;0.0;0.0;0.0;0.0;0.0;0.0;0.0;0.0;0.0;0.0;0.0;0.0;0.0;0.0
Nova Russas;NOVA BETANIA;-4.6278055555556;-40.518888888889;2013;1;20.0;0.0;0.0;0.0;20.0;0.0;0.0;0.0;0.0;0.0;0.0;0.0;0.0;0.0;0.0;0.0;0.0;0.0;0.0;0.0;0.0;0.0;0.0;0.0;0.0;0.0;0.0;0.0;0.0;0.0;0.0;0.0
Nova Russas;NOVA BETANIA;-4.6278055555556;-40.518888888889;2013;2;41.0;0.0;0.0;0.0;0.0;0.0;0.0;0.0;0.0;0.0;0.0;0.0;0.0;0.0;0.0;9.0;0.0;0.0;0.0;32.0;0.0;0.0;0.0;0.0;0.0;0.0;0.0;0.0;0.0;888.0;888.0;888.0
Nova Russas;NOVA BETANIA;-4.6278055555556;-40.518888888889;2013;3;35.0;0.0;0.0;0.0;0.0;0.0;0.0;0.0;0.0;0.0;0.0;0.0;0.0;0.0;0.0;0.0;0.0;15.0;0.0;0.0;5.0;0.0;0.0;0.0;0.0;0.0;0.0;10.0;5.0;0.0;0.0;0.0
Nova Russas;NOVA BETANIA;-4.6278055555556;-40.518888888889;2013;4;76.0;0.0;0.0;0.0;0.0;0.0;0.0;0.0;25.0;4.0;0.0;0.0;0.0;0.0;0.0;0.0;0.0;8.0;0.0;15.0;4.0;0.0;0.0;0.0;0.0;0.0;0.0;0.0;0.0;0.0;20.0;888.0
Nova Russas;NOVA BETANIA;-4.6278055555556;-40.518888888889;2013;5;97.0;25.0;0.0;8.0;4.0;0.0;0.0;0.0;0.0;15.0;25.0;0.0;0.0;0.0;0.0;20.0;0.0;0.0;0.0;0.0;0.0;0.0;0.0;0.0;0.0;0.0;0.0;0.0;0.0;0.0;0.0;0.0
Nova Russas;NOVA BETANIA;-4.6278055555556;-40.518888888889;2013;6;0.0;0.0;0.0;0.0;0.0;0.0;0.0;0.0;0.0;0.0;0.0;0.0;0.0;0.0;0.0;0.0;0.0;0.0;0.0;0.0;0.0;0.0;0.0;0.0;0.0;0.0;0.0;0.0;0.0;0.0;0.0;888.0
Nova Russas;NOVA BETANIA;-4.6278055555556;-40.518888888889;2013;7;0.0;0.0;0.0;0.0;0.0;0.0;0.0;0.0;0.0;0.0;0.0;0.0;0.0;0.0;0.0;0.0;0.0;0.0;0.0;0.0;0.0;0.0;0.0;0.0;0.0;0.0;0.0;0.0;0.0;0.0;0.0;0.0
Nova Russas;NOVA BETANIA;-4.6278055555556;-40.518888888889;2013;8;0.0;0.0;0.0;0.0;0.0;0.0;0.0;0.0;0.0;0.0;0.0;0.0;0.0;0.0;0.0;0.0;0.0;0.0;0.0;0.0;0.0;0.0;0.0;0.0;0.0;0.0;0.0;0.0;0.0;0.0;0.0;0.0
Nova Russas;NOVA BETANIA;-4.6278055555556;-40.518888888889;2013;9;0.0;0.0;0.0;0.0;0.0;0.0;0.0;0.0;0.0;0.0;0.0;0.0;0.0;0.0;0.0;0.0;0.0;0.0;0.0;0.0;0.0;0.0;0.0;0.0;0.0;0.0;0.0;0.0;0.0;0.0;0.0;888.0
Nova Russas;NOVA BETANIA;-4.6278055555556;-40.518888888889;2013;10;0.0;0.0;0.0;0.0;0.0;0.0;0.0;0.0;0.0;0.0;0.0;0.0;0.0;0.0;0.0;0.0;0.0;0.0;0.0;0.0;0.0;0.0;0.0;0.0;0.0;0.0;0.0;0.0;0.0;0.0;0.0;0.0
Nova Russas;NOVA BETANIA;-4.6278055555556;-40.518888888889;2013;11;0.0;0.0;0.0;0.0;0.0;0.0;0.0;0.0;0.0;0.0;0.0;0.0;0.0;0.0;0.0;0.0;0.0;0.0;0.0;0.0;0.0;0.0;0.0;0.0;0.0;0.0;0.0;0.0;0.0;0.0;0.0;888.0
Nova Russas;NOVA BETANIA;-4.6278055555556;-40.518888888889;2013;12;145.0;0.0;0.0;0.0;0.0;0.0;0.0;0.0;0.0;0.0;0.0;0.0;0.0;0.0;0.0;0.0;0.0;0.0;0.0;0.0;145.0;999.0;999.0;999.0;999.0;999.0;999.0;999.0;999.0;999.0;999.0;999.0
Nova Russas;NOVA BETANIA;-4.6278055555556;-40.518888888889;2014;2;55.0;0.0;0.0;0.0;0.0;0.0;0.0;0.0;0.0;0.0;0.0;0.0;0.0;0.0;0.0;0.0;0.0;0.0;0.0;0.0;55.0;0.0;0.0;0.0;0.0;0.0;0.0;0.0;0.0;888.0;888.0;888.0
Nova Russas;NOVA BETANIA;-4.6278055555556;-40.518888888889;2014;3;150.0;0.0;0.0;0.0;0.0;25.0;0.0;0.0;0.0;0.0;0.0;45.0;5.0;0.0;15.0;0.0;0.0;30.0;0.0;0.0;0.0;0.0;0.0;0.0;0.0;0.0;0.0;0.0;0.0;0.0;15.0;15.0
Nova Russas;NOVA BETANIA;-4.6278055555556;-40.518888888889;2014;4;177.0;0.0;0.0;31.0;18.0;0.0;18.0;6.0;0.0;0.0;33.0;6.0;0.0;0.0;0.0;0.0;0.0;0.0;30.0;0.0;0.0;0.0;0.0;0.0;0.0;0.0;0.0;13.0;12.0;10.0;0.0;888.0
Nova Russas;NOVA BETANIA;-4.6278055555556;-40.518888888889;2014;5;91.0;0.0;0.0;0.0;0.0;10.0;0.0;0.0;0.0;0.0;0.0;50.0;0.0;0.0;0.0;0.0;0.0;0.0;0.0;0.0;0.0;0.0;0.0;19.0;0.0;0.0;0.0;0.0;0.0;0.0;12.0;0.0
Nova Russas;NOVA BETANIA;-4.6278055555556;-40.518888888889;2014;6;0.0;0.0;0.0;0.0;0.0;0.0;0.0;0.0;0.0;0.0;0.0;0.0;0.0;0.0;0.0;0.0;0.0;0.0;0.0;0.0;0.0;0.0;0.0;0.0;0.0;0.0;0.0;0.0;0.0;0.0;0.0;888.0
Nova Russas;NOVA BETANIA;-4.6278055555556;-40.518888888889;2014;7;0.0;0.0;0.0;0.0;0.0;0.0;0.0;0.0;0.0;0.0;0.0;0.0;0.0;0.0;0.0;0.0;0.0;0.0;0.0;0.0;0.0;0.0;0.0;0.0;0.0;0.0;0.0;0.0;0.0;0.0;0.0;0.0
Nova Russas;NOVA BETANIA;-4.6278055555556;-40.518888888889;2014;8;0.0;0.0;0.0;0.0;0.0;0.0;0.0;0.0;0.0;0.0;0.0;0.0;0.0;0.0;0.0;0.0;0.0;0.0;0.0;0.0;0.0;0.0;0.0;0.0;0.0;0.0;0.0;0.0;0.0;0.0;0.0;0.0
Nova Russas;NOVA BETANIA;-4.6278055555556;-40.518888888889;2014;9;0.0;0.0;0.0;0.0;0.0;0.0;0.0;0.0;0.0;0.0;0.0;0.0;0.0;0.0;0.0;0.0;0.0;0.0;0.0;0.0;0.0;0.0;0.0;0.0;0.0;0.0;0.0;0.0;0.0;0.0;0.0;888.0
Nova Russas;NOVA BETANIA;-4.6278055555556;-40.518888888889;2014;10;0.0;0.0;0.0;0.0;0.0;0.0;0.0;0.0;0.0;0.0;0.0;0.0;0.0;0.0;0.0;0.0;0.0;0.0;0.0;0.0;0.0;0.0;0.0;0.0;0.0;0.0;0.0;0.0;0.0;0.0;0.0;0.0
Nova Russas;NOVA BETANIA;-4.6278055555556;-40.518888888889;2014;11;0.0;0.0;0.0;0.0;0.0;0.0;0.0;0.0;0.0;0.0;0.0;0.0;0.0;0.0;0.0;0.0;0.0;0.0;0.0;0.0;0.0;0.0;0.0;0.0;0.0;0.0;0.0;0.0;0.0;0.0;0.0;888.0
Nova Russas;NOVA BETANIA;-4.6278055555556;-40.518888888889;2014;12;0.0;0.0;0.0;0.0;0.0;0.0;0.0;0.0;0.0;0.0;0.0;0.0;0.0;0.0;0.0;0.0;0.0;0.0;0.0;0.0;0.0;0.0;0.0;0.0;0.0;0.0;0.0;0.0;0.0;0.0;0.0;0.0
Nova Russas;NOVA BETANIA;-4.6278055555556;-40.518888888889;2015;1;38.5;0.0;0.0;38.5;0.0;0.0;0.0;0.0;0.0;0.0;0.0;0.0;0.0;0.0;0.0;0.0;0.0;0.0;0.0;0.0;0.0;0.0;0.0;0.0;0.0;0.0;0.0;0.0;0.0;0.0;0.0;0.0
Nova Russas;NOVA BETANIA;-4.6278055555556;-40.518888888889;2015;2;118.0;0.0;0.0;0.0;0.0;15.0;0.0;0.0;0.0;0.0;0.0;0.0;0.0;0.0;0.0;0.0;0.0;0.0;0.0;0.0;0.0;0.0;0.0;0.0;60.0;0.0;13.0;0.0;30.0;888.0;888.0;888.0
Nova Russas;NOVA BETANIA;-4.6278055555556;-40.518888888889;2015;3;303.0;0.0;42.0;24.0;0.0;0.0;0.0;0.0;0.0;33.0;10.0;0.0;0.0;0.0;0.0;0.0;0.0;0.0;0.0;0.0;0.0;0.0;137.0;0.0;18.0;0.0;0.0;0.0;16.0;0.0;23.0;0.0
Nova Russas;NOVA BETANIA;-4.6278055555556;-40.518888888889;2015;4;192.0;0.0;28.0;0.0;20.0;0.0;0.0;0.0;0.0;0.0;105.0;0.0;0.0;0.0;0.0;0.0;0.0;0.0;17.0;0.0;0.0;0.0;0.0;0.0;0.0;22.0;0.0;0.0;0.0;0.0;0.0;888.0
Nova Russas;NOVA BETANIA;-4.6278055555556;-40.518888888889;2015;5;0.0;0.0;0.0;0.0;0.0;0.0;0.0;0.0;999.0;999.0;999.0;999.0;999.0;999.0;999.0;999.0;999.0;999.0;999.0;999.0;999.0;999.0;999.0;999.0;999.0;999.0;999.0;999.0;999.0;999.0;999.0;999.0
Nova Russas;NOVA BETANIA;-4.6278055555556;-40.518888888889;2017;1;63.0;6.0;0.0;0.0;0.0;0.0;0.0;0.0;0.0;0.0;14.0;0.0;0.0;0.0;0.0;0.0;0.0;0.0;4.0;12.0;22.0;0.0;0.0;0.0;0.0;0.0;0.0;5.0;0.0;0.0;0.0;0.0
Nova Russas;NOVA BETANIA;-4.6278055555556;-40.518888888889;2017;2;268.0;0.0;0.0;0.0;0.0;0.0;5.0;0.0;0.0;7.0;37.0;32.0;12.0;0.0;4.0;0.0;0.0;32.0;6.0;80.0;23.0;2.0;0.0;0.0;0.0;0.0;0.0;0.0;28.0;888.0;888.0;888.0
Nova Russas;NOVA BETANIA;-4.6278055555556;-40.518888888889;2017;3;388.0;16.0;90.0;0.0;0.0;49.0;15.0;0.0;0.0;0.0;47.0;7.0;4.0;14.0;21.0;0.0;0.0;45.0;0.0;0.0;0.0;0.0;8.0;16.0;29.0;0.0;19.0;0.0;0.0;0.0;0.0;8.0
Nova Russas;NOVA BETANIA;-4.6278055555556;-40.518888888889;2017;4;142.0;3.0;6.0;2.0;0.0;0.0;0.0;8.0;0.0;0.0;4.0;32.0;0.0;44.0;5.0;0.0;0.0;0.0;0.0;11.0;0.0;0.0;2.0;15.0;9.0;0.0;0.0;0.0;0.0;1.0;0.0;888.0
Nova Russas;NOVA BETANIA;-4.6278055555556;-40.518888888889;2017;5;3.0;3.0;0.0;0.0;0.0;0.0;0.0;0.0;0.0;0.0;0.0;0.0;0.0;0.0;0.0;0.0;0.0;0.0;0.0;0.0;0.0;0.0;0.0;0.0;0.0;0.0;0.0;0.0;0.0;0.0;0.0;0.0
Nova Russas;NOVA BETANIA;-4.6278055555556;-40.518888888889;2017;6;0.0;0.0;0.0;0.0;0.0;0.0;0.0;0.0;0.0;0.0;0.0;0.0;0.0;0.0;0.0;0.0;0.0;0.0;0.0;0.0;0.0;0.0;0.0;0.0;0.0;0.0;0.0;0.0;0.0;0.0;0.0;888.0
Nova Russas;NOVA BETANIA;-4.6278055555556;-40.518888888889;2017;7;0.0;0.0;0.0;0.0;0.0;0.0;0.0;0.0;0.0;0.0;0.0;0.0;0.0;0.0;0.0;0.0;0.0;0.0;0.0;0.0;0.0;0.0;0.0;0.0;0.0;0.0;0.0;0.0;0.0;0.0;0.0;0.0
Nova Russas;NOVA BETANIA;-4.6278055555556;-40.518888888889;2017;8;0.0;0.0;0.0;0.0;0.0;0.0;0.0;0.0;0.0;0.0;0.0;0.0;0.0;0.0;0.0;0.0;0.0;0.0;0.0;0.0;0.0;0.0;0.0;0.0;0.0;0.0;0.0;0.0;0.0;0.0;0.0;0.0
Nova Russas;NOVA BETANIA;-4.6278055555556;-40.518888888889;2017;9;0.0;0.0;0.0;0.0;0.0;0.0;0.0;0.0;0.0;0.0;0.0;0.0;0.0;0.0;0.0;0.0;0.0;0.0;0.0;0.0;0.0;0.0;0.0;0.0;0.0;0.0;0.0;0.0;0.0;0.0;0.0;888.0
Nova Russas;NOVA BETANIA;-4.6278055555556;-40.518888888889;2017;10;0.0;0.0;0.0;0.0;0.0;0.0;0.0;0.0;0.0;0.0;0.0;0.0;0.0;0.0;0.0;0.0;0.0;0.0;0.0;0.0;0.0;0.0;0.0;0.0;0.0;0.0;0.0;0.0;0.0;0.0;0.0;0.0
Nova Russas;NOVA BETANIA;-4.6278055555556;-40.518888888889;2017;11;0.0;0.0;0.0;0.0;0.0;0.0;0.0;0.0;0.0;0.0;0.0;0.0;0.0;0.0;0.0;0.0;0.0;0.0;0.0;0.0;0.0;0.0;0.0;0.0;0.0;0.0;0.0;0.0;0.0;0.0;0.0;888.0
Nova Russas;NOVA BETANIA;-4.6278055555556;-40.518888888889;2017;12;0.0;0.0;0.0;0.0;0.0;0.0;0.0;0.0;0.0;0.0;0.0;0.0;0.0;0.0;0.0;0.0;0.0;0.0;0.0;0.0;0.0;0.0;0.0;0.0;0.0;0.0;0.0;0.0;0.0;0.0;0.0;0.0
Nova Russas;NOVA BETANIA;-4.6278055555556;-40.518888888889;2018;1;141.0;0.0;0.0;0.0;0.0;0.0;0.0;4.0;0.0;0.0;0.0;25.0;0.0;0.0;0.0;0.0;0.0;0.0;0.0;50.0;0.0;0.0;0.0;0.0;4.0;6.0;18.0;23.0;4.0;7.0;0.0;0.0
Nova Russas;NOVA BETANIA;-4.6278055555556;-40.518888888889;2018;2;200.0;0.0;0.0;0.0;0.0;0.0;2.0;6.0;7.0;0.0;0.0;26.0;0.0;0.0;0.0;32.0;0.0;17.0;14.0;8.0;31.0;3.0;0.0;0.0;0.0;6.0;38.0;0.0;10.0;888.0;888.0;888.0
Nova Russas;NOVA BETANIA;-4.6278055555556;-40.518888888889;2018;3;124.0;40.0;5.0;1.0;12.0;0.0;0.0;16.0;0.0;0.0;0.0;0.0;3.0;0.0;0.0;0.0;0.0;0.0;0.0;11.0;0.0;0.0;0.0;0.0;0.0;0.0;0.0;0.0;3.0;6.0;13.0;14.0
Nova Russas;NOVA BETANIA;-4.6278055555556;-40.518888888889;2018;4;233.0;5.0;13.0;1.0;1.0;0.0;0.0;0.0;38.0;30.0;68.0;13.0;7.0;0.0;2.0;10.0;4.0;33.0;0.0;0.0;0.0;0.0;5.0;0.0;0.0;0.0;0.0;0.0;0.0;0.0;3.0;888.0
Nova Russas;NOVA BETANIA;-4.6278055555556;-40.518888888889;2018;5;17.0;0.0;0.0;7.0;0.0;0.0;0.0;0.0;0.0;0.0;0.0;5.0;0.0;0.0;0.0;0.0;0.0;0.0;0.0;5.0;0.0;0.0;0.0;0.0;0.0;0.0;0.0;0.0;0.0;0.0;0.0;0.0
Nova Russas;NOVA BETANIA;-4.6278055555556;-40.518888888889;2018;6;0.0;0.0;0.0;0.0;0.0;0.0;0.0;0.0;0.0;0.0;0.0;0.0;0.0;0.0;0.0;0.0;0.0;0.0;0.0;0.0;0.0;0.0;0.0;0.0;0.0;0.0;0.0;0.0;0.0;0.0;0.0;888.0
Nova Russas;NOVA BETANIA;-4.6278055555556;-40.518888888889;2018;7;0.0;0.0;0.0;0.0;0.0;0.0;0.0;0.0;0.0;0.0;0.0;0.0;0.0;0.0;0.0;0.0;0.0;0.0;0.0;0.0;0.0;0.0;0.0;0.0;0.0;0.0;0.0;0.0;0.0;0.0;0.0;0.0
Nova Russas;NOVA BETANIA;-4.6278055555556;-40.518888888889;2018;8;0.0;0.0;0.0;0.0;0.0;0.0;0.0;0.0;0.0;0.0;0.0;0.0;0.0;0.0;0.0;0.0;0.0;0.0;0.0;0.0;0.0;0.0;0.0;0.0;0.0;0.0;0.0;0.0;0.0;0.0;0.0;0.0
Nova Russas;NOVA BETANIA;-4.6278055555556;-40.518888888889;2018;9;0.0;0.0;0.0;0.0;0.0;0.0;0.0;0.0;0.0;0.0;0.0;0.0;0.0;0.0;0.0;0.0;0.0;0.0;0.0;0.0;0.0;0.0;0.0;0.0;0.0;0.0;0.0;0.0;0.0;0.0;0.0;888.0
Nova Russas;NOVA BETANIA;-4.6278055555556;-40.518888888889;2018;10;0.0;0.0;0.0;0.0;0.0;0.0;0.0;0.0;0.0;0.0;0.0;0.0;0.0;0.0;0.0;0.0;0.0;0.0;0.0;0.0;0.0;0.0;0.0;0.0;0.0;0.0;0.0;0.0;0.0;0.0;0.0;0.0
Nova Russas;NOVA BETANIA;-4.6278055555556;-40.518888888889;2018;11;0.0;0.0;0.0;0.0;0.0;0.0;0.0;0.0;0.0;0.0;0.0;0.0;0.0;0.0;0.0;0.0;0.0;0.0;0.0;0.0;0.0;0.0;0.0;0.0;0.0;0.0;0.0;0.0;0.0;0.0;0.0;888.0
Nova Russas;NOVA BETANIA;-4.6278055555556;-40.518888888889;2018;12;0.0;0.0;0.0;0.0;0.0;0.0;0.0;0.0;0.0;0.0;0.0;0.0;0.0;0.0;0.0;0.0;0.0;0.0;0.0;0.0;0.0;0.0;0.0;0.0;0.0;0.0;0.0;0.0;0.0;0.0;0.0;0.0
Nova Russas;NOVA BETANIA;-4.6278055555556;-40.518888888889;2019;1;155.0;0.0;0.0;0.0;0.0;5.0;0.0;0.0;0.0;0.0;17.0;0.0;0.0;4.0;20.0;18.0;6.0;0.0;0.0;0.0;0.0;0.0;0.0;0.0;18.0;13.0;4.0;0.0;0.0;0.0;0.0;50.0
Nova Russas;NOVA BETANIA;-4.6278055555556;-40.518888888889;2019;2;424.0;0.0;0.0;0.0;70.0;7.0;14.0;30.0;0.0;0.0;0.0;0.0;0.0;47.0;0.0;4.0;0.0;102.0;7.0;28.0;40.0;0.0;0.0;43.0;15.0;13.0;0.0;4.0;0.0;888.0;888.0;888.0
Nova Russas;NOVA BETANIA;-4.6278055555556;-40.518888888889;2019;3;347.0;0.0;20.0;30.0;19.0;5.0;0.0;6.0;2.0;20.0;0.0;4.0;0.0;0.0;13.0;4.0;0.0;0.0;46.0;9.0;6.0;33.0;24.0;15.0;10.0;0.0;6.0;23.0;18.0;10.0;2.0;22.0
Nova Russas;NOVA BETANIA;-4.6278055555556;-40.518888888889;2019;4;310.0;28.0;16.0;0.0;24.0;0.0;13.0;0.0;0.0;14.0;0.0;3.0;0.0;10.0;30.0;3.0;22.0;15.0;0.0;0.0;7.0;5.0;0.0;0.0;0.0;6.0;58.0;14.0;23.0;9.0;10.0;888.0
Nova Russas;NOVA BETANIA;-4.6278055555556;-40.518888888889;2019;5;187.0;6.0;0.0;0.0;0.0;0.0;0.0;0.0;8.0;0.0;0.0;0.0;0.0;45.0;0.0;0.0;0.0;0.0;18.0;0.0;0.0;0.0;110.0;0.0;0.0;0.0;0.0;0.0;0.0;0.0;0.0;0.0
Nova Russas;NOVA BETANIA;-4.6278055555556;-40.518888888889;2019;6;26.0;0.0;0.0;0.0;0.0;0.0;0.0;0.0;0.0;0.0;0.0;2.0;0.0;5.0;0.0;0.0;0.0;0.0;0.0;19.0;0.0;0.0;0.0;0.0;0.0;0.0;0.0;0.0;0.0;0.0;0.0;888.0
Nova Russas;NOVA BETANIA;-4.6278055555556;-40.518888888889;2019;7;17.0;0.0;0.0;0.0;0.0;0.0;0.0;0.0;0.0;0.0;4.0;0.0;0.0;0.0;0.0;13.0;0.0;0.0;0.0;0.0;0.0;0.0;0.0;0.0;0.0;0.0;0.0;0.0;0.0;0.0;0.0;0.0
Nova Russas;NOVA BETANIA;-4.6278055555556;-40.518888888889;2019;8;0.0;0.0;0.0;0.0;0.0;0.0;0.0;0.0;0.0;0.0;0.0;0.0;0.0;0.0;0.0;0.0;0.0;0.0;0.0;0.0;0.0;0.0;0.0;0.0;0.0;0.0;0.0;0.0;0.0;0.0;0.0;0.0
Nova Russas;NOVA BETANIA;-4.6278055555556;-40.518888888889;2019;9;0.0;0.0;0.0;0.0;0.0;0.0;0.0;0.0;0.0;0.0;0.0;0.0;0.0;0.0;0.0;0.0;0.0;0.0;0.0;0.0;0.0;0.0;0.0;0.0;0.0;0.0;0.0;0.0;0.0;0.0;0.0;888.0
Nova Russas;NOVA BETANIA;-4.6278055555556;-40.518888888889;2019;10;0.0;0.0;0.0;0.0;0.0;0.0;0.0;0.0;0.0;0.0;0.0;0.0;0.0;0.0;0.0;0.0;0.0;0.0;0.0;0.0;0.0;0.0;0.0;0.0;0.0;0.0;0.0;0.0;0.0;0.0;0.0;0.0
Nova Russas;NOVA BETANIA;-4.6278055555556;-40.518888888889;2019;11;0.0;0.0;0.0;0.0;0.0;0.0;0.0;0.0;0.0;0.0;0.0;0.0;0.0;0.0;0.0;0.0;0.0;0.0;0.0;0.0;0.0;0.0;0.0;0.0;0.0;0.0;0.0;0.0;0.0;0.0;0.0;888.0
Nova Russas;NOVA BETANIA;-4.6278055555556;-40.518888888889;2019;12;0.8;0.0;0.0;0.0;0.0;0.0;0.0;0.0;0.0;0.0;0.0;0.0;0.0;0.0;0.0;0.0;0.0;0.8;0.0;0.0;0.0;0.0;0.0;0.0;0.0;0.0;0.0;0.0;0.0;0.0;0.0;0.0
Nova Russas;NOVA BETANIA;-4.6278055555556;-40.518888888889;2020;1;201.0;0.0;0.0;0.0;8.0;0.0;0.0;0.0;75.0;0.0;31.0;6.0;0.0;0.0;0.0;4.0;0.0;8.0;2.0;0.0;0.0;0.0;13.0;3.0;0.0;1.0;0.0;0.0;4.0;2.0;36.0;8.0
Nova Russas;NOVA BETANIA;-4.6278055555556;-40.518888888889;2020;2;136.0;0.0;0.0;0.0;15.0;3.0;0.0;0.0;0.0;0.0;0.0;0.0;0.0;6.0;19.0;0.0;15.0;3.0;7.0;3.0;0.0;0.0;0.0;0.0;0.0;7.0;0.0;19.0;0.0;39.0;888.0;888.0
Nova Russas;NOVA BETANIA;-4.6278055555556;-40.518888888889;2020;3;517.0;6.0;21.0;4.0;0.0;35.0;6.0;7.0;4.0;16.0;0.0;157.0;0.0;60.0;4.0;20.0;8.0;0.0;0.0;21.0;0.0;9.0;0.0;3.0;80.0;32.0;0.0;8.0;0.0;0.0;15.0;1.0
Nova Russas;NOVA BETANIA;-4.6278055555556;-40.518888888889;2020;4;126.0;0.0;0.0;0.0;0.0;8.0;0.0;0.0;0.0;0.0;21.0;13.0;0.0;6.0;0.0;5.0;0.0;17.0;0.0;20.0;0.0;15.0;0.0;0.0;0.0;16.0;5.0;0.0;0.0;0.0;0.0;888.0
Nova Russas;NOVA BETANIA;-4.6278055555556;-40.518888888889;2020;5;43.0;0.0;0.0;0.0;0.0;0.0;0.0;0.0;0.0;0.0;0.0;0.0;5.0;0.0;0.0;0.0;11.0;0.0;0.0;0.0;0.0;15.0;6.0;6.0;0.0;0.0;0.0;0.0;0.0;0.0;0.0;0.0
Nova Russas;NOVA BETANIA;-4.6278055555556;-40.518888888889;2020;6;10.0;0.0;0.0;0.0;0.0;0.0;0.0;0.0;10.0;0.0;0.0;0.0;0.0;0.0;0.0;0.0;0.0;0.0;0.0;0.0;0.0;0.0;0.0;0.0;0.0;0.0;0.0;0.0;0.0;0.0;0.0;888.0
Nova Russas;NOVA BETANIA;-4.6278055555556;-40.518888888889;2020;7;0.0;0.0;0.0;0.0;0.0;0.0;0.0;0.0;0.0;0.0;0.0;0.0;0.0;0.0;0.0;0.0;0.0;0.0;0.0;0.0;0.0;0.0;0.0;0.0;0.0;0.0;0.0;0.0;0.0;0.0;0.0;0.0
Nova Russas;NOVA BETANIA;-4.6278055555556;-40.518888888889;2020;8;0.0;0.0;0.0;0.0;0.0;0.0;0.0;0.0;0.0;0.0;0.0;0.0;0.0;0.0;0.0;0.0;0.0;0.0;0.0;0.0;0.0;0.0;0.0;0.0;0.0;0.0;0.0;0.0;0.0;0.0;0.0;0.0
Nova Russas;NOVA BETANIA;-4.6278055555556;-40.518888888889;2020;9;0.0;0.0;0.0;0.0;0.0;0.0;0.0;0.0;0.0;0.0;0.0;0.0;0.0;0.0;0.0;0.0;0.0;0.0;0.0;0.0;0.0;0.0;0.0;0.0;0.0;0.0;0.0;0.0;0.0;0.0;0.0;888.0
Nova Russas;NOVA BETANIA;-4.6278055555556;-40.518888888889;2020;10;0.0;0.0;0.0;0.0;0.0;0.0;0.0;0.0;0.0;0.0;0.0;0.0;0.0;0.0;0.0;0.0;0.0;0.0;0.0;0.0;0.0;0.0;0.0;0.0;0.0;0.0;0.0;0.0;0.0;0.0;0.0;0.0
Nova Russas;NOVA BETANIA;-4.6278055555556;-40.518888888889;2020;11;16.0;0.0;0.0;0.0;16.0;0.0;0.0;0.0;0.0;0.0;0.0;0.0;0.0;0.0;0.0;0.0;0.0;0.0;0.0;0.0;0.0;0.0;0.0;0.0;0.0;0.0;0.0;0.0;0.0;0.0;0.0;888.0
Nova Russas;NOVA BETANIA;-4.6278055555556;-40.518888888889;2020;12;0.0;0.0;0.0;0.0;0.0;0.0;0.0;0.0;0.0;0.0;0.0;0.0;0.0;0.0;0.0;0.0;0.0;0.0;0.0;0.0;0.0;0.0;0.0;0.0;0.0;0.0;0.0;0.0;0.0;0.0;0.0;0.0
Nova Russas;NOVA BETANIA;-4.6278055555556;-40.518888888889;2021;1;72.0;0.0;0.0;0.0;0.0;0.0;0.0;7.0;0.0;0.0;0.0;0.0;0.0;0.0;38.0;0.0;0.0;0.0;0.0;9.0;0.0;0.0;0.0;8.0;0.0;0.0;10.0;0.0;0.0;0.0;0.0;0.0
Nova Russas;NOVA BETANIA;-4.6278055555556;-40.518888888889;2021;2;194.0;0.0;0.0;0.0;0.0;0.0;0.0;0.0;0.0;9.0;1.0;0.0;29.0;0.0;0.0;13.0;32.0;0.0;58.0;0.0;5.0;0.0;6.0;0.0;0.0;24.0;13.0;4.0;0.0;888.0;888.0;888.0
Nova Russas;NOVA BETANIA;-4.6278055555556;-40.518888888889;2021;3;215.0;20.0;7.0;6.0;0.0;0.0;0.0;0.0;0.0;0.0;0.0;0.0;0.0;0.0;14.0;7.0;11.0;9.0;16.0;0.0;11.0;0.0;8.0;0.0;11.0;9.0;24.0;22.0;0.0;14.0;3.0;23.0
Nova Russas;NOVA BETANIA;-4.6278055555556;-40.518888888889;2021;4;202.0;0.0;0.0;10.0;0.0;0.0;0.0;0.0;0.0;0.0;21.0;6.0;3.0;7.0;17.0;0.0;0.0;0.0;0.0;0.0;0.0;114.0;15.0;0.0;0.0;0.0;0.0;0.0;0.0;9.0;0.0;888.0
Nova Russas;NOVA BETANIA;-4.6278055555556;-40.518888888889;2021;5;52.0;0.0;0.0;13.0;0.0;14.0;17.0;0.0;0.0;0.0;0.0;8.0;0.0;0.0;0.0;0.0;0.0;0.0;0.0;0.0;0.0;0.0;0.0;0.0;0.0;0.0;0.0;0.0;0.0;0.0;0.0;0.0
Nova Russas;NOVA BETANIA;-4.6278055555556;-40.518888888889;2021;6;0.0;0.0;0.0;0.0;0.0;0.0;0.0;0.0;0.0;0.0;0.0;0.0;0.0;0.0;0.0;0.0;0.0;0.0;0.0;0.0;0.0;0.0;0.0;0.0;0.0;0.0;0.0;0.0;0.0;0.0;0.0;888.0
Nova Russas;NOVA BETANIA;-4.6278055555556;-40.518888888889;2021;7;0.0;0.0;0.0;0.0;0.0;0.0;0.0;0.0;0.0;0.0;0.0;0.0;0.0;0.0;0.0;0.0;0.0;0.0;0.0;0.0;0.0;0.0;0.0;0.0;0.0;0.0;0.0;0.0;0.0;0.0;0.0;0.0
Nova Russas;NOVA BETANIA;-4.6278055555556;-40.518888888889;2021;8;0.0;0.0;0.0;0.0;0.0;0.0;0.0;0.0;0.0;0.0;0.0;0.0;0.0;0.0;0.0;0.0;0.0;0.0;0.0;0.0;0.0;0.0;0.0;0.0;0.0;0.0;0.0;0.0;0.0;0.0;0.0;0.0
Nova Russas;NOVA BETANIA;-4.6278055555556;-40.518888888889;2021;9;0.0;0.0;0.0;0.0;0.0;0.0;0.0;0.0;0.0;0.0;0.0;0.0;0.0;0.0;0.0;0.0;0.0;0.0;0.0;0.0;0.0;0.0;0.0;0.0;0.0;0.0;0.0;0.0;0.0;0.0;0.0;888.0
Nova Russas;NOVA BETANIA;-4.6278055555556;-40.518888888889;2021;10;0.0;0.0;0.0;0.0;0.0;0.0;0.0;0.0;0.0;0.0;0.0;0.0;0.0;0.0;0.0;0.0;0.0;0.0;0.0;0.0;0.0;0.0;0.0;0.0;0.0;0.0;0.0;0.0;0.0;0.0;0.0;0.0
Nova Russas;NOVA BETANIA;-4.6278055555556;-40.518888888889;2021;11;0.0;0.0;0.0;0.0;0.0;0.0;0.0;0.0;0.0;0.0;0.0;0.0;0.0;0.0;0.0;0.0;0.0;0.0;0.0;0.0;0.0;0.0;0.0;0.0;0.0;0.0;0.0;0.0;0.0;0.0;0.0;888.0
Nova Russas;NOVA BETANIA;-4.6278055555556;-40.518888888889;2021;12;129.5;0.0;0.0;0.0;0.0;0.0;0.0;0.0;0.0;0.0;0.0;0.0;0.0;0.0;0.0;0.0;0.0;0.0;0.0;0.0;0.0;0.0;0.0;0.0;0.0;0.0;98.5;0.0;0.0;0.0;0.0;31.0
Nova Russas;NOVA BETANIA;-4.6278055555556;-40.518888888889;2022;1;166.0;0.0;24.0;0.0;0.0;0.0;70.0;8.0;0.0;0.0;0.0;0.0;10.0;1.0;15.0;22.0;16.0;0.0;0.0;0.0;0.0;0.0;0.0;0.0;0.0;0.0;0.0;0.0;0.0;0.0;0.0;0.0
Nova Russas;NOVA BETANIA;-4.6278055555556;-40.518888888889;2022;2;48.0;0.0;0.0;0.0;0.0;0.0;0.0;0.0;0.0;22.0;0.0;0.0;0.0;0.0;0.0;0.0;0.0;0.0;0.0;0.0;14.0;0.0;5.0;0.0;0.0;0.0;0.0;7.0;0.0;888.0;888.0;888.0
Nova Russas;NOVA BETANIA;-4.6278055555556;-40.518888888889;2022;3;348.0;0.0;0.0;0.0;0.0;0.0;0.0;63.0;0.0;0.0;0.0;44.0;0.0;0.0;0.0;30.0;60.0;8.0;0.0;27.0;43.0;0.0;0.0;15.0;8.0;20.0;5.0;0.0;0.0;0.0;18.0;7.0
Nova Russas;NOVA BETANIA;-4.6278055555556;-40.518888888889;2022;4;94.0;21.0;0.0;0.0;16.0;0.0;0.0;7.0;2.0;0.0;27.0;0.0;0.0;0.0;0.0;7.0;0.0;0.0;8.0;0.0;6.0;0.0;0.0;0.0;0.0;0.0;0.0;0.0;0.0;0.0;0.0;888.0
Nova Russas;NOVA BETANIA;-4.6278055555556;-40.518888888889;2022;5;21.0;0.0;0.0;0.0;0.0;0.0;0.0;0.0;7.0;0.0;0.0;8.0;0.0;6.0;0.0;0.0;0.0;0.0;0.0;0.0;0.0;0.0;0.0;0.0;0.0;0.0;0.0;0.0;0.0;0.0;0.0;0.0
Nova Russas;NOVA BETANIA;-4.6278055555556;-40.518888888889;2022;6;73.0;15.0;5.0;0.0;46.0;0.0;0.0;0.0;0.0;0.0;0.0;0.0;0.0;0.0;0.0;0.0;0.0;0.0;0.0;0.0;0.0;0.0;7.0;0.0;0.0;0.0;0.0;0.0;0.0;0.0;0.0;888.0
Nova Russas;NOVA BETANIA;-4.6278055555556;-40.518888888889;2022;7;0.0;0.0;0.0;0.0;0.0;0.0;0.0;0.0;0.0;0.0;0.0;0.0;0.0;0.0;0.0;0.0;0.0;0.0;0.0;0.0;0.0;0.0;0.0;0.0;0.0;0.0;0.0;0.0;0.0;0.0;0.0;0.0
Nova Russas;NOVA BETANIA;-4.6278055555556;-40.518888888889;2022;8;0.0;0.0;0.0;0.0;0.0;0.0;0.0;0.0;0.0;0.0;0.0;0.0;0.0;0.0;0.0;0.0;0.0;0.0;0.0;0.0;0.0;0.0;0.0;0.0;0.0;0.0;0.0;0.0;0.0;0.0;0.0;0.0
Nova Russas;NOVA BETANIA;-4.6278055555556;-40.518888888889;2022;9;0.0;0.0;0.0;0.0;0.0;0.0;0.0;0.0;0.0;0.0;0.0;0.0;0.0;0.0;0.0;0.0;0.0;0.0;0.0;0.0;0.0;0.0;0.0;0.0;0.0;0.0;0.0;0.0;0.0;0.0;0.0;888.0
Nova Russas;NOVA BETANIA;-4.6278055555556;-40.518888888889;2022;10;0.0;0.0;0.0;0.0;0.0;0.0;0.0;0.0;0.0;0.0;0.0;0.0;0.0;0.0;0.0;0.0;0.0;0.0;0.0;0.0;0.0;0.0;0.0;0.0;0.0;0.0;0.0;0.0;0.0;0.0;0.0;0.0
Nova Russas;NOVA BETANIA;-4.6278055555556;-40.518888888889;2022;11;0.0;0.0;0.0;0.0;0.0;0.0;0.0;0.0;0.0;0.0;0.0;0.0;0.0;0.0;0.0;0.0;0.0;0.0;0.0;0.0;0.0;0.0;0.0;0.0;0.0;0.0;0.0;0.0;0.0;0.0;0.0;888.0
Nova Russas;NOVA BETANIA;-4.6278055555556;-40.518888888889;2022;12;0.0;0.0;0.0;0.0;0.0;0.0;0.0;0.0;0.0;0.0;0.0;0.0;0.0;0.0;0.0;0.0;0.0;0.0;0.0;0.0;0.0;0.0;0.0;0.0;0.0;0.0;0.0;0.0;0.0;0.0;0.0;0.0
Nova Russas;NOVA BETANIA;-4.6278055555556;-40.518888888889;2023;1;82.0;0.0;0.0;0.0;0.0;0.0;0.0;0.0;0.0;0.0;0.0;0.0;0.0;0.0;0.0;44.0;7.0;4.0;0.0;11.0;0.0;1.0;0.0;0.0;0.0;15.0;0.0;0.0;0.0;0.0;0.0;0.0
Nova Russas;NOVA BETANIA;-4.6278055555556;-40.518888888889;2023;2;83.0;0.0;0.0;0.0;0.0;23.0;0.0;9.0;0.0;0.0;0.0;0.0;0.0;0.0;8.0;0.0;20.0;0.0;0.0;0.0;0.0;3.0;8.0;0.0;12.0;0.0;0.0;0.0;0.0;888.0;888.0;888.0
Nova Russas;NOVA BETANIA;-4.6278055555556;-40.518888888889;2023;3;418.1;0.0;0.0;23.0;0.0;0.0;0.0;0.0;0.0;0.0;0.0;0.0;8.0;20.0;33.0;4.0;33.0;34.0;10.0;0.0;84.0;19.0;19.1;0.0;0.0;21.0;0.0;23.0;36.0;15.0;0.0;36.0
Nova Russas;NOVA BETANIA;-4.6278055555556;-40.518888888889;2023;4;257.0;54.0;14.0;73.0;12.0;0.0;0.0;0.0;7.0;0.0;0.0;0.0;0.0;0.0;0.0;0.0;16.0;0.0;3.0;0.0;7.0;0.0;0.0;0.0;0.0;0.0;23.0;40.0;0.0;8.0;0.0;888.0
Nova Russas;NOVA BETANIA;-4.6278055555556;-40.518888888889;2023;5;16.0;9.0;7.0;0.0;0.0;0.0;0.0;0.0;0.0;0.0;0.0;0.0;0.0;0.0;0.0;0.0;0.0;0.0;0.0;0.0;0.0;0.0;0.0;0.0;0.0;0.0;0.0;0.0;0.0;0.0;0.0;0.0
Nova Russas;NOVA BETANIA;-4.6278055555556;-40.518888888889;2023;6;0.0;0.0;0.0;0.0;0.0;0.0;0.0;0.0;0.0;0.0;0.0;0.0;0.0;0.0;0.0;0.0;0.0;0.0;0.0;0.0;0.0;0.0;0.0;0.0;0.0;0.0;0.0;0.0;0.0;0.0;0.0;888.0
Nova Russas;NOVA BETANIA;-4.6278055555556;-40.518888888889;2023;7;0.0;0.0;0.0;0.0;0.0;0.0;0.0;0.0;0.0;0.0;0.0;0.0;0.0;0.0;0.0;0.0;0.0;0.0;0.0;0.0;0.0;0.0;0.0;0.0;0.0;0.0;0.0;0.0;0.0;0.0;0.0;0.0
Nova Russas;NOVA BETANIA;-4.6278055555556;-40.518888888889;2023;8;0.0;0.0;0.0;0.0;0.0;0.0;0.0;0.0;0.0;0.0;0.0;0.0;0.0;0.0;0.0;0.0;0.0;0.0;0.0;0.0;0.0;0.0;0.0;0.0;0.0;0.0;0.0;0.0;0.0;0.0;0.0;0.0
Nova Russas;NOVA BETANIA;-4.6278055555556;-40.518888888889;2023;9;0.0;0.0;0.0;0.0;0.0;0.0;0.0;0.0;0.0;0.0;0.0;0.0;0.0;0.0;0.0;0.0;0.0;0.0;0.0;0.0;0.0;0.0;0.0;0.0;0.0;0.0;0.0;0.0;0.0;0.0;0.0;888.0
Nova Russas;NOVA BETANIA;-4.6278055555556;-40.518888888889;2023;10;0.0;0.0;0.0;0.0;0.0;0.0;0.0;0.0;0.0;0.0;0.0;0.0;0.0;0.0;0.0;0.0;0.0;0.0;0.0;0.0;0.0;0.0;0.0;0.0;0.0;0.0;0.0;0.0;0.0;0.0;0.0;0.0
Nova Russas;NOVA BETANIA;-4.6278055555556;-40.518888888889;2023;11;22.0;0.0;0.0;0.0;0.0;0.0;0.0;0.0;0.0;0.0;0.0;0.0;0.0;0.0;0.0;0.0;0.0;0.0;0.0;0.0;0.0;22.0;0.0;0.0;0.0;0.0;0.0;0.0;0.0;0.0;0.0;888.0
Nova Russas;NOVA BETANIA;-4.6278055555556;-40.518888888889;2023;12;143.0;0.0;0.0;0.0;0.0;0.0;0.0;0.0;0.0;0.0;0.0;0.0;0.0;0.0;0.0;0.0;0.0;11.0;0.0;0.0;0.0;0.0;12.0;0.0;0.0;0.0;0.0;0.0;0.0;0.0;0.0;120.0
Nova Russas;NOVA BETANIA;-4.6278055555556;-40.518888888889;2024;1;34.0;0.0;11.0;0.0;0.0;0.0;0.0;6.0;0.0;0.0;0.0;0.0;0.0;17.0;0.0;0.0;0.0;0.0;0.0;0.0;0.0;0.0;0.0;0.0;0.0;0.0;0.0;0.0;0.0;0.0;0.0;0.0
Nova Russas;NOVA BETANIA;-4.6278055555556;-40.518888888889;2024;2;227.0;0.0;0.0;12.0;0.0;0.0;0.0;0.0;11.0;0.0;0.0;21.0;0.0;0.0;23.0;27.0;2.0;0.0;15.0;13.0;13.0;0.0;17.0;0.0;0.0;24.0;0.0;49.0;0.0;0.0;888.0;888.0
Nova Russas;NOVA BETANIA;-4.6278055555556;-40.518888888889;2024;3;173.0;0.0;0.0;14.0;11.0;0.0;0.0;0.0;0.0;0.0;0.0;0.0;0.0;9.0;20.0;0.0;0.0;10.0;0.0;0.0;17.0;0.0;0.0;0.0;0.0;0.0;24.0;28.0;0.0;5.0;9.0;26.0
Nova Russas;NOVA BETANIA;-4.6278055555556;-40.518888888889;2024;4;223.0;48.0;0.0;5.0;40.0;8.0;9.0;5.0;50.0;0.0;13.0;0.0;3.0;0.0;11.0;0.0;0.0;0.0;24.0;0.0;0.0;0.0;0.0;7.0;0.0;0.0;0.0;0.0;0.0;0.0;0.0;888.0
Nova Russas;NOVA BETANIA;-4.6278055555556;-40.518888888889;2024;5;24.0;0.0;0.0;0.0;0.0;0.0;0.0;0.0;0.0;0.0;0.0;0.0;0.0;0.0;0.0;0.0;24.0;0.0;0.0;0.0;0.0;0.0;0.0;0.0;0.0;0.0;0.0;0.0;0.0;0.0;0.0;0.0
Nova Russas;NOVA BETANIA;-4.6278055555556;-40.518888888889;2024;6;40.0;11.0;0.0;0.0;0.0;16.0;0.0;0.0;0.0;0.0;0.0;0.0;0.0;0.0;0.0;0.0;13.0;0.0;0.0;0.0;0.0;0.0;0.0;0.0;0.0;0.0;0.0;0.0;0.0;0.0;0.0;888.0
Nova Russas;NOVA BETANIA;-4.6278055555556;-40.518888888889;2024;7;0.0;0.0;0.0;0.0;0.0;0.0;0.0;0.0;0.0;0.0;0.0;0.0;0.0;0.0;0.0;0.0;0.0;0.0;0.0;0.0;0.0;0.0;0.0;0.0;0.0;0.0;0.0;0.0;0.0;0.0;0.0;0.0
Nova Russas;NOVA BETANIA;-4.6278055555556;-40.518888888889;2024;8;0.0;0.0;0.0;0.0;0.0;0.0;0.0;0.0;0.0;0.0;0.0;0.0;0.0;0.0;0.0;0.0;0.0;0.0;0.0;0.0;0.0;0.0;0.0;0.0;0.0;0.0;0.0;0.0;0.0;0.0;0.0;0.0
Nova Russas;NOVA BETANIA;-4.6278055555556;-40.518888888889;2024;9;0.0;0.0;0.0;0.0;0.0;0.0;0.0;0.0;0.0;0.0;0.0;0.0;0.0;0.0;0.0;0.0;0.0;0.0;0.0;0.0;0.0;0.0;0.0;0.0;0.0;0.0;0.0;0.0;0.0;0.0;0.0;888.0
Nova Russas;NOVA BETANIA;-4.6278055555556;-40.518888888889;2024;10;0.0;0.0;0.0;0.0;0.0;0.0;0.0;0.0;0.0;0.0;999.0;999.0;999.0;999.0;999.0;999.0;999.0;999.0;999.0;999.0;999.0;999.0;999.0;999.0;999.0;999.0;999.0;999.0;999.0;999.0;999.0;999.0
