Municipios;Postos;Latitude;Longitude;Anos;Meses;Total;Dia1;Dia2;Dia3;Dia4;Dia5;Dia6;Dia7;Dia8;Dia9;Dia10;Dia11;Dia12;Dia13;Dia14;Dia15;Dia16;Dia17;Dia18;Dia19;Dia20;Dia21;Dia22;Dia23;Dia24;Dia25;Dia26;Dia27;Dia28;Dia29;Dia30;Dia31
São João do Jaguaribe;FAZENDA LOGRADOURO;-5.3888055555556;-38.243694444444;2004;2;36.2;999.0;999.0;999.0;999.0;999.0;999.0;999.0;999.0;999.0;999.0;999.0;999.0;999.0;999.0;999.0;999.0;999.0;999.0;999.0;999.0;999.0;999.0;999.0;34.2;2.0;0.0;0.0;0.0;0.0;888.0;888.0
São João do Jaguaribe;FAZENDA LOGRADOURO;-5.3888055555556;-38.243694444444;2004;3;111.2;10.0;0.0;0.0;0.0;0.0;0.0;11.0;23.4;0.0;0.0;12.0;0.0;0.0;0.0;0.0;10.0;18.6;0.0;0.0;0.0;0.0;26.2;0.0;0.0;0.0;0.0;0.0;0.0;0.0;0.0;0.0
São João do Jaguaribe;FAZENDA LOGRADOURO;-5.3888055555556;-38.243694444444;2004;4;68.4;0.0;0.0;0.0;0.0;0.0;0.0;0.0;0.0;0.0;0.0;0.0;0.0;0.0;0.0;0.0;0.0;0.0;0.0;20.2;0.0;0.0;31.2;0.0;0.0;0.0;17.0;0.0;0.0;0.0;0.0;888.0
São João do Jaguaribe;FAZENDA LOGRADOURO;-5.3888055555556;-38.243694444444;2004;5;62.2;0.0;0.0;0.0;23.0;0.0;0.0;0.0;0.0;0.0;0.0;0.0;0.0;18.0;0.0;0.0;0.0;0.0;13.0;0.0;0.0;0.0;0.0;0.0;0.0;0.0;8.2;0.0;0.0;0.0;0.0;0.0
São João do Jaguaribe;FAZENDA LOGRADOURO;-5.3888055555556;-38.243694444444;2004;6;123.0;0.0;0.0;0.0;54.0;0.0;0.0;0.0;0.0;0.0;0.0;0.0;12.0;0.0;0.0;13.0;0.0;0.0;34.0;0.0;0.0;0.0;0.0;0.0;0.0;0.0;10.0;0.0;0.0;0.0;0.0;888.0
São João do Jaguaribe;FAZENDA LOGRADOURO;-5.3888055555556;-38.243694444444;2004;7;14.0;0.0;0.0;0.0;0.0;0.0;0.0;0.0;0.0;0.0;0.0;0.0;0.0;0.0;0.0;0.0;0.0;14.0;0.0;0.0;0.0;0.0;0.0;0.0;0.0;0.0;0.0;0.0;0.0;0.0;0.0;0.0
São João do Jaguaribe;FAZENDA LOGRADOURO;-5.3888055555556;-38.243694444444;2004;8;0.0;0.0;0.0;0.0;0.0;0.0;0.0;0.0;0.0;0.0;0.0;0.0;0.0;0.0;0.0;0.0;0.0;0.0;0.0;0.0;0.0;0.0;0.0;0.0;0.0;0.0;0.0;0.0;0.0;0.0;0.0;0.0
São João do Jaguaribe;FAZENDA LOGRADOURO;-5.3888055555556;-38.243694444444;2004;9;0.0;0.0;0.0;0.0;0.0;0.0;0.0;0.0;0.0;0.0;0.0;0.0;0.0;0.0;0.0;0.0;0.0;0.0;0.0;0.0;0.0;0.0;0.0;0.0;0.0;0.0;0.0;0.0;0.0;0.0;0.0;888.0
São João do Jaguaribe;FAZENDA LOGRADOURO;-5.3888055555556;-38.243694444444;2004;10;0.0;0.0;0.0;0.0;0.0;0.0;0.0;0.0;0.0;0.0;0.0;0.0;0.0;0.0;0.0;0.0;0.0;0.0;0.0;0.0;0.0;0.0;0.0;0.0;0.0;0.0;0.0;0.0;0.0;0.0;0.0;0.0
São João do Jaguaribe;FAZENDA LOGRADOURO;-5.3888055555556;-38.243694444444;2004;11;6.0;0.0;0.0;0.0;0.0;0.0;0.0;0.0;0.0;0.0;0.0;0.0;0.0;0.0;0.0;0.0;0.0;0.0;0.0;0.0;0.0;6.0;0.0;0.0;0.0;0.0;0.0;0.0;0.0;0.0;0.0;888.0
São João do Jaguaribe;FAZENDA LOGRADOURO;-5.3888055555556;-38.243694444444;2004;12;0.0;0.0;0.0;0.0;0.0;0.0;0.0;0.0;0.0;0.0;0.0;0.0;0.0;0.0;0.0;0.0;0.0;0.0;0.0;0.0;0.0;0.0;0.0;0.0;0.0;0.0;0.0;0.0;0.0;0.0;0.0;0.0
São João do Jaguaribe;FAZENDA LOGRADOURO;-5.3888055555556;-38.243694444444;2005;1;12.0;0.0;0.0;0.0;0.0;0.0;0.0;0.0;0.0;0.0;0.0;0.0;0.0;0.0;0.0;0.0;0.0;0.0;0.0;0.0;9.0;0.0;0.0;0.0;0.0;0.0;3.0;0.0;0.0;0.0;0.0;0.0
São João do Jaguaribe;FAZENDA LOGRADOURO;-5.3888055555556;-38.243694444444;2005;2;29.7;0.0;5.0;0.0;0.0;0.0;0.0;4.2;0.0;0.0;0.0;0.0;0.0;0.0;0.0;0.0;8.0;6.5;6.0;0.0;0.0;0.0;0.0;0.0;0.0;0.0;0.0;0.0;0.0;888.0;888.0;888.0
São João do Jaguaribe;FAZENDA LOGRADOURO;-5.3888055555556;-38.243694444444;2005;3;163.5;0.0;0.0;0.0;0.0;0.0;0.0;0.0;0.0;0.0;0.0;3.0;0.0;0.0;0.0;0.0;0.0;0.0;0.0;41.0;0.0;0.0;0.0;13.5;20.0;0.0;0.0;0.0;12.0;0.0;1.0;73.0
São João do Jaguaribe;FAZENDA LOGRADOURO;-5.3888055555556;-38.243694444444;2005;4;63.4;8.0;0.0;14.0;0.0;0.0;0.0;0.0;4.8;0.0;0.0;4.3;0.0;0.0;0.0;3.0;3.0;0.0;0.0;10.0;2.0;0.0;0.0;0.0;0.0;0.0;0.0;0.0;0.0;14.3;0.0;888.0
São João do Jaguaribe;FAZENDA LOGRADOURO;-5.3888055555556;-38.243694444444;2005;5;86.7;18.2;0.0;0.0;0.0;36.0;0.0;0.0;0.0;0.0;0.0;0.0;10.5;0.0;10.0;0.0;0.0;4.0;0.0;0.0;0.0;0.0;0.0;8.0;0.0;0.0;0.0;0.0;0.0;0.0;0.0;0.0
São João do Jaguaribe;FAZENDA LOGRADOURO;-5.3888055555556;-38.243694444444;2005;6;0.0;0.0;0.0;0.0;0.0;0.0;0.0;0.0;0.0;0.0;0.0;0.0;0.0;0.0;0.0;0.0;0.0;0.0;0.0;0.0;0.0;0.0;0.0;0.0;0.0;0.0;0.0;0.0;0.0;0.0;0.0;888.0
São João do Jaguaribe;FAZENDA LOGRADOURO;-5.3888055555556;-38.243694444444;2005;7;0.0;0.0;0.0;0.0;0.0;0.0;0.0;0.0;0.0;0.0;0.0;0.0;0.0;0.0;0.0;0.0;0.0;0.0;0.0;0.0;0.0;0.0;0.0;0.0;0.0;0.0;0.0;0.0;0.0;0.0;0.0;0.0
São João do Jaguaribe;FAZENDA LOGRADOURO;-5.3888055555556;-38.243694444444;2005;8;0.0;0.0;0.0;0.0;0.0;0.0;0.0;0.0;0.0;0.0;0.0;0.0;0.0;0.0;0.0;0.0;0.0;0.0;0.0;0.0;0.0;0.0;0.0;0.0;0.0;0.0;0.0;0.0;0.0;0.0;0.0;0.0
São João do Jaguaribe;FAZENDA LOGRADOURO;-5.3888055555556;-38.243694444444;2005;9;0.0;0.0;0.0;0.0;0.0;0.0;0.0;0.0;0.0;0.0;0.0;0.0;0.0;0.0;0.0;0.0;0.0;0.0;0.0;0.0;0.0;0.0;0.0;0.0;0.0;0.0;0.0;0.0;0.0;0.0;0.0;888.0
São João do Jaguaribe;FAZENDA LOGRADOURO;-5.3888055555556;-38.243694444444;2005;10;0.0;0.0;0.0;0.0;0.0;0.0;0.0;0.0;0.0;0.0;0.0;0.0;0.0;0.0;0.0;0.0;0.0;0.0;0.0;0.0;0.0;0.0;0.0;0.0;0.0;0.0;0.0;0.0;0.0;0.0;0.0;0.0
São João do Jaguaribe;FAZENDA LOGRADOURO;-5.3888055555556;-38.243694444444;2005;11;0.0;0.0;0.0;0.0;0.0;0.0;0.0;0.0;0.0;0.0;0.0;0.0;0.0;0.0;0.0;0.0;0.0;0.0;0.0;0.0;0.0;0.0;0.0;0.0;0.0;0.0;0.0;0.0;0.0;0.0;0.0;888.0
São João do Jaguaribe;FAZENDA LOGRADOURO;-5.3888055555556;-38.243694444444;2005;12;21.0;0.0;0.0;0.0;0.0;0.0;0.0;0.0;21.0;0.0;0.0;0.0;0.0;0.0;0.0;0.0;0.0;0.0;0.0;0.0;0.0;0.0;0.0;0.0;0.0;0.0;0.0;0.0;0.0;0.0;0.0;0.0
São João do Jaguaribe;FAZENDA LOGRADOURO;-5.3888055555556;-38.243694444444;2006;1;17.0;0.0;0.0;0.0;0.0;0.0;0.0;0.0;0.0;0.0;0.0;0.0;0.0;0.0;0.0;0.0;0.0;0.0;0.0;17.0;0.0;0.0;0.0;0.0;0.0;0.0;0.0;0.0;0.0;0.0;0.0;0.0
São João do Jaguaribe;FAZENDA LOGRADOURO;-5.3888055555556;-38.243694444444;2006;2;127.0;0.0;0.0;0.0;0.0;0.0;0.0;0.0;0.0;0.0;0.0;0.0;0.0;0.0;0.0;6.0;0.0;0.0;0.0;14.0;0.0;0.0;0.0;15.0;9.0;32.0;9.0;30.0;12.0;888.0;888.0;888.0
São João do Jaguaribe;FAZENDA LOGRADOURO;-5.3888055555556;-38.243694444444;2006;3;255.5;15.0;26.0;0.0;14.0;0.0;0.0;0.0;0.0;0.0;0.0;0.0;0.0;0.0;26.0;0.0;0.0;0.0;0.0;27.0;22.0;3.0;0.0;21.5;54.0;10.0;0.0;5.0;32.0;0.0;0.0;0.0
São João do Jaguaribe;FAZENDA LOGRADOURO;-5.3888055555556;-38.243694444444;2006;4;271.0;0.0;15.0;0.0;0.0;13.0;15.0;0.0;10.0;25.0;30.0;0.0;2.0;0.0;0.0;0.0;45.0;0.0;0.0;42.0;48.0;0.0;0.0;0.0;0.0;13.0;8.0;0.0;5.0;0.0;0.0;888.0
São João do Jaguaribe;FAZENDA LOGRADOURO;-5.3888055555556;-38.243694444444;2006;5;137.0;12.0;0.0;0.0;0.0;0.0;27.0;0.0;45.0;13.0;0.0;0.0;0.0;0.0;32.0;0.0;0.0;8.0;0.0;0.0;0.0;0.0;0.0;0.0;0.0;0.0;0.0;0.0;0.0;0.0;0.0;0.0
São João do Jaguaribe;FAZENDA LOGRADOURO;-5.3888055555556;-38.243694444444;2006;6;46.0;0.0;0.0;0.0;0.0;0.0;0.0;0.0;0.0;0.0;0.0;0.0;0.0;37.0;0.0;0.0;0.0;0.0;0.0;0.0;0.0;0.0;0.0;0.0;0.0;0.0;0.0;0.0;6.0;3.0;0.0;888.0
São João do Jaguaribe;FAZENDA LOGRADOURO;-5.3888055555556;-38.243694444444;2006;7;0.0;0.0;0.0;0.0;0.0;0.0;0.0;0.0;0.0;0.0;0.0;0.0;0.0;0.0;0.0;0.0;0.0;0.0;0.0;0.0;0.0;0.0;0.0;0.0;0.0;0.0;0.0;0.0;0.0;0.0;0.0;0.0
São João do Jaguaribe;FAZENDA LOGRADOURO;-5.3888055555556;-38.243694444444;2006;8;0.0;0.0;0.0;0.0;0.0;0.0;0.0;0.0;0.0;0.0;0.0;0.0;0.0;0.0;0.0;0.0;0.0;0.0;0.0;0.0;0.0;0.0;0.0;0.0;0.0;0.0;0.0;0.0;0.0;0.0;0.0;0.0
São João do Jaguaribe;FAZENDA LOGRADOURO;-5.3888055555556;-38.243694444444;2006;9;0.0;0.0;0.0;0.0;0.0;0.0;0.0;0.0;0.0;0.0;0.0;0.0;0.0;0.0;0.0;0.0;0.0;0.0;0.0;0.0;0.0;0.0;0.0;0.0;0.0;0.0;0.0;0.0;0.0;0.0;0.0;888.0
São João do Jaguaribe;FAZENDA LOGRADOURO;-5.3888055555556;-38.243694444444;2006;10;0.0;0.0;0.0;0.0;0.0;0.0;0.0;0.0;0.0;0.0;0.0;0.0;0.0;0.0;0.0;0.0;0.0;0.0;0.0;0.0;0.0;0.0;0.0;0.0;0.0;0.0;0.0;0.0;0.0;0.0;0.0;0.0
São João do Jaguaribe;FAZENDA LOGRADOURO;-5.3888055555556;-38.243694444444;2006;11;0.0;0.0;0.0;0.0;0.0;0.0;0.0;0.0;0.0;0.0;0.0;0.0;0.0;0.0;0.0;0.0;0.0;0.0;0.0;0.0;0.0;0.0;0.0;0.0;0.0;0.0;0.0;0.0;0.0;0.0;0.0;888.0
São João do Jaguaribe;FAZENDA LOGRADOURO;-5.3888055555556;-38.243694444444;2006;12;19.0;0.0;0.0;0.0;0.0;0.0;0.0;0.0;0.0;0.0;0.0;0.0;0.0;0.0;0.0;0.0;0.0;0.0;0.0;0.0;0.0;0.0;0.0;0.0;0.0;0.0;0.0;0.0;0.0;0.0;0.0;19.0
São João do Jaguaribe;FAZENDA LOGRADOURO;-5.3888055555556;-38.243694444444;2007;1;8.0;0.0;0.0;0.0;0.0;8.0;0.0;0.0;0.0;0.0;0.0;0.0;0.0;0.0;0.0;0.0;0.0;0.0;0.0;0.0;0.0;0.0;0.0;0.0;0.0;0.0;0.0;0.0;0.0;0.0;0.0;0.0
São João do Jaguaribe;FAZENDA LOGRADOURO;-5.3888055555556;-38.243694444444;2007;2;171.8;0.0;2.0;0.0;0.0;19.0;3.0;0.0;0.0;0.0;0.0;0.0;3.0;0.0;13.0;5.0;0.0;7.0;41.0;0.0;4.8;10.0;0.0;44.0;20.0;0.0;0.0;0.0;0.0;888.0;888.0;888.0
São João do Jaguaribe;FAZENDA LOGRADOURO;-5.3888055555556;-38.243694444444;2007;3;91.0;43.0;2.0;0.0;0.0;0.0;14.0;0.0;0.0;0.0;0.0;7.0;0.0;0.0;0.0;5.0;7.0;0.0;0.0;0.0;0.0;0.0;0.0;0.0;0.0;0.0;0.0;0.0;0.0;0.0;0.0;13.0
São João do Jaguaribe;FAZENDA LOGRADOURO;-5.3888055555556;-38.243694444444;2007;4;80.0;0.0;0.0;0.0;0.0;0.0;0.0;0.0;0.0;0.0;0.0;0.0;0.0;0.0;0.0;0.0;0.0;0.0;45.0;0.0;0.0;0.0;0.0;35.0;0.0;0.0;0.0;0.0;0.0;0.0;0.0;888.0
São João do Jaguaribe;FAZENDA LOGRADOURO;-5.3888055555556;-38.243694444444;2007;5;24.0;0.0;0.0;0.0;0.0;0.0;0.0;0.0;0.0;0.0;13.0;0.0;0.0;0.0;0.0;0.0;0.0;0.0;0.0;0.0;0.0;0.0;0.0;0.0;0.0;0.0;0.0;0.0;0.0;0.0;11.0;0.0
São João do Jaguaribe;FAZENDA LOGRADOURO;-5.3888055555556;-38.243694444444;2007;6;58.0;0.0;0.0;0.0;0.0;0.0;0.0;45.0;0.0;0.0;0.0;0.0;0.0;5.0;0.0;0.0;0.0;0.0;0.0;0.0;0.0;0.0;0.0;0.0;0.0;0.0;0.0;0.0;0.0;8.0;0.0;888.0
São João do Jaguaribe;FAZENDA LOGRADOURO;-5.3888055555556;-38.243694444444;2007;7;22.0;0.0;0.0;0.0;0.0;0.0;0.0;0.0;0.0;0.0;0.0;0.0;0.0;0.0;0.0;0.0;0.0;0.0;0.0;0.0;22.0;0.0;0.0;0.0;0.0;0.0;0.0;0.0;0.0;0.0;0.0;0.0
São João do Jaguaribe;FAZENDA LOGRADOURO;-5.3888055555556;-38.243694444444;2007;8;0.0;0.0;0.0;0.0;0.0;0.0;0.0;0.0;0.0;0.0;0.0;0.0;0.0;0.0;0.0;0.0;0.0;0.0;0.0;0.0;0.0;0.0;0.0;0.0;0.0;0.0;0.0;0.0;0.0;0.0;0.0;0.0
São João do Jaguaribe;FAZENDA LOGRADOURO;-5.3888055555556;-38.243694444444;2007;9;0.0;0.0;0.0;0.0;0.0;0.0;0.0;0.0;0.0;0.0;0.0;0.0;0.0;0.0;0.0;0.0;0.0;0.0;0.0;0.0;0.0;0.0;0.0;0.0;0.0;0.0;0.0;0.0;0.0;0.0;0.0;888.0
São João do Jaguaribe;FAZENDA LOGRADOURO;-5.3888055555556;-38.243694444444;2007;10;0.0;0.0;0.0;0.0;0.0;0.0;0.0;0.0;0.0;0.0;0.0;0.0;0.0;0.0;0.0;0.0;0.0;0.0;0.0;0.0;0.0;0.0;0.0;0.0;0.0;0.0;0.0;0.0;0.0;0.0;0.0;0.0
São João do Jaguaribe;FAZENDA LOGRADOURO;-5.3888055555556;-38.243694444444;2007;11;0.0;0.0;0.0;0.0;0.0;0.0;0.0;0.0;0.0;0.0;0.0;0.0;0.0;0.0;0.0;0.0;0.0;0.0;0.0;0.0;0.0;0.0;0.0;0.0;0.0;0.0;0.0;0.0;0.0;0.0;0.0;888.0
São João do Jaguaribe;FAZENDA LOGRADOURO;-5.3888055555556;-38.243694444444;2007;12;0.0;0.0;0.0;0.0;0.0;0.0;0.0;0.0;0.0;0.0;0.0;0.0;0.0;0.0;0.0;0.0;0.0;0.0;0.0;0.0;0.0;0.0;0.0;0.0;0.0;0.0;0.0;0.0;0.0;0.0;0.0;0.0
São João do Jaguaribe;FAZENDA LOGRADOURO;-5.3888055555556;-38.243694444444;2008;1;85.7;0.0;0.0;0.0;0.0;0.0;0.0;0.0;0.0;0.0;0.0;0.0;3.0;0.0;0.0;0.0;9.0;0.0;0.0;0.0;0.0;0.0;0.0;12.0;11.0;0.0;4.4;25.3;21.0;0.0;0.0;0.0
São João do Jaguaribe;FAZENDA LOGRADOURO;-5.3888055555556;-38.243694444444;2008;2;0.0;0.0;0.0;0.0;0.0;0.0;0.0;0.0;0.0;0.0;0.0;0.0;0.0;0.0;0.0;0.0;0.0;0.0;0.0;0.0;0.0;0.0;0.0;0.0;0.0;0.0;0.0;0.0;0.0;0.0;888.0;888.0
São João do Jaguaribe;FAZENDA LOGRADOURO;-5.3888055555556;-38.243694444444;2008;3;316.5;0.0;0.0;0.0;0.0;35.0;0.0;0.0;16.0;0.0;0.0;0.0;0.0;0.0;0.0;0.0;11.0;30.0;0.0;0.0;4.5;45.0;16.0;0.0;75.0;0.0;0.0;50.0;4.0;0.0;20.0;10.0
São João do Jaguaribe;FAZENDA LOGRADOURO;-5.3888055555556;-38.243694444444;2008;4;282.5;34.0;0.0;66.5;0.0;0.0;5.0;0.0;0.0;17.0;0.0;0.0;45.0;0.0;25.0;15.0;0.0;0.0;0.0;0.0;0.0;10.0;0.0;0.0;0.0;15.0;0.0;0.0;20.0;30.0;0.0;888.0
São João do Jaguaribe;FAZENDA LOGRADOURO;-5.3888055555556;-38.243694444444;2008;5;148.0;0.0;0.0;0.0;0.0;0.0;0.0;0.0;0.0;0.0;94.0;0.0;0.0;20.0;0.0;0.0;0.0;0.0;4.0;0.0;0.0;0.0;0.0;0.0;4.0;0.0;0.0;0.0;0.0;26.0;0.0;0.0
São João do Jaguaribe;FAZENDA LOGRADOURO;-5.3888055555556;-38.243694444444;2008;6;10.0;0.0;0.0;0.0;0.0;0.0;0.0;0.0;0.0;7.0;0.0;0.0;0.0;0.0;0.0;0.0;3.0;0.0;0.0;0.0;0.0;0.0;0.0;0.0;0.0;0.0;0.0;0.0;0.0;0.0;0.0;888.0
São João do Jaguaribe;FAZENDA LOGRADOURO;-5.3888055555556;-38.243694444444;2008;7;7.0;1.0;6.0;0.0;0.0;0.0;0.0;0.0;0.0;0.0;0.0;0.0;0.0;0.0;0.0;0.0;0.0;0.0;0.0;0.0;0.0;0.0;0.0;0.0;0.0;0.0;0.0;0.0;0.0;0.0;0.0;0.0
São João do Jaguaribe;FAZENDA LOGRADOURO;-5.3888055555556;-38.243694444444;2008;8;0.0;0.0;0.0;0.0;0.0;0.0;0.0;0.0;0.0;0.0;0.0;0.0;0.0;0.0;0.0;0.0;0.0;0.0;0.0;0.0;0.0;0.0;0.0;0.0;0.0;0.0;0.0;0.0;0.0;0.0;0.0;0.0
São João do Jaguaribe;FAZENDA LOGRADOURO;-5.3888055555556;-38.243694444444;2008;9;0.0;0.0;0.0;0.0;0.0;0.0;0.0;0.0;0.0;0.0;0.0;0.0;0.0;0.0;0.0;0.0;0.0;0.0;0.0;0.0;0.0;0.0;0.0;0.0;0.0;0.0;0.0;0.0;0.0;0.0;0.0;888.0
São João do Jaguaribe;FAZENDA LOGRADOURO;-5.3888055555556;-38.243694444444;2008;10;0.0;0.0;0.0;0.0;0.0;0.0;0.0;0.0;0.0;0.0;0.0;0.0;0.0;0.0;0.0;0.0;0.0;0.0;0.0;0.0;0.0;0.0;0.0;0.0;0.0;0.0;0.0;0.0;0.0;0.0;0.0;0.0
São João do Jaguaribe;FAZENDA LOGRADOURO;-5.3888055555556;-38.243694444444;2008;11;0.0;0.0;0.0;0.0;0.0;0.0;0.0;0.0;0.0;0.0;0.0;0.0;0.0;0.0;0.0;0.0;0.0;0.0;0.0;0.0;0.0;0.0;0.0;0.0;0.0;0.0;0.0;0.0;0.0;0.0;0.0;888.0
São João do Jaguaribe;FAZENDA LOGRADOURO;-5.3888055555556;-38.243694444444;2008;12;0.0;0.0;0.0;0.0;0.0;0.0;0.0;0.0;0.0;0.0;0.0;0.0;0.0;0.0;0.0;0.0;0.0;0.0;0.0;0.0;0.0;0.0;0.0;0.0;0.0;0.0;0.0;0.0;0.0;0.0;0.0;0.0
São João do Jaguaribe;FAZENDA LOGRADOURO;-5.3888055555556;-38.243694444444;2009;1;71.5;0.0;0.0;0.0;0.0;0.0;0.0;0.0;0.0;0.0;0.0;0.0;0.0;0.0;0.0;0.0;0.0;0.0;0.0;0.0;0.0;5.0;19.0;21.0;0.0;6.0;0.0;0.0;0.0;0.0;0.0;20.5
São João do Jaguaribe;FAZENDA LOGRADOURO;-5.3888055555556;-38.243694444444;2009;2;130.0;0.0;32.0;19.0;10.0;0.0;0.0;0.0;3.0;0.0;0.0;0.0;0.0;3.0;0.0;0.0;0.0;0.0;0.0;0.0;32.0;20.0;0.0;11.0;0.0;0.0;0.0;0.0;0.0;888.0;888.0;888.0
São João do Jaguaribe;FAZENDA LOGRADOURO;-5.3888055555556;-38.243694444444;2009;3;250.0;28.0;10.0;10.0;13.0;5.0;0.0;0.0;0.0;0.0;0.0;0.0;0.0;85.0;15.0;7.0;4.0;33.0;0.0;0.0;0.0;0.0;0.0;0.0;0.0;25.0;15.0;0.0;0.0;0.0;0.0;0.0
São João do Jaguaribe;FAZENDA LOGRADOURO;-5.3888055555556;-38.243694444444;2009;4;263.0;1.0;0.0;45.0;0.0;11.0;0.0;0.0;0.0;0.0;0.0;0.0;0.0;29.0;0.0;0.0;11.0;0.0;0.0;7.0;12.0;35.0;10.0;50.0;0.0;0.0;11.0;0.0;21.0;0.0;20.0;888.0
São João do Jaguaribe;FAZENDA LOGRADOURO;-5.3888055555556;-38.243694444444;2009;5;217.0;0.0;0.0;16.0;0.0;13.0;30.0;36.0;0.0;0.0;0.0;24.0;0.0;20.0;0.0;0.0;0.0;12.0;0.0;0.0;0.0;0.0;11.0;0.0;6.0;14.0;20.0;15.0;0.0;0.0;0.0;0.0
São João do Jaguaribe;FAZENDA LOGRADOURO;-5.3888055555556;-38.243694444444;2009;6;81.0;0.0;0.0;0.0;0.0;0.0;20.0;0.0;0.0;0.0;0.0;0.0;0.0;0.0;11.0;0.0;0.0;0.0;0.0;0.0;35.0;0.0;0.0;0.0;0.0;0.0;6.0;6.0;3.0;0.0;0.0;888.0
São João do Jaguaribe;FAZENDA LOGRADOURO;-5.3888055555556;-38.243694444444;2009;7;23.0;0.0;0.0;0.0;0.0;3.0;0.0;0.0;0.0;0.0;0.0;0.0;0.0;0.0;0.0;0.0;0.0;0.0;0.0;0.0;0.0;0.0;0.0;20.0;0.0;0.0;0.0;0.0;0.0;0.0;0.0;0.0
São João do Jaguaribe;FAZENDA LOGRADOURO;-5.3888055555556;-38.243694444444;2009;8;56.0;0.0;0.0;0.0;0.0;0.0;0.0;0.0;20.0;0.0;15.0;0.0;0.0;0.0;0.0;0.0;0.0;0.0;0.0;0.0;0.0;0.0;0.0;0.0;0.0;0.0;21.0;0.0;0.0;0.0;0.0;0.0
São João do Jaguaribe;FAZENDA LOGRADOURO;-5.3888055555556;-38.243694444444;2009;9;0.0;0.0;0.0;0.0;0.0;0.0;0.0;0.0;0.0;0.0;0.0;0.0;0.0;0.0;0.0;0.0;0.0;0.0;0.0;0.0;0.0;0.0;0.0;0.0;0.0;0.0;0.0;0.0;0.0;0.0;0.0;888.0
São João do Jaguaribe;FAZENDA LOGRADOURO;-5.3888055555556;-38.243694444444;2009;10;0.0;0.0;0.0;0.0;0.0;0.0;0.0;0.0;0.0;0.0;0.0;0.0;0.0;0.0;0.0;0.0;0.0;0.0;0.0;0.0;0.0;0.0;0.0;0.0;0.0;0.0;0.0;0.0;0.0;0.0;0.0;0.0
São João do Jaguaribe;FAZENDA LOGRADOURO;-5.3888055555556;-38.243694444444;2009;11;0.0;0.0;0.0;0.0;0.0;0.0;0.0;0.0;0.0;0.0;0.0;0.0;0.0;0.0;0.0;0.0;0.0;0.0;0.0;0.0;0.0;0.0;0.0;0.0;0.0;0.0;0.0;0.0;0.0;0.0;0.0;888.0
São João do Jaguaribe;FAZENDA LOGRADOURO;-5.3888055555556;-38.243694444444;2009;12;17.0;0.0;0.0;0.0;0.0;0.0;0.0;0.0;0.0;0.0;0.0;0.0;7.0;0.0;0.0;0.0;0.0;0.0;0.0;0.0;0.0;0.0;0.0;0.0;0.0;10.0;0.0;0.0;0.0;0.0;0.0;0.0
São João do Jaguaribe;FAZENDA LOGRADOURO;-5.3888055555556;-38.243694444444;2010;1;77.2;0.0;0.0;20.0;0.0;0.0;0.0;0.0;0.0;0.0;0.0;0.0;0.0;0.0;0.0;0.0;0.0;0.0;0.0;0.0;26.2;0.0;0.0;0.0;0.0;0.0;0.0;31.0;0.0;0.0;0.0;0.0
São João do Jaguaribe;FAZENDA LOGRADOURO;-5.3888055555556;-38.243694444444;2010;2;23.0;0.0;0.0;0.0;0.0;0.0;0.0;0.0;0.0;0.0;0.0;0.0;0.0;0.0;0.0;0.0;23.0;0.0;0.0;0.0;0.0;0.0;0.0;0.0;0.0;0.0;0.0;0.0;0.0;888.0;888.0;888.0
São João do Jaguaribe;FAZENDA LOGRADOURO;-5.3888055555556;-38.243694444444;2010;3;67.0;0.0;0.0;0.0;0.0;0.0;0.0;0.0;0.0;0.0;0.0;0.0;0.0;0.0;0.0;0.0;0.0;0.0;0.0;0.0;19.0;0.0;0.0;0.0;0.0;0.0;0.0;0.0;20.0;28.0;0.0;0.0
São João do Jaguaribe;FAZENDA LOGRADOURO;-5.3888055555556;-38.243694444444;2010;4;75.0;0.0;10.0;0.0;0.0;0.0;0.0;0.0;0.0;0.0;20.0;0.0;0.0;0.0;0.0;0.0;0.0;0.0;0.0;25.0;20.0;0.0;0.0;0.0;0.0;0.0;0.0;0.0;0.0;0.0;0.0;888.0
São João do Jaguaribe;FAZENDA LOGRADOURO;-5.3888055555556;-38.243694444444;2010;5;35.0;0.0;0.0;0.0;0.0;0.0;0.0;0.0;0.0;0.0;0.0;0.0;0.0;25.0;0.0;0.0;0.0;0.0;0.0;0.0;0.0;0.0;0.0;0.0;10.0;0.0;0.0;0.0;0.0;0.0;0.0;0.0
São João do Jaguaribe;FAZENDA LOGRADOURO;-5.3888055555556;-38.243694444444;2010;10;55.0;0.0;0.0;0.0;0.0;0.0;0.0;0.0;0.0;0.0;0.0;0.0;0.0;0.0;0.0;0.0;0.0;0.0;0.0;0.0;0.0;0.0;0.0;55.0;0.0;0.0;0.0;0.0;0.0;0.0;0.0;0.0
São João do Jaguaribe;FAZENDA LOGRADOURO;-5.3888055555556;-38.243694444444;2011;1;168.0;0.0;0.0;0.0;0.0;0.0;0.0;0.0;0.0;108.0;0.0;0.0;0.0;0.0;0.0;0.0;0.0;0.0;0.0;0.0;5.0;55.0;0.0;0.0;0.0;0.0;0.0;0.0;0.0;0.0;0.0;0.0
São João do Jaguaribe;FAZENDA LOGRADOURO;-5.3888055555556;-38.243694444444;2011;2;138.0;0.0;0.0;0.0;0.0;0.0;0.0;0.0;0.0;0.0;0.0;0.0;0.0;0.0;5.0;5.0;0.0;0.0;0.0;0.0;37.0;15.0;0.0;0.0;0.0;0.0;0.0;32.0;44.0;888.0;888.0;888.0
São João do Jaguaribe;FAZENDA LOGRADOURO;-5.3888055555556;-38.243694444444;2011;3;136.0;0.0;40.0;0.0;0.0;0.0;0.0;13.0;0.0;34.0;0.0;19.0;3.0;0.0;0.0;0.0;0.0;0.0;0.0;0.0;0.0;0.0;0.0;0.0;0.0;10.0;0.0;12.0;5.0;0.0;0.0;0.0
São João do Jaguaribe;FAZENDA LOGRADOURO;-5.3888055555556;-38.243694444444;2011;4;137.0;0.0;0.0;8.0;0.0;29.0;3.0;0.0;0.0;0.0;0.0;0.0;30.0;0.0;23.0;0.0;0.0;0.0;0.0;0.0;0.0;0.0;0.0;14.0;0.0;10.0;5.0;0.0;15.0;0.0;0.0;888.0
São João do Jaguaribe;FAZENDA LOGRADOURO;-5.3888055555556;-38.243694444444;2011;5;47.0;0.0;5.0;0.0;0.0;25.0;0.0;0.0;0.0;6.0;0.0;7.0;0.0;0.0;0.0;0.0;0.0;0.0;0.0;0.0;0.0;0.0;0.0;0.0;4.0;0.0;0.0;0.0;0.0;0.0;0.0;0.0
São João do Jaguaribe;FAZENDA LOGRADOURO;-5.3888055555556;-38.243694444444;2011;6;17.0;0.0;0.0;0.0;0.0;0.0;0.0;0.0;0.0;0.0;0.0;0.0;0.0;0.0;0.0;0.0;0.0;0.0;7.0;0.0;0.0;0.0;10.0;0.0;0.0;0.0;0.0;0.0;0.0;0.0;0.0;888.0
São João do Jaguaribe;FAZENDA LOGRADOURO;-5.3888055555556;-38.243694444444;2011;7;135.0;0.0;0.0;5.0;0.0;0.0;0.0;0.0;0.0;0.0;0.0;0.0;0.0;45.0;0.0;0.0;39.0;46.0;0.0;0.0;0.0;0.0;0.0;0.0;0.0;0.0;0.0;0.0;0.0;0.0;0.0;0.0
São João do Jaguaribe;FAZENDA LOGRADOURO;-5.3888055555556;-38.243694444444;2011;8;10.0;0.0;0.0;0.0;0.0;10.0;0.0;0.0;0.0;0.0;0.0;0.0;0.0;0.0;0.0;0.0;0.0;0.0;0.0;0.0;0.0;0.0;0.0;0.0;0.0;0.0;0.0;0.0;0.0;0.0;0.0;0.0
São João do Jaguaribe;FAZENDA LOGRADOURO;-5.3888055555556;-38.243694444444;2011;9;0.0;0.0;0.0;0.0;0.0;0.0;0.0;0.0;0.0;0.0;0.0;0.0;0.0;0.0;0.0;0.0;0.0;0.0;0.0;0.0;0.0;0.0;0.0;0.0;0.0;0.0;0.0;0.0;0.0;0.0;0.0;888.0
São João do Jaguaribe;FAZENDA LOGRADOURO;-5.3888055555556;-38.243694444444;2011;10;119.0;0.0;0.0;0.0;0.0;0.0;0.0;0.0;0.0;0.0;0.0;0.0;0.0;0.0;0.0;0.0;0.0;0.0;0.0;0.0;0.0;119.0;0.0;0.0;0.0;0.0;0.0;0.0;0.0;0.0;0.0;0.0
São João do Jaguaribe;FAZENDA LOGRADOURO;-5.3888055555556;-38.243694444444;2011;11;0.0;0.0;0.0;0.0;0.0;0.0;0.0;0.0;0.0;0.0;0.0;0.0;0.0;0.0;0.0;0.0;0.0;0.0;0.0;0.0;0.0;0.0;0.0;0.0;0.0;0.0;0.0;0.0;0.0;0.0;0.0;888.0
São João do Jaguaribe;FAZENDA LOGRADOURO;-5.3888055555556;-38.243694444444;2011;12;3.0;0.0;0.0;0.0;0.0;0.0;0.0;0.0;0.0;0.0;0.0;0.0;0.0;0.0;0.0;0.0;0.0;0.0;0.0;0.0;0.0;0.0;0.0;0.0;0.0;3.0;0.0;0.0;0.0;0.0;0.0;0.0
São João do Jaguaribe;FAZENDA LOGRADOURO;-5.3888055555556;-38.243694444444;2012;1;21.0;0.0;0.0;0.0;0.0;0.0;0.0;0.0;0.0;0.0;0.0;0.0;0.0;0.0;0.0;0.0;0.0;0.0;0.0;0.0;0.0;0.0;0.0;0.0;10.0;11.0;0.0;0.0;0.0;0.0;0.0;0.0
São João do Jaguaribe;FAZENDA LOGRADOURO;-5.3888055555556;-38.243694444444;2012;2;97.0;0.0;0.0;0.0;0.0;0.0;0.0;0.0;0.0;0.0;3.0;0.0;0.0;0.0;42.0;0.0;0.0;0.0;11.0;32.0;0.0;9.0;0.0;0.0;0.0;0.0;0.0;0.0;0.0;0.0;888.0;888.0
São João do Jaguaribe;FAZENDA LOGRADOURO;-5.3888055555556;-38.243694444444;2012;3;56.0;0.0;0.0;0.0;0.0;0.0;0.0;0.0;7.0;19.0;10.0;0.0;0.0;0.0;0.0;0.0;0.0;0.0;0.0;0.0;0.0;0.0;0.0;0.0;0.0;0.0;16.0;0.0;0.0;0.0;4.0;0.0
São João do Jaguaribe;FAZENDA LOGRADOURO;-5.3888055555556;-38.243694444444;2012;4;17.0;0.0;0.0;0.0;0.0;0.0;0.0;0.0;0.0;0.0;0.0;0.0;0.0;0.0;0.0;0.0;0.0;0.0;0.0;0.0;0.0;0.0;0.0;0.0;0.0;0.0;17.0;0.0;0.0;0.0;0.0;888.0
São João do Jaguaribe;FAZENDA LOGRADOURO;-5.3888055555556;-38.243694444444;2012;5;4.0;0.0;0.0;0.0;0.0;0.0;0.0;0.0;0.0;0.0;0.0;0.0;0.0;0.0;0.0;0.0;4.0;0.0;0.0;0.0;0.0;0.0;0.0;0.0;0.0;0.0;0.0;0.0;0.0;0.0;0.0;0.0
São João do Jaguaribe;FAZENDA LOGRADOURO;-5.3888055555556;-38.243694444444;2012;6;38.0;0.0;0.0;0.0;0.0;0.0;0.0;0.0;0.0;0.0;0.0;0.0;0.0;0.0;0.0;0.0;0.0;0.0;0.0;0.0;0.0;0.0;3.0;0.0;0.0;0.0;0.0;0.0;0.0;35.0;0.0;888.0
São João do Jaguaribe;FAZENDA LOGRADOURO;-5.3888055555556;-38.243694444444;2012;7;10.0;0.0;0.0;10.0;999.0;999.0;999.0;999.0;999.0;999.0;999.0;999.0;999.0;999.0;999.0;999.0;999.0;999.0;999.0;999.0;999.0;999.0;999.0;999.0;999.0;999.0;999.0;999.0;999.0;999.0;999.0;999.0
São João do Jaguaribe;FAZENDA LOGRADOURO;-5.3888055555556;-38.243694444444;2013;1;11.0;0.0;0.0;0.0;0.0;4.0;0.0;0.0;0.0;0.0;0.0;0.0;0.0;0.0;0.0;0.0;0.0;0.0;0.0;0.0;0.0;0.0;0.0;7.0;0.0;0.0;0.0;0.0;0.0;0.0;0.0;0.0
São João do Jaguaribe;FAZENDA LOGRADOURO;-5.3888055555556;-38.243694444444;2013;2;59.0;0.0;0.0;0.0;0.0;0.0;0.0;0.0;0.0;0.0;0.0;0.0;24.0;0.0;0.0;0.0;0.0;15.0;2.5;11.5;0.0;0.0;0.0;6.0;0.0;0.0;0.0;0.0;0.0;888.0;888.0;888.0
São João do Jaguaribe;FAZENDA LOGRADOURO;-5.3888055555556;-38.243694444444;2013;3;21.5;0.0;0.0;0.0;0.0;0.0;0.0;0.0;0.0;0.0;0.0;0.0;0.0;0.0;0.0;0.0;0.0;0.0;0.0;0.0;18.0;0.0;0.0;1.5;0.0;2.0;0.0;0.0;0.0;0.0;0.0;0.0
São João do Jaguaribe;FAZENDA LOGRADOURO;-5.3888055555556;-38.243694444444;2013;4;172.5;0.0;0.0;0.0;0.0;0.0;0.0;0.0;0.0;18.0;0.0;0.0;0.0;0.0;0.0;0.0;9.0;0.0;0.0;21.5;53.0;0.0;0.0;29.0;17.0;0.0;0.0;25.0;0.0;0.0;0.0;888.0
São João do Jaguaribe;FAZENDA LOGRADOURO;-5.3888055555556;-38.243694444444;2014;8;0.0;0.0;0.0;0.0;0.0;0.0;0.0;0.0;0.0;0.0;0.0;0.0;0.0;0.0;0.0;0.0;0.0;0.0;0.0;0.0;0.0;0.0;0.0;0.0;0.0;0.0;0.0;0.0;0.0;0.0;0.0;0.0
São João do Jaguaribe;FAZENDA LOGRADOURO;-5.3888055555556;-38.243694444444;2014;9;0.0;0.0;0.0;0.0;0.0;0.0;0.0;0.0;0.0;0.0;0.0;0.0;0.0;0.0;0.0;0.0;0.0;0.0;0.0;0.0;0.0;0.0;0.0;0.0;0.0;0.0;0.0;0.0;0.0;0.0;0.0;888.0
São João do Jaguaribe;FAZENDA LOGRADOURO;-5.3888055555556;-38.243694444444;2014;10;0.0;0.0;0.0;0.0;0.0;0.0;0.0;0.0;0.0;0.0;0.0;0.0;0.0;0.0;0.0;0.0;0.0;0.0;0.0;0.0;0.0;0.0;0.0;0.0;0.0;0.0;0.0;0.0;0.0;0.0;0.0;0.0
São João do Jaguaribe;FAZENDA LOGRADOURO;-5.3888055555556;-38.243694444444;2014;11;0.0;0.0;0.0;0.0;0.0;0.0;0.0;0.0;0.0;0.0;0.0;0.0;0.0;0.0;0.0;0.0;0.0;0.0;0.0;0.0;0.0;0.0;0.0;0.0;0.0;0.0;0.0;0.0;0.0;0.0;0.0;888.0
São João do Jaguaribe;FAZENDA LOGRADOURO;-5.3888055555556;-38.243694444444;2014;12;0.0;0.0;0.0;0.0;0.0;0.0;0.0;0.0;0.0;0.0;0.0;0.0;0.0;0.0;0.0;0.0;0.0;0.0;0.0;0.0;0.0;0.0;0.0;0.0;0.0;0.0;0.0;0.0;0.0;0.0;0.0;0.0
São João do Jaguaribe;FAZENDA LOGRADOURO;-5.3888055555556;-38.243694444444;2015;1;0.0;0.0;0.0;0.0;0.0;0.0;0.0;0.0;0.0;0.0;0.0;0.0;0.0;0.0;0.0;0.0;0.0;0.0;0.0;0.0;0.0;0.0;0.0;0.0;0.0;0.0;0.0;0.0;0.0;0.0;0.0;0.0
São João do Jaguaribe;FAZENDA LOGRADOURO;-5.3888055555556;-38.243694444444;2015;2;39.0;0.0;0.0;0.0;0.0;12.0;0.0;0.0;0.0;0.0;0.0;0.0;0.0;0.0;0.0;0.0;0.0;0.0;0.0;0.0;27.0;999.0;999.0;999.0;999.0;999.0;999.0;999.0;999.0;888.0;888.0;888.0
São João do Jaguaribe;FAZENDA LOGRADOURO;-5.3888055555556;-38.243694444444;2016;12;40.0;0.0;0.0;0.0;0.0;0.0;0.0;0.0;0.0;0.0;0.0;0.0;0.0;0.0;0.0;0.0;0.0;0.0;0.0;13.0;0.0;3.0;0.0;0.0;0.0;0.0;24.0;999.0;999.0;999.0;999.0;999.0
São João do Jaguaribe;FAZENDA LOGRADOURO;-5.3888055555556;-38.243694444444;2017;3;121.0;0.0;0.0;0.0;22.0;0.0;0.0;0.0;0.0;0.0;0.0;0.0;0.0;0.0;0.0;0.0;0.0;0.0;0.0;0.0;0.0;0.0;0.0;45.0;40.0;0.0;0.0;0.0;0.0;0.0;0.0;14.0
São João do Jaguaribe;FAZENDA LOGRADOURO;-5.3888055555556;-38.243694444444;2017;4;50.0;21.0;0.0;9.0;0.0;0.0;0.0;0.0;0.0;0.0;0.0;0.0;20.0;999.0;999.0;999.0;999.0;999.0;999.0;999.0;999.0;999.0;999.0;999.0;999.0;999.0;999.0;999.0;999.0;999.0;999.0;888.0
São João do Jaguaribe;FAZENDA LOGRADOURO;-5.3888055555556;-38.243694444444;2018;1;86.0;0.0;0.0;0.0;0.0;0.0;0.0;0.0;0.0;0.0;12.0;0.0;0.0;4.0;0.0;0.0;0.0;0.0;28.0;27.0;11.5;0.0;0.0;0.0;0.0;0.0;0.0;3.5;0.0;0.0;0.0;0.0
São João do Jaguaribe;FAZENDA LOGRADOURO;-5.3888055555556;-38.243694444444;2018;2;159.5;0.0;0.0;0.0;0.0;0.0;2.0;0.0;7.5;0.0;43.5;0.0;4.0;0.0;58.0;9.0;2.5;0.0;0.0;0.0;8.5;0.0;0.0;0.0;0.0;0.0;6.0;3.5;15.0;888.0;888.0;888.0
São João do Jaguaribe;FAZENDA LOGRADOURO;-5.3888055555556;-38.243694444444;2018;3;58.5;0.0;6.0;0.0;0.0;4.0;0.0;0.0;0.0;8.0;0.0;0.0;0.0;15.5;0.0;0.0;0.0;0.0;0.0;0.0;0.0;0.0;0.0;0.0;0.0;0.0;0.0;0.0;25.0;999.0;999.0;999.0
São João do Jaguaribe;FAZENDA LOGRADOURO;-5.3888055555556;-38.243694444444;2018;4;184.0;0.0;26.0;0.0;0.0;0.0;0.0;52.0;0.0;0.0;0.0;11.0;46.0;0.0;0.0;0.0;0.0;26.0;0.0;10.0;0.0;0.0;4.0;9.0;0.0;0.0;0.0;0.0;0.0;0.0;0.0;888.0
São João do Jaguaribe;FAZENDA LOGRADOURO;-5.3888055555556;-38.243694444444;2018;5;51.0;0.0;0.0;0.0;0.0;0.0;0.0;0.0;0.0;0.0;0.0;0.0;0.0;0.0;0.0;0.0;0.0;31.0;20.0;0.0;0.0;0.0;0.0;0.0;0.0;0.0;0.0;0.0;0.0;0.0;0.0;0.0
São João do Jaguaribe;FAZENDA LOGRADOURO;-5.3888055555556;-38.243694444444;2018;6;0.0;0.0;0.0;0.0;0.0;0.0;0.0;0.0;0.0;0.0;0.0;0.0;0.0;0.0;0.0;0.0;0.0;0.0;0.0;0.0;0.0;0.0;0.0;0.0;0.0;0.0;0.0;0.0;0.0;0.0;0.0;888.0
São João do Jaguaribe;FAZENDA LOGRADOURO;-5.3888055555556;-38.243694444444;2018;7;7.0;0.0;0.0;0.0;0.0;0.0;0.0;7.0;0.0;0.0;0.0;0.0;0.0;0.0;0.0;0.0;0.0;0.0;0.0;0.0;0.0;0.0;0.0;0.0;0.0;0.0;0.0;0.0;0.0;0.0;0.0;0.0
São João do Jaguaribe;FAZENDA LOGRADOURO;-5.3888055555556;-38.243694444444;2018;8;0.0;0.0;0.0;0.0;0.0;0.0;0.0;0.0;0.0;0.0;0.0;0.0;0.0;0.0;0.0;0.0;0.0;0.0;0.0;0.0;0.0;0.0;0.0;0.0;0.0;0.0;0.0;0.0;0.0;0.0;0.0;0.0
São João do Jaguaribe;FAZENDA LOGRADOURO;-5.3888055555556;-38.243694444444;2018;9;0.0;0.0;0.0;0.0;0.0;0.0;0.0;0.0;0.0;0.0;0.0;0.0;0.0;0.0;0.0;0.0;0.0;0.0;0.0;0.0;0.0;0.0;0.0;0.0;0.0;0.0;0.0;0.0;0.0;0.0;0.0;888.0
São João do Jaguaribe;FAZENDA LOGRADOURO;-5.3888055555556;-38.243694444444;2018;10;0.0;0.0;0.0;0.0;0.0;0.0;0.0;0.0;0.0;0.0;0.0;0.0;0.0;0.0;0.0;0.0;0.0;0.0;0.0;0.0;0.0;0.0;0.0;0.0;0.0;0.0;0.0;0.0;0.0;0.0;0.0;0.0
São João do Jaguaribe;FAZENDA LOGRADOURO;-5.3888055555556;-38.243694444444;2018;11;0.0;0.0;0.0;0.0;0.0;0.0;0.0;0.0;0.0;0.0;0.0;0.0;0.0;0.0;0.0;0.0;0.0;0.0;0.0;0.0;0.0;0.0;0.0;0.0;0.0;0.0;0.0;0.0;0.0;0.0;0.0;888.0
São João do Jaguaribe;FAZENDA LOGRADOURO;-5.3888055555556;-38.243694444444;2018;12;10.0;0.0;0.0;0.0;0.0;0.0;0.0;0.0;0.0;0.0;10.0;0.0;0.0;0.0;0.0;0.0;0.0;0.0;0.0;0.0;0.0;0.0;0.0;0.0;0.0;0.0;0.0;0.0;0.0;0.0;0.0;0.0
São João do Jaguaribe;FAZENDA LOGRADOURO;-5.3888055555556;-38.243694444444;2019;1;78.0;0.0;0.0;4.0;5.0;1.0;0.0;0.0;14.0;0.0;6.0;0.0;0.0;0.0;0.0;17.0;0.0;0.0;18.0;0.0;0.0;0.0;0.0;0.0;0.0;0.0;0.0;3.0;10.0;0.0;0.0;0.0
São João do Jaguaribe;FAZENDA LOGRADOURO;-5.3888055555556;-38.243694444444;2019;2;168.5;0.0;0.0;0.0;21.0;0.0;18.0;34.0;0.0;0.0;0.0;0.0;0.0;0.0;48.0;0.0;12.0;0.0;7.5;3.0;0.0;0.0;0.0;0.0;25.0;0.0;0.0;0.0;0.0;888.0;888.0;888.0
São João do Jaguaribe;FAZENDA LOGRADOURO;-5.3888055555556;-38.243694444444;2019;3;196.5;0.0;67.0;0.0;0.0;0.0;0.0;0.0;0.0;0.0;0.0;0.0;8.0;25.0;0.0;0.0;0.0;0.0;0.0;0.0;0.0;9.0;0.0;7.0;0.0;0.0;0.0;8.0;34.0;33.0;0.0;5.5
São João do Jaguaribe;FAZENDA LOGRADOURO;-5.3888055555556;-38.243694444444;2019;4;181.5;64.0;0.0;0.0;7.0;15.0;0.0;0.0;0.0;0.0;0.0;0.0;32.0;5.5;0.0;0.0;0.0;0.0;0.0;0.0;0.0;25.0;0.0;0.0;0.0;16.0;0.0;0.0;0.0;0.0;17.0;888.0
São João do Jaguaribe;FAZENDA LOGRADOURO;-5.3888055555556;-38.243694444444;2019;5;62.0;32.0;13.0;0.0;0.0;0.0;0.0;0.0;0.0;0.0;0.0;0.0;0.0;0.0;0.0;2.0;0.0;0.0;0.0;0.0;0.0;0.0;15.0;0.0;0.0;0.0;0.0;0.0;0.0;0.0;0.0;0.0
São João do Jaguaribe;FAZENDA LOGRADOURO;-5.3888055555556;-38.243694444444;2019;6;0.0;0.0;0.0;0.0;0.0;0.0;0.0;0.0;0.0;0.0;0.0;0.0;0.0;0.0;0.0;0.0;0.0;0.0;0.0;0.0;0.0;0.0;0.0;0.0;0.0;0.0;0.0;0.0;0.0;0.0;0.0;888.0
São João do Jaguaribe;FAZENDA LOGRADOURO;-5.3888055555556;-38.243694444444;2019;7;16.0;0.0;0.0;0.0;0.0;0.0;0.0;0.0;0.0;0.0;0.0;0.0;0.0;0.0;0.0;0.0;0.0;0.0;0.0;0.0;0.0;0.0;0.0;16.0;0.0;0.0;0.0;0.0;0.0;0.0;0.0;0.0
São João do Jaguaribe;FAZENDA LOGRADOURO;-5.3888055555556;-38.243694444444;2019;8;0.0;0.0;0.0;0.0;0.0;0.0;0.0;0.0;0.0;0.0;0.0;0.0;0.0;0.0;0.0;0.0;0.0;0.0;0.0;0.0;0.0;0.0;0.0;0.0;0.0;0.0;0.0;0.0;0.0;0.0;0.0;0.0
São João do Jaguaribe;FAZENDA LOGRADOURO;-5.3888055555556;-38.243694444444;2019;9;0.0;0.0;0.0;0.0;0.0;0.0;0.0;0.0;0.0;0.0;0.0;0.0;0.0;0.0;0.0;0.0;0.0;0.0;0.0;0.0;0.0;0.0;0.0;0.0;0.0;0.0;0.0;0.0;0.0;0.0;0.0;888.0
São João do Jaguaribe;FAZENDA LOGRADOURO;-5.3888055555556;-38.243694444444;2019;10;0.0;0.0;0.0;0.0;0.0;0.0;0.0;0.0;0.0;0.0;0.0;0.0;0.0;0.0;0.0;0.0;0.0;0.0;0.0;0.0;0.0;0.0;0.0;0.0;0.0;0.0;0.0;0.0;0.0;0.0;0.0;0.0
São João do Jaguaribe;FAZENDA LOGRADOURO;-5.3888055555556;-38.243694444444;2019;11;0.0;0.0;0.0;0.0;0.0;0.0;0.0;0.0;0.0;0.0;0.0;0.0;0.0;0.0;0.0;0.0;0.0;0.0;0.0;0.0;0.0;0.0;0.0;0.0;0.0;0.0;0.0;0.0;0.0;0.0;0.0;888.0
São João do Jaguaribe;FAZENDA LOGRADOURO;-5.3888055555556;-38.243694444444;2019;12;3.0;0.0;0.0;0.0;0.0;0.0;0.0;0.0;0.0;3.0;0.0;0.0;0.0;0.0;0.0;0.0;0.0;0.0;0.0;0.0;0.0;0.0;0.0;0.0;0.0;0.0;0.0;0.0;0.0;0.0;0.0;0.0
São João do Jaguaribe;FAZENDA LOGRADOURO;-5.3888055555556;-38.243694444444;2020;1;215.0;72.0;0.0;0.0;2.0;0.0;0.0;0.0;0.0;3.0;18.0;1.0;0.0;0.0;0.0;0.0;0.0;0.0;63.0;0.0;0.0;0.0;20.0;19.0;0.0;0.0;0.0;14.0;3.0;0.0;0.0;0.0
São João do Jaguaribe;FAZENDA LOGRADOURO;-5.3888055555556;-38.243694444444;2020;2;131.5;5.5;10.0;11.0;2.0;10.0;3.0;0.0;0.0;0.0;3.0;0.0;0.0;0.0;0.0;0.0;0.0;0.0;3.0;0.0;0.0;6.0;28.0;7.0;0.0;0.0;0.0;0.0;0.0;43.0;888.0;888.0
São João do Jaguaribe;FAZENDA LOGRADOURO;-5.3888055555556;-38.243694444444;2020;3;245.0;0.0;0.0;0.0;12.0;65.0;0.0;3.0;3.0;0.0;0.0;0.0;0.0;11.0;0.0;16.0;15.0;18.0;0.0;11.0;4.0;8.5;0.0;0.0;0.0;35.5;3.5;0.0;3.0;0.0;3.0;33.5
São João do Jaguaribe;FAZENDA LOGRADOURO;-5.3888055555556;-38.243694444444;2020;4;88.0;0.0;4.5;0.0;0.0;11.5;6.0;0.0;0.0;0.0;0.0;0.0;0.0;0.0;0.0;0.0;0.0;0.0;0.0;0.0;0.0;8.5;13.5;22.5;8.0;0.0;0.0;11.5;2.0;0.0;0.0;888.0
São João do Jaguaribe;FAZENDA LOGRADOURO;-5.3888055555556;-38.243694444444;2020;5;77.5;17.0;0.0;0.0;0.0;0.0;0.0;0.0;0.0;0.0;0.0;0.0;0.0;22.0;0.0;0.0;0.0;0.0;0.0;0.0;12.0;0.0;0.0;0.0;15.5;0.0;0.0;0.0;0.0;0.0;0.0;11.0
São João do Jaguaribe;FAZENDA LOGRADOURO;-5.3888055555556;-38.243694444444;2020;6;43.0;9.0;0.0;4.0;0.0;0.0;0.0;0.0;0.0;4.0;9.0;17.0;0.0;0.0;0.0;0.0;0.0;0.0;0.0;0.0;0.0;0.0;0.0;0.0;0.0;0.0;0.0;0.0;0.0;0.0;0.0;888.0
São João do Jaguaribe;FAZENDA LOGRADOURO;-5.3888055555556;-38.243694444444;2020;7;42.5;0.0;0.0;0.0;0.0;0.0;0.0;31.0;0.0;0.0;0.0;4.5;0.0;0.0;0.0;0.0;0.0;0.0;0.0;0.0;0.0;0.0;0.0;0.0;0.0;0.0;0.0;0.0;0.0;0.0;7.0;0.0
São João do Jaguaribe;FAZENDA LOGRADOURO;-5.3888055555556;-38.243694444444;2020;8;0.0;0.0;0.0;0.0;0.0;0.0;0.0;0.0;0.0;0.0;0.0;0.0;0.0;0.0;0.0;0.0;0.0;0.0;0.0;0.0;0.0;0.0;0.0;0.0;0.0;0.0;0.0;0.0;0.0;0.0;0.0;0.0
São João do Jaguaribe;FAZENDA LOGRADOURO;-5.3888055555556;-38.243694444444;2020;9;0.0;0.0;0.0;0.0;0.0;0.0;0.0;0.0;0.0;0.0;0.0;0.0;0.0;0.0;0.0;0.0;0.0;0.0;0.0;0.0;0.0;0.0;0.0;0.0;0.0;0.0;0.0;0.0;0.0;0.0;0.0;888.0
São João do Jaguaribe;FAZENDA LOGRADOURO;-5.3888055555556;-38.243694444444;2020;10;0.0;0.0;0.0;0.0;0.0;0.0;0.0;0.0;0.0;0.0;0.0;0.0;0.0;0.0;0.0;0.0;0.0;0.0;0.0;0.0;0.0;0.0;0.0;0.0;0.0;0.0;0.0;0.0;0.0;0.0;0.0;0.0
São João do Jaguaribe;FAZENDA LOGRADOURO;-5.3888055555556;-38.243694444444;2020;11;0.0;0.0;0.0;0.0;0.0;0.0;0.0;0.0;0.0;0.0;0.0;0.0;0.0;0.0;0.0;0.0;0.0;0.0;0.0;0.0;0.0;0.0;0.0;0.0;0.0;0.0;0.0;0.0;0.0;0.0;0.0;888.0
São João do Jaguaribe;FAZENDA LOGRADOURO;-5.3888055555556;-38.243694444444;2020;12;0.0;0.0;0.0;0.0;0.0;0.0;0.0;0.0;0.0;0.0;0.0;0.0;0.0;0.0;0.0;0.0;0.0;0.0;0.0;0.0;0.0;0.0;0.0;0.0;0.0;0.0;0.0;0.0;0.0;0.0;0.0;0.0
São João do Jaguaribe;FAZENDA LOGRADOURO;-5.3888055555556;-38.243694444444;2021;1;0.0;0.0;0.0;0.0;0.0;0.0;0.0;0.0;0.0;0.0;0.0;0.0;0.0;0.0;0.0;0.0;0.0;0.0;0.0;0.0;0.0;0.0;0.0;0.0;0.0;0.0;0.0;0.0;0.0;0.0;0.0;0.0
São João do Jaguaribe;FAZENDA LOGRADOURO;-5.3888055555556;-38.243694444444;2021;2;99.0;0.0;0.0;0.0;0.0;0.0;0.0;0.0;0.0;0.0;0.0;0.0;27.0;0.0;0.0;0.0;0.0;0.0;0.0;0.0;0.0;0.0;0.0;0.0;0.0;0.0;36.0;34.0;2.0;888.0;888.0;888.0
São João do Jaguaribe;FAZENDA LOGRADOURO;-5.3888055555556;-38.243694444444;2021;3;154.0;0.0;15.0;0.0;7.0;0.0;0.0;0.0;0.0;0.0;0.0;0.0;0.0;0.0;0.0;0.0;11.0;7.0;3.0;0.0;33.0;0.0;0.0;11.0;0.0;12.0;11.0;0.0;26.0;4.0;0.0;14.0
São João do Jaguaribe;FAZENDA LOGRADOURO;-5.3888055555556;-38.243694444444;2021;4;283.0;4.0;0.0;0.0;7.0;0.0;0.0;0.0;0.0;0.0;23.0;20.0;24.0;13.0;8.0;13.0;12.0;3.0;0.0;15.0;6.0;0.0;0.0;4.0;0.0;0.0;0.0;0.0;0.0;118.0;13.0;888.0
São João do Jaguaribe;FAZENDA LOGRADOURO;-5.3888055555556;-38.243694444444;2021;5;128.5;2.5;0.0;25.0;17.0;25.0;10.0;0.0;11.0;10.0;0.0;0.0;0.0;4.0;11.0;0.0;0.0;0.0;0.0;0.0;0.0;0.0;0.0;0.0;0.0;0.0;0.0;0.0;0.0;13.0;0.0;0.0
São João do Jaguaribe;FAZENDA LOGRADOURO;-5.3888055555556;-38.243694444444;2021;6;0.0;0.0;0.0;0.0;0.0;0.0;0.0;0.0;0.0;0.0;0.0;0.0;0.0;0.0;0.0;0.0;0.0;0.0;0.0;0.0;0.0;0.0;0.0;0.0;0.0;0.0;0.0;0.0;0.0;0.0;0.0;888.0
São João do Jaguaribe;FAZENDA LOGRADOURO;-5.3888055555556;-38.243694444444;2021;7;0.0;0.0;0.0;0.0;0.0;0.0;0.0;0.0;0.0;0.0;0.0;0.0;0.0;0.0;0.0;0.0;0.0;0.0;0.0;0.0;0.0;0.0;0.0;0.0;0.0;0.0;0.0;0.0;0.0;0.0;0.0;0.0
São João do Jaguaribe;FAZENDA LOGRADOURO;-5.3888055555556;-38.243694444444;2021;8;0.0;0.0;0.0;0.0;0.0;0.0;0.0;0.0;0.0;0.0;0.0;0.0;0.0;0.0;0.0;0.0;0.0;0.0;0.0;0.0;0.0;0.0;0.0;0.0;0.0;0.0;0.0;0.0;0.0;0.0;0.0;0.0
São João do Jaguaribe;FAZENDA LOGRADOURO;-5.3888055555556;-38.243694444444;2021;9;0.0;0.0;0.0;0.0;0.0;0.0;0.0;0.0;0.0;0.0;0.0;0.0;0.0;0.0;0.0;0.0;0.0;0.0;0.0;0.0;0.0;0.0;0.0;0.0;0.0;0.0;0.0;0.0;0.0;0.0;0.0;888.0
São João do Jaguaribe;FAZENDA LOGRADOURO;-5.3888055555556;-38.243694444444;2021;10;0.0;0.0;0.0;0.0;0.0;0.0;0.0;0.0;0.0;0.0;0.0;0.0;0.0;0.0;0.0;0.0;0.0;0.0;0.0;0.0;0.0;0.0;0.0;0.0;0.0;0.0;0.0;0.0;0.0;0.0;0.0;0.0
São João do Jaguaribe;FAZENDA LOGRADOURO;-5.3888055555556;-38.243694444444;2021;11;0.0;0.0;0.0;0.0;0.0;0.0;0.0;0.0;0.0;0.0;0.0;0.0;0.0;0.0;0.0;0.0;0.0;0.0;0.0;0.0;0.0;0.0;0.0;0.0;0.0;0.0;0.0;0.0;0.0;0.0;0.0;888.0
São João do Jaguaribe;FAZENDA LOGRADOURO;-5.3888055555556;-38.243694444444;2021;12;7.5;0.0;0.0;0.0;0.0;0.0;0.0;0.0;0.0;0.0;0.0;0.0;0.0;0.0;0.0;0.0;0.0;0.0;0.0;0.0;0.0;0.0;0.0;0.0;0.0;0.0;5.0;2.0;0.0;0.0;0.5;0.0
São João do Jaguaribe;FAZENDA LOGRADOURO;-5.3888055555556;-38.243694444444;2022;1;242.0;0.0;35.0;41.0;4.0;0.0;16.0;3.0;0.0;0.0;0.0;2.0;12.0;24.0;25.0;24.0;6.0;0.0;13.0;15.0;0.0;0.0;0.0;0.0;0.0;0.0;0.0;9.0;13.0;0.0;0.0;0.0
São João do Jaguaribe;FAZENDA LOGRADOURO;-5.3888055555556;-38.243694444444;2022;2;52.0;0.0;0.0;0.0;0.0;0.0;0.0;0.0;0.0;0.0;0.0;0.0;0.0;0.0;5.0;0.0;0.0;0.0;0.0;24.0;9.0;14.0;0.0;0.0;0.0;0.0;0.0;0.0;0.0;888.0;888.0;888.0
São João do Jaguaribe;FAZENDA LOGRADOURO;-5.3888055555556;-38.243694444444;2022;3;234.5;0.0;0.0;0.0;0.0;0.0;7.0;17.0;0.0;0.0;12.0;3.0;4.0;4.0;0.0;46.0;17.0;9.0;3.0;0.0;0.0;11.5;51.0;8.0;0.0;6.0;0.0;0.0;12.0;4.0;20.0;0.0
São João do Jaguaribe;FAZENDA LOGRADOURO;-5.3888055555556;-38.243694444444;2022;4;138.5;0.0;9.5;0.0;10.0;2.0;0.0;0.0;0.0;6.5;0.0;0.0;0.0;0.0;0.0;0.0;0.0;3.0;21.0;0.0;0.0;0.0;0.0;4.0;12.0;3.0;0.0;18.0;0.0;19.0;30.5;888.0
São João do Jaguaribe;FAZENDA LOGRADOURO;-5.3888055555556;-38.243694444444;2022;5;131.0;0.0;0.0;6.0;5.0;0.0;0.0;0.0;0.0;10.0;0.0;0.0;10.0;25.0;0.0;2.0;0.0;0.0;0.0;0.0;0.0;4.0;5.0;0.0;0.0;11.0;0.0;6.0;45.0;1.0;0.0;1.0
São João do Jaguaribe;FAZENDA LOGRADOURO;-5.3888055555556;-38.243694444444;2022;6;31.0;8.0;3.0;2.0;3.0;2.0;0.0;1.0;0.0;1.0;0.0;0.0;0.0;0.0;0.0;0.0;0.0;0.0;0.0;0.0;0.0;3.0;0.0;0.0;4.0;0.0;0.0;0.0;0.0;4.0;0.0;888.0
São João do Jaguaribe;FAZENDA LOGRADOURO;-5.3888055555556;-38.243694444444;2022;7;24.0;0.0;9.0;3.0;0.0;5.0;0.0;0.0;0.0;3.0;0.0;0.0;0.0;0.0;0.0;0.0;0.0;0.0;0.0;0.0;0.0;0.0;4.0;0.0;0.0;0.0;0.0;0.0;0.0;0.0;0.0;0.0
São João do Jaguaribe;FAZENDA LOGRADOURO;-5.3888055555556;-38.243694444444;2022;8;35.0;0.0;0.0;18.0;3.0;14.0;0.0;0.0;0.0;0.0;0.0;0.0;0.0;0.0;0.0;0.0;0.0;0.0;0.0;0.0;0.0;0.0;0.0;0.0;0.0;0.0;0.0;0.0;0.0;0.0;0.0;0.0
São João do Jaguaribe;FAZENDA LOGRADOURO;-5.3888055555556;-38.243694444444;2022;9;0.0;0.0;0.0;0.0;0.0;0.0;0.0;0.0;0.0;0.0;0.0;0.0;0.0;0.0;0.0;0.0;0.0;0.0;0.0;0.0;0.0;0.0;0.0;0.0;0.0;0.0;0.0;0.0;0.0;0.0;0.0;888.0
São João do Jaguaribe;FAZENDA LOGRADOURO;-5.3888055555556;-38.243694444444;2022;10;0.0;0.0;0.0;0.0;0.0;0.0;0.0;0.0;0.0;0.0;0.0;0.0;0.0;0.0;0.0;0.0;0.0;0.0;0.0;0.0;0.0;0.0;0.0;0.0;0.0;0.0;0.0;0.0;0.0;0.0;0.0;0.0
São João do Jaguaribe;FAZENDA LOGRADOURO;-5.3888055555556;-38.243694444444;2022;11;82.0;0.0;0.0;0.0;0.0;0.0;0.0;72.0;0.0;0.0;0.0;0.0;0.0;0.0;0.0;8.0;0.0;0.0;0.0;0.0;0.0;0.0;0.0;0.0;0.0;0.0;0.0;0.0;0.0;0.0;2.0;888.0
São João do Jaguaribe;FAZENDA LOGRADOURO;-5.3888055555556;-38.243694444444;2022;12;32.5;0.0;5.0;0.0;0.0;0.0;0.0;0.0;0.0;0.0;23.0;0.0;0.0;0.0;0.0;0.0;0.0;0.0;0.0;0.0;0.0;0.0;0.0;2.0;0.0;2.5;0.0;0.0;0.0;0.0;0.0;0.0
São João do Jaguaribe;FAZENDA LOGRADOURO;-5.3888055555556;-38.243694444444;2023;1;70.5;0.0;0.0;10.0;0.0;0.0;0.0;0.0;0.0;0.0;0.0;0.0;0.0;0.0;0.0;0.0;3.0;0.0;0.0;7.0;0.0;0.0;0.0;0.0;43.0;0.0;4.5;0.0;3.0;0.0;0.0;0.0
São João do Jaguaribe;FAZENDA LOGRADOURO;-5.3888055555556;-38.243694444444;2023;2;60.0;0.0;0.0;0.0;0.0;0.0;4.0;5.0;0.0;0.0;0.0;0.0;0.0;0.0;4.0;0.0;0.0;0.0;0.0;0.0;0.0;0.0;0.0;33.0;14.0;0.0;0.0;0.0;0.0;888.0;888.0;888.0
São João do Jaguaribe;FAZENDA LOGRADOURO;-5.3888055555556;-38.243694444444;2023;3;343.0;0.0;0.0;30.0;11.0;0.0;0.0;0.0;0.0;17.0;0.5;0.0;17.0;0.0;12.0;0.0;23.0;9.0;0.0;96.0;0.0;14.0;3.0;0.0;0.0;1.5;0.0;16.0;23.0;5.0;40.0;25.0
São João do Jaguaribe;FAZENDA LOGRADOURO;-5.3888055555556;-38.243694444444;2023;4;131.0;0.0;0.0;0.0;14.0;28.0;0.0;8.0;2.5;5.5;0.0;0.0;0.0;0.0;0.0;0.0;20.0;24.0;0.0;7.0;0.0;0.0;0.0;0.0;0.0;0.0;0.0;4.0;0.0;18.0;0.0;888.0
São João do Jaguaribe;FAZENDA LOGRADOURO;-5.3888055555556;-38.243694444444;2023;5;11.0;4.0;0.0;0.0;5.0;0.0;0.0;0.0;0.0;0.0;0.0;0.0;0.0;0.0;0.0;0.0;0.0;0.0;0.0;0.0;0.0;0.0;0.0;2.0;0.0;0.0;0.0;0.0;0.0;0.0;0.0;0.0
São João do Jaguaribe;FAZENDA LOGRADOURO;-5.3888055555556;-38.243694444444;2023;6;61.0;3.0;0.0;0.0;0.0;0.0;0.0;0.0;0.0;0.0;0.0;0.0;0.0;0.0;0.0;28.0;0.0;0.0;0.0;0.0;0.0;18.0;0.0;0.0;0.0;0.0;0.0;8.0;4.0;0.0;0.0;888.0
São João do Jaguaribe;FAZENDA LOGRADOURO;-5.3888055555556;-38.243694444444;2023;7;37.0;19.0;0.0;0.0;0.0;0.0;0.0;18.0;0.0;0.0;0.0;0.0;0.0;0.0;0.0;0.0;0.0;0.0;0.0;0.0;0.0;0.0;0.0;0.0;0.0;0.0;0.0;0.0;0.0;0.0;0.0;0.0
São João do Jaguaribe;FAZENDA LOGRADOURO;-5.3888055555556;-38.243694444444;2023;8;0.0;0.0;0.0;0.0;0.0;0.0;0.0;0.0;0.0;0.0;0.0;0.0;0.0;0.0;0.0;0.0;0.0;0.0;0.0;0.0;0.0;0.0;0.0;0.0;0.0;0.0;0.0;0.0;0.0;0.0;0.0;0.0
São João do Jaguaribe;FAZENDA LOGRADOURO;-5.3888055555556;-38.243694444444;2023;9;0.0;0.0;0.0;0.0;0.0;0.0;0.0;0.0;0.0;0.0;0.0;0.0;0.0;0.0;0.0;0.0;0.0;0.0;0.0;0.0;0.0;0.0;0.0;0.0;0.0;0.0;0.0;0.0;0.0;0.0;0.0;888.0
São João do Jaguaribe;FAZENDA LOGRADOURO;-5.3888055555556;-38.243694444444;2023;10;0.0;0.0;0.0;0.0;0.0;0.0;0.0;0.0;0.0;0.0;0.0;0.0;0.0;0.0;0.0;0.0;0.0;0.0;0.0;0.0;0.0;0.0;0.0;0.0;0.0;0.0;0.0;0.0;0.0;0.0;0.0;0.0
São João do Jaguaribe;FAZENDA LOGRADOURO;-5.3888055555556;-38.243694444444;2023;11;0.0;0.0;0.0;0.0;0.0;0.0;0.0;0.0;0.0;0.0;0.0;0.0;0.0;0.0;0.0;0.0;0.0;0.0;0.0;0.0;0.0;0.0;0.0;0.0;0.0;0.0;0.0;0.0;0.0;0.0;0.0;888.0
São João do Jaguaribe;FAZENDA LOGRADOURO;-5.3888055555556;-38.243694444444;2023;12;140.0;0.0;0.0;0.0;0.0;0.0;0.0;0.0;0.0;0.0;0.0;0.0;0.0;0.0;0.0;0.0;0.0;0.0;0.0;49.0;56.0;16.0;14.0;0.0;0.0;0.0;0.0;5.0;0.0;0.0;0.0;0.0
São João do Jaguaribe;FAZENDA LOGRADOURO;-5.3888055555556;-38.243694444444;2024;1;61.3;27.0;0.0;0.0;0.0;0.0;0.0;0.0;0.0;0.0;0.0;0.0;0.0;0.5;15.0;0.0;0.0;0.0;0.0;0.0;0.0;0.0;2.5;0.0;4.5;2.8;0.0;9.0;0.0;0.0;0.0;0.0
São João do Jaguaribe;FAZENDA LOGRADOURO;-5.3888055555556;-38.243694444444;2024;2;230.0;0.0;0.0;0.0;2.0;0.0;0.0;0.0;0.0;0.0;4.0;0.0;0.0;0.0;31.5;12.0;4.0;0.0;0.0;3.5;0.0;9.0;0.0;17.0;37.0;0.0;87.0;4.0;19.0;0.0;888.0;888.0
São João do Jaguaribe;FAZENDA LOGRADOURO;-5.3888055555556;-38.243694444444;2024;3;315.0;0.0;0.0;0.0;0.0;0.0;25.0;0.0;20.0;0.0;0.0;8.5;58.0;3.0;0.0;4.0;0.0;3.0;3.0;3.0;1.0;0.0;0.0;0.0;4.5;0.0;5.5;90.0;12.0;1.0;51.0;22.5
São João do Jaguaribe;FAZENDA LOGRADOURO;-5.3888055555556;-38.243694444444;2024;4;200.5;2.0;0.0;0.0;2.0;70.0;0.0;4.0;0.0;0.0;0.0;0.0;13.0;16.0;1.0;4.0;0.0;0.0;3.0;2.0;18.0;50.5;0.0;9.0;0.0;0.0;0.0;2.0;0.0;0.0;4.0;888.0
São João do Jaguaribe;FAZENDA LOGRADOURO;-5.3888055555556;-38.243694444444;2024;5;90.0;0.0;9.0;0.0;7.0;0.0;4.0;0.0;0.0;0.0;5.0;0.0;0.0;0.0;0.0;0.0;0.0;24.0;0.0;0.0;36.0;0.0;0.0;0.0;0.0;0.0;0.0;0.0;0.0;0.0;0.0;5.0
São João do Jaguaribe;FAZENDA LOGRADOURO;-5.3888055555556;-38.243694444444;2024;6;41.5;3.0;0.0;0.0;0.0;0.0;0.0;0.0;4.0;8.0;0.0;0.0;0.0;0.0;9.0;9.0;3.5;0.0;0.0;0.0;5.0;0.0;0.0;0.0;0.0;0.0;0.0;0.0;0.0;0.0;0.0;888.0
São João do Jaguaribe;FAZENDA LOGRADOURO;-5.3888055555556;-38.243694444444;2024;7;0.0;0.0;0.0;0.0;0.0;0.0;0.0;0.0;0.0;0.0;0.0;0.0;0.0;0.0;0.0;0.0;0.0;0.0;0.0;0.0;0.0;0.0;0.0;0.0;0.0;0.0;0.0;0.0;0.0;0.0;0.0;0.0
São João do Jaguaribe;FAZENDA LOGRADOURO;-5.3888055555556;-38.243694444444;2024;8;0.0;0.0;0.0;0.0;0.0;0.0;0.0;0.0;0.0;0.0;0.0;0.0;0.0;0.0;0.0;0.0;0.0;0.0;0.0;0.0;0.0;0.0;0.0;0.0;0.0;0.0;0.0;0.0;0.0;0.0;0.0;0.0
São João do Jaguaribe;FAZENDA LOGRADOURO;-5.3888055555556;-38.243694444444;2024;9;0.0;0.0;0.0;0.0;0.0;0.0;0.0;0.0;0.0;0.0;0.0;0.0;0.0;0.0;0.0;0.0;0.0;0.0;0.0;0.0;0.0;0.0;0.0;0.0;0.0;0.0;0.0;0.0;0.0;0.0;0.0;888.0
São João do Jaguaribe;FAZENDA LOGRADOURO;-5.3888055555556;-38.243694444444;2024;10;0.0;0.0;0.0;0.0;0.0;0.0;0.0;0.0;0.0;0.0;0.0;0.0;0.0;0.0;0.0;0.0;0.0;0.0;0.0;0.0;0.0;0.0;0.0;0.0;999.0;999.0;999.0;999.0;999.0;999.0;999.0;999.0
