Municipios;Postos;Latitude;Longitude;Anos;Meses;Total;Dia1;Dia2;Dia3;Dia4;Dia5;Dia6;Dia7;Dia8;Dia9;Dia10;Dia11;Dia12;Dia13;Dia14;Dia15;Dia16;Dia17;Dia18;Dia19;Dia20;Dia21;Dia22;Dia23;Dia24;Dia25;Dia26;Dia27;Dia28;Dia29;Dia30;Dia31
Alto Santo;LOGRADOURO;-5.40625;-38.185194444444;2003;1;178.2;0.0;0.0;0.0;0.0;0.0;0.0;0.0;0.0;0.0;0.0;0.0;0.0;0.0;0.0;0.0;0.0;0.0;0.0;0.0;32.8;20.0;62.8;0.0;0.0;0.0;0.0;13.0;4.4;30.2;15.0;999.0
Alto Santo;LOGRADOURO;-5.40625;-38.185194444444;2003;2;153.6;13.0;0.0;6.0;0.0;8.4;4.2;0.0;0.0;0.0;0.0;0.0;19.0;2.6;0.0;0.0;0.0;0.0;6.2;18.0;0.0;49.0;0.0;0.0;0.0;13.4;9.0;4.8;0.0;888.0;888.0;888.0
Alto Santo;LOGRADOURO;-5.40625;-38.185194444444;2003;9;0.0;0.0;999.0;999.0;999.0;999.0;999.0;999.0;999.0;999.0;999.0;999.0;999.0;999.0;999.0;999.0;999.0;999.0;999.0;999.0;999.0;999.0;999.0;999.0;999.0;999.0;999.0;999.0;999.0;999.0;999.0;888.0
Alto Santo;LOGRADOURO;-5.40625;-38.185194444444;2003;12;0.0;0.0;999.0;999.0;999.0;999.0;999.0;999.0;999.0;999.0;999.0;999.0;999.0;999.0;999.0;999.0;999.0;999.0;999.0;999.0;999.0;999.0;999.0;999.0;999.0;999.0;999.0;999.0;999.0;999.0;999.0;999.0
Alto Santo;LOGRADOURO;-5.40625;-38.185194444444;2004;1;0.0;999.0;999.0;999.0;999.0;999.0;999.0;999.0;999.0;999.0;999.0;999.0;999.0;999.0;999.0;999.0;999.0;999.0;999.0;999.0;999.0;999.0;999.0;999.0;999.0;999.0;999.0;999.0;999.0;999.0;999.0;999.0
Alto Santo;LOGRADOURO;-5.40625;-38.185194444444;2004;2;250.8;29.2;2.6;16.4;25.0;19.6;0.0;37.2;5.6;0.0;0.0;3.4;0.0;3.4;5.8;1.4;40.2;22.4;0.0;0.0;0.0;0.0;15.2;8.2;0.0;0.0;0.0;14.2;1.0;0.0;888.0;888.0
Alto Santo;LOGRADOURO;-5.40625;-38.185194444444;2004;3;0.0;0.0;999.0;999.0;999.0;999.0;999.0;999.0;999.0;999.0;999.0;999.0;999.0;999.0;999.0;999.0;999.0;999.0;999.0;999.0;999.0;999.0;999.0;999.0;999.0;999.0;999.0;999.0;999.0;999.0;999.0;999.0
Alto Santo;LOGRADOURO;-5.40625;-38.185194444444;2004;4;66.0;0.0;0.0;0.0;0.0;0.0;9.4;0.0;0.0;0.0;0.0;0.0;0.0;2.0;0.0;0.0;0.0;0.0;4.0;18.2;0.0;0.0;17.2;2.6;0.0;0.0;8.0;0.0;0.0;0.0;4.6;888.0
Alto Santo;LOGRADOURO;-5.40625;-38.185194444444;2004;5;25.2;0.0;0.0;0.0;0.0;13.2;0.0;0.0;0.0;0.0;0.0;2.8;0.0;0.0;0.0;0.0;0.0;0.0;0.0;0.0;0.0;6.8;2.4;0.0;0.0;0.0;0.0;0.0;0.0;0.0;0.0;0.0
Alto Santo;LOGRADOURO;-5.40625;-38.185194444444;2004;6;112.8;25.0;0.0;0.0;7.4;8.0;0.0;2.4;1.0;0.0;8.0;0.0;0.0;0.0;0.0;23.0;5.0;0.0;0.0;15.2;1.2;0.0;3.4;2.2;0.0;0.0;0.0;11.0;0.0;0.0;0.0;888.0
Alto Santo;LOGRADOURO;-5.40625;-38.185194444444;2004;7;0.0;0.0;0.0;0.0;0.0;0.0;0.0;0.0;0.0;0.0;0.0;0.0;0.0;0.0;0.0;0.0;0.0;0.0;0.0;0.0;0.0;0.0;0.0;0.0;0.0;0.0;0.0;0.0;0.0;0.0;0.0;0.0
Alto Santo;LOGRADOURO;-5.40625;-38.185194444444;2004;8;0.0;0.0;0.0;0.0;0.0;0.0;0.0;0.0;0.0;0.0;0.0;0.0;0.0;0.0;0.0;0.0;0.0;0.0;0.0;0.0;0.0;0.0;0.0;0.0;0.0;0.0;0.0;0.0;0.0;0.0;0.0;0.0
Alto Santo;LOGRADOURO;-5.40625;-38.185194444444;2004;9;0.0;0.0;0.0;0.0;0.0;0.0;0.0;0.0;0.0;0.0;0.0;0.0;0.0;0.0;0.0;0.0;0.0;0.0;0.0;0.0;0.0;0.0;0.0;0.0;0.0;0.0;0.0;0.0;0.0;0.0;0.0;888.0
Alto Santo;LOGRADOURO;-5.40625;-38.185194444444;2004;10;0.0;0.0;0.0;0.0;0.0;0.0;0.0;0.0;0.0;0.0;0.0;0.0;0.0;0.0;0.0;0.0;0.0;0.0;0.0;0.0;0.0;0.0;0.0;0.0;0.0;0.0;0.0;0.0;0.0;0.0;0.0;0.0
Alto Santo;LOGRADOURO;-5.40625;-38.185194444444;2004;11;0.0;0.0;0.0;0.0;0.0;0.0;0.0;0.0;0.0;0.0;0.0;0.0;0.0;0.0;0.0;0.0;0.0;0.0;0.0;0.0;0.0;0.0;0.0;0.0;0.0;0.0;0.0;0.0;0.0;0.0;0.0;888.0
Alto Santo;LOGRADOURO;-5.40625;-38.185194444444;2004;12;0.0;0.0;0.0;0.0;0.0;0.0;0.0;0.0;0.0;0.0;0.0;0.0;0.0;0.0;0.0;0.0;0.0;0.0;0.0;0.0;0.0;0.0;0.0;0.0;0.0;0.0;0.0;0.0;0.0;0.0;0.0;0.0
Alto Santo;LOGRADOURO;-5.40625;-38.185194444444;2005;1;36.4;0.0;0.0;0.0;0.0;0.0;0.0;0.0;0.0;0.0;0.0;0.0;0.0;0.0;0.0;0.0;0.0;0.0;0.0;5.4;0.0;0.0;0.0;0.0;19.0;12.0;0.0;0.0;0.0;0.0;0.0;0.0
Alto Santo;LOGRADOURO;-5.40625;-38.185194444444;2005;2;36.0;0.0;2.0;0.0;0.0;0.0;0.0;0.0;0.0;0.0;0.0;0.0;0.0;0.0;0.0;0.0;6.8;11.6;15.6;0.0;0.0;0.0;0.0;0.0;0.0;0.0;0.0;0.0;0.0;888.0;888.0;888.0
Alto Santo;LOGRADOURO;-5.40625;-38.185194444444;2005;3;135.8;0.0;0.0;0.0;0.0;0.0;0.0;0.0;0.0;0.0;0.0;0.0;0.0;0.0;0.0;0.0;0.0;0.0;0.0;28.0;5.0;0.0;3.4;7.6;18.6;13.0;3.0;0.0;11.4;0.0;2.0;43.8
Alto Santo;LOGRADOURO;-5.40625;-38.185194444444;2005;4;40.0;9.6;0.0;6.6;0.0;0.0;1.0;0.0;6.4;0.0;0.0;4.0;0.0;0.0;0.0;0.0;6.0;0.0;0.0;2.0;4.4;0.0;0.0;0.0;0.0;0.0;0.0;0.0;0.0;0.0;0.0;888.0
Alto Santo;LOGRADOURO;-5.40625;-38.185194444444;2005;5;126.2;13.8;0.0;6.4;0.0;44.0;0.0;6.0;2.8;0.0;0.0;0.0;8.4;2.6;9.0;0.0;0.0;11.0;2.6;0.0;0.0;7.8;0.0;1.0;5.8;0.0;1.6;0.0;0.0;0.0;0.0;3.4
Alto Santo;LOGRADOURO;-5.40625;-38.185194444444;2005;6;10.2;0.0;1.0;0.0;0.0;0.0;2.0;0.0;0.0;1.4;0.0;0.0;0.0;0.0;0.0;0.0;0.0;0.0;3.0;0.0;0.0;2.8;0.0;0.0;0.0;0.0;0.0;0.0;0.0;0.0;0.0;888.0
Alto Santo;LOGRADOURO;-5.40625;-38.185194444444;2005;7;2.0;0.0;0.0;0.0;0.0;0.0;0.0;0.0;0.0;2.0;0.0;0.0;0.0;0.0;0.0;0.0;0.0;0.0;0.0;0.0;0.0;0.0;0.0;0.0;0.0;0.0;0.0;0.0;0.0;0.0;0.0;0.0
Alto Santo;LOGRADOURO;-5.40625;-38.185194444444;2005;8;3.0;0.0;0.0;0.0;0.0;0.0;0.0;0.0;0.0;0.0;0.0;0.0;0.0;0.0;0.0;0.0;0.0;0.0;0.0;0.0;0.0;0.0;0.0;0.0;3.0;0.0;0.0;0.0;0.0;0.0;0.0;0.0
Alto Santo;LOGRADOURO;-5.40625;-38.185194444444;2005;9;0.0;0.0;0.0;0.0;0.0;0.0;0.0;0.0;0.0;0.0;0.0;0.0;0.0;0.0;0.0;0.0;0.0;0.0;0.0;0.0;0.0;0.0;0.0;0.0;0.0;0.0;0.0;0.0;0.0;0.0;0.0;888.0
Alto Santo;LOGRADOURO;-5.40625;-38.185194444444;2005;10;0.0;0.0;0.0;0.0;0.0;0.0;0.0;0.0;0.0;0.0;0.0;0.0;0.0;0.0;0.0;0.0;0.0;0.0;0.0;0.0;0.0;0.0;0.0;0.0;0.0;0.0;0.0;0.0;0.0;0.0;0.0;0.0
Alto Santo;LOGRADOURO;-5.40625;-38.185194444444;2005;11;0.0;0.0;0.0;0.0;0.0;0.0;0.0;0.0;0.0;0.0;0.0;0.0;0.0;0.0;0.0;0.0;0.0;0.0;0.0;0.0;0.0;0.0;0.0;0.0;0.0;0.0;0.0;0.0;0.0;0.0;0.0;888.0
Alto Santo;LOGRADOURO;-5.40625;-38.185194444444;2005;12;30.0;0.0;0.0;0.0;0.0;0.0;0.0;0.0;27.0;0.0;0.0;0.0;0.0;0.0;0.0;0.0;0.0;0.0;0.0;0.0;0.0;0.0;0.0;0.0;0.0;0.0;0.0;0.0;0.0;0.0;0.0;3.0
Alto Santo;LOGRADOURO;-5.40625;-38.185194444444;2006;1;0.0;0.0;0.0;0.0;0.0;0.0;0.0;0.0;0.0;0.0;0.0;0.0;0.0;0.0;0.0;0.0;0.0;0.0;0.0;0.0;0.0;0.0;0.0;0.0;0.0;0.0;0.0;0.0;0.0;0.0;0.0;0.0
Alto Santo;LOGRADOURO;-5.40625;-38.185194444444;2006;2;182.2;0.0;0.0;0.0;0.0;0.0;0.0;0.0;0.0;0.0;0.0;0.0;0.0;0.0;0.0;9.0;0.0;14.0;10.6;29.2;0.0;0.0;0.0;15.0;7.2;25.0;9.2;22.6;40.4;888.0;888.0;888.0
Alto Santo;LOGRADOURO;-5.40625;-38.185194444444;2006;3;254.2;7.6;8.0;5.0;10.8;0.0;0.0;0.0;0.0;0.0;0.0;0.0;0.0;0.0;11.6;0.0;0.0;0.0;0.0;40.8;31.0;6.6;4.4;27.4;50.0;9.0;1.0;2.0;39.0;0.0;0.0;0.0
Alto Santo;LOGRADOURO;-5.40625;-38.185194444444;2006;4;245.8;0.0;0.0;0.0;0.0;32.6;36.2;0.0;21.0;36.6;29.4;0.0;2.4;0.0;0.0;0.0;36.0;0.0;0.0;12.0;6.0;0.0;0.0;0.0;0.0;7.0;3.8;8.4;0.0;8.0;6.4;888.0
Alto Santo;LOGRADOURO;-5.40625;-38.185194444444;2006;5;135.2;4.0;0.0;0.0;7.0;0.0;35.0;0.0;20.0;1.0;0.0;10.0;0.0;3.4;31.8;0.0;0.0;5.4;0.0;0.0;0.0;0.0;2.6;0.0;15.0;0.0;0.0;0.0;0.0;0.0;0.0;0.0
Alto Santo;LOGRADOURO;-5.40625;-38.185194444444;2006;6;73.6;0.0;0.0;0.0;0.0;0.0;7.0;0.0;0.0;0.0;0.0;0.0;0.0;56.2;0.0;0.0;0.0;0.0;0.0;0.0;0.0;0.0;0.0;0.0;0.0;0.0;0.0;0.0;8.0;2.4;0.0;888.0
Alto Santo;LOGRADOURO;-5.40625;-38.185194444444;2006;7;0.0;0.0;0.0;0.0;0.0;0.0;0.0;0.0;0.0;0.0;0.0;0.0;0.0;0.0;0.0;0.0;0.0;0.0;0.0;0.0;0.0;0.0;0.0;0.0;0.0;0.0;0.0;0.0;0.0;0.0;0.0;0.0
Alto Santo;LOGRADOURO;-5.40625;-38.185194444444;2006;8;6.6;0.0;0.0;0.0;0.0;0.0;0.0;0.0;0.0;1.6;0.0;0.0;0.0;0.0;0.0;0.0;0.0;5.0;0.0;0.0;0.0;0.0;0.0;0.0;0.0;0.0;0.0;0.0;0.0;0.0;0.0;0.0
Alto Santo;LOGRADOURO;-5.40625;-38.185194444444;2006;9;0.0;0.0;0.0;0.0;0.0;0.0;0.0;0.0;0.0;0.0;0.0;0.0;0.0;0.0;0.0;0.0;0.0;0.0;0.0;0.0;0.0;0.0;0.0;0.0;0.0;0.0;0.0;0.0;0.0;0.0;0.0;888.0
Alto Santo;LOGRADOURO;-5.40625;-38.185194444444;2006;10;0.0;0.0;0.0;0.0;0.0;0.0;0.0;0.0;0.0;0.0;0.0;0.0;0.0;0.0;0.0;0.0;0.0;0.0;0.0;0.0;0.0;0.0;0.0;0.0;0.0;0.0;0.0;0.0;0.0;0.0;0.0;0.0
Alto Santo;LOGRADOURO;-5.40625;-38.185194444444;2006;11;18.0;0.0;0.0;0.0;0.0;0.0;0.0;0.0;0.0;0.0;0.0;0.0;0.0;0.0;0.0;1.0;0.0;17.0;0.0;0.0;0.0;0.0;0.0;0.0;0.0;0.0;0.0;0.0;0.0;0.0;0.0;888.0
Alto Santo;LOGRADOURO;-5.40625;-38.185194444444;2006;12;3.4;0.0;0.0;0.0;0.0;0.0;0.0;0.0;0.0;0.0;0.0;0.0;0.0;0.0;0.0;0.0;0.0;0.0;0.0;0.0;0.0;0.0;0.0;0.0;0.0;0.0;0.0;0.0;0.0;0.0;1.8;1.6
Alto Santo;LOGRADOURO;-5.40625;-38.185194444444;2007;1;9.6;0.0;0.0;0.0;0.0;9.6;0.0;0.0;0.0;0.0;0.0;0.0;0.0;0.0;0.0;0.0;0.0;0.0;0.0;0.0;0.0;0.0;0.0;0.0;0.0;0.0;0.0;0.0;0.0;0.0;0.0;0.0
Alto Santo;LOGRADOURO;-5.40625;-38.185194444444;2007;2;177.0;0.0;5.4;5.4;0.0;0.0;6.0;0.0;0.0;0.0;0.0;0.0;0.0;0.0;4.6;8.4;0.0;5.6;43.0;0.0;9.2;12.0;0.0;44.0;28.2;0.0;5.2;0.0;0.0;888.0;888.0;888.0
Alto Santo;LOGRADOURO;-5.40625;-38.185194444444;2007;3;77.8;37.2;0.0;0.0;0.0;1.4;3.0;0.0;6.4;0.0;0.0;0.0;4.4;1.0;0.0;6.0;3.2;0.0;0.0;1.0;1.6;0.0;0.0;0.0;0.0;0.0;0.0;0.0;0.0;4.6;0.0;8.0
Alto Santo;LOGRADOURO;-5.40625;-38.185194444444;2007;4;195.8;8.0;1.2;0.0;0.0;0.0;0.0;0.0;0.0;0.0;0.0;2.6;0.0;0.0;0.0;0.0;0.0;0.0;0.0;17.0;42.0;14.4;3.4;0.0;0.0;68.2;10.0;8.6;10.2;0.0;10.2;888.0
Alto Santo;LOGRADOURO;-5.40625;-38.185194444444;2007;5;79.8;0.0;21.8;6.2;0.0;23.8;0.0;0.0;0.0;0.0;0.0;0.0;0.0;0.0;0.0;0.0;0.0;0.0;0.0;0.0;0.0;0.0;0.0;2.0;0.0;26.0;0.0;0.0;0.0;0.0;0.0;0.0
Alto Santo;LOGRADOURO;-5.40625;-38.185194444444;2007;6;60.4;28.2;0.0;19.0;7.8;0.0;0.0;0.0;0.0;0.0;0.0;0.0;0.0;2.2;0.0;0.0;0.0;0.0;0.0;0.0;0.0;0.0;0.0;0.0;0.0;0.0;0.0;0.0;3.2;0.0;0.0;888.0
Alto Santo;LOGRADOURO;-5.40625;-38.185194444444;2007;7;0.0;0.0;0.0;0.0;0.0;0.0;0.0;0.0;0.0;0.0;0.0;0.0;0.0;0.0;0.0;0.0;0.0;0.0;0.0;0.0;0.0;0.0;0.0;0.0;0.0;0.0;0.0;0.0;0.0;0.0;0.0;0.0
Alto Santo;LOGRADOURO;-5.40625;-38.185194444444;2007;8;0.0;0.0;0.0;0.0;0.0;0.0;0.0;0.0;0.0;0.0;0.0;0.0;0.0;0.0;0.0;0.0;0.0;0.0;0.0;0.0;0.0;0.0;0.0;0.0;0.0;0.0;0.0;0.0;0.0;0.0;0.0;0.0
Alto Santo;LOGRADOURO;-5.40625;-38.185194444444;2007;9;0.0;0.0;0.0;0.0;0.0;0.0;0.0;0.0;0.0;0.0;0.0;0.0;0.0;0.0;0.0;0.0;0.0;0.0;0.0;0.0;0.0;0.0;0.0;0.0;0.0;0.0;0.0;0.0;0.0;0.0;0.0;888.0
Alto Santo;LOGRADOURO;-5.40625;-38.185194444444;2007;10;0.0;0.0;0.0;0.0;0.0;0.0;0.0;0.0;0.0;0.0;0.0;0.0;0.0;0.0;0.0;0.0;0.0;0.0;0.0;0.0;0.0;0.0;0.0;0.0;0.0;0.0;0.0;0.0;0.0;0.0;0.0;0.0
Alto Santo;LOGRADOURO;-5.40625;-38.185194444444;2007;11;0.0;0.0;0.0;0.0;0.0;0.0;0.0;0.0;0.0;0.0;0.0;0.0;0.0;0.0;0.0;0.0;0.0;0.0;0.0;0.0;0.0;0.0;0.0;0.0;0.0;0.0;0.0;0.0;0.0;0.0;0.0;888.0
Alto Santo;LOGRADOURO;-5.40625;-38.185194444444;2007;12;8.4;0.0;0.0;0.0;0.0;0.0;0.0;0.0;0.0;0.0;0.0;0.0;0.0;0.0;0.0;0.0;8.4;0.0;0.0;0.0;0.0;0.0;0.0;0.0;0.0;0.0;0.0;0.0;0.0;0.0;0.0;0.0
Alto Santo;LOGRADOURO;-5.40625;-38.185194444444;2008;1;57.8;0.0;0.0;0.0;0.0;0.0;0.0;0.0;0.0;0.0;0.0;0.0;0.0;0.0;0.0;0.0;5.6;6.6;0.0;0.0;0.0;0.0;0.0;12.0;1.8;0.0;0.0;0.0;28.0;0.0;0.0;3.8
Alto Santo;LOGRADOURO;-5.40625;-38.185194444444;2008;2;23.8;5.6;0.0;0.0;0.0;0.0;0.0;0.0;0.0;0.0;0.0;0.0;0.0;0.0;0.0;0.0;0.0;0.0;0.0;0.0;0.0;0.0;0.0;0.0;0.0;0.0;0.0;6.6;0.0;11.6;888.0;888.0
Alto Santo;LOGRADOURO;-5.40625;-38.185194444444;2008;3;427.4;0.0;2.2;0.0;0.0;39.0;0.0;11.8;0.0;1.2;0.0;0.0;0.0;5.0;2.6;0.0;37.8;44.0;0.0;5.8;0.0;55.0;26.0;4.6;80.0;0.0;2.0;20.0;3.2;0.0;43.0;44.2
Alto Santo;LOGRADOURO;-5.40625;-38.185194444444;2008;4;313.6;23.2;21.0;67.2;14.0;2.0;13.0;1.2;0.0;51.0;0.0;0.0;24.2;0.0;2.6;19.8;5.0;0.0;0.0;0.0;0.0;0.0;3.0;0.0;2.0;6.6;2.6;0.0;0.0;10.0;45.2;888.0
Alto Santo;LOGRADOURO;-5.40625;-38.185194444444;2008;5;140.2;0.0;0.0;3.4;0.0;0.0;0.0;0.0;0.0;10.2;64.4;4.4;0.0;19.4;0.0;0.0;0.0;0.0;10.0;0.0;0.0;0.0;0.0;0.0;0.0;0.0;0.0;17.0;9.0;0.0;0.0;2.4
Alto Santo;LOGRADOURO;-5.40625;-38.185194444444;2008;6;8.0;1.0;0.0;0.0;0.0;0.0;0.0;0.0;0.0;4.0;0.0;0.0;0.0;0.0;0.0;0.0;3.0;0.0;0.0;0.0;0.0;0.0;0.0;0.0;0.0;0.0;0.0;0.0;0.0;0.0;0.0;888.0
Alto Santo;LOGRADOURO;-5.40625;-38.185194444444;2008;7;24.0;3.8;2.6;0.0;0.0;0.0;4.4;0.0;0.0;0.0;0.0;0.0;4.4;0.0;0.0;0.0;0.0;0.0;0.0;0.0;0.0;0.0;0.0;0.0;0.0;0.0;0.0;0.0;8.8;0.0;0.0;0.0
Alto Santo;LOGRADOURO;-5.40625;-38.185194444444;2008;8;18.4;0.0;0.0;14.4;0.0;0.0;0.0;0.0;4.0;0.0;0.0;0.0;0.0;0.0;0.0;0.0;0.0;0.0;0.0;0.0;0.0;0.0;0.0;0.0;0.0;0.0;0.0;0.0;0.0;0.0;0.0;0.0
Alto Santo;LOGRADOURO;-5.40625;-38.185194444444;2008;9;4.6;0.0;0.0;0.0;0.0;4.6;0.0;0.0;0.0;0.0;0.0;0.0;0.0;0.0;0.0;0.0;0.0;0.0;0.0;0.0;0.0;0.0;0.0;0.0;0.0;0.0;0.0;0.0;0.0;0.0;0.0;888.0
Alto Santo;LOGRADOURO;-5.40625;-38.185194444444;2008;10;0.0;0.0;0.0;0.0;0.0;0.0;0.0;0.0;0.0;0.0;0.0;0.0;0.0;0.0;0.0;0.0;0.0;0.0;0.0;0.0;0.0;0.0;0.0;0.0;0.0;0.0;0.0;0.0;0.0;0.0;0.0;0.0
Alto Santo;LOGRADOURO;-5.40625;-38.185194444444;2008;11;0.0;0.0;0.0;0.0;0.0;0.0;0.0;0.0;0.0;0.0;0.0;0.0;0.0;0.0;0.0;0.0;0.0;0.0;0.0;0.0;0.0;0.0;0.0;0.0;0.0;0.0;0.0;0.0;0.0;0.0;0.0;888.0
Alto Santo;LOGRADOURO;-5.40625;-38.185194444444;2008;12;0.0;0.0;0.0;0.0;0.0;0.0;0.0;0.0;0.0;0.0;0.0;0.0;0.0;0.0;0.0;0.0;0.0;0.0;0.0;0.0;0.0;0.0;0.0;0.0;0.0;0.0;0.0;0.0;0.0;0.0;0.0;0.0
Alto Santo;LOGRADOURO;-5.40625;-38.185194444444;2009;1;76.6;0.0;0.0;0.0;0.0;0.0;0.0;0.0;0.0;0.0;0.0;0.0;0.0;0.0;0.0;0.0;0.0;0.0;0.0;0.0;0.0;10.0;12.0;16.0;0.0;7.2;0.0;0.0;0.0;0.0;0.0;31.4
Alto Santo;LOGRADOURO;-5.40625;-38.185194444444;2009;2;99.4;0.0;16.0;7.0;0.0;0.0;0.0;0.0;0.0;0.0;0.0;0.0;0.0;12.6;0.0;2.0;0.0;0.0;0.0;0.0;0.0;23.8;0.0;0.0;25.0;0.0;0.0;0.0;13.0;888.0;888.0;888.0
Alto Santo;LOGRADOURO;-5.40625;-38.185194444444;2009;3;197.2;5.4;7.0;7.0;6.0;12.0;0.0;0.0;0.0;0.0;0.0;0.0;0.0;49.0;49.0;10.8;7.4;0.0;3.0;0.0;3.0;0.0;0.0;0.0;0.0;15.0;22.6;0.0;0.0;0.0;0.0;0.0
Alto Santo;LOGRADOURO;-5.40625;-38.185194444444;2009;4;255.2;5.0;9.0;1.8;5.0;12.0;0.0;0.0;2.0;0.0;0.0;0.0;0.0;35.0;0.0;0.0;3.0;7.8;3.4;0.0;26.0;44.0;23.6;51.0;5.6;0.0;0.0;0.0;10.0;0.0;11.0;888.0
Alto Santo;LOGRADOURO;-5.40625;-38.185194444444;2009;5;198.2;4.0;0.0;4.0;0.0;25.6;0.0;7.4;0.0;0.0;8.6;28.4;18.0;4.6;12.0;2.0;0.0;0.0;10.8;0.0;0.0;14.0;1.0;0.0;7.6;13.0;15.0;5.6;7.0;1.6;0.0;8.0
Alto Santo;LOGRADOURO;-5.40625;-38.185194444444;2009;6;83.8;0.0;2.0;0.0;0.0;1.4;20.0;13.0;0.0;0.0;0.0;20.4;0.0;0.0;0.0;0.0;0.0;0.0;0.0;0.0;15.0;0.0;0.0;0.0;0.0;0.0;7.0;5.0;0.0;0.0;0.0;888.0
Alto Santo;LOGRADOURO;-5.40625;-38.185194444444;2009;7;38.2;0.0;0.0;10.0;0.0;0.0;0.0;0.0;0.0;0.0;0.0;0.0;0.0;0.0;0.0;0.0;0.0;0.0;0.0;0.0;0.0;0.0;5.0;23.2;0.0;0.0;0.0;0.0;0.0;0.0;0.0;0.0
Alto Santo;LOGRADOURO;-5.40625;-38.185194444444;2009;8;0.0;0.0;0.0;0.0;0.0;0.0;0.0;0.0;0.0;0.0;0.0;0.0;0.0;0.0;0.0;0.0;0.0;0.0;0.0;0.0;0.0;0.0;0.0;0.0;0.0;0.0;0.0;0.0;0.0;0.0;0.0;0.0
Alto Santo;LOGRADOURO;-5.40625;-38.185194444444;2009;9;0.0;0.0;0.0;0.0;0.0;0.0;0.0;0.0;0.0;0.0;0.0;0.0;0.0;0.0;0.0;0.0;0.0;0.0;0.0;0.0;0.0;0.0;0.0;0.0;0.0;0.0;0.0;0.0;0.0;0.0;0.0;888.0
Alto Santo;LOGRADOURO;-5.40625;-38.185194444444;2009;10;0.0;0.0;0.0;0.0;0.0;0.0;0.0;0.0;0.0;0.0;0.0;0.0;0.0;0.0;0.0;0.0;0.0;0.0;0.0;0.0;0.0;0.0;0.0;0.0;0.0;0.0;0.0;0.0;0.0;0.0;0.0;0.0
Alto Santo;LOGRADOURO;-5.40625;-38.185194444444;2009;11;0.0;0.0;0.0;0.0;0.0;0.0;0.0;0.0;0.0;0.0;0.0;0.0;0.0;0.0;0.0;0.0;0.0;0.0;0.0;0.0;0.0;0.0;0.0;0.0;0.0;0.0;0.0;0.0;0.0;0.0;0.0;888.0
Alto Santo;LOGRADOURO;-5.40625;-38.185194444444;2009;12;0.0;0.0;0.0;0.0;0.0;0.0;0.0;0.0;0.0;0.0;0.0;0.0;0.0;0.0;0.0;0.0;0.0;0.0;0.0;0.0;0.0;0.0;0.0;0.0;0.0;0.0;0.0;0.0;0.0;0.0;0.0;0.0
Alto Santo;LOGRADOURO;-5.40625;-38.185194444444;2010;1;103.0;0.0;18.4;0.0;15.8;0.0;0.0;0.0;0.0;0.0;0.0;0.0;0.0;0.0;0.0;0.0;0.0;0.0;14.0;19.0;0.0;0.0;0.0;0.0;0.0;0.0;0.0;0.0;35.8;0.0;0.0;0.0
Alto Santo;LOGRADOURO;-5.40625;-38.185194444444;2010;2;13.4;0.0;0.0;0.0;0.0;0.0;0.0;0.0;0.0;6.8;2.4;0.0;0.0;0.0;0.0;0.0;4.2;0.0;0.0;0.0;0.0;0.0;0.0;0.0;0.0;0.0;0.0;0.0;0.0;888.0;888.0;888.0
Alto Santo;LOGRADOURO;-5.40625;-38.185194444444;2010;3;39.2;0.0;0.0;0.0;0.0;0.0;0.0;0.0;0.0;0.0;0.0;0.0;0.0;0.0;0.0;0.0;0.0;0.0;0.0;0.0;2.0;0.0;0.0;2.0;0.0;0.0;0.0;0.0;0.0;13.6;21.6;0.0
Alto Santo;LOGRADOURO;-5.40625;-38.185194444444;2010;4;135.0;0.0;1.8;0.0;0.0;0.0;0.0;0.0;13.2;27.0;38.8;0.0;5.4;0.0;0.0;0.0;0.0;0.0;3.2;31.0;14.6;999.0;999.0;999.0;999.0;999.0;999.0;999.0;999.0;999.0;999.0;888.0
Alto Santo;LOGRADOURO;-5.40625;-38.185194444444;2011;1;230.4;0.0;0.0;0.0;0.0;0.0;0.0;5.6;0.0;0.0;37.0;12.4;1.6;0.0;0.0;0.0;0.0;0.0;0.0;0.0;13.2;5.0;33.0;0.0;37.0;34.0;13.4;0.0;0.0;30.8;0.0;7.4
Alto Santo;LOGRADOURO;-5.40625;-38.185194444444;2011;2;111.0;0.0;0.0;0.0;0.0;4.8;0.0;0.0;0.0;0.0;0.0;0.0;0.0;0.0;0.0;8.2;12.8;0.0;0.0;0.0;9.2;5.0;0.0;4.8;0.0;6.8;2.2;17.8;39.4;888.0;888.0;888.0
Alto Santo;LOGRADOURO;-5.40625;-38.185194444444;2011;3;79.4;0.0;4.0;1.4;0.0;7.0;8.2;0.0;3.6;16.8;0.0;0.0;9.4;5.8;0.0;0.0;0.0;0.0;0.0;0.0;0.0;0.0;0.0;0.0;0.0;14.6;0.0;0.0;8.6;0.0;0.0;0.0
Alto Santo;LOGRADOURO;-5.40625;-38.185194444444;2011;4;136.0;0.0;0.0;8.4;0.0;13.0;18.0;0.0;0.0;0.0;0.0;0.0;29.6;4.4;12.8;0.0;1.2;0.0;0.0;23.0;0.0;0.0;0.0;0.0;0.0;17.6;4.2;0.0;3.8;0.0;0.0;888.0
Alto Santo;LOGRADOURO;-5.40625;-38.185194444444;2011;5;77.2;31.0;0.0;5.4;1.0;22.6;0.0;8.2;0.0;0.0;2.0;2.4;0.0;0.0;0.0;0.0;0.0;0.0;0.0;3.6;0.0;0.0;0.0;0.0;0.0;1.0;0.0;0.0;0.0;0.0;0.0;0.0
Alto Santo;LOGRADOURO;-5.40625;-38.185194444444;2011;6;29.2;0.0;0.0;0.0;0.0;0.0;0.0;0.0;0.0;0.0;0.0;0.0;0.0;0.0;0.0;0.0;0.0;0.0;17.0;0.0;0.0;0.0;12.2;0.0;0.0;0.0;0.0;0.0;0.0;0.0;0.0;888.0
Alto Santo;LOGRADOURO;-5.40625;-38.185194444444;2011;7;142.6;0.0;0.0;0.0;0.0;0.0;0.0;0.0;0.0;0.0;0.0;0.0;12.0;35.0;0.0;0.0;48.0;47.6;0.0;0.0;0.0;0.0;0.0;0.0;0.0;0.0;0.0;0.0;0.0;0.0;0.0;0.0
Alto Santo;LOGRADOURO;-5.40625;-38.185194444444;2011;8;8.2;2.0;0.0;0.0;0.0;0.0;0.0;0.0;0.0;0.0;0.0;0.0;0.0;0.0;0.0;0.0;0.0;0.0;0.0;0.0;0.0;0.0;0.0;0.0;0.0;0.0;6.2;0.0;0.0;0.0;0.0;0.0
Alto Santo;LOGRADOURO;-5.40625;-38.185194444444;2011;9;0.0;0.0;0.0;0.0;0.0;0.0;0.0;0.0;0.0;0.0;0.0;0.0;0.0;0.0;0.0;0.0;0.0;0.0;0.0;0.0;0.0;0.0;0.0;0.0;0.0;0.0;0.0;0.0;0.0;0.0;0.0;888.0
Alto Santo;LOGRADOURO;-5.40625;-38.185194444444;2011;10;61.0;0.0;0.0;0.0;0.0;0.0;0.0;0.0;0.0;0.0;0.0;0.0;0.0;0.0;0.0;0.0;0.0;0.0;0.0;0.0;19.2;41.8;0.0;0.0;0.0;0.0;0.0;0.0;0.0;0.0;0.0;0.0
Alto Santo;LOGRADOURO;-5.40625;-38.185194444444;2011;11;11.6;0.0;0.0;0.0;0.0;0.0;0.0;0.0;0.0;0.0;0.0;0.0;0.0;0.0;0.0;11.6;0.0;0.0;0.0;0.0;0.0;0.0;0.0;0.0;0.0;0.0;0.0;0.0;0.0;0.0;0.0;888.0
Alto Santo;LOGRADOURO;-5.40625;-38.185194444444;2011;12;1.0;0.0;0.0;0.0;0.0;0.0;0.0;0.0;0.0;0.0;0.0;0.0;0.0;0.0;0.0;0.0;0.0;0.0;0.0;0.0;0.0;0.0;0.0;0.0;0.0;0.0;1.0;0.0;0.0;0.0;0.0;0.0
Alto Santo;LOGRADOURO;-5.40625;-38.185194444444;2012;1;19.8;0.0;0.0;0.0;0.0;0.0;0.0;0.0;0.0;0.0;6.2;0.0;0.0;0.0;0.0;0.0;0.0;0.0;0.0;0.0;4.2;0.0;0.0;0.0;9.4;0.0;0.0;0.0;0.0;0.0;0.0;0.0
Alto Santo;LOGRADOURO;-5.40625;-38.185194444444;2012;2;65.2;0.0;0.0;0.0;0.0;0.0;0.0;0.0;0.0;0.0;0.0;10.4;0.0;0.0;7.0;0.0;4.2;6.2;0.0;0.0;30.8;6.6;0.0;0.0;0.0;0.0;0.0;0.0;0.0;0.0;888.0;888.0
Alto Santo;LOGRADOURO;-5.40625;-38.185194444444;2012;3;72.8;0.0;0.0;0.0;0.0;0.0;0.0;0.0;5.6;21.4;0.0;10.0;0.0;0.0;0.0;0.0;1.0;0.0;0.0;2.6;0.0;0.0;0.0;0.0;0.0;0.0;24.0;0.0;0.0;0.0;8.2;0.0
Alto Santo;LOGRADOURO;-5.40625;-38.185194444444;2012;4;29.0;0.0;0.0;0.0;0.0;0.0;0.0;0.0;0.0;0.0;0.0;0.0;0.0;0.0;0.0;0.0;0.0;0.0;0.0;1.0;0.0;0.0;0.0;0.0;0.0;0.0;28.0;0.0;0.0;0.0;0.0;888.0
Alto Santo;LOGRADOURO;-5.40625;-38.185194444444;2012;5;4.2;0.0;0.0;0.0;0.0;0.0;0.0;0.0;0.0;0.0;0.0;0.0;0.0;0.0;0.0;0.0;0.0;0.0;0.0;0.0;0.0;0.0;0.0;1.2;0.0;3.0;0.0;0.0;0.0;0.0;0.0;0.0
Alto Santo;LOGRADOURO;-5.40625;-38.185194444444;2012;6;12.6;0.0;0.0;0.0;0.0;0.0;0.0;0.0;0.0;0.0;0.0;0.0;0.0;0.0;0.0;0.0;0.0;0.0;0.0;0.0;0.0;0.0;0.0;0.0;0.0;0.0;0.0;0.0;0.0;12.6;0.0;888.0
Alto Santo;LOGRADOURO;-5.40625;-38.185194444444;2012;7;18.6;0.0;0.0;18.6;0.0;0.0;0.0;0.0;0.0;0.0;0.0;0.0;0.0;0.0;0.0;0.0;0.0;0.0;0.0;0.0;0.0;0.0;0.0;0.0;0.0;0.0;0.0;0.0;0.0;0.0;0.0;0.0
Alto Santo;LOGRADOURO;-5.40625;-38.185194444444;2012;8;0.0;0.0;0.0;0.0;0.0;0.0;0.0;0.0;0.0;0.0;0.0;0.0;0.0;0.0;0.0;0.0;0.0;0.0;0.0;0.0;0.0;0.0;0.0;0.0;0.0;0.0;0.0;0.0;0.0;0.0;0.0;0.0
Alto Santo;LOGRADOURO;-5.40625;-38.185194444444;2012;9;0.0;0.0;0.0;0.0;0.0;0.0;0.0;0.0;0.0;0.0;0.0;0.0;0.0;0.0;0.0;0.0;0.0;0.0;0.0;0.0;0.0;0.0;0.0;0.0;0.0;0.0;0.0;0.0;0.0;0.0;0.0;888.0
Alto Santo;LOGRADOURO;-5.40625;-38.185194444444;2012;10;0.0;0.0;0.0;0.0;0.0;0.0;0.0;0.0;0.0;0.0;0.0;0.0;0.0;0.0;0.0;0.0;0.0;0.0;0.0;0.0;0.0;0.0;0.0;0.0;0.0;0.0;0.0;0.0;0.0;0.0;0.0;0.0
Alto Santo;LOGRADOURO;-5.40625;-38.185194444444;2012;11;6.2;0.0;0.0;0.0;0.0;0.0;0.0;0.0;0.0;0.0;0.0;0.0;0.0;0.0;0.0;0.0;0.0;0.0;0.0;0.0;0.0;0.0;0.0;0.0;0.0;0.0;0.0;0.0;0.0;0.0;6.2;888.0
Alto Santo;LOGRADOURO;-5.40625;-38.185194444444;2012;12;1.4;0.0;0.0;0.0;0.0;0.0;0.0;0.0;0.0;0.0;0.0;0.0;0.0;0.0;0.0;0.0;0.0;1.4;0.0;0.0;0.0;0.0;0.0;0.0;0.0;0.0;0.0;0.0;0.0;0.0;0.0;0.0
Alto Santo;LOGRADOURO;-5.40625;-38.185194444444;2013;1;13.8;0.0;0.0;0.0;0.0;0.0;0.0;0.0;0.0;0.0;0.0;0.0;0.0;0.0;0.0;0.0;0.0;0.0;0.0;0.0;0.0;0.0;0.0;13.8;0.0;0.0;0.0;0.0;0.0;0.0;0.0;0.0
Alto Santo;LOGRADOURO;-5.40625;-38.185194444444;2013;2;77.0;0.0;0.0;0.0;0.0;0.0;0.0;0.0;0.0;0.0;0.0;0.0;7.0;0.0;0.0;5.0;0.0;34.6;4.8;11.2;0.0;0.0;14.4;0.0;0.0;0.0;0.0;0.0;0.0;888.0;888.0;888.0
Alto Santo;LOGRADOURO;-5.40625;-38.185194444444;2013;3;14.2;0.0;0.0;0.0;0.0;0.0;0.0;0.0;0.0;0.0;0.0;0.0;0.0;0.0;0.0;0.0;0.0;0.0;0.0;0.0;0.0;8.0;0.0;4.4;0.0;0.0;0.0;0.0;1.8;0.0;0.0;0.0
Alto Santo;LOGRADOURO;-5.40625;-38.185194444444;2013;4;232.4;0.0;0.0;0.0;0.0;0.0;0.0;0.0;6.0;10.0;0.0;0.0;0.0;0.0;0.0;0.0;3.8;0.0;1.4;31.4;86.8;18.2;2.6;7.6;14.2;11.6;0.0;28.0;0.0;0.0;10.8;888.0
Alto Santo;LOGRADOURO;-5.40625;-38.185194444444;2013;5;60.4;3.0;12.8;0.0;0.0;0.0;0.0;0.0;2.0;0.0;8.4;0.0;0.0;0.0;0.0;1.2;0.0;0.0;0.0;21.2;0.0;0.0;0.0;0.0;0.0;0.0;5.2;6.6;0.0;0.0;0.0;0.0
Alto Santo;LOGRADOURO;-5.40625;-38.185194444444;2013;6;94.4;0.0;0.0;0.0;0.0;0.0;0.0;4.8;0.0;0.0;0.0;0.0;0.0;4.2;5.4;0.0;0.0;0.0;0.0;0.0;0.0;0.0;51.0;17.0;0.0;0.0;0.0;0.0;0.0;0.0;12.0;888.0
Alto Santo;LOGRADOURO;-5.40625;-38.185194444444;2013;7;13.2;0.0;0.0;0.0;4.6;0.0;0.0;0.0;0.0;0.0;2.8;0.0;0.0;0.0;0.0;5.8;0.0;0.0;0.0;0.0;0.0;0.0;0.0;0.0;0.0;0.0;0.0;0.0;0.0;0.0;0.0;0.0
Alto Santo;LOGRADOURO;-5.40625;-38.185194444444;2013;8;2.0;0.0;0.0;0.0;0.0;0.0;0.0;0.0;0.0;0.0;0.0;0.0;0.0;0.0;0.0;0.0;0.0;0.0;0.0;0.0;0.0;0.0;0.0;0.0;0.0;0.0;0.0;0.0;0.0;0.0;0.0;2.0
Alto Santo;LOGRADOURO;-5.40625;-38.185194444444;2013;9;0.0;0.0;0.0;0.0;0.0;0.0;0.0;0.0;0.0;0.0;0.0;0.0;0.0;0.0;0.0;0.0;0.0;0.0;0.0;0.0;0.0;0.0;0.0;0.0;0.0;0.0;0.0;0.0;0.0;0.0;0.0;888.0
Alto Santo;LOGRADOURO;-5.40625;-38.185194444444;2013;10;0.0;0.0;0.0;0.0;0.0;0.0;0.0;0.0;0.0;0.0;0.0;0.0;0.0;0.0;0.0;0.0;0.0;0.0;0.0;0.0;0.0;0.0;0.0;0.0;0.0;0.0;0.0;0.0;0.0;0.0;0.0;0.0
Alto Santo;LOGRADOURO;-5.40625;-38.185194444444;2013;11;58.8;0.0;0.0;0.0;22.0;31.2;0.0;0.0;0.0;0.0;0.0;0.0;0.0;0.0;0.0;0.0;0.0;0.0;0.0;0.0;0.0;0.0;0.0;0.0;0.0;5.6;0.0;0.0;0.0;0.0;0.0;888.0
Alto Santo;LOGRADOURO;-5.40625;-38.185194444444;2013;12;26.0;0.0;0.0;0.0;0.0;0.0;0.0;0.0;0.0;0.0;0.0;0.0;0.0;0.0;0.0;0.0;0.0;0.0;0.0;0.0;26.0;999.0;999.0;999.0;999.0;999.0;999.0;999.0;999.0;999.0;999.0;999.0
Alto Santo;LOGRADOURO;-5.40625;-38.185194444444;2014;1;11.2;0.0;0.0;0.0;0.0;0.0;0.0;0.0;0.0;0.0;0.0;6.8;0.0;0.0;0.0;0.0;0.0;0.0;0.0;0.0;0.0;0.0;0.0;0.0;0.0;0.0;0.0;1.8;2.6;0.0;0.0;0.0
Alto Santo;LOGRADOURO;-5.40625;-38.185194444444;2014;2;49.8;0.0;0.0;0.0;0.0;0.0;0.0;0.0;0.0;0.0;3.8;0.0;0.0;0.0;0.0;5.2;6.4;0.0;3.0;1.6;29.8;0.0;0.0;0.0;0.0;0.0;0.0;0.0;0.0;888.0;888.0;888.0
Alto Santo;LOGRADOURO;-5.40625;-38.185194444444;2014;3;125.6;0.0;0.0;0.0;0.0;0.0;0.0;3.4;0.0;0.0;0.0;0.0;0.0;0.0;0.0;9.6;4.6;3.4;0.0;55.4;3.0;0.0;0.0;0.0;0.0;0.0;0.0;0.0;0.0;17.0;9.0;20.2
Alto Santo;LOGRADOURO;-5.40625;-38.185194444444;2014;4;140.2;1.0;0.0;0.0;4.6;14.2;0.0;41.4;24.0;18.4;9.4;1.4;1.0;0.0;0.0;0.0;0.0;0.0;0.0;0.0;0.0;0.0;0.0;0.0;0.0;0.0;0.0;0.0;0.0;24.8;0.0;888.0
Alto Santo;LOGRADOURO;-5.40625;-38.185194444444;2014;5;76.6;10.8;0.0;0.0;5.0;0.0;0.0;0.0;0.0;0.0;0.0;0.0;18.0;0.0;0.0;33.6;0.0;9.2;0.0;0.0;0.0;0.0;0.0;0.0;0.0;0.0;0.0;0.0;0.0;0.0;0.0;0.0
Alto Santo;LOGRADOURO;-5.40625;-38.185194444444;2014;6;18.6;0.0;0.0;0.0;0.0;0.0;0.0;0.0;0.0;0.0;0.0;0.0;0.0;0.0;0.0;0.0;0.0;0.0;0.0;0.0;0.0;0.0;0.0;0.0;1.0;0.0;0.0;17.6;0.0;0.0;0.0;888.0
Alto Santo;LOGRADOURO;-5.40625;-38.185194444444;2014;7;20.6;0.0;0.0;0.0;0.0;0.0;0.0;0.0;0.0;1.0;0.0;0.0;0.0;9.6;0.0;0.0;0.0;5.6;0.0;0.0;0.0;0.0;0.0;0.0;0.0;0.0;0.0;0.0;0.0;4.4;0.0;0.0
Alto Santo;LOGRADOURO;-5.40625;-38.185194444444;2014;8;3.8;0.0;0.0;0.0;0.0;0.0;0.0;0.0;0.0;0.0;0.0;0.0;0.0;0.0;0.0;0.0;0.0;0.0;0.0;0.0;0.0;0.0;0.0;0.0;0.0;0.0;0.0;0.0;0.0;3.8;0.0;0.0
Alto Santo;LOGRADOURO;-5.40625;-38.185194444444;2014;9;0.0;0.0;0.0;0.0;0.0;0.0;0.0;0.0;0.0;0.0;0.0;0.0;0.0;0.0;0.0;0.0;0.0;0.0;0.0;0.0;0.0;0.0;0.0;0.0;0.0;0.0;0.0;0.0;0.0;0.0;0.0;888.0
Alto Santo;LOGRADOURO;-5.40625;-38.185194444444;2014;10;7.0;0.0;0.0;0.0;0.0;0.0;0.0;7.0;0.0;0.0;0.0;0.0;0.0;0.0;0.0;0.0;0.0;0.0;0.0;0.0;0.0;0.0;0.0;0.0;0.0;0.0;0.0;0.0;0.0;0.0;0.0;0.0
Alto Santo;LOGRADOURO;-5.40625;-38.185194444444;2014;11;6.0;0.0;0.0;0.0;0.0;0.0;0.0;0.0;0.0;0.0;0.0;0.0;0.0;0.0;0.0;0.0;0.0;0.0;0.0;0.0;0.0;0.0;6.0;0.0;0.0;0.0;0.0;0.0;0.0;0.0;0.0;888.0
Alto Santo;LOGRADOURO;-5.40625;-38.185194444444;2014;12;0.0;0.0;0.0;0.0;0.0;0.0;0.0;0.0;0.0;0.0;0.0;0.0;0.0;0.0;0.0;0.0;0.0;0.0;0.0;0.0;0.0;0.0;0.0;0.0;0.0;0.0;0.0;0.0;0.0;0.0;0.0;0.0
Alto Santo;LOGRADOURO;-5.40625;-38.185194444444;2015;1;3.0;0.0;0.0;0.0;1.0;0.0;0.0;0.0;0.0;0.0;0.0;0.0;0.0;0.0;2.0;0.0;0.0;0.0;0.0;0.0;0.0;0.0;0.0;0.0;0.0;0.0;0.0;0.0;0.0;0.0;0.0;0.0
Alto Santo;LOGRADOURO;-5.40625;-38.185194444444;2015;2;64.0;0.0;0.0;0.0;4.8;14.6;0.0;0.0;0.0;0.0;0.0;0.0;0.0;0.0;0.0;0.0;0.0;18.0;0.0;1.0;14.0;2.4;6.0;0.0;3.2;0.0;0.0;0.0;0.0;888.0;888.0;888.0
Alto Santo;LOGRADOURO;-5.40625;-38.185194444444;2015;3;115.6;3.2;4.6;0.0;0.0;0.0;11.4;0.0;0.0;27.2;2.4;0.0;0.0;0.0;0.0;0.0;0.0;0.0;0.0;0.0;0.0;0.0;11.0;0.0;50.0;3.2;0.0;0.0;0.0;0.0;2.6;0.0
Alto Santo;LOGRADOURO;-5.40625;-38.185194444444;2015;4;33.4;0.0;0.0;0.0;0.0;0.0;0.0;0.0;0.0;6.0;0.0;0.0;0.0;0.0;0.0;0.0;0.0;0.0;0.0;0.0;0.0;0.0;0.0;3.2;24.2;0.0;0.0;0.0;0.0;0.0;0.0;888.0
Alto Santo;LOGRADOURO;-5.40625;-38.185194444444;2015;5;15.4;0.0;0.0;0.0;0.0;0.0;0.0;0.0;0.0;0.0;0.0;0.0;0.0;0.0;0.0;0.0;0.0;0.0;0.0;0.0;0.0;0.0;0.0;0.0;0.0;0.0;0.0;0.0;0.0;0.0;0.0;15.4
Alto Santo;LOGRADOURO;-5.40625;-38.185194444444;2015;6;40.0;0.0;0.0;0.0;0.0;0.0;0.0;11.0;0.0;11.2;8.2;0.0;0.0;0.0;0.0;0.0;0.0;0.0;0.0;0.0;0.0;0.0;0.0;0.0;9.6;0.0;0.0;0.0;0.0;0.0;0.0;888.0
Alto Santo;LOGRADOURO;-5.40625;-38.185194444444;2015;7;0.0;0.0;0.0;0.0;0.0;0.0;0.0;0.0;0.0;0.0;0.0;0.0;0.0;0.0;0.0;0.0;0.0;0.0;0.0;0.0;0.0;0.0;0.0;0.0;0.0;0.0;0.0;0.0;0.0;0.0;0.0;0.0
Alto Santo;LOGRADOURO;-5.40625;-38.185194444444;2015;8;0.0;0.0;0.0;0.0;0.0;0.0;0.0;0.0;0.0;0.0;0.0;0.0;0.0;0.0;0.0;0.0;0.0;0.0;0.0;0.0;0.0;0.0;0.0;0.0;0.0;0.0;0.0;0.0;0.0;0.0;0.0;0.0
Alto Santo;LOGRADOURO;-5.40625;-38.185194444444;2015;9;0.0;0.0;0.0;0.0;0.0;0.0;0.0;0.0;0.0;0.0;0.0;0.0;0.0;0.0;0.0;0.0;0.0;0.0;0.0;0.0;0.0;0.0;0.0;0.0;0.0;0.0;0.0;0.0;0.0;0.0;0.0;888.0
Alto Santo;LOGRADOURO;-5.40625;-38.185194444444;2015;10;0.0;0.0;0.0;0.0;0.0;0.0;0.0;0.0;0.0;0.0;0.0;0.0;0.0;0.0;0.0;0.0;0.0;0.0;0.0;0.0;0.0;0.0;0.0;0.0;0.0;0.0;0.0;0.0;0.0;0.0;0.0;0.0
Alto Santo;LOGRADOURO;-5.40625;-38.185194444444;2015;11;0.0;0.0;0.0;0.0;0.0;0.0;0.0;0.0;0.0;0.0;0.0;0.0;0.0;0.0;0.0;0.0;0.0;0.0;0.0;0.0;0.0;0.0;0.0;0.0;0.0;0.0;0.0;0.0;0.0;0.0;0.0;888.0
Alto Santo;LOGRADOURO;-5.40625;-38.185194444444;2015;12;45.0;0.0;0.0;0.0;0.0;0.0;0.0;0.0;0.0;0.0;0.0;0.0;0.0;0.0;0.0;0.0;0.0;8.0;0.0;0.0;0.0;0.0;0.0;0.0;0.0;0.0;24.0;0.0;0.0;13.0;0.0;0.0
Alto Santo;LOGRADOURO;-5.40625;-38.185194444444;2016;1;155.3;0.0;0.0;0.0;6.8;0.0;0.0;22.4;0.0;6.2;0.0;0.0;0.0;0.0;10.4;23.0;0.0;3.8;0.0;9.6;0.0;0.0;18.1;11.8;27.8;11.6;0.0;0.0;0.0;0.0;3.8;0.0
Alto Santo;LOGRADOURO;-5.40625;-38.185194444444;2016;2;54.0;2.0;21.6;6.0;0.0;0.0;0.0;0.0;0.0;0.0;0.0;1.6;0.0;0.0;0.0;3.4;0.0;0.0;0.0;0.0;16.6;0.0;2.8;0.0;0.0;0.0;0.0;0.0;0.0;0.0;888.0;888.0
Alto Santo;LOGRADOURO;-5.40625;-38.185194444444;2016;3;47.8;0.0;0.0;0.0;6.8;0.0;0.0;0.0;0.0;0.0;0.0;0.0;0.0;0.0;6.0;0.0;2.4;0.0;11.0;0.0;0.0;0.0;0.0;0.0;0.0;0.0;0.0;0.0;0.0;0.0;15.0;6.6
Alto Santo;LOGRADOURO;-5.40625;-38.185194444444;2016;4;96.1;1.8;0.0;32.0;0.0;0.0;0.0;0.0;0.0;0.0;0.0;1.2;39.2;0.0;0.0;8.8;5.0;0.0;0.0;0.0;0.0;0.0;6.0;2.1;0.0;0.0;0.0;0.0;0.0;0.0;0.0;888.0
Alto Santo;LOGRADOURO;-5.40625;-38.185194444444;2016;5;38.2;0.0;0.0;16.8;0.0;0.0;0.0;0.0;0.0;0.0;0.0;0.0;0.0;7.2;0.0;0.0;0.0;0.0;0.0;0.0;0.0;999.0;0.0;0.0;0.0;0.0;6.6;0.0;0.0;0.0;0.0;7.6
Alto Santo;LOGRADOURO;-5.40625;-38.185194444444;2016;6;27.6;0.0;0.0;4.2;15.2;0.0;0.0;8.2;0.0;0.0;0.0;0.0;0.0;0.0;0.0;0.0;0.0;0.0;0.0;0.0;0.0;0.0;0.0;0.0;0.0;0.0;0.0;0.0;0.0;0.0;0.0;888.0
Alto Santo;LOGRADOURO;-5.40625;-38.185194444444;2016;7;0.0;0.0;0.0;0.0;0.0;0.0;0.0;0.0;0.0;0.0;0.0;0.0;0.0;0.0;0.0;0.0;0.0;0.0;0.0;0.0;0.0;0.0;0.0;0.0;0.0;0.0;0.0;0.0;0.0;0.0;0.0;0.0
Alto Santo;LOGRADOURO;-5.40625;-38.185194444444;2016;8;0.0;0.0;0.0;0.0;0.0;0.0;0.0;0.0;0.0;0.0;0.0;0.0;0.0;0.0;0.0;0.0;0.0;0.0;0.0;0.0;0.0;0.0;0.0;0.0;0.0;0.0;0.0;0.0;0.0;0.0;0.0;0.0
Alto Santo;LOGRADOURO;-5.40625;-38.185194444444;2016;9;0.0;0.0;0.0;0.0;0.0;0.0;0.0;0.0;0.0;0.0;0.0;0.0;0.0;0.0;0.0;0.0;0.0;0.0;0.0;0.0;0.0;0.0;0.0;0.0;0.0;0.0;0.0;0.0;0.0;0.0;0.0;888.0
Alto Santo;LOGRADOURO;-5.40625;-38.185194444444;2016;10;0.0;0.0;0.0;0.0;0.0;0.0;0.0;0.0;0.0;0.0;0.0;0.0;0.0;0.0;0.0;0.0;0.0;0.0;0.0;0.0;0.0;0.0;0.0;0.0;0.0;0.0;0.0;0.0;0.0;0.0;0.0;0.0
Alto Santo;LOGRADOURO;-5.40625;-38.185194444444;2016;11;0.0;0.0;0.0;0.0;0.0;0.0;0.0;0.0;0.0;0.0;0.0;0.0;0.0;0.0;0.0;0.0;0.0;0.0;0.0;0.0;0.0;0.0;0.0;0.0;0.0;0.0;0.0;0.0;0.0;0.0;0.0;888.0
Alto Santo;LOGRADOURO;-5.40625;-38.185194444444;2016;12;34.0;0.0;0.0;0.0;0.0;0.0;0.0;0.0;0.0;0.0;0.0;0.0;0.0;0.0;0.0;0.0;0.0;0.0;0.0;28.0;0.0;0.0;0.0;0.0;0.0;0.0;0.0;0.0;0.0;6.0;0.0;0.0
Alto Santo;LOGRADOURO;-5.40625;-38.185194444444;2017;1;21.8;0.0;0.0;0.0;12.4;0.0;0.0;0.0;0.0;0.0;0.0;0.0;0.0;0.0;0.0;0.0;0.0;0.0;0.0;0.0;0.0;0.0;0.0;0.0;6.2;0.0;0.0;0.0;3.2;0.0;0.0;0.0
Alto Santo;LOGRADOURO;-5.40625;-38.185194444444;2017;2;256.8;2.0;0.0;0.0;0.0;0.0;0.0;0.0;0.0;5.4;0.0;27.0;5.6;0.0;0.0;1.8;0.0;0.0;178.6;24.4;12.0;0.0;0.0;0.0;0.0;0.0;0.0;0.0;0.0;888.0;888.0;888.0
Alto Santo;LOGRADOURO;-5.40625;-38.185194444444;2017;3;245.6;29.0;54.0;4.8;10.8;0.0;0.0;0.0;0.0;0.0;11.4;0.0;0.0;0.0;0.0;6.6;0.0;8.4;0.0;0.0;0.0;0.0;0.0;76.2;33.4;0.0;0.0;0.0;0.0;0.0;0.0;11.0
Alto Santo;LOGRADOURO;-5.40625;-38.185194444444;2017;4;115.4;2.4;16.4;4.8;0.0;0.0;5.0;0.0;0.0;0.0;6.0;0.0;50.0;0.0;3.6;0.0;0.0;0.0;0.0;0.0;0.0;0.0;0.0;25.0;0.0;0.0;0.0;0.0;0.0;2.2;0.0;888.0
Alto Santo;LOGRADOURO;-5.40625;-38.185194444444;2017;5;29.0;0.0;0.0;0.0;0.0;0.0;0.0;0.0;0.0;0.0;0.0;0.0;0.0;0.0;0.0;0.0;0.0;0.0;0.0;0.0;0.0;0.0;0.0;0.0;0.0;0.0;22.2;1.6;2.6;2.6;0.0;0.0
Alto Santo;LOGRADOURO;-5.40625;-38.185194444444;2017;6;34.0;0.0;10.8;8.8;0.0;0.0;0.0;0.0;0.0;0.0;0.0;0.0;0.0;0.0;0.0;0.0;0.0;0.0;0.0;0.0;2.0;0.0;5.4;0.0;0.0;1.2;0.0;0.0;0.0;0.0;5.8;888.0
Alto Santo;LOGRADOURO;-5.40625;-38.185194444444;2017;7;32.8;0.0;19.4;0.0;0.0;0.0;0.0;0.0;0.0;0.0;0.0;0.0;2.0;0.0;0.0;0.0;0.0;0.0;0.0;0.0;0.0;4.0;3.0;3.0;1.4;0.0;0.0;0.0;0.0;0.0;0.0;0.0
Alto Santo;LOGRADOURO;-5.40625;-38.185194444444;2017;8;0.0;0.0;0.0;0.0;0.0;0.0;0.0;0.0;0.0;0.0;0.0;0.0;0.0;0.0;0.0;0.0;0.0;0.0;0.0;0.0;0.0;0.0;0.0;0.0;0.0;0.0;0.0;0.0;0.0;0.0;0.0;0.0
Alto Santo;LOGRADOURO;-5.40625;-38.185194444444;2017;9;0.0;0.0;0.0;0.0;0.0;0.0;0.0;0.0;0.0;0.0;0.0;0.0;0.0;0.0;0.0;0.0;0.0;0.0;0.0;0.0;0.0;0.0;0.0;0.0;0.0;0.0;0.0;0.0;0.0;0.0;0.0;888.0
Alto Santo;LOGRADOURO;-5.40625;-38.185194444444;2017;10;0.0;0.0;0.0;0.0;0.0;0.0;0.0;0.0;0.0;0.0;0.0;0.0;0.0;0.0;0.0;0.0;0.0;0.0;0.0;0.0;0.0;0.0;0.0;0.0;0.0;0.0;0.0;0.0;0.0;0.0;0.0;0.0
Alto Santo;LOGRADOURO;-5.40625;-38.185194444444;2017;11;0.0;0.0;0.0;0.0;0.0;0.0;0.0;0.0;0.0;0.0;0.0;0.0;0.0;0.0;0.0;0.0;0.0;0.0;0.0;0.0;0.0;0.0;0.0;0.0;0.0;0.0;0.0;0.0;0.0;0.0;0.0;888.0
Alto Santo;LOGRADOURO;-5.40625;-38.185194444444;2017;12;0.0;0.0;0.0;0.0;0.0;0.0;0.0;0.0;0.0;0.0;0.0;0.0;0.0;0.0;0.0;0.0;0.0;0.0;0.0;0.0;0.0;0.0;0.0;0.0;0.0;0.0;0.0;0.0;0.0;0.0;0.0;0.0
Alto Santo;LOGRADOURO;-5.40625;-38.185194444444;2018;1;49.6;0.0;0.0;0.0;0.0;0.0;0.0;0.0;0.0;0.0;0.0;8.0;0.0;0.0;0.0;3.8;0.0;0.0;0.0;11.0;15.8;11.0;0.0;0.0;0.0;0.0;0.0;0.0;0.0;0.0;0.0;0.0
Alto Santo;LOGRADOURO;-5.40625;-38.185194444444;2018;2;113.0;0.0;0.0;1.0;0.0;0.0;0.0;0.0;0.0;0.0;4.2;38.6;0.0;0.0;1.4;38.0;9.8;0.0;1.0;9.8;2.6;4.6;0.0;0.0;0.0;0.0;0.0;2.0;0.0;888.0;888.0;888.0
Alto Santo;LOGRADOURO;-5.40625;-38.185194444444;2018;3;102.4;2.2;0.0;8.2;21.6;0.0;0.0;0.0;0.0;0.0;0.0;0.0;0.0;0.0;0.0;0.0;0.0;0.0;0.0;0.0;0.0;0.0;0.0;6.0;0.0;0.0;0.0;0.0;12.8;20.0;20.2;11.4
Alto Santo;LOGRADOURO;-5.40625;-38.185194444444;2018;4;318.6;0.0;4.0;13.0;1.8;0.0;5.8;0.0;85.8;0.0;0.0;20.4;0.0;82.0;0.0;20.6;29.4;11.4;0.0;0.0;0.0;0.0;0.0;15.6;10.6;0.0;0.0;0.0;4.8;4.8;8.6;888.0
Alto Santo;LOGRADOURO;-5.40625;-38.185194444444;2018;5;22.0;1.4;2.0;0.0;0.0;0.0;0.0;0.0;0.0;0.0;0.0;0.0;0.0;0.0;0.0;0.0;1.4;0.0;4.0;8.0;0.0;0.0;0.0;0.0;0.0;0.0;5.2;0.0;0.0;0.0;0.0;0.0
Alto Santo;LOGRADOURO;-5.40625;-38.185194444444;2018;6;6.0;0.0;0.0;0.0;0.0;0.0;0.0;0.0;0.0;1.2;4.8;0.0;0.0;0.0;0.0;0.0;0.0;0.0;0.0;0.0;0.0;0.0;0.0;0.0;0.0;0.0;0.0;0.0;0.0;0.0;0.0;888.0
Alto Santo;LOGRADOURO;-5.40625;-38.185194444444;2018;7;1.4;0.0;0.0;0.0;0.0;0.0;0.0;0.0;1.4;0.0;0.0;0.0;0.0;0.0;0.0;0.0;0.0;0.0;0.0;0.0;0.0;0.0;0.0;0.0;0.0;0.0;0.0;0.0;0.0;0.0;0.0;0.0
Alto Santo;LOGRADOURO;-5.40625;-38.185194444444;2018;8;0.0;0.0;0.0;0.0;0.0;0.0;0.0;0.0;0.0;0.0;0.0;0.0;0.0;0.0;0.0;0.0;0.0;0.0;0.0;0.0;0.0;0.0;0.0;0.0;0.0;0.0;0.0;0.0;0.0;0.0;0.0;0.0
Alto Santo;LOGRADOURO;-5.40625;-38.185194444444;2018;9;0.0;0.0;0.0;0.0;0.0;0.0;0.0;0.0;0.0;0.0;0.0;0.0;0.0;0.0;0.0;0.0;0.0;0.0;0.0;0.0;0.0;0.0;0.0;0.0;0.0;0.0;0.0;0.0;0.0;0.0;0.0;888.0
Alto Santo;LOGRADOURO;-5.40625;-38.185194444444;2018;10;0.0;0.0;0.0;0.0;0.0;0.0;0.0;0.0;0.0;0.0;0.0;0.0;0.0;0.0;0.0;0.0;0.0;0.0;0.0;0.0;0.0;0.0;0.0;0.0;0.0;0.0;0.0;0.0;0.0;0.0;0.0;0.0
Alto Santo;LOGRADOURO;-5.40625;-38.185194444444;2018;11;0.0;0.0;0.0;0.0;0.0;0.0;0.0;0.0;0.0;0.0;0.0;0.0;0.0;0.0;0.0;0.0;0.0;0.0;0.0;0.0;0.0;0.0;0.0;0.0;0.0;0.0;0.0;0.0;0.0;0.0;0.0;888.0
Alto Santo;LOGRADOURO;-5.40625;-38.185194444444;2018;12;41.8;0.0;0.0;0.0;0.0;0.0;2.0;0.0;0.0;0.0;7.6;2.8;0.0;0.0;0.0;0.0;0.0;0.0;5.4;0.0;0.0;0.0;0.0;0.0;24.0;0.0;0.0;0.0;0.0;0.0;0.0;0.0
Alto Santo;LOGRADOURO;-5.40625;-38.185194444444;2019;1;71.6;0.0;0.0;0.0;5.0;3.4;0.0;0.0;0.0;26.0;0.0;0.0;0.0;0.0;0.0;6.0;0.0;0.0;15.6;4.0;0.0;0.0;0.0;0.0;0.0;0.0;0.0;11.6;0.0;0.0;0.0;0.0
Alto Santo;LOGRADOURO;-5.40625;-38.185194444444;2019;2;180.6;0.0;1.2;0.0;42.0;0.0;14.4;19.6;0.0;0.0;0.0;0.0;0.0;0.0;54.4;0.0;1.6;0.0;13.4;12.2;0.0;0.0;0.0;0.0;19.8;2.0;0.0;0.0;0.0;888.0;888.0;888.0
Alto Santo;LOGRADOURO;-5.40625;-38.185194444444;2019;3;142.4;0.0;19.8;44.8;9.6;0.0;0.0;0.0;0.0;0.0;0.0;0.0;0.0;27.0;0.0;0.0;0.0;0.0;0.0;0.0;5.8;0.0;0.0;0.0;0.0;0.0;0.0;7.2;0.0;16.2;0.0;12.0
Alto Santo;LOGRADOURO;-5.40625;-38.185194444444;2019;4;156.4;62.2;0.0;0.0;4.2;0.0;0.0;0.0;0.0;4.8;0.0;0.0;5.0;12.6;0.0;0.0;4.2;0.0;0.0;0.0;0.0;12.4;0.0;0.0;0.0;17.2;0.0;0.0;0.0;0.0;33.8;888.0
Alto Santo;LOGRADOURO;-5.40625;-38.185194444444;2019;5;73.8;13.2;29.2;0.0;0.0;0.0;0.0;0.0;0.0;0.0;0.0;0.0;0.0;0.0;0.0;0.0;15.2;0.0;2.2;0.0;0.0;0.0;5.6;0.0;0.0;0.0;0.0;8.4;0.0;0.0;0.0;0.0
Alto Santo;LOGRADOURO;-5.40625;-38.185194444444;2019;6;1.0;0.0;0.0;0.0;0.0;0.0;0.0;0.0;0.0;0.0;0.0;0.0;0.0;0.0;0.0;0.0;0.0;0.0;0.0;1.0;0.0;0.0;0.0;0.0;0.0;0.0;0.0;0.0;0.0;0.0;0.0;888.0
Alto Santo;LOGRADOURO;-5.40625;-38.185194444444;2019;7;19.6;0.0;0.0;0.0;4.4;0.0;0.0;0.0;0.0;0.0;0.0;0.0;0.0;0.0;0.0;0.0;0.0;0.0;0.0;0.0;0.0;0.0;0.0;15.2;0.0;0.0;0.0;0.0;0.0;0.0;0.0;0.0
Alto Santo;LOGRADOURO;-5.40625;-38.185194444444;2019;8;0.0;0.0;0.0;0.0;0.0;0.0;0.0;0.0;0.0;0.0;0.0;0.0;0.0;0.0;0.0;0.0;0.0;0.0;0.0;0.0;0.0;0.0;0.0;0.0;0.0;0.0;0.0;0.0;0.0;999.0;0.0;0.0
Alto Santo;LOGRADOURO;-5.40625;-38.185194444444;2019;9;0.0;0.0;0.0;0.0;0.0;0.0;0.0;0.0;0.0;0.0;0.0;0.0;0.0;0.0;0.0;0.0;0.0;0.0;0.0;0.0;0.0;0.0;0.0;0.0;0.0;0.0;0.0;0.0;0.0;0.0;0.0;888.0
Alto Santo;LOGRADOURO;-5.40625;-38.185194444444;2019;10;0.0;0.0;0.0;0.0;0.0;0.0;0.0;0.0;0.0;0.0;0.0;0.0;0.0;0.0;0.0;0.0;0.0;0.0;0.0;0.0;0.0;0.0;0.0;0.0;0.0;0.0;0.0;0.0;0.0;0.0;0.0;0.0
Alto Santo;LOGRADOURO;-5.40625;-38.185194444444;2019;11;0.0;0.0;0.0;0.0;0.0;0.0;0.0;0.0;0.0;0.0;0.0;0.0;0.0;0.0;0.0;0.0;0.0;0.0;0.0;0.0;0.0;0.0;0.0;0.0;0.0;0.0;0.0;0.0;0.0;0.0;0.0;888.0
Alto Santo;LOGRADOURO;-5.40625;-38.185194444444;2019;12;0.0;0.0;0.0;0.0;0.0;0.0;0.0;0.0;0.0;0.0;0.0;0.0;0.0;0.0;0.0;0.0;0.0;0.0;0.0;0.0;0.0;0.0;0.0;0.0;0.0;0.0;0.0;0.0;0.0;0.0;0.0;0.0
Alto Santo;LOGRADOURO;-5.40625;-38.185194444444;2020;1;131.4;26.6;0.0;0.0;20.6;0.0;0.0;0.0;0.0;24.0;0.0;0.0;0.0;0.0;2.0;0.0;0.0;0.0;12.0;0.0;0.0;0.0;39.2;0.0;0.0;4.0;0.0;3.0;0.0;0.0;0.0;0.0
Alto Santo;LOGRADOURO;-5.40625;-38.185194444444;2020;2;147.0;7.0;3.0;26.4;0.0;20.2;5.4;0.0;0.0;0.0;12.0;0.0;0.0;0.0;0.0;0.0;0.0;0.0;3.4;11.0;0.0;0.0;10.6;19.0;0.0;0.0;0.0;0.0;0.0;29.0;888.0;888.0
Alto Santo;LOGRADOURO;-5.40625;-38.185194444444;2020;3;264.6;0.0;0.0;0.0;14.6;52.0;0.0;11.0;6.0;0.0;0.0;0.0;0.0;15.0;2.0;20.0;3.0;21.0;0.0;16.0;10.0;5.0;0.0;0.0;2.0;52.0;6.0;0.0;0.0;0.0;5.0;24.0
Alto Santo;LOGRADOURO;-5.40625;-38.185194444444;2020;4;118.0;0.0;3.0;3.0;0.0;5.0;7.0;0.0;0.0;0.0;0.0;0.0;0.0;0.0;0.0;0.0;0.0;0.0;0.0;0.0;0.0;0.0;19.0;66.0;13.0;0.0;0.0;0.0;2.0;0.0;0.0;888.0
Alto Santo;LOGRADOURO;-5.40625;-38.185194444444;2020;5;64.0;10.0;0.0;0.0;0.0;0.0;3.0;0.0;0.0;0.0;0.0;0.0;0.0;4.0;0.0;0.0;4.0;10.0;0.0;2.0;5.0;0.0;0.0;0.0;0.0;5.0;0.0;0.0;0.0;0.0;0.0;21.0
Alto Santo;LOGRADOURO;-5.40625;-38.185194444444;2020;6;54.0;4.0;0.0;2.0;0.0;0.0;0.0;0.0;0.0;0.0;9.0;27.0;0.0;0.0;0.0;0.0;5.0;0.0;2.0;0.0;5.0;0.0;0.0;0.0;0.0;0.0;0.0;0.0;0.0;0.0;0.0;888.0
Alto Santo;LOGRADOURO;-5.40625;-38.185194444444;2020;7;48.0;0.0;0.0;0.0;0.0;0.0;0.0;38.0;0.0;0.0;0.0;1.0;0.0;0.0;0.0;0.0;0.0;0.0;0.0;0.0;0.0;0.0;0.0;0.0;0.0;0.0;0.0;0.0;0.0;0.0;9.0;0.0
Alto Santo;LOGRADOURO;-5.40625;-38.185194444444;2020;8;0.0;0.0;0.0;0.0;0.0;0.0;0.0;0.0;0.0;0.0;0.0;0.0;0.0;0.0;0.0;0.0;0.0;0.0;0.0;0.0;0.0;0.0;0.0;0.0;0.0;0.0;0.0;0.0;0.0;0.0;0.0;0.0
Alto Santo;LOGRADOURO;-5.40625;-38.185194444444;2020;9;0.0;0.0;0.0;0.0;0.0;0.0;0.0;0.0;0.0;0.0;0.0;0.0;0.0;0.0;0.0;0.0;0.0;0.0;0.0;0.0;0.0;0.0;0.0;0.0;0.0;0.0;0.0;0.0;0.0;0.0;0.0;888.0
Alto Santo;LOGRADOURO;-5.40625;-38.185194444444;2020;10;0.0;0.0;0.0;0.0;0.0;0.0;0.0;0.0;0.0;0.0;0.0;0.0;0.0;0.0;0.0;0.0;0.0;0.0;0.0;0.0;0.0;0.0;0.0;0.0;0.0;0.0;0.0;0.0;0.0;0.0;0.0;0.0
Alto Santo;LOGRADOURO;-5.40625;-38.185194444444;2020;11;7.0;0.0;0.0;0.0;0.0;0.0;0.0;0.0;0.0;0.0;7.0;0.0;0.0;0.0;0.0;0.0;0.0;0.0;0.0;0.0;0.0;0.0;0.0;0.0;0.0;0.0;0.0;0.0;0.0;0.0;0.0;888.0
Alto Santo;LOGRADOURO;-5.40625;-38.185194444444;2020;12;6.0;0.0;0.0;0.0;6.0;0.0;0.0;0.0;0.0;0.0;0.0;0.0;0.0;0.0;0.0;0.0;0.0;0.0;0.0;0.0;0.0;0.0;0.0;0.0;0.0;0.0;0.0;0.0;0.0;0.0;0.0;0.0
Alto Santo;LOGRADOURO;-5.40625;-38.185194444444;2021;1;14.0;0.0;0.0;0.0;0.0;0.0;0.0;0.0;0.0;0.0;0.0;0.0;8.0;0.0;0.0;0.0;0.0;0.0;0.0;0.0;0.0;6.0;0.0;0.0;0.0;0.0;0.0;0.0;0.0;0.0;0.0;0.0
Alto Santo;LOGRADOURO;-5.40625;-38.185194444444;2021;2;111.0;0.0;0.0;0.0;0.0;0.0;0.0;0.0;0.0;0.0;4.0;0.0;22.0;0.0;3.0;0.0;0.0;8.0;0.0;0.0;0.0;0.0;0.0;0.0;4.0;24.0;26.0;20.0;0.0;888.0;888.0;888.0
Alto Santo;LOGRADOURO;-5.40625;-38.185194444444;2021;3;160.0;16.0;0.0;0.0;3.0;0.0;0.0;0.0;0.0;0.0;0.0;0.0;0.0;0.0;0.0;0.0;8.0;26.0;0.0;5.0;22.0;0.0;0.0;0.0;8.0;28.0;11.0;0.0;30.0;0.0;0.0;3.0
Alto Santo;LOGRADOURO;-5.40625;-38.185194444444;2021;4;178.0;0.0;0.0;0.0;14.0;2.0;0.0;0.0;0.0;0.0;19.0;25.0;10.0;8.0;9.0;0.0;0.0;0.0;0.0;0.0;0.0;0.0;0.0;0.0;0.0;0.0;0.0;0.0;0.0;65.0;26.0;888.0
Alto Santo;LOGRADOURO;-5.40625;-38.185194444444;2021;5;133.0;2.0;0.0;19.0;32.0;38.0;0.0;0.0;0.0;0.0;0.0;7.0;0.0;0.0;0.0;12.0;0.0;0.0;0.0;0.0;0.0;0.0;0.0;0.0;0.0;0.0;0.0;0.0;0.0;23.0;0.0;0.0
Alto Santo;LOGRADOURO;-5.40625;-38.185194444444;2021;6;2.0;0.0;0.0;0.0;0.0;0.0;0.0;0.0;0.0;0.0;0.0;0.0;0.0;0.0;0.0;0.0;0.0;0.0;2.0;0.0;0.0;0.0;0.0;0.0;0.0;0.0;0.0;0.0;0.0;0.0;0.0;888.0
Alto Santo;LOGRADOURO;-5.40625;-38.185194444444;2021;7;5.0;0.0;5.0;0.0;0.0;0.0;0.0;0.0;0.0;0.0;0.0;0.0;0.0;0.0;0.0;0.0;0.0;0.0;0.0;0.0;0.0;0.0;0.0;0.0;0.0;0.0;0.0;0.0;0.0;0.0;0.0;0.0
Alto Santo;LOGRADOURO;-5.40625;-38.185194444444;2021;8;0.0;0.0;0.0;0.0;0.0;0.0;0.0;0.0;0.0;0.0;0.0;0.0;0.0;0.0;0.0;0.0;0.0;0.0;0.0;0.0;0.0;0.0;0.0;0.0;0.0;0.0;0.0;0.0;0.0;0.0;0.0;0.0
Alto Santo;LOGRADOURO;-5.40625;-38.185194444444;2021;9;0.0;0.0;0.0;0.0;0.0;0.0;0.0;0.0;0.0;0.0;0.0;0.0;0.0;0.0;0.0;0.0;0.0;0.0;0.0;0.0;0.0;0.0;0.0;0.0;0.0;0.0;0.0;0.0;0.0;0.0;0.0;888.0
Alto Santo;LOGRADOURO;-5.40625;-38.185194444444;2021;10;0.0;0.0;0.0;0.0;0.0;0.0;0.0;0.0;0.0;0.0;0.0;0.0;0.0;0.0;0.0;0.0;0.0;0.0;0.0;0.0;0.0;0.0;0.0;0.0;0.0;0.0;0.0;0.0;0.0;0.0;0.0;0.0
Alto Santo;LOGRADOURO;-5.40625;-38.185194444444;2021;11;0.0;0.0;0.0;0.0;0.0;0.0;0.0;0.0;0.0;0.0;0.0;0.0;0.0;0.0;0.0;0.0;0.0;0.0;0.0;0.0;0.0;0.0;0.0;0.0;0.0;0.0;0.0;0.0;0.0;0.0;0.0;888.0
Alto Santo;LOGRADOURO;-5.40625;-38.185194444444;2021;12;7.0;0.0;0.0;0.0;0.0;0.0;0.0;0.0;0.0;0.0;0.0;0.0;0.0;0.0;0.0;0.0;0.0;0.0;0.0;0.0;0.0;0.0;0.0;0.0;0.0;0.0;3.0;4.0;0.0;0.0;0.0;0.0
Alto Santo;LOGRADOURO;-5.40625;-38.185194444444;2022;1;185.0;0.0;10.0;12.0;0.0;0.0;22.0;8.0;0.0;0.0;0.0;3.0;46.0;0.0;20.0;8.0;3.0;2.0;8.0;9.0;0.0;0.0;0.0;0.0;0.0;9.0;0.0;9.0;14.0;0.0;0.0;2.0
Alto Santo;LOGRADOURO;-5.40625;-38.185194444444;2022;2;3.0;0.0;0.0;0.0;0.0;0.0;0.0;0.0;0.0;0.0;0.0;0.0;0.0;0.0;0.0;0.0;0.0;0.0;0.0;0.0;3.0;0.0;0.0;0.0;0.0;0.0;0.0;0.0;0.0;888.0;888.0;888.0
Alto Santo;LOGRADOURO;-5.40625;-38.185194444444;2022;3;269.0;0.0;0.0;0.0;0.0;0.0;7.0;17.0;0.0;0.0;5.0;13.0;29.0;7.0;4.0;15.0;7.0;3.0;3.0;0.0;0.0;8.0;54.0;16.0;10.0;25.0;2.0;0.0;15.0;0.0;29.0;0.0
Alto Santo;LOGRADOURO;-5.40625;-38.185194444444;2022;4;138.0;0.0;8.0;0.0;14.0;0.0;0.0;0.0;0.0;8.0;0.0;0.0;0.0;0.0;0.0;4.0;0.0;0.0;27.0;0.0;0.0;0.0;0.0;3.0;15.0;0.0;0.0;33.0;0.0;0.0;26.0;888.0
Alto Santo;LOGRADOURO;-5.40625;-38.185194444444;2022;5;160.0;14.0;0.0;0.0;0.0;9.0;0.0;0.0;20.0;9.0;0.0;0.0;26.0;7.0;0.0;0.0;6.0;0.0;0.0;0.0;0.0;6.0;9.0;0.0;2.0;7.0;0.0;0.0;42.0;0.0;0.0;3.0
Alto Santo;LOGRADOURO;-5.40625;-38.185194444444;2022;6;30.0;0.0;4.0;5.0;3.0;0.0;2.0;0.0;0.0;5.0;0.0;0.0;4.0;0.0;0.0;0.0;0.0;0.0;0.0;0.0;0.0;2.0;0.0;0.0;5.0;0.0;0.0;0.0;0.0;0.0;0.0;888.0
Alto Santo;LOGRADOURO;-5.40625;-38.185194444444;2022;7;28.0;0.0;0.0;9.0;1.0;4.0;0.0;4.0;5.0;2.0;0.0;0.0;0.0;0.0;0.0;0.0;0.0;0.0;0.0;0.0;0.0;0.0;3.0;0.0;0.0;0.0;0.0;0.0;0.0;0.0;0.0;0.0
Alto Santo;LOGRADOURO;-5.40625;-38.185194444444;2022;8;36.0;4.0;0.0;18.0;0.0;14.0;0.0;0.0;0.0;0.0;0.0;0.0;0.0;0.0;0.0;0.0;0.0;0.0;0.0;0.0;0.0;0.0;0.0;0.0;0.0;0.0;0.0;0.0;0.0;0.0;0.0;0.0
Alto Santo;LOGRADOURO;-5.40625;-38.185194444444;2022;9;0.0;0.0;0.0;0.0;0.0;0.0;0.0;0.0;0.0;0.0;0.0;0.0;0.0;0.0;0.0;0.0;0.0;0.0;0.0;0.0;0.0;0.0;0.0;0.0;0.0;0.0;0.0;0.0;0.0;0.0;0.0;888.0
Alto Santo;LOGRADOURO;-5.40625;-38.185194444444;2022;10;0.0;0.0;0.0;0.0;0.0;0.0;0.0;0.0;0.0;0.0;0.0;0.0;0.0;0.0;0.0;0.0;0.0;0.0;0.0;0.0;0.0;0.0;0.0;0.0;0.0;0.0;0.0;0.0;0.0;0.0;0.0;0.0
Alto Santo;LOGRADOURO;-5.40625;-38.185194444444;2022;11;14.0;0.0;0.0;0.0;0.0;0.0;0.0;10.0;0.0;0.0;0.0;0.0;0.0;0.0;0.0;4.0;0.0;0.0;0.0;0.0;0.0;0.0;0.0;0.0;0.0;0.0;0.0;0.0;0.0;0.0;0.0;888.0
Alto Santo;LOGRADOURO;-5.40625;-38.185194444444;2022;12;83.0;0.0;14.0;0.0;0.0;0.0;0.0;0.0;0.0;0.0;24.0;6.0;0.0;0.0;0.0;0.0;0.0;0.0;0.0;0.0;0.0;0.0;0.0;10.0;27.0;2.0;0.0;0.0;0.0;0.0;0.0;0.0
Alto Santo;LOGRADOURO;-5.40625;-38.185194444444;2023;1;50.0;0.0;15.0;16.0;0.0;0.0;0.0;0.0;0.0;0.0;0.0;0.0;0.0;0.0;0.0;0.0;0.0;0.0;0.0;5.0;0.0;0.0;0.0;0.0;0.0;0.0;14.0;0.0;0.0;0.0;0.0;0.0
Alto Santo;LOGRADOURO;-5.40625;-38.185194444444;2023;2;106.0;0.0;0.0;0.0;0.0;0.0;7.0;2.0;0.0;0.0;0.0;10.0;0.0;0.0;11.0;0.0;14.0;0.0;0.0;0.0;0.0;3.0;0.0;21.0;24.0;7.0;0.0;0.0;7.0;888.0;888.0;888.0
Alto Santo;LOGRADOURO;-5.40625;-38.185194444444;2023;3;307.0;0.0;0.0;62.0;14.0;0.0;0.0;0.0;0.0;3.0;0.0;0.0;24.0;0.0;19.0;0.0;0.0;19.0;0.0;72.0;0.0;8.0;9.0;0.0;0.0;0.0;0.0;25.0;8.0;5.0;28.0;11.0
Alto Santo;LOGRADOURO;-5.40625;-38.185194444444;2023;4;118.0;0.0;3.0;0.0;28.0;26.0;0.0;0.0;8.0;12.0;0.0;0.0;0.0;0.0;0.0;0.0;10.0;1.0;0.0;9.0;0.0;0.0;0.0;0.0;0.0;2.0;0.0;0.0;0.0;14.0;5.0;888.0
Alto Santo;LOGRADOURO;-5.40625;-38.185194444444;2023;5;42.0;2.0;0.0;0.0;8.0;0.0;2.0;0.0;0.0;0.0;0.0;0.0;0.0;0.0;0.0;1.0;18.0;0.0;0.0;0.0;0.0;0.0;0.0;3.0;0.0;0.0;0.0;0.0;6.0;2.0;0.0;0.0
Alto Santo;LOGRADOURO;-5.40625;-38.185194444444;2023;6;47.0;0.0;0.0;0.0;0.0;0.0;0.0;0.0;0.0;0.0;3.0;0.0;0.0;0.0;0.0;27.0;0.0;0.0;0.0;0.0;0.0;8.0;0.0;0.0;0.0;0.0;0.0;6.0;3.0;0.0;0.0;888.0
Alto Santo;LOGRADOURO;-5.40625;-38.185194444444;2023;7;40.0;12.0;0.0;0.0;0.0;0.0;0.0;28.0;0.0;0.0;0.0;0.0;0.0;0.0;0.0;0.0;0.0;0.0;0.0;0.0;0.0;0.0;0.0;0.0;0.0;0.0;0.0;0.0;0.0;0.0;0.0;0.0
Alto Santo;LOGRADOURO;-5.40625;-38.185194444444;2023;8;0.0;0.0;0.0;0.0;0.0;0.0;0.0;0.0;0.0;0.0;0.0;0.0;0.0;0.0;0.0;0.0;0.0;0.0;0.0;0.0;0.0;0.0;0.0;0.0;0.0;0.0;0.0;0.0;0.0;0.0;0.0;0.0
Alto Santo;LOGRADOURO;-5.40625;-38.185194444444;2023;9;0.0;0.0;0.0;0.0;0.0;0.0;0.0;0.0;0.0;0.0;0.0;0.0;0.0;0.0;0.0;0.0;0.0;0.0;0.0;0.0;0.0;0.0;0.0;0.0;0.0;0.0;0.0;0.0;0.0;0.0;0.0;888.0
Alto Santo;LOGRADOURO;-5.40625;-38.185194444444;2023;10;0.0;0.0;0.0;0.0;0.0;0.0;0.0;0.0;0.0;0.0;0.0;0.0;0.0;0.0;0.0;0.0;0.0;0.0;0.0;0.0;0.0;0.0;0.0;0.0;0.0;0.0;0.0;0.0;0.0;0.0;0.0;0.0
Alto Santo;LOGRADOURO;-5.40625;-38.185194444444;2023;11;0.0;0.0;0.0;0.0;0.0;0.0;0.0;0.0;0.0;0.0;0.0;0.0;0.0;0.0;0.0;0.0;0.0;0.0;0.0;0.0;0.0;0.0;0.0;0.0;0.0;0.0;0.0;0.0;0.0;0.0;0.0;888.0
Alto Santo;LOGRADOURO;-5.40625;-38.185194444444;2023;12;162.0;0.0;0.0;0.0;0.0;0.0;0.0;0.0;0.0;0.0;0.0;0.0;0.0;0.0;0.0;0.0;0.0;0.0;0.0;64.0;60.0;4.0;22.0;0.0;0.0;0.0;0.0;12.0;0.0;0.0;0.0;0.0
Alto Santo;LOGRADOURO;-5.40625;-38.185194444444;2024;1;139.0;92.0;0.0;0.0;0.0;0.0;0.0;0.0;0.0;0.0;0.0;0.0;0.0;47.0;0.0;0.0;0.0;0.0;0.0;0.0;0.0;0.0;0.0;0.0;0.0;0.0;0.0;0.0;0.0;0.0;0.0;0.0
Alto Santo;LOGRADOURO;-5.40625;-38.185194444444;2024;2;209.0;0.0;0.0;0.0;4.0;0.0;0.0;0.0;5.0;2.0;3.0;3.0;0.0;0.0;56.0;4.0;7.0;0.0;0.0;3.0;29.0;3.0;3.0;0.0;15.0;0.0;59.0;0.0;13.0;0.0;888.0;888.0
Alto Santo;LOGRADOURO;-5.40625;-38.185194444444;2024;3;318.0;0.0;0.0;0.0;0.0;12.0;56.0;0.0;41.0;0.0;0.0;0.0;18.0;23.0;0.0;6.0;0.0;11.0;0.0;0.0;4.0;0.0;0.0;0.0;0.0;0.0;18.0;66.0;0.0;0.0;45.0;18.0
Alto Santo;LOGRADOURO;-5.40625;-38.185194444444;2024;4;176.0;16.0;0.0;0.0;0.0;27.0;4.0;0.0;0.0;0.0;0.0;0.0;17.0;29.0;0.0;0.0;0.0;0.0;6.0;0.0;65.0;0.0;3.0;6.0;0.0;0.0;0.0;0.0;0.0;0.0;3.0;888.0
Alto Santo;LOGRADOURO;-5.40625;-38.185194444444;2024;5;137.0;0.0;6.0;0.0;26.0;0.0;0.0;0.0;0.0;0.0;0.0;0.0;0.0;0.0;0.0;0.0;0.0;51.0;0.0;0.0;52.0;0.0;0.0;0.0;0.0;0.0;0.0;0.0;0.0;0.0;0.0;2.0
Alto Santo;LOGRADOURO;-5.40625;-38.185194444444;2024;6;67.0;3.0;0.0;0.0;0.0;0.0;0.0;0.0;8.0;12.0;4.0;0.0;0.0;0.0;6.0;7.0;3.0;0.0;0.0;0.0;18.0;0.0;0.0;0.0;6.0;0.0;0.0;0.0;0.0;0.0;0.0;888.0
Alto Santo;LOGRADOURO;-5.40625;-38.185194444444;2024;7;0.0;0.0;0.0;999.0;999.0;999.0;999.0;999.0;999.0;999.0;999.0;999.0;999.0;999.0;999.0;999.0;999.0;999.0;999.0;999.0;999.0;999.0;999.0;999.0;999.0;999.0;999.0;999.0;999.0;999.0;999.0;999.0
