Municipios;Postos;Latitude;Longitude;Anos;Meses;Total;Dia1;Dia2;Dia3;Dia4;Dia5;Dia6;Dia7;Dia8;Dia9;Dia10;Dia11;Dia12;Dia13;Dia14;Dia15;Dia16;Dia17;Dia18;Dia19;Dia20;Dia21;Dia22;Dia23;Dia24;Dia25;Dia26;Dia27;Dia28;Dia29;Dia30;Dia31
Boa Viagem;SERRA DA GUIA;-4.91125;-39.805222222222;2004;11;0.0;999.0;999.0;999.0;999.0;999.0;999.0;999.0;999.0;999.0;999.0;999.0;999.0;999.0;999.0;999.0;999.0;999.0;999.0;999.0;999.0;999.0;999.0;999.0;999.0;0.0;0.0;0.0;0.0;0.0;0.0;888.0
Boa Viagem;SERRA DA GUIA;-4.91125;-39.805222222222;2004;12;0.0;0.0;0.0;0.0;0.0;0.0;0.0;0.0;0.0;0.0;0.0;0.0;0.0;0.0;0.0;0.0;0.0;0.0;0.0;0.0;0.0;0.0;0.0;0.0;0.0;0.0;0.0;0.0;0.0;0.0;0.0;0.0
Boa Viagem;SERRA DA GUIA;-4.91125;-39.805222222222;2005;1;79.4;0.0;0.0;0.0;0.0;0.0;0.0;0.0;0.0;0.0;0.0;0.0;0.0;0.0;0.0;0.0;0.0;31.2;35.2;13.0;0.0;0.0;0.0;0.0;0.0;0.0;0.0;0.0;0.0;0.0;0.0;0.0
Boa Viagem;SERRA DA GUIA;-4.91125;-39.805222222222;2005;2;0.0;0.0;0.0;0.0;0.0;0.0;0.0;0.0;0.0;0.0;0.0;0.0;0.0;0.0;0.0;0.0;0.0;0.0;0.0;0.0;0.0;0.0;0.0;0.0;0.0;0.0;0.0;0.0;0.0;888.0;888.0;888.0
Boa Viagem;SERRA DA GUIA;-4.91125;-39.805222222222;2005;3;152.6;0.0;0.0;0.0;0.0;0.0;0.0;0.0;0.0;0.0;0.0;0.0;0.0;0.0;0.0;0.0;0.0;0.0;17.0;0.0;0.0;0.0;0.0;0.0;25.0;0.0;90.3;0.0;12.3;8.0;0.0;0.0
Boa Viagem;SERRA DA GUIA;-4.91125;-39.805222222222;2005;4;69.0;0.0;0.0;0.0;0.0;0.0;0.0;0.0;29.0;0.0;0.0;0.0;0.0;0.0;8.0;17.0;0.0;0.0;0.0;0.0;0.0;0.0;0.0;0.0;0.0;0.0;0.0;0.0;0.0;15.0;0.0;888.0
Boa Viagem;SERRA DA GUIA;-4.91125;-39.805222222222;2005;5;131.8;8.4;0.0;21.0;0.0;0.0;0.0;0.0;0.0;7.2;0.0;0.0;0.0;7.0;0.0;8.3;12.5;4.0;28.0;0.0;8.2;0.0;12.2;3.0;0.0;0.0;5.0;0.0;0.0;0.0;7.0;0.0
Boa Viagem;SERRA DA GUIA;-4.91125;-39.805222222222;2005;6;55.6;4.0;0.0;22.0;0.0;0.0;12.0;0.0;0.0;3.2;0.0;0.0;0.0;0.0;0.0;0.0;11.2;0.0;0.0;0.0;0.0;0.0;0.0;0.0;0.0;0.0;0.0;3.2;0.0;0.0;0.0;888.0
Boa Viagem;SERRA DA GUIA;-4.91125;-39.805222222222;2005;7;31.0;0.0;0.0;0.0;0.0;0.0;0.0;0.0;26.0;5.0;0.0;0.0;0.0;0.0;0.0;0.0;0.0;0.0;0.0;0.0;0.0;0.0;0.0;0.0;0.0;0.0;0.0;0.0;0.0;0.0;0.0;0.0
Boa Viagem;SERRA DA GUIA;-4.91125;-39.805222222222;2005;8;0.0;0.0;0.0;0.0;0.0;0.0;0.0;0.0;0.0;0.0;0.0;0.0;0.0;0.0;0.0;0.0;0.0;0.0;0.0;0.0;0.0;0.0;0.0;0.0;0.0;0.0;0.0;0.0;0.0;0.0;0.0;0.0
Boa Viagem;SERRA DA GUIA;-4.91125;-39.805222222222;2005;9;0.0;0.0;0.0;0.0;0.0;0.0;0.0;0.0;0.0;0.0;0.0;0.0;0.0;0.0;0.0;0.0;0.0;0.0;0.0;0.0;0.0;0.0;0.0;0.0;0.0;0.0;0.0;0.0;0.0;0.0;0.0;888.0
Boa Viagem;SERRA DA GUIA;-4.91125;-39.805222222222;2005;10;0.0;0.0;0.0;0.0;0.0;0.0;0.0;0.0;0.0;0.0;0.0;0.0;0.0;0.0;0.0;0.0;0.0;0.0;0.0;0.0;0.0;0.0;0.0;0.0;0.0;0.0;0.0;0.0;0.0;0.0;0.0;0.0
Boa Viagem;SERRA DA GUIA;-4.91125;-39.805222222222;2005;11;0.0;0.0;0.0;0.0;0.0;0.0;0.0;0.0;0.0;0.0;0.0;0.0;0.0;0.0;0.0;0.0;0.0;0.0;0.0;0.0;0.0;0.0;0.0;0.0;0.0;0.0;0.0;0.0;0.0;0.0;0.0;888.0
Boa Viagem;SERRA DA GUIA;-4.91125;-39.805222222222;2005;12;8.3;0.0;0.0;0.0;0.0;0.0;0.0;0.0;5.3;3.0;0.0;0.0;0.0;0.0;0.0;0.0;0.0;0.0;0.0;0.0;0.0;0.0;0.0;0.0;0.0;0.0;0.0;0.0;0.0;0.0;0.0;0.0
Boa Viagem;SERRA DA GUIA;-4.91125;-39.805222222222;2006;1;46.0;46.0;0.0;0.0;0.0;0.0;0.0;0.0;0.0;0.0;0.0;0.0;0.0;0.0;0.0;0.0;0.0;0.0;0.0;0.0;0.0;0.0;0.0;0.0;0.0;0.0;0.0;0.0;0.0;0.0;0.0;0.0
Boa Viagem;SERRA DA GUIA;-4.91125;-39.805222222222;2006;2;82.8;10.0;4.0;0.0;0.0;0.0;0.0;0.0;0.0;0.0;0.0;0.0;0.0;0.0;3.4;0.0;0.0;0.0;14.4;0.0;0.0;0.0;0.0;26.0;0.0;11.0;14.0;0.0;0.0;888.0;888.0;888.0
Boa Viagem;SERRA DA GUIA;-4.91125;-39.805222222222;2006;3;168.4;18.6;0.0;18.4;0.0;0.0;0.0;0.0;0.0;0.0;0.0;0.0;0.0;9.0;12.0;0.0;0.0;0.0;0.0;0.0;12.0;8.4;27.4;0.0;39.6;0.0;0.0;0.0;0.0;0.0;23.0;0.0
Boa Viagem;SERRA DA GUIA;-4.91125;-39.805222222222;2006;4;90.8;8.6;0.0;0.0;0.0;0.0;5.0;13.0;0.0;3.0;0.0;0.0;11.2;0.0;0.0;10.4;0.0;0.0;0.0;0.0;0.0;0.0;0.0;0.0;0.0;23.0;0.0;0.0;0.0;0.0;16.6;888.0
Boa Viagem;SERRA DA GUIA;-4.91125;-39.805222222222;2006;5;126.2;0.0;22.0;0.0;0.0;0.0;15.6;19.6;0.0;0.0;0.0;37.0;0.0;0.0;0.0;16.0;4.0;0.0;0.0;0.0;0.0;0.0;0.0;0.0;12.0;0.0;0.0;0.0;0.0;0.0;0.0;0.0
Boa Viagem;SERRA DA GUIA;-4.91125;-39.805222222222;2006;6;88.2;0.0;15.0;0.0;0.0;0.0;0.0;0.0;0.0;0.0;0.0;0.0;0.0;54.0;0.0;0.0;0.0;0.0;0.0;0.0;0.0;0.0;3.0;0.0;0.0;3.0;0.0;7.2;0.0;6.0;0.0;888.0
Boa Viagem;SERRA DA GUIA;-4.91125;-39.805222222222;2006;7;0.0;0.0;0.0;0.0;0.0;0.0;0.0;0.0;0.0;0.0;0.0;0.0;0.0;0.0;0.0;0.0;0.0;0.0;0.0;0.0;0.0;0.0;0.0;0.0;0.0;0.0;0.0;0.0;0.0;0.0;0.0;0.0
Boa Viagem;SERRA DA GUIA;-4.91125;-39.805222222222;2006;8;0.0;0.0;0.0;0.0;0.0;0.0;0.0;0.0;0.0;0.0;0.0;0.0;0.0;0.0;0.0;0.0;0.0;0.0;0.0;0.0;0.0;0.0;0.0;0.0;0.0;0.0;0.0;0.0;0.0;0.0;0.0;0.0
Boa Viagem;SERRA DA GUIA;-4.91125;-39.805222222222;2006;9;0.0;0.0;0.0;0.0;0.0;0.0;0.0;0.0;0.0;0.0;0.0;0.0;0.0;0.0;0.0;0.0;0.0;0.0;0.0;0.0;0.0;0.0;0.0;0.0;0.0;0.0;0.0;0.0;0.0;0.0;0.0;888.0
Boa Viagem;SERRA DA GUIA;-4.91125;-39.805222222222;2006;10;10.0;0.0;0.0;0.0;0.0;0.0;0.0;0.0;0.0;0.0;0.0;0.0;0.0;0.0;0.0;0.0;0.0;0.0;0.0;0.0;0.0;0.0;0.0;0.0;10.0;0.0;0.0;0.0;0.0;0.0;0.0;0.0
Boa Viagem;SERRA DA GUIA;-4.91125;-39.805222222222;2006;11;0.0;0.0;0.0;0.0;0.0;0.0;0.0;0.0;0.0;0.0;0.0;0.0;0.0;0.0;0.0;0.0;0.0;0.0;0.0;0.0;0.0;0.0;0.0;0.0;0.0;0.0;0.0;0.0;0.0;0.0;0.0;888.0
Boa Viagem;SERRA DA GUIA;-4.91125;-39.805222222222;2006;12;10.0;0.0;0.0;0.0;0.0;0.0;0.0;0.0;0.0;0.0;0.0;0.0;0.0;0.0;0.0;0.0;0.0;0.0;0.0;0.0;0.0;0.0;0.0;0.0;0.0;0.0;0.0;0.0;0.0;0.0;10.0;0.0
Boa Viagem;SERRA DA GUIA;-4.91125;-39.805222222222;2007;1;0.0;0.0;0.0;0.0;0.0;0.0;0.0;0.0;0.0;0.0;0.0;0.0;0.0;0.0;0.0;0.0;0.0;0.0;0.0;0.0;0.0;0.0;0.0;0.0;0.0;0.0;0.0;0.0;0.0;0.0;0.0;0.0
Boa Viagem;SERRA DA GUIA;-4.91125;-39.805222222222;2007;2;112.0;0.0;0.0;0.0;0.0;0.0;0.0;0.0;0.0;0.0;0.0;0.0;0.0;0.0;0.0;51.0;0.0;0.0;0.0;10.0;37.0;0.0;0.0;14.0;0.0;0.0;0.0;0.0;0.0;888.0;888.0;888.0
Boa Viagem;SERRA DA GUIA;-4.91125;-39.805222222222;2007;3;64.2;8.0;14.0;0.0;0.0;0.0;0.0;0.0;18.0;8.0;3.0;0.0;8.2;0.0;0.0;0.0;0.0;0.0;0.0;0.0;0.0;0.0;0.0;0.0;0.0;0.0;0.0;0.0;5.0;0.0;0.0;0.0
Boa Viagem;SERRA DA GUIA;-4.91125;-39.805222222222;2007;4;138.2;10.0;21.2;0.0;0.0;0.0;0.0;0.0;0.0;0.0;0.0;0.0;0.0;0.0;0.0;0.0;0.0;19.0;10.0;0.0;0.0;0.0;0.0;0.0;30.0;4.0;27.0;3.0;6.0;3.0;5.0;888.0
Boa Viagem;SERRA DA GUIA;-4.91125;-39.805222222222;2007;5;22.0;11.0;0.0;0.0;0.0;0.0;0.0;0.0;0.0;0.0;0.0;0.0;0.0;0.0;0.0;0.0;0.0;0.0;0.0;0.0;0.0;0.0;0.0;0.0;0.0;0.0;0.0;0.0;0.0;0.0;0.0;11.0
Boa Viagem;SERRA DA GUIA;-4.91125;-39.805222222222;2007;6;54.0;22.0;4.0;8.0;0.0;0.0;0.0;0.0;0.0;0.0;8.0;0.0;0.0;0.0;0.0;0.0;0.0;0.0;0.0;0.0;0.0;0.0;0.0;0.0;0.0;0.0;0.0;0.0;12.0;0.0;0.0;888.0
Boa Viagem;SERRA DA GUIA;-4.91125;-39.805222222222;2007;7;27.0;0.0;0.0;0.0;0.0;0.0;0.0;0.0;0.0;0.0;0.0;0.0;0.0;0.0;0.0;0.0;0.0;0.0;0.0;0.0;0.0;0.0;0.0;27.0;0.0;0.0;0.0;0.0;0.0;0.0;0.0;0.0
Boa Viagem;SERRA DA GUIA;-4.91125;-39.805222222222;2007;8;0.0;0.0;0.0;0.0;0.0;0.0;0.0;0.0;0.0;0.0;0.0;0.0;0.0;0.0;0.0;0.0;0.0;0.0;0.0;0.0;0.0;0.0;0.0;0.0;0.0;0.0;0.0;0.0;0.0;0.0;0.0;0.0
Boa Viagem;SERRA DA GUIA;-4.91125;-39.805222222222;2007;9;0.0;0.0;0.0;0.0;0.0;0.0;0.0;0.0;0.0;0.0;0.0;0.0;0.0;0.0;0.0;0.0;0.0;0.0;0.0;0.0;0.0;0.0;0.0;0.0;0.0;0.0;0.0;0.0;0.0;0.0;0.0;888.0
Boa Viagem;SERRA DA GUIA;-4.91125;-39.805222222222;2007;10;0.0;0.0;0.0;0.0;0.0;0.0;0.0;0.0;0.0;0.0;0.0;0.0;0.0;0.0;0.0;0.0;0.0;0.0;0.0;0.0;0.0;0.0;0.0;0.0;0.0;0.0;0.0;0.0;0.0;0.0;0.0;0.0
Boa Viagem;SERRA DA GUIA;-4.91125;-39.805222222222;2007;11;0.0;0.0;0.0;0.0;0.0;0.0;0.0;0.0;0.0;0.0;0.0;0.0;0.0;0.0;0.0;0.0;0.0;0.0;0.0;0.0;0.0;0.0;0.0;0.0;0.0;0.0;0.0;0.0;0.0;0.0;0.0;888.0
Boa Viagem;SERRA DA GUIA;-4.91125;-39.805222222222;2007;12;45.0;0.0;0.0;0.0;0.0;0.0;0.0;0.0;0.0;0.0;0.0;0.0;0.0;0.0;0.0;0.0;45.0;0.0;0.0;0.0;0.0;0.0;0.0;0.0;0.0;0.0;0.0;0.0;0.0;0.0;0.0;0.0
Boa Viagem;SERRA DA GUIA;-4.91125;-39.805222222222;2008;1;23.0;13.0;0.0;0.0;0.0;0.0;0.0;0.0;0.0;0.0;0.0;0.0;0.0;0.0;0.0;0.0;0.0;0.0;0.0;0.0;0.0;0.0;10.0;0.0;0.0;0.0;0.0;0.0;0.0;0.0;0.0;0.0
Boa Viagem;SERRA DA GUIA;-4.91125;-39.805222222222;2008;2;124.0;10.0;0.0;0.0;0.0;0.0;0.0;0.0;0.0;0.0;0.0;0.0;0.0;61.0;0.0;0.0;0.0;0.0;17.0;0.0;0.0;0.0;0.0;0.0;6.0;0.0;0.0;22.0;0.0;8.0;888.0;888.0
Boa Viagem;SERRA DA GUIA;-4.91125;-39.805222222222;2008;3;438.2;19.0;0.0;7.0;0.0;26.0;0.0;0.0;28.0;0.0;0.0;0.0;14.0;0.0;23.0;49.0;6.2;64.0;10.0;0.0;10.0;48.0;0.0;0.0;17.0;30.0;5.0;26.0;0.0;24.0;0.0;32.0
Boa Viagem;SERRA DA GUIA;-4.91125;-39.805222222222;2008;4;174.0;27.0;16.0;0.0;0.0;0.0;28.0;0.0;0.0;7.0;8.0;0.0;16.0;0.0;10.0;13.0;0.0;0.0;38.0;0.0;0.0;0.0;0.0;0.0;0.0;0.0;0.0;0.0;0.0;0.0;11.0;888.0
Boa Viagem;SERRA DA GUIA;-4.91125;-39.805222222222;2008;5;103.0;0.0;0.0;0.0;0.0;22.0;0.0;0.0;0.0;0.0;58.0;0.0;0.0;0.0;0.0;0.0;0.0;0.0;23.0;0.0;0.0;0.0;0.0;0.0;0.0;0.0;0.0;0.0;0.0;0.0;0.0;0.0
Boa Viagem;SERRA DA GUIA;-4.91125;-39.805222222222;2008;6;52.0;0.0;0.0;0.0;0.0;0.0;0.0;0.0;0.0;21.0;0.0;0.0;0.0;0.0;0.0;0.0;0.0;0.0;31.0;0.0;0.0;0.0;0.0;0.0;0.0;0.0;0.0;0.0;0.0;0.0;0.0;888.0
Boa Viagem;SERRA DA GUIA;-4.91125;-39.805222222222;2008;7;75.0;0.0;20.0;0.0;0.0;0.0;0.0;0.0;0.0;0.0;0.0;0.0;0.0;0.0;0.0;0.0;0.0;0.0;0.0;0.0;0.0;0.0;0.0;0.0;0.0;0.0;0.0;55.0;0.0;0.0;0.0;0.0
Boa Viagem;SERRA DA GUIA;-4.91125;-39.805222222222;2008;8;0.0;0.0;999.0;999.0;999.0;999.0;999.0;999.0;999.0;999.0;999.0;999.0;999.0;999.0;999.0;999.0;999.0;999.0;999.0;999.0;999.0;999.0;999.0;999.0;999.0;999.0;999.0;999.0;999.0;999.0;999.0;999.0
Boa Viagem;SERRA DA GUIA;-4.91125;-39.805222222222;2008;12;0.0;0.0;999.0;999.0;999.0;999.0;999.0;999.0;999.0;999.0;999.0;999.0;999.0;999.0;999.0;999.0;999.0;999.0;999.0;999.0;999.0;999.0;999.0;999.0;999.0;999.0;999.0;999.0;999.0;999.0;999.0;999.0
Boa Viagem;SERRA DA GUIA;-4.91125;-39.805222222222;2009;1;78.0;0.0;0.0;0.0;0.0;0.0;0.0;0.0;0.0;0.0;0.0;0.0;0.0;0.0;0.0;0.0;0.0;0.0;0.0;0.0;6.0;0.0;38.0;0.0;0.0;6.0;0.0;0.0;0.0;0.0;0.0;28.0
Boa Viagem;SERRA DA GUIA;-4.91125;-39.805222222222;2009;2;111.7;0.0;17.0;0.0;7.0;0.0;0.0;0.0;0.0;0.0;0.0;0.0;0.0;7.0;0.0;0.0;0.0;12.2;0.0;7.2;0.0;20.0;17.0;19.3;0.0;0.0;5.0;0.0;0.0;888.0;888.0;888.0
Boa Viagem;SERRA DA GUIA;-4.91125;-39.805222222222;2009;3;107.7;0.0;8.3;28.0;0.0;14.2;0.0;0.0;0.0;0.0;0.0;0.0;0.0;0.0;35.0;8.0;8.2;0.0;6.0;0.0;0.0;0.0;0.0;0.0;0.0;0.0;0.0;0.0;0.0;0.0;0.0;0.0
Boa Viagem;SERRA DA GUIA;-4.91125;-39.805222222222;2009;4;187.0;0.0;7.0;0.0;0.0;0.0;0.0;0.0;0.0;0.0;0.0;0.0;13.0;0.0;0.0;0.0;28.0;0.0;24.0;0.0;31.0;0.0;25.0;0.0;0.0;0.0;0.0;0.0;0.0;0.0;59.0;888.0
Boa Viagem;SERRA DA GUIA;-4.91125;-39.805222222222;2009;5;113.0;0.0;7.0;0.0;0.0;34.0;0.0;0.0;0.0;24.0;0.0;33.0;0.0;0.0;10.0;5.0;0.0;999.0;999.0;999.0;999.0;999.0;999.0;999.0;999.0;999.0;999.0;999.0;999.0;999.0;999.0;999.0
Boa Viagem;SERRA DA GUIA;-4.91125;-39.805222222222;2012;1;0.0;0.0;999.0;999.0;999.0;999.0;999.0;999.0;999.0;999.0;999.0;999.0;999.0;999.0;999.0;999.0;999.0;999.0;999.0;999.0;999.0;999.0;999.0;999.0;999.0;999.0;999.0;999.0;999.0;999.0;999.0;999.0
Boa Viagem;SERRA DA GUIA;-4.91125;-39.805222222222;2012;2;0.0;0.0;999.0;999.0;999.0;999.0;999.0;999.0;999.0;999.0;999.0;999.0;999.0;999.0;999.0;999.0;999.0;999.0;999.0;999.0;999.0;999.0;999.0;999.0;999.0;999.0;999.0;999.0;999.0;999.0;888.0;888.0
Boa Viagem;SERRA DA GUIA;-4.91125;-39.805222222222;2012;3;0.0;0.0;999.0;999.0;999.0;999.0;999.0;999.0;999.0;999.0;999.0;999.0;999.0;999.0;999.0;999.0;999.0;999.0;999.0;999.0;999.0;999.0;999.0;999.0;999.0;999.0;999.0;999.0;999.0;999.0;999.0;999.0
Boa Viagem;SERRA DA GUIA;-4.91125;-39.805222222222;2013;1;0.0;0.0;0.0;0.0;0.0;0.0;0.0;0.0;0.0;0.0;0.0;0.0;0.0;0.0;0.0;0.0;0.0;0.0;0.0;0.0;0.0;0.0;0.0;0.0;0.0;0.0;0.0;0.0;0.0;0.0;0.0;0.0
Boa Viagem;SERRA DA GUIA;-4.91125;-39.805222222222;2013;2;47.4;0.0;0.0;0.0;0.0;0.0;0.0;0.0;0.0;0.0;0.0;0.0;0.0;0.0;0.0;4.0;0.0;32.0;11.4;0.0;0.0;0.0;0.0;0.0;0.0;0.0;0.0;0.0;0.0;888.0;888.0;888.0
Boa Viagem;SERRA DA GUIA;-4.91125;-39.805222222222;2013;3;13.0;0.0;0.0;0.0;0.0;0.0;0.0;0.0;0.0;0.0;0.0;0.0;0.0;0.0;0.0;0.0;0.0;0.0;0.0;4.0;9.0;0.0;0.0;0.0;0.0;0.0;0.0;0.0;0.0;0.0;0.0;0.0
Boa Viagem;SERRA DA GUIA;-4.91125;-39.805222222222;2013;4;35.0;0.0;0.0;0.0;0.0;0.0;0.0;0.0;0.0;19.0;16.0;0.0;0.0;0.0;0.0;0.0;0.0;0.0;0.0;0.0;0.0;0.0;0.0;0.0;0.0;0.0;0.0;0.0;0.0;0.0;0.0;888.0
Boa Viagem;SERRA DA GUIA;-4.91125;-39.805222222222;2013;5;83.2;0.0;0.0;0.0;0.0;0.0;0.0;0.0;0.0;0.0;30.0;8.0;0.0;0.0;0.0;41.2;0.0;0.0;0.0;0.0;0.0;0.0;0.0;0.0;0.0;4.0;0.0;0.0;0.0;0.0;0.0;0.0
Boa Viagem;SERRA DA GUIA;-4.91125;-39.805222222222;2013;6;19.0;0.0;0.0;0.0;0.0;0.0;0.0;0.0;0.0;0.0;0.0;0.0;0.0;0.0;0.0;0.0;0.0;0.0;0.0;0.0;0.0;0.0;19.0;0.0;0.0;0.0;0.0;0.0;0.0;0.0;0.0;888.0
Boa Viagem;SERRA DA GUIA;-4.91125;-39.805222222222;2013;7;72.0;0.0;0.0;0.0;0.0;0.0;0.0;0.0;0.0;0.0;0.0;0.0;0.0;0.0;0.0;56.0;0.0;0.0;0.0;16.0;0.0;0.0;0.0;0.0;0.0;0.0;0.0;0.0;0.0;0.0;0.0;0.0
Boa Viagem;SERRA DA GUIA;-4.91125;-39.805222222222;2013;8;0.0;0.0;0.0;0.0;0.0;0.0;0.0;0.0;0.0;0.0;0.0;0.0;0.0;0.0;0.0;0.0;0.0;0.0;0.0;0.0;0.0;0.0;0.0;0.0;0.0;0.0;0.0;0.0;0.0;0.0;0.0;0.0
Boa Viagem;SERRA DA GUIA;-4.91125;-39.805222222222;2013;9;0.0;0.0;0.0;0.0;0.0;0.0;0.0;0.0;0.0;0.0;0.0;0.0;0.0;0.0;0.0;0.0;0.0;0.0;0.0;0.0;0.0;0.0;0.0;0.0;0.0;0.0;0.0;0.0;0.0;0.0;0.0;888.0
Boa Viagem;SERRA DA GUIA;-4.91125;-39.805222222222;2013;10;0.0;0.0;0.0;0.0;0.0;0.0;0.0;0.0;0.0;0.0;0.0;0.0;0.0;0.0;0.0;0.0;0.0;0.0;0.0;0.0;0.0;0.0;0.0;0.0;0.0;0.0;0.0;0.0;0.0;0.0;0.0;0.0
Boa Viagem;SERRA DA GUIA;-4.91125;-39.805222222222;2013;11;0.0;0.0;0.0;0.0;0.0;0.0;0.0;0.0;0.0;0.0;0.0;0.0;0.0;0.0;0.0;0.0;0.0;0.0;0.0;0.0;0.0;0.0;0.0;0.0;0.0;0.0;0.0;0.0;0.0;0.0;0.0;888.0
Boa Viagem;SERRA DA GUIA;-4.91125;-39.805222222222;2013;12;24.0;0.0;0.0;0.0;0.0;0.0;0.0;0.0;0.0;0.0;0.0;0.0;0.0;0.0;0.0;0.0;0.0;0.0;0.0;0.0;24.0;999.0;999.0;999.0;999.0;999.0;999.0;999.0;999.0;999.0;999.0;999.0
Boa Viagem;SERRA DA GUIA;-4.91125;-39.805222222222;2014;3;78.0;0.0;0.0;0.0;0.0;0.0;0.0;0.0;0.0;0.0;0.0;0.0;0.0;33.0;0.0;0.0;20.0;0.0;0.0;0.0;0.0;0.0;0.0;0.0;0.0;0.0;0.0;0.0;0.0;0.0;0.0;25.0
Boa Viagem;SERRA DA GUIA;-4.91125;-39.805222222222;2014;4;74.0;0.0;0.0;0.0;16.0;20.0;6.0;15.0;0.0;0.0;0.0;0.0;0.0;0.0;0.0;0.0;8.0;0.0;0.0;0.0;0.0;0.0;0.0;0.0;0.0;0.0;0.0;0.0;0.0;0.0;9.0;888.0
Boa Viagem;SERRA DA GUIA;-4.91125;-39.805222222222;2014;5;12.0;0.0;0.0;0.0;0.0;3.0;0.0;0.0;0.0;0.0;0.0;0.0;0.0;0.0;7.0;2.0;0.0;0.0;0.0;0.0;0.0;0.0;0.0;0.0;0.0;0.0;0.0;0.0;0.0;0.0;0.0;0.0
Boa Viagem;SERRA DA GUIA;-4.91125;-39.805222222222;2014;6;0.0;0.0;0.0;0.0;0.0;0.0;0.0;0.0;0.0;0.0;0.0;0.0;0.0;0.0;0.0;0.0;0.0;0.0;0.0;0.0;0.0;0.0;0.0;0.0;0.0;0.0;0.0;0.0;0.0;0.0;0.0;888.0
Boa Viagem;SERRA DA GUIA;-4.91125;-39.805222222222;2014;7;0.0;0.0;0.0;0.0;0.0;0.0;0.0;0.0;0.0;0.0;0.0;0.0;0.0;0.0;0.0;0.0;0.0;0.0;0.0;0.0;0.0;0.0;0.0;0.0;0.0;0.0;0.0;0.0;0.0;0.0;0.0;0.0
Boa Viagem;SERRA DA GUIA;-4.91125;-39.805222222222;2014;8;0.0;0.0;0.0;0.0;0.0;0.0;0.0;0.0;0.0;0.0;0.0;0.0;0.0;0.0;0.0;0.0;0.0;0.0;0.0;0.0;0.0;0.0;0.0;0.0;0.0;0.0;0.0;0.0;0.0;0.0;0.0;0.0
Boa Viagem;SERRA DA GUIA;-4.91125;-39.805222222222;2014;9;0.0;0.0;0.0;0.0;0.0;0.0;0.0;0.0;0.0;0.0;0.0;0.0;0.0;0.0;0.0;0.0;0.0;0.0;0.0;0.0;0.0;0.0;0.0;0.0;0.0;0.0;0.0;0.0;0.0;0.0;0.0;888.0
Boa Viagem;SERRA DA GUIA;-4.91125;-39.805222222222;2014;10;0.0;0.0;0.0;0.0;0.0;0.0;0.0;0.0;0.0;0.0;0.0;0.0;0.0;0.0;0.0;0.0;0.0;0.0;0.0;0.0;0.0;0.0;0.0;0.0;0.0;0.0;0.0;0.0;0.0;0.0;0.0;0.0
Boa Viagem;SERRA DA GUIA;-4.91125;-39.805222222222;2014;11;22.0;0.0;0.0;0.0;0.0;0.0;0.0;0.0;0.0;0.0;0.0;0.0;0.0;0.0;0.0;0.0;0.0;0.0;22.0;0.0;0.0;0.0;0.0;0.0;0.0;0.0;0.0;0.0;0.0;0.0;0.0;888.0
Boa Viagem;SERRA DA GUIA;-4.91125;-39.805222222222;2014;12;0.0;0.0;0.0;0.0;0.0;0.0;0.0;0.0;0.0;0.0;0.0;0.0;0.0;0.0;0.0;0.0;0.0;0.0;0.0;0.0;0.0;0.0;0.0;0.0;0.0;0.0;0.0;0.0;0.0;0.0;0.0;0.0
Boa Viagem;SERRA DA GUIA;-4.91125;-39.805222222222;2015;1;0.0;0.0;0.0;0.0;0.0;0.0;0.0;0.0;0.0;0.0;0.0;0.0;0.0;0.0;0.0;0.0;0.0;0.0;0.0;0.0;0.0;0.0;0.0;0.0;0.0;0.0;0.0;0.0;0.0;0.0;0.0;0.0
Boa Viagem;SERRA DA GUIA;-4.91125;-39.805222222222;2015;2;70.0;0.0;0.0;0.0;0.0;0.0;0.0;0.0;0.0;0.0;0.0;0.0;0.0;0.0;0.0;0.0;0.0;0.0;10.0;0.0;11.0;0.0;20.0;0.0;7.0;18.0;0.0;4.0;0.0;888.0;888.0;888.0
Boa Viagem;SERRA DA GUIA;-4.91125;-39.805222222222;2015;3;120.0;15.0;0.0;4.0;3.0;0.0;0.0;0.0;0.0;20.0;0.0;0.0;0.0;0.0;0.0;0.0;0.0;0.0;0.0;0.0;0.0;0.0;40.0;10.0;4.0;0.0;0.0;0.0;0.0;3.0;18.0;3.0
Boa Viagem;SERRA DA GUIA;-4.91125;-39.805222222222;2015;4;61.0;0.0;3.0;8.0;0.0;0.0;0.0;0.0;0.0;6.0;0.0;3.0;6.0;2.0;0.0;0.0;0.0;0.0;0.0;0.0;0.0;0.0;0.0;12.0;11.0;10.0;0.0;0.0;0.0;0.0;0.0;888.0
Boa Viagem;SERRA DA GUIA;-4.91125;-39.805222222222;2015;5;25.0;0.0;0.0;0.0;0.0;0.0;0.0;0.0;0.0;0.0;0.0;0.0;0.0;0.0;0.0;0.0;0.0;0.0;0.0;0.0;0.0;0.0;0.0;0.0;0.0;0.0;0.0;0.0;0.0;0.0;0.0;25.0
Boa Viagem;SERRA DA GUIA;-4.91125;-39.805222222222;2015;6;108.0;0.0;0.0;0.0;0.0;25.0;15.0;0.0;15.0;0.0;0.0;0.0;0.0;0.0;0.0;0.0;0.0;0.0;0.0;0.0;0.0;0.0;0.0;0.0;31.0;13.0;0.0;0.0;0.0;0.0;9.0;888.0
Boa Viagem;SERRA DA GUIA;-4.91125;-39.805222222222;2015;7;39.0;6.0;0.0;9.0;0.0;12.0;0.0;0.0;9.0;0.0;0.0;0.0;0.0;0.0;0.0;0.0;0.0;0.0;0.0;0.0;0.0;0.0;0.0;0.0;0.0;0.0;0.0;0.0;3.0;0.0;0.0;0.0
Boa Viagem;SERRA DA GUIA;-4.91125;-39.805222222222;2015;8;0.0;0.0;0.0;0.0;0.0;0.0;0.0;0.0;0.0;0.0;0.0;0.0;0.0;0.0;0.0;0.0;0.0;0.0;0.0;0.0;0.0;0.0;0.0;0.0;0.0;0.0;0.0;0.0;0.0;0.0;0.0;0.0
Boa Viagem;SERRA DA GUIA;-4.91125;-39.805222222222;2015;9;0.0;0.0;0.0;0.0;0.0;0.0;0.0;0.0;0.0;0.0;0.0;0.0;0.0;0.0;0.0;0.0;0.0;0.0;0.0;0.0;0.0;0.0;0.0;0.0;0.0;0.0;0.0;0.0;0.0;0.0;0.0;888.0
Boa Viagem;SERRA DA GUIA;-4.91125;-39.805222222222;2015;10;0.0;0.0;0.0;0.0;0.0;0.0;0.0;0.0;0.0;0.0;0.0;0.0;0.0;0.0;0.0;0.0;0.0;0.0;0.0;0.0;0.0;0.0;0.0;0.0;0.0;0.0;0.0;0.0;0.0;0.0;0.0;0.0
Boa Viagem;SERRA DA GUIA;-4.91125;-39.805222222222;2015;11;0.0;0.0;0.0;0.0;0.0;0.0;0.0;0.0;0.0;0.0;0.0;0.0;0.0;0.0;0.0;0.0;0.0;0.0;0.0;0.0;0.0;0.0;0.0;0.0;0.0;0.0;0.0;0.0;0.0;0.0;0.0;888.0
Boa Viagem;SERRA DA GUIA;-4.91125;-39.805222222222;2015;12;23.0;0.0;0.0;0.0;0.0;0.0;0.0;0.0;0.0;0.0;0.0;0.0;0.0;0.0;0.0;0.0;0.0;0.0;0.0;0.0;0.0;0.0;0.0;0.0;0.0;0.0;0.0;0.0;0.0;23.0;0.0;0.0
Boa Viagem;SERRA DA GUIA;-4.91125;-39.805222222222;2016;1;109.5;0.0;0.0;0.0;0.0;0.0;0.0;0.0;7.0;0.0;0.0;0.0;0.0;0.0;0.0;0.0;0.0;0.0;7.0;0.0;6.5;33.0;34.0;0.0;13.0;0.0;9.0;0.0;0.0;0.0;0.0;0.0
Boa Viagem;SERRA DA GUIA;-4.91125;-39.805222222222;2016;2;22.0;0.0;0.0;22.0;0.0;0.0;0.0;0.0;0.0;0.0;0.0;0.0;0.0;0.0;0.0;0.0;0.0;0.0;0.0;0.0;0.0;0.0;0.0;0.0;0.0;0.0;0.0;0.0;0.0;0.0;888.0;888.0
Boa Viagem;SERRA DA GUIA;-4.91125;-39.805222222222;2016;3;56.0;0.0;0.0;0.0;0.0;0.0;0.0;0.0;0.0;0.0;20.0;0.0;0.0;0.0;0.0;6.0;0.0;11.0;6.0;0.0;0.0;0.0;0.0;0.0;0.0;0.0;0.0;0.0;0.0;0.0;13.0;0.0
Boa Viagem;SERRA DA GUIA;-4.91125;-39.805222222222;2016;4;108.0;8.0;0.0;0.0;0.0;25.0;16.0;4.0;0.0;0.0;0.0;0.0;0.0;0.0;0.0;0.0;28.0;0.0;0.0;6.0;0.0;0.0;21.0;0.0;0.0;0.0;0.0;0.0;0.0;0.0;0.0;888.0
Boa Viagem;SERRA DA GUIA;-4.91125;-39.805222222222;2016;5;70.0;0.0;0.0;35.0;0.0;0.0;0.0;0.0;0.0;0.0;12.0;0.0;0.0;0.0;0.0;0.0;0.0;0.0;0.0;0.0;0.0;0.0;0.0;0.0;0.0;0.0;16.0;0.0;0.0;0.0;2.0;5.0
Boa Viagem;SERRA DA GUIA;-4.91125;-39.805222222222;2016;6;29.5;0.0;0.0;0.0;0.0;0.0;0.0;0.0;0.0;0.0;0.0;0.0;0.0;0.0;0.0;0.0;0.0;0.0;4.5;0.0;0.0;0.0;0.0;18.0;7.0;0.0;0.0;0.0;0.0;0.0;0.0;888.0
Boa Viagem;SERRA DA GUIA;-4.91125;-39.805222222222;2016;7;10.0;0.0;0.0;5.0;0.0;0.0;0.0;0.0;0.0;5.0;0.0;0.0;0.0;0.0;0.0;0.0;0.0;0.0;0.0;0.0;0.0;0.0;0.0;0.0;0.0;0.0;0.0;0.0;0.0;0.0;0.0;0.0
Boa Viagem;SERRA DA GUIA;-4.91125;-39.805222222222;2016;8;0.0;0.0;0.0;0.0;0.0;0.0;0.0;0.0;0.0;0.0;0.0;0.0;0.0;0.0;0.0;0.0;0.0;0.0;0.0;0.0;0.0;0.0;0.0;0.0;0.0;0.0;0.0;0.0;0.0;0.0;0.0;0.0
Boa Viagem;SERRA DA GUIA;-4.91125;-39.805222222222;2016;9;0.0;0.0;0.0;0.0;0.0;0.0;0.0;0.0;0.0;0.0;0.0;0.0;0.0;0.0;999.0;0.0;0.0;0.0;0.0;0.0;0.0;0.0;0.0;0.0;0.0;0.0;0.0;0.0;0.0;0.0;0.0;888.0
Boa Viagem;SERRA DA GUIA;-4.91125;-39.805222222222;2016;10;0.0;0.0;0.0;0.0;0.0;0.0;0.0;0.0;0.0;0.0;0.0;0.0;0.0;0.0;0.0;0.0;0.0;0.0;0.0;0.0;0.0;0.0;0.0;0.0;0.0;0.0;0.0;0.0;0.0;0.0;0.0;0.0
Boa Viagem;SERRA DA GUIA;-4.91125;-39.805222222222;2016;11;0.0;0.0;0.0;0.0;0.0;0.0;0.0;0.0;0.0;0.0;0.0;0.0;0.0;0.0;0.0;0.0;0.0;0.0;0.0;0.0;0.0;0.0;0.0;0.0;0.0;0.0;0.0;0.0;0.0;0.0;0.0;888.0
Boa Viagem;SERRA DA GUIA;-4.91125;-39.805222222222;2016;12;50.0;0.0;0.0;0.0;0.0;0.0;0.0;0.0;0.0;0.0;0.0;0.0;0.0;0.0;0.0;0.0;0.0;0.0;28.0;0.0;0.0;0.0;0.0;22.0;999.0;999.0;999.0;999.0;999.0;999.0;999.0;999.0
Boa Viagem;SERRA DA GUIA;-4.91125;-39.805222222222;2017;1;17.0;0.0;0.0;0.0;0.0;0.0;0.0;0.0;0.0;0.0;0.0;0.0;0.0;0.0;0.0;0.0;0.0;0.0;0.0;0.0;3.0;0.0;0.0;2.0;0.0;0.0;0.0;0.0;12.0;0.0;0.0;0.0
Boa Viagem;SERRA DA GUIA;-4.91125;-39.805222222222;2017;2;98.0;0.0;0.0;0.0;0.0;0.0;0.0;0.0;0.0;0.0;11.0;30.0;9.0;0.0;0.0;12.0;0.0;0.0;0.0;0.0;30.0;6.0;0.0;0.0;0.0;0.0;0.0;0.0;0.0;888.0;888.0;888.0
Boa Viagem;SERRA DA GUIA;-4.91125;-39.805222222222;2017;3;213.5;41.0;0.0;28.0;0.0;10.0;0.0;0.0;0.0;0.0;0.0;45.0;0.0;6.0;0.0;6.0;5.0;0.0;11.0;33.0;0.0;0.0;0.0;12.0;0.0;0.0;0.0;0.0;0.0;14.0;2.5;0.0
Boa Viagem;SERRA DA GUIA;-4.91125;-39.805222222222;2017;4;42.5;0.0;0.0;0.0;0.0;0.0;0.0;0.0;0.0;0.0;0.0;0.0;0.0;18.0;17.0;0.0;0.0;0.0;0.0;0.0;0.0;0.0;0.0;3.5;0.0;0.0;0.0;0.0;0.0;4.0;0.0;888.0
Boa Viagem;SERRA DA GUIA;-4.91125;-39.805222222222;2017;5;83.5;0.0;1.5;0.0;22.0;0.0;0.0;0.0;0.0;10.0;6.5;1.5;10.0;0.0;0.0;0.0;0.0;0.0;0.0;0.0;0.0;0.0;0.0;0.0;0.0;0.0;0.0;0.0;0.0;24.0;8.0;0.0
Boa Viagem;SERRA DA GUIA;-4.91125;-39.805222222222;2017;6;28.5;3.0;0.0;0.0;0.0;2.5;0.0;0.0;0.0;0.0;0.0;0.0;0.0;0.0;0.0;0.0;0.0;0.0;0.0;0.0;0.0;0.0;0.0;0.0;22.0;0.0;0.0;0.0;0.0;0.0;1.0;888.0
Boa Viagem;SERRA DA GUIA;-4.91125;-39.805222222222;2017;7;78.5;3.0;36.0;0.0;0.0;0.0;0.0;0.0;0.0;0.0;0.0;0.0;0.0;0.0;0.0;0.0;0.0;0.0;0.0;0.0;0.0;0.0;1.5;0.0;38.0;0.0;0.0;0.0;0.0;0.0;0.0;0.0
Boa Viagem;SERRA DA GUIA;-4.91125;-39.805222222222;2017;8;9.0;0.0;0.0;0.0;0.0;0.0;0.0;0.0;0.0;0.0;0.0;0.0;0.0;0.0;0.0;0.0;0.0;0.0;0.0;2.0;0.0;0.0;0.0;0.0;0.0;0.0;7.0;0.0;0.0;0.0;0.0;0.0
Boa Viagem;SERRA DA GUIA;-4.91125;-39.805222222222;2017;9;0.0;0.0;0.0;0.0;0.0;0.0;0.0;0.0;0.0;0.0;0.0;0.0;0.0;0.0;0.0;0.0;0.0;0.0;0.0;0.0;0.0;0.0;0.0;0.0;0.0;0.0;0.0;0.0;0.0;0.0;0.0;888.0
Boa Viagem;SERRA DA GUIA;-4.91125;-39.805222222222;2017;10;0.0;0.0;0.0;0.0;0.0;0.0;0.0;0.0;0.0;0.0;0.0;0.0;0.0;0.0;0.0;0.0;0.0;0.0;0.0;0.0;0.0;0.0;0.0;0.0;0.0;0.0;0.0;0.0;0.0;0.0;0.0;0.0
Boa Viagem;SERRA DA GUIA;-4.91125;-39.805222222222;2017;11;0.0;0.0;0.0;0.0;0.0;0.0;0.0;0.0;0.0;0.0;0.0;0.0;0.0;0.0;0.0;0.0;0.0;0.0;0.0;0.0;0.0;0.0;0.0;0.0;0.0;0.0;0.0;0.0;0.0;0.0;0.0;888.0
Boa Viagem;SERRA DA GUIA;-4.91125;-39.805222222222;2017;12;18.5;0.0;0.0;0.0;0.0;0.0;0.0;0.0;0.0;0.0;0.0;0.0;0.0;0.0;0.0;6.0;0.0;0.0;0.0;0.0;0.0;0.0;0.0;12.5;0.0;0.0;0.0;0.0;0.0;0.0;0.0;0.0
Boa Viagem;SERRA DA GUIA;-4.91125;-39.805222222222;2018;1;45.5;0.0;0.0;0.0;0.0;0.0;0.0;0.0;0.0;4.5;0.0;8.0;0.0;0.0;0.0;0.0;0.0;0.0;0.0;12.0;0.0;0.0;0.0;6.0;0.0;0.0;8.0;0.0;0.0;7.0;0.0;0.0
Boa Viagem;SERRA DA GUIA;-4.91125;-39.805222222222;2018;2;123.7;0.0;0.0;0.0;0.0;0.0;0.0;18.0;30.0;0.0;0.0;2.5;2.6;0.0;30.0;9.0;0.0;0.0;0.0;16.6;0.0;7.5;0.0;0.0;0.0;7.5;0.0;0.0;0.0;888.0;888.0;888.0
Boa Viagem;SERRA DA GUIA;-4.91125;-39.805222222222;2018;3;181.0;18.0;40.0;16.0;0.0;0.0;0.0;0.0;0.0;0.0;3.0;0.0;0.0;0.0;0.0;0.0;0.0;0.0;0.0;0.0;0.0;0.0;0.0;0.0;0.0;0.0;0.0;0.0;1.0;28.0;72.0;3.0
Boa Viagem;SERRA DA GUIA;-4.91125;-39.805222222222;2018;4;173.5;0.0;0.0;16.0;10.0;0.0;13.0;36.0;0.0;3.0;15.0;0.0;0.0;21.0;0.0;0.0;0.0;22.0;0.0;0.0;0.0;0.0;0.0;15.0;0.0;0.0;0.0;0.0;0.0;2.5;20.0;888.0
Boa Viagem;SERRA DA GUIA;-4.91125;-39.805222222222;2018;5;59.5;0.0;18.0;0.0;0.0;0.0;0.0;0.0;0.0;26.5;0.0;0.0;0.0;0.5;0.0;0.0;2.0;0.0;0.0;0.0;0.0;8.5;0.0;0.0;0.0;0.0;0.0;0.0;0.0;4.0;0.0;0.0
Boa Viagem;SERRA DA GUIA;-4.91125;-39.805222222222;2018;6;27.5;0.0;0.0;0.0;3.0;10.0;0.0;0.0;1.5;0.0;0.0;0.0;0.0;0.0;0.0;0.0;8.0;0.0;0.0;0.0;5.0;0.0;0.0;0.0;0.0;0.0;0.0;0.0;0.0;0.0;0.0;888.0
Boa Viagem;SERRA DA GUIA;-4.91125;-39.805222222222;2018;7;0.0;0.0;0.0;0.0;0.0;0.0;0.0;0.0;0.0;0.0;0.0;0.0;0.0;0.0;0.0;0.0;0.0;0.0;0.0;0.0;0.0;0.0;0.0;0.0;0.0;0.0;0.0;0.0;0.0;0.0;0.0;0.0
Boa Viagem;SERRA DA GUIA;-4.91125;-39.805222222222;2018;8;0.0;0.0;0.0;0.0;0.0;0.0;0.0;0.0;0.0;0.0;0.0;0.0;0.0;0.0;0.0;0.0;0.0;0.0;0.0;0.0;0.0;0.0;0.0;0.0;0.0;0.0;0.0;0.0;0.0;0.0;0.0;0.0
Boa Viagem;SERRA DA GUIA;-4.91125;-39.805222222222;2018;9;0.0;0.0;0.0;0.0;0.0;0.0;0.0;0.0;0.0;0.0;0.0;0.0;0.0;0.0;0.0;0.0;0.0;0.0;0.0;0.0;0.0;0.0;0.0;0.0;0.0;0.0;0.0;0.0;0.0;0.0;0.0;888.0
Boa Viagem;SERRA DA GUIA;-4.91125;-39.805222222222;2018;10;0.0;0.0;0.0;0.0;0.0;0.0;0.0;0.0;0.0;0.0;0.0;0.0;0.0;0.0;0.0;0.0;0.0;0.0;0.0;0.0;0.0;0.0;0.0;0.0;0.0;0.0;0.0;0.0;0.0;0.0;0.0;0.0
Boa Viagem;SERRA DA GUIA;-4.91125;-39.805222222222;2018;11;8.5;0.0;0.0;0.0;0.0;0.0;6.0;0.0;0.0;0.0;0.0;0.0;0.0;0.0;0.0;0.0;0.0;0.0;0.0;0.0;0.0;0.0;0.0;2.5;0.0;0.0;0.0;0.0;0.0;0.0;0.0;888.0
Boa Viagem;SERRA DA GUIA;-4.91125;-39.805222222222;2018;12;64.5;0.0;0.0;0.0;0.0;7.5;9.0;3.0;0.0;2.0;0.0;0.0;0.0;0.0;0.0;0.0;0.0;0.0;11.0;0.0;0.0;0.0;0.0;0.0;32.0;0.0;0.0;0.0;0.0;0.0;0.0;0.0
Boa Viagem;SERRA DA GUIA;-4.91125;-39.805222222222;2019;1;128.0;0.0;0.0;0.0;0.0;0.0;5.0;0.0;2.5;0.0;37.5;0.0;0.0;0.0;0.0;15.0;24.0;19.0;4.0;0.0;0.0;0.0;0.0;0.0;0.0;0.0;0.0;11.0;0.0;0.0;10.0;0.0
Boa Viagem;SERRA DA GUIA;-4.91125;-39.805222222222;2019;2;227.5;0.0;0.0;0.0;0.0;16.0;37.0;30.0;5.0;0.0;0.0;0.0;0.0;0.0;52.0;7.5;2.5;0.0;3.0;4.0;0.0;0.0;0.0;12.5;36.5;4.5;10.0;7.0;0.0;888.0;888.0;888.0
Boa Viagem;SERRA DA GUIA;-4.91125;-39.805222222222;2019;3;151.5;0.0;2.0;7.5;9.0;5.5;10.0;3.0;0.0;19.0;0.0;0.0;0.0;8.0;35.0;0.0;0.0;0.0;0.0;0.0;42.0;0.0;0.0;0.0;0.0;0.0;0.0;2.5;0.0;2.0;6.0;0.0
Boa Viagem;SERRA DA GUIA;-4.91125;-39.805222222222;2019;4;204.0;35.0;38.0;3.0;5.0;0.0;6.0;0.0;1.5;0.0;3.5;0.0;0.0;0.0;9.5;7.0;0.0;0.0;0.0;10.0;2.5;0.0;11.0;21.0;0.0;3.0;0.0;4.0;28.0;7.0;9.0;888.0
Boa Viagem;SERRA DA GUIA;-4.91125;-39.805222222222;2019;5;69.0;5.0;0.0;0.0;0.0;0.0;0.0;0.0;9.0;0.0;0.0;0.0;0.0;0.0;0.0;0.0;0.0;0.0;5.0;0.0;0.0;0.0;50.0;0.0;0.0;0.0;0.0;0.0;0.0;0.0;0.0;0.0
Boa Viagem;SERRA DA GUIA;-4.91125;-39.805222222222;2019;6;25.9;0.0;0.0;0.0;0.0;0.0;0.0;0.0;0.0;0.5;0.0;0.0;0.4;6.0;0.0;0.0;0.0;1.0;7.0;11.0;0.0;0.0;0.0;0.0;0.0;0.0;0.0;0.0;0.0;0.0;0.0;888.0
Boa Viagem;SERRA DA GUIA;-4.91125;-39.805222222222;2019;7;84.5;0.0;0.0;3.0;0.0;0.0;0.0;0.0;0.0;0.0;0.0;20.0;0.0;0.0;0.0;0.0;0.0;0.0;0.0;0.0;0.0;17.0;2.0;20.0;8.0;0.0;0.0;7.0;3.0;4.5;0.0;0.0
Boa Viagem;SERRA DA GUIA;-4.91125;-39.805222222222;2019;8;0.0;0.0;0.0;0.0;0.0;0.0;0.0;0.0;0.0;0.0;0.0;0.0;0.0;0.0;0.0;0.0;0.0;0.0;0.0;0.0;0.0;0.0;0.0;0.0;0.0;0.0;0.0;0.0;0.0;0.0;0.0;0.0
Boa Viagem;SERRA DA GUIA;-4.91125;-39.805222222222;2019;9;11.5;0.0;0.0;0.0;0.0;0.0;0.0;0.0;0.0;0.0;0.0;0.0;0.0;0.0;0.0;0.0;0.0;0.0;0.0;0.0;0.0;0.0;0.0;0.0;11.5;0.0;0.0;0.0;0.0;0.0;0.0;888.0
Boa Viagem;SERRA DA GUIA;-4.91125;-39.805222222222;2019;10;0.0;0.0;0.0;0.0;0.0;0.0;0.0;0.0;0.0;0.0;0.0;0.0;0.0;0.0;0.0;0.0;0.0;0.0;0.0;0.0;0.0;0.0;0.0;0.0;0.0;0.0;0.0;0.0;0.0;0.0;0.0;0.0
Boa Viagem;SERRA DA GUIA;-4.91125;-39.805222222222;2019;11;0.0;0.0;0.0;0.0;0.0;0.0;0.0;0.0;0.0;0.0;0.0;0.0;0.0;0.0;0.0;0.0;0.0;0.0;0.0;0.0;0.0;0.0;0.0;0.0;0.0;0.0;0.0;0.0;0.0;0.0;0.0;888.0
Boa Viagem;SERRA DA GUIA;-4.91125;-39.805222222222;2019;12;16.0;0.0;0.0;0.0;0.0;0.0;0.0;0.0;0.0;3.0;13.0;0.0;0.0;0.0;0.0;0.0;0.0;0.0;0.0;0.0;0.0;0.0;0.0;0.0;0.0;0.0;0.0;0.0;0.0;0.0;0.0;0.0
Boa Viagem;SERRA DA GUIA;-4.91125;-39.805222222222;2020;1;190.5;12.0;0.0;0.0;0.0;0.0;0.0;0.0;40.0;9.0;0.0;26.0;2.5;0.0;0.0;2.5;1.5;0.0;1.0;0.0;0.0;0.0;0.0;7.0;0.0;0.0;0.0;0.0;14.0;0.0;0.0;75.0
Boa Viagem;SERRA DA GUIA;-4.91125;-39.805222222222;2020;2;237.0;0.0;0.0;0.0;2.5;78.0;2.0;0.0;0.0;0.0;0.0;0.0;0.0;0.0;16.5;9.0;57.0;7.0;25.0;20.0;5.0;0.0;0.0;0.0;0.0;3.5;0.0;0.0;0.0;11.5;888.0;888.0
Boa Viagem;SERRA DA GUIA;-4.91125;-39.805222222222;2020;3;212.0;0.0;0.0;40.0;0.0;3.5;5.0;22.0;8.0;0.0;0.0;0.0;1.0;2.5;41.0;17.0;7.5;2.0;0.0;1.0;12.5;0.0;0.0;0.0;0.0;3.0;22.0;1.0;15.5;0.0;0.0;7.5
Boa Viagem;SERRA DA GUIA;-4.91125;-39.805222222222;2020;4;150.3;17.0;0.0;1.0;15.0;8.0;0.5;0.0;1.0;0.0;0.0;0.0;6.5;0.0;0.0;0.0;2.0;0.0;5.0;0.0;0.8;25.0;15.0;0.0;37.0;14.0;0.0;2.5;0.0;0.0;0.0;888.0
Boa Viagem;SERRA DA GUIA;-4.91125;-39.805222222222;2020;5;203.8;4.0;0.0;2.5;0.0;0.0;0.0;2.6;0.0;0.0;5.0;0.0;0.0;0.0;0.0;0.0;1.5;74.0;0.0;19.2;1.0;23.0;9.0;0.0;20.0;30.0;0.0;0.0;0.0;8.0;4.0;0.0
Boa Viagem;SERRA DA GUIA;-4.91125;-39.805222222222;2020;6;24.8;4.0;4.0;0.0;0.0;0.0;0.0;0.0;4.5;0.9;5.5;0.5;0.0;0.0;0.0;0.0;0.0;0.0;5.0;0.0;0.0;0.0;0.0;0.0;0.0;0.0;0.0;0.0;0.0;0.0;0.4;888.0
Boa Viagem;SERRA DA GUIA;-4.91125;-39.805222222222;2020;7;98.7;0.0;0.0;0.0;0.0;0.0;35.0;12.5;0.0;0.0;0.4;21.2;0.0;0.0;0.0;0.0;0.0;10.6;0.0;0.0;1.0;18.0;0.0;0.0;0.0;0.0;0.0;0.0;0.0;0.0;0.0;0.0
Boa Viagem;SERRA DA GUIA;-4.91125;-39.805222222222;2020;8;0.0;0.0;0.0;0.0;0.0;0.0;0.0;0.0;0.0;0.0;0.0;0.0;0.0;0.0;0.0;0.0;0.0;0.0;0.0;0.0;0.0;0.0;0.0;0.0;0.0;0.0;0.0;0.0;0.0;0.0;0.0;0.0
Boa Viagem;SERRA DA GUIA;-4.91125;-39.805222222222;2020;9;24.0;0.0;24.0;0.0;0.0;0.0;0.0;0.0;0.0;0.0;0.0;0.0;0.0;0.0;0.0;0.0;0.0;0.0;0.0;0.0;0.0;0.0;0.0;0.0;0.0;0.0;0.0;0.0;0.0;0.0;0.0;888.0
Boa Viagem;SERRA DA GUIA;-4.91125;-39.805222222222;2020;10;0.0;0.0;0.0;0.0;0.0;0.0;0.0;0.0;0.0;0.0;0.0;0.0;0.0;0.0;0.0;0.0;0.0;0.0;0.0;0.0;0.0;0.0;0.0;0.0;0.0;0.0;0.0;0.0;0.0;0.0;0.0;0.0
Boa Viagem;SERRA DA GUIA;-4.91125;-39.805222222222;2020;11;5.8;0.0;0.0;5.0;0.0;0.0;0.0;0.0;0.0;0.0;0.0;0.8;0.0;0.0;0.0;0.0;0.0;0.0;0.0;0.0;0.0;0.0;0.0;0.0;0.0;0.0;0.0;0.0;0.0;0.0;0.0;888.0
Boa Viagem;SERRA DA GUIA;-4.91125;-39.805222222222;2020;12;3.3;0.0;0.2;0.0;0.0;0.0;0.0;0.0;1.3;0.0;0.0;0.0;0.0;0.0;0.0;0.0;0.4;0.0;1.4;0.0;0.0;0.0;0.0;0.0;0.0;0.0;0.0;0.0;0.0;0.0;0.0;0.0
Boa Viagem;SERRA DA GUIA;-4.91125;-39.805222222222;2021;1;25.2;0.0;0.0;2.0;3.2;2.0;0.0;0.0;0.0;0.0;0.0;0.0;0.0;0.0;0.0;0.0;0.0;0.3;0.0;0.0;0.0;1.2;0.0;1.0;0.0;13.0;0.0;0.0;0.0;0.0;0.0;2.5
Boa Viagem;SERRA DA GUIA;-4.91125;-39.805222222222;2021;2;128.4;0.0;0.0;0.0;0.0;0.0;0.0;0.0;0.0;0.0;35.0;0.0;0.5;0.9;0.0;0.0;6.0;10.0;0.0;5.0;0.0;0.0;0.0;2.0;17.0;0.0;9.0;15.0;28.0;888.0;888.0;888.0
Boa Viagem;SERRA DA GUIA;-4.91125;-39.805222222222;2021;3;188.6;13.0;5.5;9.0;6.5;33.0;0.5;0.0;0.0;0.0;0.0;0.0;0.0;33.0;3.5;0.0;0.0;0.0;0.0;25.0;7.0;0.0;2.5;4.0;0.0;15.0;21.5;4.0;5.6;0.0;0.0;0.0
Boa Viagem;SERRA DA GUIA;-4.91125;-39.805222222222;2021;4;182.3;0.0;0.0;0.0;31.0;0.0;0.0;0.0;0.0;2.5;7.0;34.0;1.6;0.0;0.0;0.8;2.9;0.0;1.0;25.0;12.0;0.0;35.0;2.5;0.0;0.0;0.0;0.0;0.0;20.0;7.0;888.0
Boa Viagem;SERRA DA GUIA;-4.91125;-39.805222222222;2021;5;105.0;5.0;0.0;0.0;0.0;22.0;13.0;42.5;0.0;4.5;1.5;0.0;0.0;0.0;12.5;4.0;0.0;0.0;0.0;0.0;0.0;0.0;0.0;0.0;0.0;0.0;0.0;0.0;0.0;0.0;0.0;0.0
Boa Viagem;SERRA DA GUIA;-4.91125;-39.805222222222;2021;6;21.0;0.0;2.5;0.0;0.0;0.0;0.0;0.0;0.0;2.5;14.0;0.0;0.0;0.0;0.0;0.0;0.0;0.0;2.0;0.0;0.0;0.0;0.0;0.0;0.0;0.0;0.0;0.0;0.0;0.0;0.0;888.0
Boa Viagem;SERRA DA GUIA;-4.91125;-39.805222222222;2021;7;22.5;0.0;10.0;0.0;6.0;0.0;0.0;0.0;0.0;0.0;0.0;0.0;0.5;1.0;0.0;0.0;0.0;0.0;0.0;0.0;0.0;0.0;5.0;0.0;0.0;0.0;0.0;0.0;0.0;0.0;0.0;0.0
Boa Viagem;SERRA DA GUIA;-4.91125;-39.805222222222;2021;8;0.0;0.0;0.0;0.0;0.0;0.0;0.0;0.0;0.0;0.0;0.0;0.0;0.0;0.0;0.0;0.0;0.0;0.0;0.0;0.0;0.0;0.0;0.0;0.0;0.0;0.0;0.0;0.0;0.0;0.0;0.0;0.0
Boa Viagem;SERRA DA GUIA;-4.91125;-39.805222222222;2021;9;0.0;0.0;0.0;0.0;0.0;0.0;0.0;0.0;0.0;0.0;0.0;0.0;0.0;0.0;0.0;0.0;0.0;0.0;0.0;0.0;0.0;0.0;0.0;0.0;0.0;0.0;0.0;0.0;0.0;0.0;0.0;888.0
Boa Viagem;SERRA DA GUIA;-4.91125;-39.805222222222;2021;10;0.4;0.0;0.0;0.0;0.0;0.0;0.0;0.0;0.0;0.0;0.0;0.0;0.0;0.0;0.0;0.0;0.0;0.0;0.0;0.0;0.4;0.0;0.0;0.0;0.0;0.0;0.0;0.0;0.0;0.0;0.0;0.0
Boa Viagem;SERRA DA GUIA;-4.91125;-39.805222222222;2021;11;23.1;5.0;1.0;1.3;0.0;0.0;0.0;0.0;0.0;0.0;2.0;0.0;0.0;1.0;12.0;0.0;0.0;0.0;0.0;0.0;0.0;0.0;0.0;0.8;0.0;0.0;0.0;0.0;0.0;0.0;0.0;888.0
Boa Viagem;SERRA DA GUIA;-4.91125;-39.805222222222;2021;12;16.0;0.0;0.0;0.0;0.0;0.0;0.0;0.0;0.0;0.0;0.0;1.0;0.0;0.0;0.0;0.0;0.0;0.0;0.0;0.0;0.0;0.0;0.0;0.0;0.0;0.0;0.0;13.0;0.0;0.0;0.0;2.0
Boa Viagem;SERRA DA GUIA;-4.91125;-39.805222222222;2022;1;180.0;0.0;1.5;0.0;0.0;3.5;35.0;6.0;0.0;0.0;0.0;0.0;17.0;8.0;2.5;12.5;36.0;1.0;0.0;0.0;0.0;0.0;0.0;0.0;0.0;0.0;0.0;19.0;31.0;7.0;0.0;0.0
Boa Viagem;SERRA DA GUIA;-4.91125;-39.805222222222;2022;2;29.6;0.0;0.0;0.0;1.5;0.0;0.0;0.0;0.3;0.0;20.0;0.0;0.0;0.0;0.0;0.8;0.0;0.0;0.0;0.0;0.0;0.0;0.0;0.0;0.0;0.0;0.0;0.0;7.0;888.0;888.0;888.0
Boa Viagem;SERRA DA GUIA;-4.91125;-39.805222222222;2022;3;218.2;0.0;0.0;0.0;5.0;0.0;4.0;47.5;1.0;0.0;0.0;0.0;10.0;10.0;0.0;0.0;10.5;2.5;5.0;5.0;0.0;24.0;31.0;5.0;0.0;0.0;47.5;1.2;0.0;0.0;7.0;2.0
Boa Viagem;SERRA DA GUIA;-4.91125;-39.805222222222;2022;4;210.5;0.0;12.5;0.0;0.0;53.5;3.5;0.0;3.0;0.0;0.0;1.5;67.0;0.0;0.0;0.0;0.0;3.0;2.0;5.0;0.0;0.0;0.0;8.0;7.5;4.0;0.0;0.0;0.0;16.0;24.0;888.0
Boa Viagem;SERRA DA GUIA;-4.91125;-39.805222222222;2022;5;32.0;0.0;0.0;0.0;0.0;0.0;0.0;0.5;0.0;2.0;0.0;0.0;0.0;0.0;10.0;0.0;0.0;0.0;0.0;0.0;0.0;3.0;3.5;0.8;0.0;7.0;0.2;0.0;2.5;2.0;0.0;0.5
Boa Viagem;SERRA DA GUIA;-4.91125;-39.805222222222;2022;6;115.6;2.0;9.5;0.0;40.0;5.0;15.0;0.0;0.0;0.0;25.5;0.0;0.0;0.0;0.0;0.0;0.8;0.0;0.0;0.0;2.3;15.5;0.0;0.0;0.0;0.0;0.0;0.0;0.0;0.0;0.0;888.0
Boa Viagem;SERRA DA GUIA;-4.91125;-39.805222222222;2022;7;78.9;0.0;6.0;7.5;0.0;12.5;0.0;0.0;18.0;3.0;0.0;0.0;0.0;0.0;0.0;0.4;0.0;0.0;23.0;0.0;0.0;0.0;8.5;0.0;0.0;0.0;0.0;0.0;0.0;0.0;0.0;0.0
Boa Viagem;SERRA DA GUIA;-4.91125;-39.805222222222;2022;8;17.0;0.0;0.0;1.0;2.0;14.0;0.0;0.0;0.0;0.0;0.0;0.0;0.0;0.0;0.0;0.0;0.0;0.0;0.0;0.0;0.0;0.0;0.0;0.0;0.0;0.0;0.0;0.0;0.0;0.0;0.0;0.0
Boa Viagem;SERRA DA GUIA;-4.91125;-39.805222222222;2022;9;0.0;0.0;0.0;0.0;0.0;0.0;0.0;0.0;0.0;0.0;0.0;0.0;0.0;0.0;0.0;0.0;0.0;0.0;0.0;0.0;0.0;0.0;0.0;0.0;0.0;0.0;0.0;0.0;0.0;0.0;0.0;888.0
Boa Viagem;SERRA DA GUIA;-4.91125;-39.805222222222;2022;10;1.0;0.0;0.0;0.0;0.0;0.0;0.0;0.0;0.0;0.0;0.0;0.0;0.0;0.0;0.0;0.0;0.0;0.0;0.0;0.0;0.0;0.0;0.0;1.0;0.0;0.0;0.0;0.0;0.0;0.0;0.0;0.0
Boa Viagem;SERRA DA GUIA;-4.91125;-39.805222222222;2022;11;80.0;0.0;0.0;0.0;6.0;0.0;0.0;64.0;0.0;0.0;0.0;0.0;0.0;0.0;3.0;5.0;0.0;0.0;0.0;0.0;0.0;0.0;0.0;0.0;0.0;0.0;0.0;0.0;0.0;0.0;2.0;888.0
Boa Viagem;SERRA DA GUIA;-4.91125;-39.805222222222;2022;12;42.0;6.0;2.0;0.0;0.0;0.0;0.0;0.0;0.0;0.0;0.0;0.0;0.0;0.0;0.0;0.0;0.0;0.0;0.0;0.0;0.0;0.0;0.0;0.0;32.0;2.0;0.0;0.0;0.0;0.0;0.0;0.0
Boa Viagem;SERRA DA GUIA;-4.91125;-39.805222222222;2023;1;101.0;0.0;0.0;0.0;0.0;0.0;0.0;0.0;0.0;0.0;0.0;0.0;0.0;0.0;0.0;0.0;12.0;2.0;0.0;35.0;1.5;2.5;2.0;0.0;0.0;15.0;19.0;0.0;5.0;0.0;0.0;7.0
Boa Viagem;SERRA DA GUIA;-4.91125;-39.805222222222;2023;2;78.8;8.0;0.0;0.0;0.0;0.0;0.0;24.0;0.0;0.0;0.0;0.0;0.0;0.0;0.0;0.0;0.0;0.0;0.0;0.0;0.0;0.0;1.2;44.6;0.0;0.0;1.0;0.0;0.0;888.0;888.0;888.0
Boa Viagem;SERRA DA GUIA;-4.91125;-39.805222222222;2023;3;335.6;0.0;0.0;55.4;37.0;0.0;0.0;0.0;0.0;0.0;3.4;0.0;0.0;7.0;4.0;19.4;8.4;53.0;0.0;19.8;8.0;36.8;0.0;0.0;28.4;0.0;4.0;20.6;2.2;14.8;4.6;8.8
Boa Viagem;SERRA DA GUIA;-4.91125;-39.805222222222;2023;4;186.8;0.6;3.2;46.4;26.2;0.0;14.4;0.0;0.0;11.0;0.0;0.4;0.0;0.0;0.0;0.0;8.4;1.4;0.0;3.2;0.0;1.4;0.0;0.0;0.0;0.0;0.0;56.6;9.2;4.4;0.0;888.0
Boa Viagem;SERRA DA GUIA;-4.91125;-39.805222222222;2023;5;14.4;0.0;0.0;0.0;0.0;0.0;0.0;0.0;0.0;0.0;0.0;0.0;0.0;0.0;0.0;0.0;0.0;0.0;0.0;0.0;6.8;0.0;0.0;0.0;0.0;7.6;0.0;0.0;0.0;0.0;0.0;0.0
Boa Viagem;SERRA DA GUIA;-4.91125;-39.805222222222;2023;6;95.8;0.0;0.0;11.2;0.0;0.0;0.0;0.0;6.0;8.8;1.0;0.0;0.0;0.0;0.0;40.6;0.0;0.0;0.0;0.0;0.0;7.6;0.0;0.0;3.2;0.0;0.0;3.6;1.0;6.6;6.2;888.0
Boa Viagem;SERRA DA GUIA;-4.91125;-39.805222222222;2023;7;4.4;0.0;0.0;0.0;0.0;0.0;0.0;2.0;0.0;0.0;0.0;0.0;0.0;0.0;0.0;0.0;0.0;0.0;0.0;0.0;0.0;0.0;2.4;0.0;0.0;0.0;0.0;0.0;0.0;0.0;0.0;0.0
Boa Viagem;SERRA DA GUIA;-4.91125;-39.805222222222;2023;8;0.0;0.0;0.0;0.0;0.0;0.0;0.0;0.0;0.0;0.0;0.0;0.0;0.0;0.0;0.0;0.0;0.0;0.0;0.0;0.0;0.0;0.0;0.0;0.0;0.0;0.0;0.0;0.0;0.0;0.0;0.0;0.0
Boa Viagem;SERRA DA GUIA;-4.91125;-39.805222222222;2023;9;0.0;0.0;0.0;0.0;0.0;0.0;0.0;0.0;0.0;0.0;0.0;0.0;0.0;0.0;0.0;0.0;0.0;0.0;0.0;0.0;0.0;0.0;0.0;0.0;0.0;0.0;0.0;0.0;0.0;0.0;0.0;888.0
Boa Viagem;SERRA DA GUIA;-4.91125;-39.805222222222;2023;10;0.4;0.0;0.0;0.0;0.0;0.0;0.0;0.0;0.0;0.0;0.0;0.0;0.0;0.0;0.0;0.0;0.0;0.0;0.0;0.0;0.0;0.0;0.0;0.4;0.0;0.0;0.0;0.0;0.0;0.0;0.0;0.0
Boa Viagem;SERRA DA GUIA;-4.91125;-39.805222222222;2023;11;5.4;0.0;0.0;0.0;0.0;0.0;0.0;0.0;0.0;0.0;0.0;0.0;0.0;0.0;0.4;0.0;0.0;0.0;0.0;0.0;0.0;0.0;0.0;0.0;0.0;0.0;0.0;0.0;5.0;0.0;0.0;888.0
Boa Viagem;SERRA DA GUIA;-4.91125;-39.805222222222;2023;12;133.0;0.0;0.0;0.0;0.0;0.0;0.0;0.0;0.0;0.0;0.0;0.0;0.0;0.0;0.0;0.0;0.0;0.0;80.0;23.0;23.0;7.0;0.0;0.0;0.0;0.0;0.0;0.0;0.0;0.0;0.0;0.0
Boa Viagem;SERRA DA GUIA;-4.91125;-39.805222222222;2024;1;151.2;26.0;0.0;3.0;0.0;0.0;0.0;0.0;0.0;0.0;0.0;0.0;15.0;45.0;43.2;0.0;0.0;0.0;0.0;0.0;0.0;0.0;0.0;5.0;8.0;0.0;2.8;3.2;0.0;0.0;0.0;0.0
Boa Viagem;SERRA DA GUIA;-4.91125;-39.805222222222;2024;2;242.8;0.0;0.0;0.0;0.0;0.0;0.0;0.0;0.0;0.0;2.2;10.0;0.4;0.0;32.6;4.0;38.0;0.0;2.0;12.0;3.0;0.0;6.0;19.0;8.0;0.0;8.8;19.8;77.0;0.0;888.0;888.0
Boa Viagem;SERRA DA GUIA;-4.91125;-39.805222222222;2024;3;164.0;0.0;6.8;0.0;2.0;16.0;3.0;0.0;14.0;2.0;0.0;4.0;0.0;6.2;1.8;35.0;7.0;1.6;1.0;0.0;0.0;0.0;0.0;0.0;8.6;0.0;0.0;3.6;13.0;7.6;24.0;6.8
Boa Viagem;SERRA DA GUIA;-4.91125;-39.805222222222;2024;4;171.0;6.0;10.8;43.0;0.0;0.0;6.4;22.6;2.6;5.0;14.8;8.0;4.8;2.4;0.0;0.0;0.0;0.0;7.2;8.8;3.4;13.2;0.0;0.0;0.0;0.0;0.0;12.0;0.0;0.0;0.0;888.0
Boa Viagem;SERRA DA GUIA;-4.91125;-39.805222222222;2024;5;59.5;0.0;0.0;0.0;0.0;0.0;0.0;0.0;0.0;6.4;8.0;0.0;0.0;0.0;0.0;1.2;4.8;3.8;0.0;0.0;8.8;2.6;0.0;0.0;6.0;0.0;0.0;5.0;0.0;0.0;1.9;11.0
Boa Viagem;SERRA DA GUIA;-4.91125;-39.805222222222;2024;6;136.2;7.6;2.0;0.0;8.2;42.0;5.0;11.2;0.0;8.8;13.6;0.0;0.0;0.0;0.0;5.4;13.0;4.0;2.6;0.0;0.0;1.2;0.0;0.0;11.6;0.0;0.0;0.0;0.0;0.0;0.0;888.0
Boa Viagem;SERRA DA GUIA;-4.91125;-39.805222222222;2024;7;41.6;0.0;0.0;0.0;0.0;0.0;0.0;0.0;13.2;0.0;0.0;3.0;0.0;9.2;0.0;0.0;0.0;0.0;0.0;3.0;13.2;0.0;0.0;0.0;0.0;0.0;0.0;0.0;0.0;0.0;0.0;0.0
Boa Viagem;SERRA DA GUIA;-4.91125;-39.805222222222;2024;8;0.0;0.0;0.0;0.0;0.0;0.0;0.0;0.0;0.0;0.0;0.0;0.0;0.0;0.0;0.0;0.0;0.0;0.0;0.0;0.0;0.0;999.0;999.0;999.0;999.0;999.0;999.0;999.0;999.0;999.0;999.0;999.0
