Municipios;Postos;Latitude;Longitude;Anos;Meses;Total;Dia1;Dia2;Dia3;Dia4;Dia5;Dia6;Dia7;Dia8;Dia9;Dia10;Dia11;Dia12;Dia13;Dia14;Dia15;Dia16;Dia17;Dia18;Dia19;Dia20;Dia21;Dia22;Dia23;Dia24;Dia25;Dia26;Dia27;Dia28;Dia29;Dia30;Dia31
Iguatu;ACUDE DO GOVERNO;-6.4250277777778;-39.193944444444;2008;3;222.0;0.0;0.0;0.0;0.0;0.0;0.0;0.0;0.0;0.0;0.0;0.0;0.0;0.0;0.0;0.0;0.0;0.0;0.0;13.0;10.0;0.0;0.0;15.0;39.0;11.0;35.0;17.0;7.0;0.0;48.0;27.0
Iguatu;ACUDE DO GOVERNO;-6.4250277777778;-39.193944444444;2008;4;195.3;12.0;0.0;0.0;8.0;0.0;0.0;0.0;24.0;38.0;44.0;0.0;0.0;17.3;0.0;0.0;28.0;0.0;0.0;0.0;0.0;0.0;0.0;0.0;0.0;0.0;0.0;0.0;0.0;24.0;0.0;888.0
Iguatu;ACUDE DO GOVERNO;-6.4250277777778;-39.193944444444;2008;5;109.0;58.0;0.0;17.0;0.0;0.0;14.0;0.0;0.0;0.0;0.0;0.0;0.0;0.0;0.0;0.0;0.0;0.0;0.0;0.0;0.0;0.0;0.0;0.0;7.0;0.0;0.0;0.0;13.0;0.0;0.0;0.0
Iguatu;ACUDE DO GOVERNO;-6.4250277777778;-39.193944444444;2008;6;0.0;0.0;0.0;0.0;0.0;0.0;0.0;0.0;0.0;0.0;0.0;0.0;0.0;0.0;0.0;0.0;0.0;0.0;0.0;0.0;0.0;0.0;0.0;0.0;0.0;0.0;0.0;0.0;0.0;0.0;0.0;888.0
Iguatu;ACUDE DO GOVERNO;-6.4250277777778;-39.193944444444;2008;7;0.0;0.0;0.0;0.0;0.0;0.0;0.0;0.0;0.0;0.0;0.0;0.0;0.0;0.0;0.0;0.0;0.0;0.0;0.0;0.0;0.0;0.0;0.0;0.0;0.0;0.0;0.0;0.0;0.0;0.0;0.0;0.0
Iguatu;ACUDE DO GOVERNO;-6.4250277777778;-39.193944444444;2008;8;0.0;0.0;0.0;0.0;0.0;0.0;0.0;0.0;0.0;0.0;0.0;0.0;0.0;0.0;0.0;0.0;0.0;0.0;0.0;0.0;0.0;0.0;0.0;0.0;0.0;0.0;0.0;0.0;0.0;0.0;0.0;0.0
Iguatu;ACUDE DO GOVERNO;-6.4250277777778;-39.193944444444;2008;9;0.0;0.0;0.0;0.0;0.0;0.0;0.0;0.0;0.0;0.0;0.0;0.0;0.0;0.0;0.0;0.0;0.0;0.0;0.0;0.0;0.0;0.0;0.0;0.0;0.0;0.0;0.0;0.0;0.0;0.0;0.0;888.0
Iguatu;ACUDE DO GOVERNO;-6.4250277777778;-39.193944444444;2008;10;0.0;0.0;0.0;0.0;0.0;0.0;0.0;0.0;0.0;0.0;0.0;0.0;0.0;0.0;0.0;0.0;0.0;0.0;0.0;0.0;0.0;0.0;0.0;0.0;0.0;0.0;0.0;0.0;0.0;0.0;0.0;0.0
Iguatu;ACUDE DO GOVERNO;-6.4250277777778;-39.193944444444;2008;11;0.0;0.0;0.0;0.0;0.0;0.0;0.0;0.0;0.0;0.0;0.0;0.0;0.0;0.0;0.0;0.0;0.0;0.0;0.0;0.0;0.0;0.0;0.0;0.0;0.0;0.0;0.0;0.0;0.0;0.0;0.0;888.0
Iguatu;ACUDE DO GOVERNO;-6.4250277777778;-39.193944444444;2008;12;0.0;0.0;0.0;0.0;0.0;0.0;0.0;0.0;0.0;0.0;0.0;0.0;0.0;0.0;0.0;0.0;0.0;0.0;0.0;0.0;0.0;0.0;0.0;0.0;0.0;0.0;0.0;0.0;0.0;0.0;0.0;0.0
Iguatu;ACUDE DO GOVERNO;-6.4250277777778;-39.193944444444;2009;1;214.0;0.0;0.0;0.0;0.0;0.0;0.0;0.0;0.0;0.0;0.0;0.0;0.0;0.0;0.0;0.0;0.0;0.0;0.0;0.0;0.0;0.0;100.0;25.0;0.0;0.0;0.0;0.0;0.0;0.0;67.0;22.0
Iguatu;ACUDE DO GOVERNO;-6.4250277777778;-39.193944444444;2009;2;278.0;0.0;0.0;0.0;7.0;0.0;0.0;0.0;0.0;0.0;0.0;0.0;54.0;48.0;0.0;0.0;26.0;0.0;43.0;0.0;0.0;15.0;0.0;0.0;12.0;0.0;0.0;73.0;0.0;888.0;888.0;888.0
Iguatu;ACUDE DO GOVERNO;-6.4250277777778;-39.193944444444;2009;3;103.0;12.0;11.0;18.0;8.0;0.0;0.0;0.0;0.0;0.0;0.0;11.0;0.0;0.0;0.0;0.0;0.0;0.0;43.0;0.0;0.0;0.0;0.0;0.0;0.0;0.0;0.0;0.0;0.0;0.0;0.0;0.0
Iguatu;ACUDE DO GOVERNO;-6.4250277777778;-39.193944444444;2009;4;489.0;13.0;15.0;0.0;40.0;8.0;0.0;0.0;0.0;0.0;31.0;0.0;0.0;35.0;0.0;57.0;51.0;10.0;0.0;16.0;11.0;0.0;35.0;39.0;14.0;48.0;0.0;0.0;15.0;28.0;23.0;888.0
Iguatu;ACUDE DO GOVERNO;-6.4250277777778;-39.193944444444;2009;5;170.0;0.0;7.0;0.0;0.0;0.0;32.0;0.0;34.0;0.0;30.0;0.0;12.0;0.0;23.0;0.0;0.0;15.0;0.0;3.0;0.0;0.0;0.0;0.0;0.0;0.0;0.0;0.0;14.0;0.0;0.0;0.0
Iguatu;ACUDE DO GOVERNO;-6.4250277777778;-39.193944444444;2009;6;14.0;0.0;0.0;0.0;0.0;14.0;0.0;0.0;0.0;0.0;0.0;0.0;0.0;0.0;0.0;0.0;0.0;0.0;0.0;0.0;0.0;0.0;0.0;0.0;0.0;0.0;0.0;0.0;0.0;0.0;0.0;888.0
Iguatu;ACUDE DO GOVERNO;-6.4250277777778;-39.193944444444;2009;7;0.0;0.0;0.0;0.0;0.0;0.0;0.0;0.0;0.0;0.0;0.0;0.0;0.0;0.0;0.0;0.0;0.0;0.0;0.0;0.0;0.0;0.0;0.0;0.0;0.0;0.0;0.0;0.0;0.0;0.0;0.0;0.0
Iguatu;ACUDE DO GOVERNO;-6.4250277777778;-39.193944444444;2009;8;0.0;0.0;0.0;0.0;0.0;0.0;0.0;0.0;0.0;0.0;0.0;0.0;0.0;0.0;0.0;0.0;0.0;0.0;0.0;0.0;0.0;0.0;0.0;0.0;0.0;0.0;0.0;0.0;0.0;0.0;0.0;0.0
Iguatu;ACUDE DO GOVERNO;-6.4250277777778;-39.193944444444;2009;9;0.0;0.0;0.0;0.0;0.0;0.0;0.0;0.0;0.0;0.0;0.0;0.0;0.0;0.0;0.0;0.0;0.0;0.0;0.0;0.0;0.0;0.0;0.0;0.0;0.0;0.0;0.0;0.0;0.0;0.0;0.0;888.0
Iguatu;ACUDE DO GOVERNO;-6.4250277777778;-39.193944444444;2009;10;0.0;0.0;0.0;0.0;0.0;0.0;0.0;0.0;0.0;0.0;0.0;0.0;0.0;0.0;0.0;0.0;0.0;0.0;0.0;0.0;0.0;0.0;0.0;0.0;0.0;0.0;0.0;0.0;0.0;0.0;0.0;0.0
Iguatu;ACUDE DO GOVERNO;-6.4250277777778;-39.193944444444;2009;11;0.0;0.0;0.0;0.0;0.0;0.0;0.0;0.0;0.0;0.0;0.0;0.0;0.0;0.0;0.0;0.0;0.0;0.0;0.0;0.0;0.0;0.0;0.0;0.0;0.0;0.0;0.0;0.0;0.0;0.0;0.0;888.0
Iguatu;ACUDE DO GOVERNO;-6.4250277777778;-39.193944444444;2009;12;0.0;0.0;0.0;0.0;0.0;0.0;0.0;0.0;0.0;0.0;0.0;0.0;0.0;0.0;0.0;0.0;0.0;0.0;0.0;0.0;0.0;0.0;0.0;0.0;0.0;0.0;0.0;0.0;0.0;0.0;0.0;0.0
Iguatu;ACUDE DO GOVERNO;-6.4250277777778;-39.193944444444;2010;1;133.0;38.0;0.0;0.0;3.0;0.0;0.0;0.0;0.0;0.0;0.0;0.0;0.0;0.0;0.0;0.0;0.0;0.0;0.0;0.0;57.0;0.0;0.0;0.0;0.0;0.0;0.0;35.0;0.0;0.0;0.0;0.0
Iguatu;ACUDE DO GOVERNO;-6.4250277777778;-39.193944444444;2010;2;146.0;0.0;0.0;0.0;0.0;0.0;0.0;0.0;39.0;0.0;35.0;0.0;0.0;0.0;0.0;72.0;0.0;0.0;0.0;0.0;0.0;0.0;0.0;0.0;0.0;0.0;0.0;0.0;0.0;888.0;888.0;888.0
Iguatu;ACUDE DO GOVERNO;-6.4250277777778;-39.193944444444;2010;3;85.0;0.0;0.0;0.0;0.0;0.0;0.0;0.0;0.0;0.0;0.0;0.0;0.0;0.0;0.0;0.0;0.0;0.0;0.0;21.0;0.0;44.0;0.0;10.0;0.0;0.0;0.0;0.0;10.0;0.0;0.0;0.0
Iguatu;ACUDE DO GOVERNO;-6.4250277777778;-39.193944444444;2010;4;102.0;0.0;0.0;0.0;0.0;0.0;0.0;0.0;0.0;44.0;0.0;0.0;10.0;0.0;0.0;0.0;0.0;0.0;0.0;38.0;0.0;0.0;0.0;0.0;0.0;0.0;0.0;0.0;0.0;0.0;10.0;888.0
Iguatu;ACUDE DO GOVERNO;-6.4250277777778;-39.193944444444;2010;5;44.0;0.0;0.0;7.0;0.0;0.0;0.0;0.0;0.0;0.0;0.0;0.0;0.0;0.0;28.0;0.0;0.0;0.0;0.0;0.0;0.0;0.0;0.0;0.0;9.0;0.0;0.0;0.0;0.0;0.0;0.0;0.0
Iguatu;ACUDE DO GOVERNO;-6.4250277777778;-39.193944444444;2010;6;0.0;0.0;0.0;0.0;0.0;0.0;0.0;0.0;0.0;0.0;0.0;0.0;0.0;0.0;0.0;0.0;0.0;0.0;0.0;0.0;0.0;0.0;0.0;0.0;0.0;0.0;0.0;0.0;0.0;0.0;0.0;888.0
Iguatu;ACUDE DO GOVERNO;-6.4250277777778;-39.193944444444;2010;7;0.0;0.0;0.0;0.0;0.0;0.0;0.0;0.0;0.0;0.0;0.0;0.0;0.0;0.0;0.0;0.0;0.0;0.0;0.0;0.0;0.0;0.0;0.0;0.0;0.0;0.0;0.0;0.0;0.0;0.0;0.0;0.0
Iguatu;ACUDE DO GOVERNO;-6.4250277777778;-39.193944444444;2010;8;0.0;0.0;0.0;0.0;0.0;0.0;0.0;0.0;0.0;0.0;0.0;0.0;0.0;0.0;0.0;0.0;0.0;0.0;0.0;0.0;0.0;0.0;0.0;0.0;0.0;0.0;0.0;0.0;0.0;0.0;0.0;0.0
Iguatu;ACUDE DO GOVERNO;-6.4250277777778;-39.193944444444;2010;9;0.0;0.0;0.0;0.0;0.0;0.0;0.0;0.0;0.0;0.0;0.0;0.0;0.0;0.0;0.0;0.0;0.0;0.0;0.0;0.0;0.0;0.0;0.0;0.0;0.0;0.0;0.0;0.0;0.0;0.0;0.0;888.0
Iguatu;ACUDE DO GOVERNO;-6.4250277777778;-39.193944444444;2010;10;0.0;0.0;0.0;0.0;0.0;0.0;0.0;0.0;0.0;0.0;0.0;0.0;0.0;0.0;0.0;0.0;0.0;0.0;0.0;0.0;0.0;0.0;0.0;0.0;0.0;0.0;0.0;0.0;0.0;0.0;0.0;0.0
Iguatu;ACUDE DO GOVERNO;-6.4250277777778;-39.193944444444;2010;11;0.0;0.0;0.0;0.0;0.0;0.0;0.0;0.0;0.0;0.0;0.0;0.0;0.0;0.0;0.0;0.0;0.0;0.0;0.0;0.0;0.0;0.0;0.0;0.0;0.0;0.0;0.0;0.0;0.0;0.0;0.0;888.0
Iguatu;ACUDE DO GOVERNO;-6.4250277777778;-39.193944444444;2010;12;0.0;0.0;0.0;0.0;0.0;0.0;0.0;0.0;0.0;0.0;0.0;0.0;0.0;0.0;0.0;0.0;0.0;0.0;0.0;0.0;0.0;0.0;0.0;0.0;0.0;0.0;0.0;0.0;0.0;0.0;0.0;0.0
Iguatu;ACUDE DO GOVERNO;-6.4250277777778;-39.193944444444;2011;1;196.0;0.0;0.0;0.0;0.0;0.0;0.0;0.0;0.0;0.0;0.0;0.0;0.0;0.0;0.0;0.0;0.0;0.0;0.0;0.0;57.0;0.0;0.0;18.0;34.0;18.0;0.0;0.0;31.0;0.0;38.0;0.0
Iguatu;ACUDE DO GOVERNO;-6.4250277777778;-39.193944444444;2011;2;183.0;44.0;0.0;0.0;0.0;0.0;0.0;0.0;0.0;30.0;0.0;0.0;0.0;0.0;0.0;0.0;0.0;25.0;7.0;0.0;7.0;0.0;0.0;0.0;0.0;0.0;0.0;50.0;20.0;888.0;888.0;888.0
Iguatu;ACUDE DO GOVERNO;-6.4250277777778;-39.193944444444;2011;3;52.0;0.0;0.0;0.0;0.0;0.0;0.0;0.0;0.0;0.0;0.0;35.0;0.0;0.0;0.0;0.0;0.0;0.0;0.0;0.0;0.0;0.0;17.0;0.0;0.0;0.0;0.0;0.0;0.0;0.0;0.0;0.0
Iguatu;ACUDE DO GOVERNO;-6.4250277777778;-39.193944444444;2011;4;399.0;0.0;0.0;0.0;0.0;0.0;16.0;0.0;11.0;0.0;0.0;14.0;0.0;17.0;0.0;10.0;27.0;13.0;3.0;25.0;17.0;0.0;0.0;78.0;0.0;75.0;0.0;18.0;0.0;0.0;75.0;888.0
Iguatu;ACUDE DO GOVERNO;-6.4250277777778;-39.193944444444;2011;5;142.0;0.0;25.0;0.0;0.0;56.0;14.0;0.0;0.0;0.0;0.0;0.0;0.0;0.0;0.0;0.0;0.0;0.0;17.0;30.0;0.0;0.0;0.0;0.0;0.0;0.0;0.0;0.0;0.0;0.0;0.0;0.0
Iguatu;ACUDE DO GOVERNO;-6.4250277777778;-39.193944444444;2011;6;0.0;0.0;0.0;0.0;0.0;0.0;0.0;0.0;0.0;0.0;0.0;0.0;0.0;0.0;0.0;0.0;0.0;0.0;0.0;0.0;0.0;0.0;0.0;0.0;0.0;0.0;0.0;0.0;0.0;0.0;0.0;888.0
Iguatu;ACUDE DO GOVERNO;-6.4250277777778;-39.193944444444;2011;7;0.0;0.0;0.0;0.0;0.0;0.0;0.0;0.0;0.0;0.0;0.0;0.0;0.0;0.0;0.0;0.0;0.0;0.0;0.0;0.0;0.0;0.0;0.0;0.0;0.0;0.0;0.0;0.0;0.0;0.0;0.0;0.0
Iguatu;ACUDE DO GOVERNO;-6.4250277777778;-39.193944444444;2011;8;0.0;0.0;0.0;0.0;0.0;0.0;0.0;0.0;0.0;0.0;0.0;0.0;0.0;0.0;0.0;0.0;0.0;0.0;0.0;0.0;0.0;0.0;0.0;0.0;0.0;0.0;0.0;0.0;0.0;0.0;0.0;0.0
Iguatu;ACUDE DO GOVERNO;-6.4250277777778;-39.193944444444;2011;9;0.0;0.0;0.0;0.0;0.0;0.0;0.0;0.0;0.0;0.0;0.0;0.0;0.0;0.0;0.0;0.0;0.0;0.0;0.0;0.0;0.0;0.0;0.0;0.0;0.0;0.0;0.0;0.0;0.0;0.0;0.0;888.0
Iguatu;ACUDE DO GOVERNO;-6.4250277777778;-39.193944444444;2011;10;0.0;0.0;0.0;0.0;0.0;0.0;0.0;0.0;0.0;0.0;0.0;0.0;0.0;0.0;0.0;0.0;0.0;0.0;0.0;0.0;0.0;0.0;0.0;0.0;0.0;0.0;0.0;0.0;0.0;0.0;0.0;0.0
Iguatu;ACUDE DO GOVERNO;-6.4250277777778;-39.193944444444;2011;11;0.0;0.0;0.0;0.0;0.0;0.0;0.0;0.0;0.0;0.0;0.0;0.0;0.0;0.0;0.0;0.0;0.0;0.0;0.0;0.0;0.0;0.0;0.0;0.0;0.0;0.0;0.0;0.0;0.0;0.0;0.0;888.0
Iguatu;ACUDE DO GOVERNO;-6.4250277777778;-39.193944444444;2011;12;0.0;0.0;0.0;0.0;0.0;0.0;0.0;0.0;0.0;0.0;0.0;0.0;0.0;0.0;0.0;0.0;0.0;0.0;0.0;0.0;0.0;0.0;0.0;0.0;0.0;0.0;0.0;0.0;0.0;0.0;0.0;0.0
Iguatu;ACUDE DO GOVERNO;-6.4250277777778;-39.193944444444;2012;1;151.0;0.0;0.0;0.0;0.0;0.0;0.0;0.0;0.0;0.0;0.0;0.0;0.0;0.0;0.0;0.0;0.0;0.0;37.0;0.0;0.0;31.5;16.0;49.0;9.0;8.5;0.0;0.0;0.0;0.0;0.0;0.0
Iguatu;ACUDE DO GOVERNO;-6.4250277777778;-39.193944444444;2012;2;171.0;0.0;0.0;0.0;0.0;0.0;0.0;0.0;0.0;0.0;0.0;0.0;0.0;0.0;0.0;0.0;0.0;9.0;12.0;54.0;0.0;61.0;0.0;0.0;11.0;0.0;0.0;24.0;0.0;0.0;888.0;888.0
Iguatu;ACUDE DO GOVERNO;-6.4250277777778;-39.193944444444;2012;3;184.0;0.0;0.0;0.0;23.0;0.0;6.0;0.0;0.0;0.0;0.0;0.0;0.0;0.0;0.0;0.0;19.0;0.0;0.0;0.0;0.0;0.0;0.0;0.0;0.0;0.0;20.0;93.0;9.0;14.0;0.0;0.0
Iguatu;ACUDE DO GOVERNO;-6.4250277777778;-39.193944444444;2012;4;114.0;0.0;19.0;0.0;17.0;0.0;0.0;0.0;0.0;0.0;0.0;0.0;0.0;0.0;0.0;0.0;0.0;0.0;0.0;0.0;78.0;0.0;0.0;0.0;0.0;0.0;0.0;0.0;0.0;0.0;0.0;888.0
Iguatu;ACUDE DO GOVERNO;-6.4250277777778;-39.193944444444;2012;5;0.0;0.0;0.0;0.0;0.0;0.0;0.0;0.0;0.0;0.0;0.0;0.0;0.0;0.0;0.0;0.0;0.0;0.0;0.0;0.0;0.0;0.0;0.0;0.0;0.0;0.0;0.0;0.0;0.0;0.0;0.0;0.0
Iguatu;ACUDE DO GOVERNO;-6.4250277777778;-39.193944444444;2012;6;0.0;0.0;0.0;0.0;0.0;0.0;0.0;0.0;0.0;0.0;0.0;0.0;0.0;0.0;0.0;0.0;0.0;0.0;0.0;0.0;0.0;0.0;0.0;0.0;0.0;0.0;0.0;0.0;0.0;0.0;0.0;888.0
Iguatu;ACUDE DO GOVERNO;-6.4250277777778;-39.193944444444;2012;7;0.0;0.0;0.0;0.0;0.0;0.0;0.0;0.0;0.0;0.0;0.0;0.0;0.0;0.0;0.0;0.0;0.0;0.0;0.0;0.0;0.0;0.0;0.0;0.0;0.0;0.0;0.0;0.0;0.0;0.0;0.0;0.0
Iguatu;ACUDE DO GOVERNO;-6.4250277777778;-39.193944444444;2012;8;0.0;0.0;0.0;0.0;0.0;0.0;0.0;0.0;0.0;0.0;0.0;0.0;0.0;0.0;0.0;0.0;0.0;0.0;0.0;0.0;0.0;0.0;0.0;0.0;0.0;0.0;0.0;0.0;0.0;0.0;0.0;0.0
Iguatu;ACUDE DO GOVERNO;-6.4250277777778;-39.193944444444;2012;9;0.0;0.0;0.0;0.0;0.0;0.0;0.0;0.0;0.0;0.0;0.0;0.0;0.0;0.0;0.0;0.0;0.0;0.0;0.0;0.0;0.0;0.0;0.0;0.0;0.0;0.0;0.0;0.0;0.0;0.0;0.0;888.0
Iguatu;ACUDE DO GOVERNO;-6.4250277777778;-39.193944444444;2012;10;0.0;0.0;0.0;0.0;0.0;0.0;0.0;0.0;0.0;0.0;0.0;0.0;0.0;0.0;0.0;0.0;0.0;0.0;0.0;0.0;0.0;0.0;0.0;0.0;0.0;0.0;0.0;0.0;0.0;0.0;0.0;0.0
Iguatu;ACUDE DO GOVERNO;-6.4250277777778;-39.193944444444;2012;11;0.0;0.0;0.0;0.0;0.0;0.0;0.0;0.0;0.0;0.0;0.0;0.0;0.0;0.0;0.0;0.0;0.0;0.0;0.0;0.0;0.0;0.0;0.0;0.0;0.0;0.0;0.0;0.0;0.0;0.0;0.0;888.0
Iguatu;ACUDE DO GOVERNO;-6.4250277777778;-39.193944444444;2012;12;0.0;0.0;0.0;0.0;0.0;0.0;0.0;0.0;0.0;0.0;0.0;0.0;0.0;0.0;0.0;0.0;0.0;0.0;0.0;0.0;0.0;0.0;0.0;0.0;0.0;0.0;0.0;0.0;0.0;0.0;0.0;0.0
Iguatu;ACUDE DO GOVERNO;-6.4250277777778;-39.193944444444;2013;1;106.0;0.0;0.0;39.0;0.0;0.0;0.0;27.0;0.0;0.0;0.0;0.0;0.0;0.0;0.0;0.0;0.0;0.0;0.0;0.0;0.0;0.0;40.0;0.0;0.0;0.0;0.0;0.0;0.0;0.0;0.0;0.0
Iguatu;ACUDE DO GOVERNO;-6.4250277777778;-39.193944444444;2013;2;59.0;0.0;0.0;0.0;0.0;0.0;0.0;0.0;0.0;0.0;0.0;0.0;0.0;0.0;0.0;20.0;31.0;0.0;0.0;8.0;0.0;0.0;0.0;0.0;0.0;0.0;0.0;0.0;0.0;888.0;888.0;888.0
Iguatu;ACUDE DO GOVERNO;-6.4250277777778;-39.193944444444;2013;3;56.0;0.0;0.0;0.0;0.0;0.0;0.0;0.0;0.0;0.0;0.0;0.0;0.0;0.0;0.0;12.0;0.0;0.0;0.0;32.0;0.0;0.0;0.0;0.0;12.0;0.0;0.0;0.0;0.0;0.0;0.0;0.0
Iguatu;ACUDE DO GOVERNO;-6.4250277777778;-39.193944444444;2013;4;90.0;0.0;17.0;0.0;0.0;0.0;0.0;0.0;0.0;0.0;15.0;0.0;0.0;0.0;0.0;0.0;0.0;4.0;0.0;0.0;36.0;0.0;0.0;14.0;0.0;0.0;4.0;0.0;0.0;0.0;0.0;888.0
Iguatu;ACUDE DO GOVERNO;-6.4250277777778;-39.193944444444;2013;5;156.0;0.0;0.0;0.0;0.0;0.0;0.0;0.0;0.0;117.0;39.0;0.0;0.0;0.0;0.0;0.0;0.0;0.0;0.0;0.0;0.0;0.0;0.0;0.0;0.0;0.0;0.0;0.0;0.0;0.0;0.0;0.0
Iguatu;ACUDE DO GOVERNO;-6.4250277777778;-39.193944444444;2013;6;0.0;0.0;0.0;0.0;0.0;0.0;0.0;0.0;0.0;0.0;0.0;0.0;0.0;0.0;0.0;0.0;0.0;0.0;0.0;0.0;0.0;0.0;0.0;0.0;0.0;0.0;0.0;0.0;0.0;0.0;0.0;888.0
Iguatu;ACUDE DO GOVERNO;-6.4250277777778;-39.193944444444;2013;7;0.0;0.0;0.0;0.0;0.0;0.0;0.0;0.0;0.0;0.0;0.0;0.0;0.0;0.0;0.0;0.0;0.0;0.0;0.0;0.0;0.0;0.0;0.0;0.0;0.0;0.0;0.0;0.0;0.0;0.0;0.0;0.0
Iguatu;ACUDE DO GOVERNO;-6.4250277777778;-39.193944444444;2013;8;0.0;0.0;0.0;0.0;0.0;0.0;0.0;0.0;0.0;0.0;0.0;0.0;0.0;0.0;0.0;0.0;0.0;0.0;0.0;0.0;0.0;0.0;0.0;0.0;0.0;0.0;0.0;0.0;0.0;0.0;0.0;0.0
Iguatu;ACUDE DO GOVERNO;-6.4250277777778;-39.193944444444;2013;9;0.0;0.0;0.0;0.0;0.0;0.0;0.0;0.0;0.0;0.0;0.0;0.0;0.0;0.0;0.0;0.0;0.0;0.0;0.0;0.0;0.0;0.0;0.0;0.0;0.0;0.0;0.0;0.0;0.0;0.0;0.0;888.0
Iguatu;ACUDE DO GOVERNO;-6.4250277777778;-39.193944444444;2013;10;0.0;0.0;0.0;0.0;0.0;0.0;0.0;0.0;0.0;0.0;0.0;0.0;0.0;0.0;0.0;0.0;0.0;0.0;0.0;0.0;0.0;0.0;0.0;0.0;0.0;0.0;0.0;0.0;0.0;0.0;0.0;0.0
Iguatu;ACUDE DO GOVERNO;-6.4250277777778;-39.193944444444;2014;1;23.0;0.0;0.0;0.0;0.0;0.0;0.0;0.0;0.0;0.0;0.0;0.0;0.0;0.0;0.0;0.0;0.0;0.0;0.0;23.0;0.0;0.0;0.0;0.0;0.0;0.0;0.0;0.0;0.0;0.0;0.0;0.0
Iguatu;ACUDE DO GOVERNO;-6.4250277777778;-39.193944444444;2014;2;60.0;0.0;0.0;0.0;0.0;0.0;0.0;0.0;0.0;0.0;0.0;0.0;60.0;0.0;0.0;0.0;0.0;0.0;0.0;0.0;0.0;0.0;0.0;0.0;0.0;0.0;0.0;0.0;0.0;888.0;888.0;888.0
Iguatu;ACUDE DO GOVERNO;-6.4250277777778;-39.193944444444;2014;3;241.0;0.0;25.0;0.0;14.0;18.0;34.0;39.0;0.0;0.0;16.0;0.0;31.0;0.0;0.0;0.0;18.0;0.0;0.0;0.0;0.0;8.0;0.0;0.0;0.0;0.0;0.0;0.0;0.0;0.0;0.0;38.0
Iguatu;ACUDE DO GOVERNO;-6.4250277777778;-39.193944444444;2014;4;227.0;0.0;0.0;100.0;0.0;0.0;0.0;0.0;14.0;0.0;88.0;0.0;0.0;0.0;0.0;5.0;0.0;10.0;0.0;0.0;0.0;0.0;0.0;10.0;0.0;0.0;0.0;0.0;0.0;0.0;0.0;888.0
Iguatu;ACUDE DO GOVERNO;-6.4250277777778;-39.193944444444;2014;5;100.0;0.0;0.0;0.0;33.0;0.0;0.0;0.0;0.0;0.0;0.0;0.0;0.0;0.0;0.0;0.0;0.0;26.0;0.0;0.0;0.0;0.0;0.0;0.0;0.0;0.0;0.0;0.0;0.0;41.0;0.0;0.0
Iguatu;ACUDE DO GOVERNO;-6.4250277777778;-39.193944444444;2014;6;0.0;0.0;0.0;0.0;0.0;0.0;0.0;0.0;0.0;0.0;0.0;0.0;0.0;0.0;999.0;999.0;999.0;999.0;999.0;999.0;999.0;999.0;999.0;999.0;999.0;999.0;999.0;999.0;999.0;999.0;999.0;888.0
Iguatu;ACUDE DO GOVERNO;-6.4250277777778;-39.193944444444;2015;1;32.0;0.0;0.0;25.0;0.0;0.0;0.0;7.0;0.0;0.0;0.0;0.0;0.0;0.0;0.0;0.0;0.0;0.0;0.0;0.0;0.0;0.0;0.0;0.0;0.0;0.0;0.0;0.0;0.0;0.0;0.0;0.0
Iguatu;ACUDE DO GOVERNO;-6.4250277777778;-39.193944444444;2015;2;86.5;0.0;0.0;0.0;0.0;20.0;0.0;0.0;0.0;0.0;0.0;0.0;0.0;0.0;0.0;0.0;0.0;0.0;0.0;25.0;19.0;0.0;0.0;0.0;0.0;22.5;0.0;0.0;0.0;888.0;888.0;888.0
Iguatu;ACUDE DO GOVERNO;-6.4250277777778;-39.193944444444;2015;3;202.0;0.0;35.0;7.0;0.0;0.0;79.0;12.0;10.0;9.0;0.0;0.0;0.0;0.0;0.0;0.0;0.0;0.0;0.0;0.0;0.0;0.0;0.0;10.0;5.0;0.0;35.0;0.0;0.0;0.0;0.0;0.0
Iguatu;ACUDE DO GOVERNO;-6.4250277777778;-39.193944444444;2015;4;0.0;0.0;0.0;0.0;0.0;0.0;0.0;0.0;0.0;0.0;0.0;0.0;0.0;0.0;0.0;0.0;0.0;0.0;0.0;0.0;0.0;0.0;0.0;0.0;0.0;0.0;0.0;0.0;0.0;0.0;0.0;888.0
Iguatu;ACUDE DO GOVERNO;-6.4250277777778;-39.193944444444;2015;5;0.0;0.0;0.0;0.0;0.0;0.0;0.0;0.0;0.0;0.0;0.0;0.0;0.0;0.0;0.0;0.0;0.0;0.0;0.0;0.0;0.0;0.0;0.0;0.0;0.0;0.0;0.0;0.0;0.0;0.0;0.0;0.0
Iguatu;ACUDE DO GOVERNO;-6.4250277777778;-39.193944444444;2015;6;0.0;0.0;0.0;0.0;0.0;0.0;0.0;0.0;0.0;0.0;0.0;0.0;0.0;0.0;0.0;0.0;0.0;0.0;0.0;0.0;0.0;0.0;0.0;0.0;0.0;0.0;0.0;0.0;0.0;0.0;0.0;888.0
Iguatu;ACUDE DO GOVERNO;-6.4250277777778;-39.193944444444;2015;7;0.0;0.0;0.0;0.0;0.0;0.0;0.0;0.0;0.0;0.0;0.0;0.0;0.0;0.0;0.0;0.0;0.0;0.0;0.0;0.0;0.0;0.0;0.0;999.0;999.0;999.0;999.0;999.0;999.0;999.0;999.0;999.0
Iguatu;ACUDE DO GOVERNO;-6.4250277777778;-39.193944444444;2016;12;36.0;0.0;0.0;0.0;0.0;0.0;0.0;0.0;0.0;0.0;0.0;0.0;0.0;0.0;0.0;0.0;21.0;0.0;15.0;0.0;0.0;0.0;0.0;0.0;0.0;0.0;0.0;0.0;0.0;0.0;0.0;0.0
Iguatu;ACUDE DO GOVERNO;-6.4250277777778;-39.193944444444;2017;1;47.0;0.0;0.0;0.0;0.0;0.0;0.0;0.0;0.0;0.0;0.0;0.0;0.0;0.0;0.0;0.0;0.0;0.0;0.0;0.0;0.0;0.0;0.0;25.0;0.0;15.0;0.0;0.0;7.0;0.0;0.0;0.0
Iguatu;ACUDE DO GOVERNO;-6.4250277777778;-39.193944444444;2017;2;151.0;0.0;0.0;0.0;0.0;0.0;0.0;0.0;0.0;10.0;0.0;55.0;0.0;0.0;0.0;0.0;0.0;0.0;22.0;10.0;16.0;0.0;14.0;0.0;0.0;24.0;0.0;0.0;0.0;888.0;888.0;888.0
Iguatu;ACUDE DO GOVERNO;-6.4250277777778;-39.193944444444;2017;3;113.0;0.0;0.0;0.0;0.0;32.0;0.0;0.0;0.0;0.0;17.0;11.0;0.0;27.0;13.0;13.0;0.0;0.0;0.0;0.0;0.0;0.0;0.0;0.0;0.0;0.0;0.0;0.0;0.0;0.0;0.0;0.0
Iguatu;ACUDE DO GOVERNO;-6.4250277777778;-39.193944444444;2017;4;0.0;0.0;0.0;0.0;0.0;0.0;0.0;0.0;0.0;0.0;0.0;0.0;0.0;0.0;0.0;0.0;0.0;0.0;0.0;0.0;0.0;0.0;0.0;0.0;0.0;0.0;0.0;0.0;0.0;0.0;0.0;888.0
Iguatu;ACUDE DO GOVERNO;-6.4250277777778;-39.193944444444;2017;5;0.0;0.0;0.0;0.0;0.0;0.0;0.0;0.0;0.0;0.0;0.0;0.0;0.0;0.0;0.0;0.0;0.0;0.0;0.0;0.0;0.0;0.0;0.0;0.0;0.0;0.0;0.0;0.0;0.0;0.0;0.0;0.0
Iguatu;ACUDE DO GOVERNO;-6.4250277777778;-39.193944444444;2017;6;0.0;0.0;0.0;0.0;0.0;0.0;0.0;0.0;0.0;0.0;0.0;0.0;0.0;0.0;0.0;0.0;0.0;0.0;0.0;0.0;0.0;0.0;0.0;0.0;0.0;0.0;0.0;0.0;0.0;0.0;0.0;888.0
Iguatu;ACUDE DO GOVERNO;-6.4250277777778;-39.193944444444;2017;7;0.0;0.0;0.0;0.0;0.0;0.0;0.0;0.0;0.0;0.0;0.0;0.0;0.0;0.0;0.0;0.0;0.0;0.0;0.0;0.0;0.0;0.0;0.0;0.0;0.0;0.0;0.0;0.0;0.0;0.0;0.0;0.0
Iguatu;ACUDE DO GOVERNO;-6.4250277777778;-39.193944444444;2017;8;0.0;0.0;0.0;0.0;0.0;0.0;0.0;0.0;0.0;0.0;0.0;0.0;0.0;0.0;0.0;0.0;0.0;0.0;0.0;0.0;0.0;0.0;0.0;0.0;0.0;0.0;0.0;0.0;0.0;0.0;0.0;0.0
Iguatu;ACUDE DO GOVERNO;-6.4250277777778;-39.193944444444;2017;9;0.0;0.0;0.0;0.0;0.0;0.0;0.0;0.0;0.0;0.0;0.0;0.0;0.0;0.0;0.0;0.0;0.0;0.0;0.0;0.0;0.0;0.0;0.0;0.0;0.0;0.0;0.0;0.0;0.0;0.0;0.0;888.0
Iguatu;ACUDE DO GOVERNO;-6.4250277777778;-39.193944444444;2017;10;0.0;0.0;0.0;0.0;0.0;0.0;0.0;0.0;0.0;0.0;0.0;0.0;0.0;0.0;0.0;0.0;0.0;0.0;0.0;0.0;0.0;0.0;0.0;0.0;0.0;0.0;0.0;0.0;0.0;0.0;0.0;0.0
Iguatu;ACUDE DO GOVERNO;-6.4250277777778;-39.193944444444;2017;11;0.0;0.0;0.0;0.0;0.0;0.0;0.0;0.0;0.0;0.0;0.0;0.0;0.0;0.0;0.0;0.0;0.0;0.0;0.0;0.0;0.0;0.0;0.0;0.0;0.0;0.0;0.0;0.0;0.0;0.0;0.0;888.0
Iguatu;ACUDE DO GOVERNO;-6.4250277777778;-39.193944444444;2017;12;0.0;0.0;0.0;0.0;0.0;0.0;0.0;0.0;0.0;0.0;0.0;0.0;0.0;0.0;0.0;0.0;0.0;0.0;0.0;0.0;0.0;0.0;0.0;0.0;0.0;0.0;0.0;0.0;0.0;0.0;0.0;0.0
Iguatu;ACUDE DO GOVERNO;-6.4250277777778;-39.193944444444;2018;1;76.0;0.0;0.0;0.0;0.0;0.0;0.0;23.0;6.0;0.0;0.0;0.0;0.0;0.0;0.0;0.0;0.0;0.0;0.0;10.0;0.0;0.0;0.0;0.0;32.0;0.0;0.0;5.0;0.0;0.0;0.0;0.0
Iguatu;ACUDE DO GOVERNO;-6.4250277777778;-39.193944444444;2018;2;167.0;0.0;0.0;0.0;0.0;0.0;0.0;0.0;0.0;0.0;0.0;11.0;0.0;0.0;55.0;0.0;20.0;62.0;6.0;0.0;0.0;0.0;0.0;0.0;5.0;8.0;0.0;0.0;0.0;888.0;888.0;888.0
Iguatu;ACUDE DO GOVERNO;-6.4250277777778;-39.193944444444;2018;3;140.0;0.0;16.0;10.0;0.0;12.0;0.0;0.0;0.0;0.0;0.0;0.0;0.0;0.0;0.0;0.0;0.0;0.0;0.0;0.0;0.0;0.0;0.0;0.0;0.0;31.0;0.0;0.0;0.0;22.0;42.0;7.0
Iguatu;ACUDE DO GOVERNO;-6.4250277777778;-39.193944444444;2018;4;22.0;0.0;8.0;4.0;0.0;0.0;0.0;0.0;0.0;0.0;0.0;0.0;0.0;0.0;0.0;0.0;0.0;0.0;0.0;0.0;0.0;0.0;0.0;0.0;0.0;0.0;0.0;10.0;0.0;0.0;0.0;888.0
Iguatu;ACUDE DO GOVERNO;-6.4250277777778;-39.193944444444;2018;5;15.0;10.0;0.0;5.0;0.0;0.0;0.0;0.0;0.0;0.0;0.0;0.0;0.0;0.0;0.0;0.0;0.0;0.0;0.0;0.0;0.0;0.0;0.0;0.0;0.0;0.0;0.0;0.0;0.0;0.0;0.0;0.0
Iguatu;ACUDE DO GOVERNO;-6.4250277777778;-39.193944444444;2018;6;0.0;0.0;0.0;0.0;0.0;0.0;0.0;0.0;0.0;0.0;0.0;0.0;0.0;0.0;0.0;0.0;0.0;0.0;0.0;0.0;0.0;0.0;0.0;0.0;0.0;0.0;0.0;0.0;0.0;0.0;0.0;888.0
Iguatu;ACUDE DO GOVERNO;-6.4250277777778;-39.193944444444;2018;7;0.0;0.0;0.0;0.0;0.0;0.0;0.0;0.0;0.0;0.0;0.0;0.0;0.0;0.0;0.0;0.0;0.0;0.0;0.0;0.0;0.0;0.0;0.0;0.0;0.0;0.0;0.0;0.0;0.0;0.0;0.0;0.0
Iguatu;ACUDE DO GOVERNO;-6.4250277777778;-39.193944444444;2018;8;0.0;0.0;0.0;0.0;0.0;0.0;0.0;0.0;0.0;0.0;0.0;0.0;0.0;0.0;0.0;0.0;0.0;0.0;0.0;0.0;0.0;0.0;0.0;0.0;0.0;0.0;0.0;0.0;0.0;0.0;0.0;0.0
Iguatu;ACUDE DO GOVERNO;-6.4250277777778;-39.193944444444;2018;9;0.0;0.0;0.0;0.0;0.0;0.0;0.0;0.0;0.0;0.0;0.0;0.0;0.0;0.0;0.0;0.0;0.0;0.0;0.0;0.0;0.0;0.0;0.0;0.0;0.0;0.0;0.0;0.0;0.0;0.0;0.0;888.0
Iguatu;ACUDE DO GOVERNO;-6.4250277777778;-39.193944444444;2018;10;0.0;0.0;0.0;0.0;0.0;0.0;0.0;0.0;0.0;0.0;0.0;0.0;0.0;0.0;0.0;0.0;0.0;0.0;0.0;0.0;0.0;0.0;0.0;0.0;0.0;0.0;0.0;0.0;0.0;0.0;0.0;0.0
Iguatu;ACUDE DO GOVERNO;-6.4250277777778;-39.193944444444;2018;11;45.0;0.0;0.0;0.0;0.0;0.0;0.0;0.0;0.0;0.0;0.0;0.0;0.0;0.0;0.0;0.0;0.0;0.0;0.0;0.0;0.0;0.0;0.0;35.0;0.0;10.0;0.0;0.0;0.0;0.0;0.0;888.0
Iguatu;ACUDE DO GOVERNO;-6.4250277777778;-39.193944444444;2018;12;92.0;0.0;0.0;0.0;0.0;0.0;26.0;3.0;29.0;0.0;27.0;0.0;0.0;0.0;7.0;0.0;0.0;0.0;0.0;0.0;0.0;0.0;0.0;0.0;0.0;0.0;0.0;0.0;0.0;0.0;0.0;0.0
Iguatu;ACUDE DO GOVERNO;-6.4250277777778;-39.193944444444;2019;1;109.0;0.0;0.0;0.0;0.0;0.0;15.0;0.0;0.0;8.0;5.0;0.0;0.0;0.0;0.0;0.0;0.0;0.0;13.0;28.0;2.0;0.0;0.0;0.0;0.0;0.0;10.0;0.0;0.0;0.0;28.0;0.0
Iguatu;ACUDE DO GOVERNO;-6.4250277777778;-39.193944444444;2019;2;111.0;0.0;0.0;0.0;16.0;0.0;19.0;0.0;0.0;0.0;0.0;0.0;0.0;0.0;8.0;11.0;13.0;32.0;0.0;0.0;0.0;0.0;0.0;0.0;0.0;12.0;0.0;0.0;0.0;888.0;888.0;888.0
Iguatu;ACUDE DO GOVERNO;-6.4250277777778;-39.193944444444;2019;3;183.0;0.0;0.0;21.0;0.0;15.0;0.0;0.0;0.0;0.0;0.0;0.0;20.0;0.0;0.0;0.0;0.0;0.0;0.0;0.0;0.0;0.0;12.0;0.0;11.0;67.0;0.0;14.0;15.0;0.0;0.0;8.0
Iguatu;ACUDE DO GOVERNO;-6.4250277777778;-39.193944444444;2019;4;212.0;0.0;26.0;50.0;5.0;33.0;44.0;0.0;0.0;0.0;6.0;0.0;0.0;0.0;0.0;0.0;0.0;0.0;0.0;0.0;0.0;0.0;0.0;0.0;0.0;0.0;0.0;0.0;0.0;0.0;48.0;888.0
Iguatu;ACUDE DO GOVERNO;-6.4250277777778;-39.193944444444;2019;5;17.0;0.0;17.0;0.0;0.0;0.0;0.0;0.0;0.0;0.0;0.0;0.0;0.0;0.0;0.0;0.0;0.0;0.0;0.0;0.0;0.0;0.0;0.0;0.0;0.0;0.0;0.0;0.0;0.0;0.0;0.0;0.0
Iguatu;ACUDE DO GOVERNO;-6.4250277777778;-39.193944444444;2019;6;0.0;0.0;0.0;0.0;0.0;0.0;0.0;0.0;0.0;0.0;0.0;0.0;0.0;0.0;0.0;0.0;0.0;0.0;0.0;0.0;0.0;0.0;0.0;0.0;0.0;0.0;0.0;0.0;0.0;0.0;0.0;888.0
Iguatu;ACUDE DO GOVERNO;-6.4250277777778;-39.193944444444;2019;7;0.0;0.0;0.0;0.0;0.0;0.0;0.0;0.0;0.0;0.0;0.0;0.0;0.0;0.0;0.0;0.0;0.0;0.0;0.0;0.0;0.0;0.0;0.0;0.0;0.0;0.0;0.0;0.0;0.0;0.0;0.0;0.0
Iguatu;ACUDE DO GOVERNO;-6.4250277777778;-39.193944444444;2019;8;0.0;0.0;0.0;0.0;0.0;0.0;0.0;0.0;0.0;0.0;0.0;0.0;0.0;0.0;0.0;0.0;0.0;0.0;0.0;0.0;0.0;0.0;0.0;0.0;0.0;0.0;0.0;0.0;0.0;0.0;0.0;0.0
Iguatu;ACUDE DO GOVERNO;-6.4250277777778;-39.193944444444;2019;9;0.0;0.0;0.0;0.0;0.0;0.0;0.0;0.0;0.0;0.0;0.0;0.0;0.0;0.0;0.0;0.0;0.0;0.0;0.0;0.0;0.0;0.0;0.0;0.0;0.0;0.0;0.0;0.0;0.0;0.0;0.0;888.0
Iguatu;ACUDE DO GOVERNO;-6.4250277777778;-39.193944444444;2019;10;0.0;0.0;0.0;0.0;0.0;0.0;0.0;0.0;0.0;0.0;0.0;0.0;0.0;0.0;0.0;0.0;0.0;0.0;0.0;0.0;0.0;0.0;0.0;0.0;0.0;0.0;0.0;0.0;0.0;0.0;0.0;0.0
Iguatu;ACUDE DO GOVERNO;-6.4250277777778;-39.193944444444;2019;11;0.0;0.0;0.0;0.0;0.0;0.0;0.0;0.0;0.0;0.0;0.0;0.0;0.0;0.0;0.0;0.0;0.0;0.0;0.0;0.0;0.0;0.0;0.0;0.0;0.0;0.0;0.0;0.0;0.0;0.0;0.0;888.0
Iguatu;ACUDE DO GOVERNO;-6.4250277777778;-39.193944444444;2019;12;0.0;0.0;0.0;0.0;0.0;0.0;0.0;0.0;0.0;0.0;0.0;0.0;0.0;0.0;0.0;0.0;0.0;0.0;0.0;0.0;0.0;0.0;0.0;0.0;0.0;0.0;0.0;0.0;0.0;0.0;0.0;0.0
Iguatu;ACUDE DO GOVERNO;-6.4250277777778;-39.193944444444;2020;1;25.0;0.0;0.0;0.0;0.0;0.0;0.0;0.0;0.0;0.0;0.0;0.0;0.0;0.0;0.0;0.0;0.0;0.0;0.0;0.0;0.0;10.0;0.0;0.0;0.0;0.0;0.0;15.0;0.0;0.0;0.0;0.0
Iguatu;ACUDE DO GOVERNO;-6.4250277777778;-39.193944444444;2020;2;196.0;10.0;0.0;10.0;0.0;25.0;0.0;0.0;0.0;0.0;0.0;0.0;0.0;0.0;0.0;38.0;7.0;13.0;12.0;0.0;81.0;0.0;0.0;0.0;0.0;0.0;0.0;0.0;0.0;0.0;888.0;888.0
Iguatu;ACUDE DO GOVERNO;-6.4250277777778;-39.193944444444;2020;3;332.0;0.0;0.0;0.0;0.0;0.0;0.0;130.0;0.0;0.0;0.0;19.0;0.0;96.0;0.0;8.0;36.0;0.0;0.0;0.0;0.0;0.0;0.0;0.0;0.0;0.0;0.0;35.0;8.0;0.0;0.0;0.0
Iguatu;ACUDE DO GOVERNO;-6.4250277777778;-39.193944444444;2020;4;72.0;0.0;0.0;0.0;0.0;0.0;0.0;0.0;0.0;0.0;0.0;0.0;0.0;0.0;0.0;0.0;0.0;0.0;0.0;0.0;18.0;0.0;0.0;23.0;31.0;0.0;0.0;0.0;0.0;0.0;0.0;888.0
Iguatu;ACUDE DO GOVERNO;-6.4250277777778;-39.193944444444;2020;5;49.0;0.0;0.0;0.0;0.0;0.0;0.0;0.0;0.0;0.0;0.0;0.0;10.0;0.0;0.0;0.0;0.0;0.0;0.0;0.0;0.0;8.0;9.0;0.0;0.0;12.0;10.0;0.0;0.0;0.0;0.0;0.0
Iguatu;ACUDE DO GOVERNO;-6.4250277777778;-39.193944444444;2020;6;0.0;0.0;0.0;0.0;0.0;0.0;0.0;0.0;0.0;0.0;0.0;0.0;0.0;0.0;0.0;0.0;0.0;0.0;0.0;0.0;0.0;0.0;0.0;0.0;0.0;0.0;0.0;0.0;0.0;0.0;0.0;888.0
Iguatu;ACUDE DO GOVERNO;-6.4250277777778;-39.193944444444;2020;7;0.0;0.0;0.0;0.0;0.0;0.0;0.0;0.0;0.0;0.0;0.0;0.0;0.0;0.0;0.0;0.0;0.0;0.0;0.0;0.0;0.0;0.0;0.0;0.0;0.0;0.0;0.0;0.0;0.0;0.0;0.0;0.0
Iguatu;ACUDE DO GOVERNO;-6.4250277777778;-39.193944444444;2020;8;0.0;0.0;0.0;0.0;0.0;0.0;0.0;0.0;0.0;0.0;0.0;0.0;0.0;0.0;0.0;0.0;0.0;0.0;0.0;0.0;0.0;0.0;0.0;0.0;0.0;0.0;0.0;0.0;0.0;0.0;0.0;0.0
Iguatu;ACUDE DO GOVERNO;-6.4250277777778;-39.193944444444;2020;9;0.0;0.0;0.0;0.0;0.0;0.0;0.0;0.0;0.0;0.0;0.0;0.0;0.0;0.0;0.0;0.0;0.0;0.0;0.0;0.0;0.0;0.0;0.0;0.0;0.0;0.0;0.0;0.0;0.0;0.0;0.0;888.0
Iguatu;ACUDE DO GOVERNO;-6.4250277777778;-39.193944444444;2020;10;0.0;0.0;0.0;0.0;0.0;0.0;0.0;0.0;0.0;0.0;0.0;0.0;0.0;0.0;0.0;0.0;0.0;0.0;0.0;0.0;0.0;0.0;0.0;0.0;0.0;0.0;0.0;0.0;0.0;0.0;0.0;0.0
Iguatu;ACUDE DO GOVERNO;-6.4250277777778;-39.193944444444;2020;11;0.0;0.0;0.0;0.0;0.0;0.0;0.0;0.0;0.0;0.0;0.0;0.0;0.0;0.0;0.0;0.0;0.0;0.0;0.0;0.0;0.0;0.0;0.0;0.0;0.0;0.0;0.0;0.0;0.0;0.0;0.0;888.0
Iguatu;ACUDE DO GOVERNO;-6.4250277777778;-39.193944444444;2020;12;0.0;0.0;0.0;0.0;0.0;0.0;0.0;0.0;0.0;0.0;0.0;0.0;0.0;0.0;0.0;0.0;0.0;0.0;0.0;0.0;0.0;0.0;0.0;0.0;0.0;0.0;0.0;0.0;0.0;0.0;0.0;0.0
Iguatu;ACUDE DO GOVERNO;-6.4250277777778;-39.193944444444;2021;1;67.0;0.0;0.0;0.0;0.0;0.0;0.0;0.0;0.0;0.0;0.0;0.0;0.0;0.0;0.0;0.0;0.0;0.0;0.0;0.0;0.0;0.0;0.0;0.0;0.0;0.0;0.0;22.0;15.0;30.0;0.0;0.0
Iguatu;ACUDE DO GOVERNO;-6.4250277777778;-39.193944444444;2021;2;265.0;0.0;0.0;0.0;0.0;0.0;0.0;0.0;0.0;0.0;0.0;0.0;0.0;0.0;92.0;86.0;4.0;0.0;0.0;0.0;0.0;0.0;21.0;0.0;0.0;30.0;0.0;22.0;10.0;888.0;888.0;888.0
Iguatu;ACUDE DO GOVERNO;-6.4250277777778;-39.193944444444;2021;3;95.0;0.0;30.0;0.0;0.0;14.0;0.0;0.0;0.0;0.0;0.0;0.0;0.0;0.0;0.0;0.0;0.0;0.0;0.0;0.0;13.0;17.0;0.0;0.0;21.0;0.0;0.0;0.0;0.0;0.0;0.0;0.0
Iguatu;ACUDE DO GOVERNO;-6.4250277777778;-39.193944444444;2021;4;176.0;0.0;0.0;0.0;0.0;22.0;0.0;43.0;0.0;0.0;0.0;0.0;45.0;13.0;34.0;19.0;0.0;0.0;0.0;0.0;0.0;0.0;0.0;0.0;0.0;0.0;0.0;0.0;0.0;0.0;0.0;888.0
Iguatu;ACUDE DO GOVERNO;-6.4250277777778;-39.193944444444;2021;5;0.0;0.0;0.0;0.0;0.0;0.0;0.0;0.0;0.0;0.0;0.0;0.0;0.0;0.0;0.0;0.0;0.0;0.0;0.0;0.0;0.0;0.0;0.0;0.0;0.0;0.0;0.0;0.0;0.0;0.0;0.0;0.0
Iguatu;ACUDE DO GOVERNO;-6.4250277777778;-39.193944444444;2021;6;0.0;0.0;0.0;0.0;0.0;0.0;0.0;0.0;0.0;0.0;0.0;0.0;0.0;0.0;0.0;0.0;0.0;0.0;0.0;0.0;0.0;0.0;0.0;0.0;0.0;0.0;0.0;0.0;0.0;0.0;0.0;888.0
Iguatu;ACUDE DO GOVERNO;-6.4250277777778;-39.193944444444;2021;7;0.0;0.0;0.0;0.0;0.0;0.0;0.0;0.0;0.0;0.0;0.0;0.0;0.0;0.0;0.0;0.0;0.0;0.0;0.0;0.0;0.0;0.0;0.0;0.0;0.0;0.0;0.0;0.0;0.0;0.0;0.0;0.0
Iguatu;ACUDE DO GOVERNO;-6.4250277777778;-39.193944444444;2021;8;0.0;0.0;0.0;0.0;0.0;0.0;0.0;0.0;0.0;0.0;0.0;0.0;0.0;0.0;0.0;0.0;0.0;0.0;0.0;0.0;0.0;0.0;0.0;0.0;0.0;0.0;0.0;0.0;0.0;0.0;0.0;0.0
Iguatu;ACUDE DO GOVERNO;-6.4250277777778;-39.193944444444;2021;9;0.0;0.0;0.0;0.0;0.0;0.0;0.0;0.0;0.0;0.0;0.0;0.0;0.0;0.0;0.0;0.0;0.0;0.0;0.0;0.0;0.0;0.0;0.0;0.0;0.0;0.0;0.0;0.0;0.0;0.0;0.0;888.0
Iguatu;ACUDE DO GOVERNO;-6.4250277777778;-39.193944444444;2021;10;0.0;0.0;0.0;0.0;0.0;0.0;0.0;0.0;0.0;0.0;0.0;0.0;0.0;0.0;0.0;0.0;0.0;0.0;0.0;0.0;0.0;0.0;0.0;0.0;0.0;0.0;0.0;0.0;0.0;0.0;0.0;0.0
Iguatu;ACUDE DO GOVERNO;-6.4250277777778;-39.193944444444;2021;11;60.0;0.0;0.0;0.0;0.0;0.0;0.0;0.0;0.0;0.0;0.0;0.0;0.0;0.0;30.0;30.0;0.0;0.0;0.0;0.0;0.0;0.0;0.0;0.0;0.0;0.0;0.0;0.0;0.0;0.0;0.0;888.0
Iguatu;ACUDE DO GOVERNO;-6.4250277777778;-39.193944444444;2021;12;90.0;0.0;0.0;0.0;0.0;42.0;0.0;0.0;0.0;0.0;0.0;0.0;0.0;0.0;0.0;0.0;0.0;0.0;0.0;0.0;0.0;0.0;0.0;0.0;0.0;0.0;0.0;33.0;0.0;0.0;15.0;0.0
Iguatu;ACUDE DO GOVERNO;-6.4250277777778;-39.193944444444;2022;1;352.0;0.0;85.0;0.0;32.0;7.0;0.0;0.0;0.0;0.0;0.0;17.0;0.0;78.0;0.0;51.0;0.0;0.0;32.0;0.0;0.0;0.0;0.0;0.0;0.0;0.0;0.0;50.0;0.0;0.0;0.0;0.0
Iguatu;ACUDE DO GOVERNO;-6.4250277777778;-39.193944444444;2022;2;72.0;0.0;0.0;0.0;0.0;0.0;0.0;0.0;28.0;0.0;0.0;0.0;0.0;0.0;0.0;0.0;0.0;0.0;0.0;0.0;0.0;25.0;0.0;0.0;0.0;0.0;0.0;0.0;19.0;888.0;888.0;888.0
Iguatu;ACUDE DO GOVERNO;-6.4250277777778;-39.193944444444;2022;3;328.0;28.0;0.0;75.0;9.0;0.0;0.0;0.0;0.0;0.0;28.0;11.0;8.0;0.0;0.0;0.0;34.0;0.0;20.0;0.0;0.0;28.0;24.0;0.0;12.0;0.0;0.0;0.0;32.0;19.0;0.0;0.0
Iguatu;ACUDE DO GOVERNO;-6.4250277777778;-39.193944444444;2022;4;104.0;34.0;30.0;0.0;0.0;0.0;0.0;0.0;0.0;0.0;0.0;0.0;0.0;0.0;0.0;0.0;0.0;0.0;25.0;0.0;0.0;15.0;0.0;0.0;0.0;0.0;0.0;0.0;0.0;0.0;0.0;888.0
Iguatu;ACUDE DO GOVERNO;-6.4250277777778;-39.193944444444;2022;5;32.0;0.0;0.0;0.0;0.0;0.0;0.0;7.0;0.0;0.0;0.0;0.0;0.0;25.0;0.0;0.0;0.0;0.0;0.0;0.0;0.0;0.0;0.0;0.0;0.0;0.0;0.0;0.0;0.0;0.0;0.0;0.0
Iguatu;ACUDE DO GOVERNO;-6.4250277777778;-39.193944444444;2022;6;74.0;24.0;0.0;0.0;0.0;0.0;0.0;0.0;0.0;0.0;0.0;50.0;0.0;0.0;0.0;0.0;0.0;0.0;0.0;0.0;0.0;0.0;0.0;0.0;0.0;0.0;0.0;0.0;0.0;0.0;0.0;888.0
Iguatu;ACUDE DO GOVERNO;-6.4250277777778;-39.193944444444;2022;7;0.0;0.0;0.0;0.0;0.0;0.0;0.0;0.0;0.0;0.0;0.0;0.0;0.0;0.0;0.0;0.0;0.0;0.0;0.0;0.0;0.0;0.0;0.0;0.0;0.0;0.0;0.0;0.0;0.0;0.0;0.0;0.0
Iguatu;ACUDE DO GOVERNO;-6.4250277777778;-39.193944444444;2022;8;39.0;0.0;0.0;0.0;0.0;39.0;0.0;0.0;0.0;0.0;0.0;0.0;0.0;0.0;0.0;0.0;0.0;0.0;0.0;0.0;0.0;0.0;0.0;0.0;0.0;0.0;0.0;0.0;0.0;0.0;0.0;0.0
Iguatu;ACUDE DO GOVERNO;-6.4250277777778;-39.193944444444;2022;9;0.0;0.0;0.0;0.0;0.0;0.0;0.0;0.0;0.0;0.0;0.0;0.0;0.0;0.0;0.0;0.0;0.0;0.0;0.0;0.0;0.0;0.0;0.0;0.0;0.0;0.0;0.0;0.0;0.0;0.0;0.0;888.0
Iguatu;ACUDE DO GOVERNO;-6.4250277777778;-39.193944444444;2022;10;0.0;0.0;0.0;0.0;0.0;0.0;0.0;0.0;0.0;0.0;0.0;0.0;0.0;0.0;0.0;0.0;0.0;0.0;0.0;0.0;0.0;0.0;0.0;0.0;0.0;0.0;0.0;0.0;0.0;0.0;0.0;0.0
Iguatu;ACUDE DO GOVERNO;-6.4250277777778;-39.193944444444;2022;11;75.0;0.0;0.0;0.0;0.0;0.0;0.0;0.0;0.0;0.0;0.0;0.0;0.0;75.0;0.0;0.0;0.0;0.0;0.0;0.0;0.0;0.0;0.0;0.0;0.0;0.0;0.0;0.0;0.0;0.0;0.0;888.0
Iguatu;ACUDE DO GOVERNO;-6.4250277777778;-39.193944444444;2022;12;0.0;0.0;0.0;0.0;0.0;0.0;0.0;0.0;0.0;0.0;0.0;0.0;0.0;0.0;0.0;0.0;0.0;0.0;0.0;0.0;0.0;0.0;0.0;0.0;0.0;0.0;0.0;0.0;0.0;0.0;0.0;0.0
Iguatu;ACUDE DO GOVERNO;-6.4250277777778;-39.193944444444;2023;1;176.0;0.0;0.0;0.0;0.0;0.0;0.0;0.0;0.0;0.0;0.0;0.0;0.0;0.0;0.0;0.0;0.0;0.0;0.0;80.0;35.0;0.0;0.0;0.0;25.0;36.0;0.0;0.0;0.0;0.0;0.0;0.0
Iguatu;ACUDE DO GOVERNO;-6.4250277777778;-39.193944444444;2023;2;207.0;55.0;0.0;4.0;0.0;0.0;0.0;0.0;0.0;0.0;0.0;0.0;0.0;0.0;20.0;0.0;0.0;8.0;77.0;0.0;0.0;0.0;0.0;0.0;25.0;0.0;18.0;0.0;0.0;888.0;888.0;888.0
Iguatu;ACUDE DO GOVERNO;-6.4250277777778;-39.193944444444;2023;3;237.0;0.0;0.0;20.0;0.0;0.0;0.0;0.0;0.0;0.0;0.0;0.0;0.0;46.0;0.0;0.0;72.0;0.0;0.0;33.0;0.0;0.0;27.0;0.0;0.0;0.0;0.0;23.0;4.0;0.0;12.0;0.0
Iguatu;ACUDE DO GOVERNO;-6.4250277777778;-39.193944444444;2023;4;104.0;0.0;0.0;0.0;14.0;9.0;0.0;0.0;0.0;33.0;0.0;0.0;0.0;0.0;25.0;0.0;0.0;0.0;0.0;0.0;0.0;0.0;0.0;0.0;0.0;0.0;0.0;0.0;0.0;23.0;0.0;888.0
Iguatu;ACUDE DO GOVERNO;-6.4250277777778;-39.193944444444;2023;5;84.5;12.0;0.0;0.0;0.0;0.0;0.0;0.0;0.0;0.0;0.0;0.0;0.0;0.0;22.5;50.0;0.0;0.0;0.0;0.0;0.0;0.0;0.0;0.0;0.0;0.0;0.0;0.0;0.0;0.0;0.0;0.0
Iguatu;ACUDE DO GOVERNO;-6.4250277777778;-39.193944444444;2023;6;0.0;0.0;0.0;0.0;0.0;0.0;0.0;0.0;0.0;0.0;0.0;0.0;0.0;0.0;0.0;0.0;0.0;0.0;0.0;0.0;0.0;0.0;0.0;0.0;0.0;0.0;0.0;0.0;0.0;0.0;0.0;888.0
Iguatu;ACUDE DO GOVERNO;-6.4250277777778;-39.193944444444;2023;7;0.0;0.0;0.0;0.0;0.0;0.0;0.0;0.0;0.0;0.0;0.0;0.0;0.0;0.0;0.0;0.0;0.0;0.0;0.0;0.0;0.0;0.0;0.0;0.0;0.0;0.0;0.0;0.0;0.0;0.0;0.0;0.0
Iguatu;ACUDE DO GOVERNO;-6.4250277777778;-39.193944444444;2023;8;0.0;0.0;0.0;0.0;0.0;0.0;0.0;0.0;0.0;0.0;0.0;0.0;0.0;0.0;0.0;0.0;0.0;0.0;0.0;0.0;0.0;0.0;0.0;0.0;0.0;0.0;0.0;0.0;0.0;0.0;0.0;0.0
Iguatu;ACUDE DO GOVERNO;-6.4250277777778;-39.193944444444;2023;9;0.0;0.0;0.0;0.0;0.0;0.0;0.0;0.0;0.0;0.0;0.0;0.0;0.0;0.0;0.0;0.0;0.0;0.0;0.0;0.0;0.0;0.0;0.0;0.0;0.0;0.0;0.0;0.0;0.0;0.0;0.0;888.0
Iguatu;ACUDE DO GOVERNO;-6.4250277777778;-39.193944444444;2023;10;0.0;0.0;0.0;0.0;0.0;0.0;0.0;0.0;0.0;0.0;0.0;0.0;0.0;0.0;0.0;0.0;0.0;0.0;0.0;0.0;0.0;0.0;0.0;0.0;0.0;0.0;0.0;0.0;0.0;0.0;0.0;0.0
Iguatu;ACUDE DO GOVERNO;-6.4250277777778;-39.193944444444;2023;11;0.0;0.0;0.0;0.0;0.0;0.0;0.0;0.0;0.0;0.0;0.0;0.0;0.0;0.0;0.0;0.0;0.0;0.0;0.0;0.0;0.0;0.0;0.0;0.0;0.0;0.0;0.0;0.0;0.0;0.0;0.0;888.0
Iguatu;ACUDE DO GOVERNO;-6.4250277777778;-39.193944444444;2023;12;52.0;0.0;0.0;0.0;0.0;0.0;0.0;0.0;0.0;0.0;0.0;0.0;0.0;0.0;0.0;0.0;0.0;0.0;0.0;0.0;0.0;0.0;0.0;0.0;0.0;0.0;0.0;0.0;0.0;0.0;0.0;52.0
Iguatu;ACUDE DO GOVERNO;-6.4250277777778;-39.193944444444;2024;1;13.0;0.0;13.0;0.0;0.0;0.0;0.0;0.0;0.0;0.0;0.0;0.0;0.0;0.0;0.0;0.0;0.0;0.0;0.0;0.0;0.0;0.0;0.0;0.0;0.0;0.0;0.0;0.0;0.0;0.0;0.0;0.0
Iguatu;ACUDE DO GOVERNO;-6.4250277777778;-39.193944444444;2024;2;182.0;0.0;0.0;0.0;0.0;0.0;0.0;0.0;0.0;0.0;0.0;17.0;0.0;0.0;17.0;0.0;10.0;0.0;0.0;35.0;11.0;39.0;0.0;33.0;0.0;0.0;0.0;0.0;20.0;0.0;888.0;888.0
Iguatu;ACUDE DO GOVERNO;-6.4250277777778;-39.193944444444;2024;3;243.0;40.0;12.0;0.0;17.0;0.0;0.0;0.0;0.0;0.0;0.0;0.0;0.0;23.0;26.0;0.0;0.0;0.0;0.0;30.0;0.0;0.0;0.0;0.0;0.0;0.0;0.0;18.0;0.0;19.0;40.0;18.0
Iguatu;ACUDE DO GOVERNO;-6.4250277777778;-39.193944444444;2024;4;269.0;0.0;0.0;0.0;47.0;34.0;0.0;0.0;0.0;0.0;0.0;0.0;28.0;40.0;28.0;28.0;23.0;0.0;0.0;0.0;13.0;0.0;0.0;28.0;0.0;0.0;0.0;0.0;0.0;0.0;0.0;888.0
Iguatu;ACUDE DO GOVERNO;-6.4250277777778;-39.193944444444;2024;5;45.0;0.0;0.0;0.0;0.0;0.0;0.0;0.0;0.0;0.0;0.0;0.0;0.0;0.0;0.0;0.0;0.0;0.0;0.0;0.0;45.0;0.0;0.0;0.0;0.0;0.0;0.0;0.0;0.0;0.0;0.0;0.0
Iguatu;ACUDE DO GOVERNO;-6.4250277777778;-39.193944444444;2024;6;0.0;0.0;0.0;0.0;0.0;0.0;0.0;0.0;0.0;0.0;0.0;0.0;0.0;0.0;0.0;0.0;0.0;0.0;0.0;0.0;0.0;0.0;0.0;0.0;0.0;0.0;0.0;0.0;0.0;0.0;0.0;888.0
Iguatu;ACUDE DO GOVERNO;-6.4250277777778;-39.193944444444;2024;7;0.0;0.0;0.0;0.0;0.0;0.0;0.0;0.0;0.0;0.0;0.0;0.0;0.0;0.0;0.0;0.0;0.0;0.0;0.0;0.0;0.0;0.0;0.0;0.0;0.0;0.0;0.0;0.0;0.0;0.0;0.0;0.0
Iguatu;ACUDE DO GOVERNO;-6.4250277777778;-39.193944444444;2024;8;0.0;0.0;0.0;0.0;0.0;0.0;0.0;0.0;0.0;0.0;0.0;0.0;0.0;0.0;0.0;0.0;0.0;0.0;0.0;0.0;0.0;0.0;0.0;0.0;0.0;0.0;0.0;0.0;0.0;0.0;0.0;0.0
Iguatu;ACUDE DO GOVERNO;-6.4250277777778;-39.193944444444;2024;9;0.0;0.0;0.0;0.0;0.0;0.0;0.0;0.0;0.0;0.0;0.0;0.0;0.0;0.0;0.0;0.0;0.0;0.0;0.0;0.0;0.0;0.0;0.0;0.0;0.0;0.0;0.0;0.0;0.0;0.0;0.0;888.0
Iguatu;ACUDE DO GOVERNO;-6.4250277777778;-39.193944444444;2024;10;0.0;0.0;0.0;0.0;0.0;0.0;0.0;0.0;0.0;0.0;0.0;0.0;0.0;0.0;0.0;0.0;0.0;0.0;0.0;0.0;0.0;0.0;0.0;999.0;999.0;999.0;999.0;999.0;999.0;999.0;999.0;999.0
