Municipios;Postos;Latitude;Longitude;Anos;Meses;Total;Dia1;Dia2;Dia3;Dia4;Dia5;Dia6;Dia7;Dia8;Dia9;Dia10;Dia11;Dia12;Dia13;Dia14;Dia15;Dia16;Dia17;Dia18;Dia19;Dia20;Dia21;Dia22;Dia23;Dia24;Dia25;Dia26;Dia27;Dia28;Dia29;Dia30;Dia31
Pacatuba;ESCOLA PROF LUIZA TEODORO;-3.8890277777778;-38.609777777778;2008;11;0.2;0.0;0.0;0.0;0.0;0.0;0.0;0.0;0.0;0.0;0.0;0.0;0.0;0.0;0.0;0.0;0.0;0.0;0.0;0.0;0.0;0.0;0.2;0.0;0.0;999.0;999.0;999.0;999.0;999.0;999.0;888.0
Pacatuba;ESCOLA PROF LUIZA TEODORO;-3.8890277777778;-38.609777777778;2009;1;9.8;0.0;0.0;0.0;0.0;0.0;0.0;0.0;0.0;0.0;0.0;0.0;0.0;0.0;0.0;0.0;0.0;0.0;0.0;0.0;0.0;0.0;0.0;0.0;0.0;0.0;0.0;0.0;0.0;4.2;5.6;0.0
Pacatuba;ESCOLA PROF LUIZA TEODORO;-3.8890277777778;-38.609777777778;2009;2;300.5;0.0;28.8;24.8;3.8;0.0;0.0;0.0;0.0;0.0;6.4;3.4;5.0;14.6;3.8;15.0;0.0;0.8;3.4;1.2;1.0;12.0;22.6;42.8;46.8;6.2;22.6;30.0;5.5;888.0;888.0;888.0
Pacatuba;ESCOLA PROF LUIZA TEODORO;-3.8890277777778;-38.609777777778;2009;3;413.1;5.0;7.0;15.1;3.0;9.4;12.4;0.0;14.8;19.4;0.0;2.8;46.0;0.0;6.2;1.0;12.4;3.2;45.6;0.0;0.0;0.0;11.8;30.0;9.4;12.4;6.0;999.0;0.0;68.0;49.4;22.8
Pacatuba;ESCOLA PROF LUIZA TEODORO;-3.8890277777778;-38.609777777778;2009;4;397.3;10.4;1.0;0.0;18.5;0.6;0.0;13.4;2.3;27.0;23.2;0.3;0.0;14.6;11.9;21.6;2.0;67.0;7.4;2.2;41.3;2.8;32.6;0.0;1.1;10.2;2.6;0.0;39.2;0.0;44.1;888.0
Pacatuba;ESCOLA PROF LUIZA TEODORO;-3.8890277777778;-38.609777777778;2009;5;227.6;8.5;3.8;24.8;7.6;24.3;0.0;4.6;14.6;6.7;0.0;22.0;5.2;0.6;0.3;0.0;2.8;4.3;10.2;6.7;0.3;37.3;4.3;8.2;6.2;12.4;6.3;1.3;0.2;2.7;0.0;1.4
Pacatuba;ESCOLA PROF LUIZA TEODORO;-3.8890277777778;-38.609777777778;2009;6;167.8;0.0;0.0;6.3;12.1;0.2;1.0;8.8;0.0;0.0;4.4;1.7;0.0;0.0;0.0;2.8;0.0;0.0;0.0;0.0;2.2;0.0;0.0;68.0;5.0;51.0;3.3;0.0;1.0;0.0;0.0;888.0
Pacatuba;ESCOLA PROF LUIZA TEODORO;-3.8890277777778;-38.609777777778;2009;7;149.8;0.0;0.0;0.0;0.0;0.0;15.0;6.0;3.0;0.0;0.0;6.0;7.0;8.0;1.0;5.0;1.0;2.0;18.0;1.0;0.6;0.8;32.0;24.0;19.0;0.0;0.0;0.0;0.1;0.0;0.0;0.3
Pacatuba;ESCOLA PROF LUIZA TEODORO;-3.8890277777778;-38.609777777778;2009;8;13.0;0.0;0.0;1.0;0.0;0.0;0.4;0.6;0.2;0.0;0.0;0.0;0.0;0.0;0.0;0.0;0.0;0.0;0.0;0.0;0.0;2.0;0.0;2.0;1.2;0.0;5.6;0.0;0.0;0.0;0.0;0.0
Pacatuba;ESCOLA PROF LUIZA TEODORO;-3.8890277777778;-38.609777777778;2009;9;3.0;0.0;0.0;0.0;0.0;0.0;0.0;0.0;0.0;0.0;0.0;0.0;0.0;0.0;2.6;0.4;0.0;0.0;0.0;0.0;0.0;0.0;0.0;0.0;0.0;0.0;0.0;0.0;0.0;0.0;0.0;888.0
Pacatuba;ESCOLA PROF LUIZA TEODORO;-3.8890277777778;-38.609777777778;2009;10;0.0;0.0;0.0;0.0;0.0;0.0;0.0;0.0;0.0;0.0;0.0;0.0;0.0;0.0;0.0;0.0;0.0;0.0;0.0;0.0;0.0;0.0;0.0;0.0;0.0;0.0;0.0;0.0;0.0;0.0;0.0;0.0
Pacatuba;ESCOLA PROF LUIZA TEODORO;-3.8890277777778;-38.609777777778;2009;11;16.1;0.0;0.0;0.0;0.0;0.0;6.8;0.0;0.0;0.0;0.0;0.0;0.0;1.8;0.0;0.0;0.2;0.0;0.2;6.6;0.0;0.0;0.2;0.0;0.0;0.0;0.0;0.0;0.0;0.0;0.3;888.0
Pacatuba;ESCOLA PROF LUIZA TEODORO;-3.8890277777778;-38.609777777778;2009;12;12.4;0.4;0.0;0.0;0.4;0.0;0.0;0.0;4.0;0.0;0.0;0.0;0.0;0.0;0.0;0.0;3.6;0.0;0.0;0.0;0.0;1.8;0.0;0.0;0.0;0.0;2.2;0.0;0.0;0.0;0.0;0.0
Pacatuba;ESCOLA PROF LUIZA TEODORO;-3.8890277777778;-38.609777777778;2010;1;119.5;0.0;0.2;12.6;91.0;0.0;0.0;0.0;3.4;0.0;0.0;3.2;0.0;0.0;0.0;0.0;0.0;0.0;0.0;0.0;0.0;0.0;0.0;0.0;0.0;0.0;0.0;8.7;0.4;0.0;0.0;0.0
Pacatuba;ESCOLA PROF LUIZA TEODORO;-3.8890277777778;-38.609777777778;2010;2;65.9;0.0;1.0;0.0;0.0;0.0;0.0;0.0;6.0;0.0;15.0;4.8;0.0;0.0;5.2;30.9;0.0;0.9;0.0;0.3;0.0;0.0;0.0;0.0;0.0;1.8;0.0;0.0;0.0;888.0;888.0;888.0
Pacatuba;ESCOLA PROF LUIZA TEODORO;-3.8890277777778;-38.609777777778;2010;3;228.0;0.0;0.0;0.0;0.0;0.0;0.0;0.0;0.0;0.0;0.0;0.0;0.0;0.0;0.0;9.2;0.8;0.0;0.2;16.0;20.0;21.0;32.2;33.0;12.0;9.6;38.8;0.2;7.0;5.6;22.4;0.0
Pacatuba;ESCOLA PROF LUIZA TEODORO;-3.8890277777778;-38.609777777778;2010;4;272.8;12.0;0.0;21.8;21.4;0.6;0.0;4.4;0.0;0.3;7.4;45.0;8.4;16.0;0.0;0.0;2.0;20.6;50.2;15.4;14.0;0.0;31.0;0.8;0.0;0.0;0.0;0.0;0.0;0.5;1.0;888.0
Pacatuba;ESCOLA PROF LUIZA TEODORO;-3.8890277777778;-38.609777777778;2010;5;46.3;0.0;7.0;0.0;4.4;0.0;1.7;1.6;0.0;0.0;0.0;0.0;0.0;1.0;1.1;0.0;0.0;0.0;0.0;0.0;0.0;1.4;1.3;0.0;0.6;0.0;4.8;8.2;0.0;0.0;0.0;13.2
Pacatuba;ESCOLA PROF LUIZA TEODORO;-3.8890277777778;-38.609777777778;2010;6;59.1;26.0;0.0;0.0;3.8;16.8;0.0;0.6;10.8;0.0;0.0;0.0;0.0;0.0;0.0;0.0;0.0;0.0;0.1;0.0;0.0;0.0;0.0;0.0;0.0;0.0;0.0;0.0;0.0;1.0;0.0;888.0
Pacatuba;ESCOLA PROF LUIZA TEODORO;-3.8890277777778;-38.609777777778;2010;7;18.4;0.0;0.0;0.0;0.0;0.0;0.0;0.0;0.0;2.4;1.9;0.0;0.0;0.2;0.0;0.0;0.0;13.9;0.0;0.0;0.0;0.0;0.0;0.0;0.0;0.0;0.0;0.0;0.0;0.0;0.0;0.0
Pacatuba;ESCOLA PROF LUIZA TEODORO;-3.8890277777778;-38.609777777778;2010;8;0.0;0.0;0.0;0.0;0.0;0.0;0.0;0.0;0.0;0.0;0.0;0.0;0.0;0.0;0.0;0.0;0.0;0.0;0.0;0.0;0.0;0.0;0.0;0.0;0.0;0.0;0.0;0.0;0.0;0.0;0.0;0.0
Pacatuba;ESCOLA PROF LUIZA TEODORO;-3.8890277777778;-38.609777777778;2010;9;0.0;0.0;0.0;0.0;0.0;0.0;0.0;0.0;0.0;0.0;0.0;0.0;0.0;0.0;0.0;0.0;0.0;0.0;0.0;0.0;0.0;0.0;0.0;0.0;0.0;0.0;0.0;0.0;0.0;0.0;0.0;888.0
Pacatuba;ESCOLA PROF LUIZA TEODORO;-3.8890277777778;-38.609777777778;2010;10;3.0;0.0;0.0;0.0;0.0;0.0;0.0;0.0;0.0;0.0;0.0;0.0;0.0;0.0;0.0;0.0;0.0;0.0;0.0;0.0;0.0;0.0;0.4;0.0;0.0;0.0;2.0;0.0;0.6;0.0;0.0;0.0
Pacatuba;ESCOLA PROF LUIZA TEODORO;-3.8890277777778;-38.609777777778;2010;11;6.2;0.0;0.0;0.0;0.0;0.0;0.0;0.0;0.0;0.0;0.0;0.0;2.2;0.0;2.0;1.0;0.0;0.0;1.0;0.0;0.0;0.0;0.0;0.0;0.0;0.0;0.0;0.0;0.0;0.0;0.0;888.0
Pacatuba;ESCOLA PROF LUIZA TEODORO;-3.8890277777778;-38.609777777778;2010;12;78.6;0.0;0.0;0.0;0.0;0.0;0.0;0.0;0.0;0.0;0.0;0.0;0.0;0.9;16.0;1.6;0.0;2.5;10.0;6.0;6.6;0.0;7.4;0.0;0.4;0.0;0.0;0.0;0.0;0.0;27.2;0.0
Pacatuba;ESCOLA PROF LUIZA TEODORO;-3.8890277777778;-38.609777777778;2011;1;409.5;0.0;1.0;1.8;0.0;35.6;0.0;0.0;0.0;0.6;43.6;28.4;5.1;1.9;4.2;0.0;0.0;2.7;4.8;9.1;58.8;0.0;16.5;2.0;15.2;62.8;12.8;0.0;7.4;57.8;18.4;19.0
Pacatuba;ESCOLA PROF LUIZA TEODORO;-3.8890277777778;-38.609777777778;2011;2;288.3;0.0;0.0;0.0;1.8;0.0;0.0;0.0;0.0;0.0;22.6;26.0;0.0;50.2;54.0;14.5;26.6;4.7;11.0;2.7;8.2;3.1;2.3;0.2;2.0;0.0;58.4;0.0;0.0;888.0;888.0;888.0
Pacatuba;ESCOLA PROF LUIZA TEODORO;-3.8890277777778;-38.609777777778;2011;3;301.1;22.0;0.2;0.0;0.6;9.4;0.0;0.0;30.0;21.4;75.0;32.0;0.0;43.4;0.0;0.0;0.0;0.0;3.6;0.0;0.0;0.0;2.6;5.0;0.0;26.0;0.0;1.7;12.0;8.8;7.4;0.0
Pacatuba;ESCOLA PROF LUIZA TEODORO;-3.8890277777778;-38.609777777778;2011;4;278.4;0.0;18.3;0.0;2.8;4.1;0.0;0.2;0.0;15.0;38.4;3.8;49.0;0.0;20.0;4.0;1.6;1.0;10.8;33.2;1.0;0.0;11.8;6.2;0.0;12.6;0.0;29.0;0.6;15.0;0.0;888.0
Pacatuba;ESCOLA PROF LUIZA TEODORO;-3.8890277777778;-38.609777777778;2011;5;137.4;0.0;57.0;15.0;1.0;17.2;0.0;4.0;0.0;1.6;3.4;0.0;24.0;0.0;0.0;0.0;1.1;0.0;0.0;2.0;11.0;0.0;0.0;0.0;0.0;0.0;0.0;0.1;0.0;0.0;0.0;0.0
Pacatuba;ESCOLA PROF LUIZA TEODORO;-3.8890277777778;-38.609777777778;2011;6;106.2;0.0;0.0;0.0;0.0;25.0;0.0;0.0;0.0;0.0;0.0;0.0;0.0;2.6;0.0;0.0;0.0;0.0;0.0;3.0;3.0;0.0;1.0;0.0;0.0;0.0;0.0;0.0;71.6;999.0;999.0;888.0
Pacatuba;ESCOLA PROF LUIZA TEODORO;-3.8890277777778;-38.609777777778;2011;7;0.0;0.0;0.0;0.0;0.0;0.0;0.0;0.0;0.0;0.0;0.0;0.0;0.0;0.0;0.0;0.0;0.0;0.0;0.0;0.0;0.0;0.0;0.0;0.0;0.0;0.0;0.0;0.0;0.0;0.0;0.0;0.0
Pacatuba;ESCOLA PROF LUIZA TEODORO;-3.8890277777778;-38.609777777778;2011;8;0.0;0.0;0.0;0.0;0.0;0.0;0.0;0.0;0.0;0.0;0.0;0.0;0.0;0.0;0.0;0.0;0.0;0.0;0.0;0.0;0.0;0.0;0.0;0.0;0.0;0.0;0.0;0.0;0.0;0.0;0.0;0.0
Pacatuba;ESCOLA PROF LUIZA TEODORO;-3.8890277777778;-38.609777777778;2011;9;0.0;0.0;0.0;0.0;0.0;0.0;0.0;0.0;0.0;0.0;0.0;0.0;0.0;0.0;0.0;0.0;0.0;0.0;0.0;0.0;0.0;0.0;0.0;0.0;0.0;0.0;0.0;0.0;0.0;0.0;0.0;888.0
Pacatuba;ESCOLA PROF LUIZA TEODORO;-3.8890277777778;-38.609777777778;2011;10;69.6;0.0;0.0;0.0;0.0;0.0;0.0;0.0;0.0;0.0;0.0;0.0;0.0;0.0;0.0;0.0;0.0;0.0;0.0;0.0;0.0;69.6;0.0;0.0;0.0;0.0;0.0;0.0;0.0;0.0;0.0;0.0
Pacatuba;ESCOLA PROF LUIZA TEODORO;-3.8890277777778;-38.609777777778;2011;11;0.0;0.0;0.0;0.0;0.0;0.0;0.0;0.0;0.0;0.0;0.0;0.0;0.0;0.0;0.0;0.0;0.0;0.0;0.0;0.0;0.0;0.0;0.0;0.0;0.0;0.0;0.0;0.0;0.0;0.0;0.0;888.0
Pacatuba;ESCOLA PROF LUIZA TEODORO;-3.8890277777778;-38.609777777778;2011;12;9.2;0.0;0.0;0.0;0.0;0.0;0.0;0.0;0.0;0.0;0.0;0.0;0.0;0.0;0.0;0.0;0.0;0.0;0.0;0.0;0.0;1.8;0.0;0.0;0.0;0.0;0.0;0.0;0.0;0.0;7.4;999.0
Pacatuba;ESCOLA PROF LUIZA TEODORO;-3.8890277777778;-38.609777777778;2012;1;0.1;0.0;0.0;0.0;0.0;0.0;0.0;0.0;0.0;0.0;0.0;0.0;0.0;0.0;0.0;0.0;0.0;0.0;0.0;0.0;0.0;0.1;0.0;0.0;0.0;0.0;0.0;0.0;0.0;0.0;0.0;0.0
Pacatuba;ESCOLA PROF LUIZA TEODORO;-3.8890277777778;-38.609777777778;2012;2;185.2;0.0;0.0;0.0;0.0;0.0;0.0;0.0;0.0;0.0;0.0;0.0;0.0;0.0;0.0;3.4;1.0;46.4;19.0;2.2;0.0;6.2;0.0;0.0;3.4;22.6;12.0;45.0;24.0;0.0;888.0;888.0
Pacatuba;ESCOLA PROF LUIZA TEODORO;-3.8890277777778;-38.609777777778;2012;3;140.7;0.0;0.0;0.0;0.0;0.0;0.0;0.0;0.0;0.0;32.2;0.0;0.0;20.8;0.0;9.0;8.2;0.0;0.3;0.0;0.4;0.0;24.2;0.0;0.0;0.0;0.0;44.0;0.0;1.6;0.0;0.0
Pacatuba;ESCOLA PROF LUIZA TEODORO;-3.8890277777778;-38.609777777778;2012;4;193.9;0.0;0.0;6.6;0.0;0.0;0.0;0.0;0.0;9.2;0.0;12.0;0.0;0.0;0.0;0.0;57.4;9.0;3.0;1.3;3.0;24.3;54.5;1.1;10.6;0.2;0.7;1.0;999.0;999.0;999.0;888.0
Pacatuba;ESCOLA PROF LUIZA TEODORO;-3.8890277777778;-38.609777777778;2012;5;51.7;0.0;0.0;0.5;0.0;0.0;0.0;0.0;0.0;0.0;0.0;0.0;13.0;2.0;0.8;4.2;0.0;0.0;0.0;0.0;18.6;0.0;0.0;12.4;0.0;0.0;0.0;0.2;0.0;0.0;0.0;0.0
Pacatuba;ESCOLA PROF LUIZA TEODORO;-3.8890277777778;-38.609777777778;2012;6;139.1;0.0;0.0;0.0;3.3;0.0;0.0;0.0;0.0;0.0;0.0;0.0;1.8;0.0;0.0;0.0;0.0;0.0;13.6;0.5;7.0;0.0;2.0;110.9;0.0;0.0;0.0;0.0;0.0;0.0;0.0;888.0
Pacatuba;ESCOLA PROF LUIZA TEODORO;-3.8890277777778;-38.609777777778;2012;7;0.0;0.0;0.0;0.0;0.0;0.0;0.0;0.0;0.0;0.0;0.0;0.0;0.0;0.0;0.0;0.0;0.0;0.0;0.0;0.0;0.0;0.0;0.0;0.0;0.0;0.0;0.0;0.0;0.0;0.0;0.0;0.0
Pacatuba;ESCOLA PROF LUIZA TEODORO;-3.8890277777778;-38.609777777778;2012;8;0.0;0.0;0.0;0.0;0.0;0.0;0.0;0.0;0.0;0.0;0.0;0.0;0.0;0.0;0.0;0.0;0.0;0.0;0.0;0.0;0.0;0.0;0.0;0.0;0.0;0.0;0.0;0.0;0.0;0.0;0.0;0.0
Pacatuba;ESCOLA PROF LUIZA TEODORO;-3.8890277777778;-38.609777777778;2012;9;0.0;0.0;0.0;0.0;0.0;0.0;0.0;0.0;0.0;0.0;0.0;0.0;0.0;0.0;0.0;0.0;0.0;0.0;0.0;0.0;0.0;0.0;0.0;0.0;0.0;0.0;0.0;0.0;0.0;0.0;0.0;888.0
Pacatuba;ESCOLA PROF LUIZA TEODORO;-3.8890277777778;-38.609777777778;2012;10;5.0;0.0;0.0;0.0;0.0;0.0;0.0;0.0;0.0;0.0;0.0;0.0;0.0;0.0;0.0;0.0;0.2;0.0;0.0;0.0;0.0;0.0;0.0;0.0;0.0;0.0;4.8;999.0;999.0;999.0;999.0;999.0
Pacatuba;ESCOLA PROF LUIZA TEODORO;-3.8890277777778;-38.609777777778;2013;2;69.4;0.0;0.0;0.0;0.0;0.0;0.0;6.0;0.0;0.0;0.0;0.0;0.0;0.0;0.0;11.0;7.4;0.0;21.0;24.0;999.0;999.0;999.0;999.0;999.0;999.0;999.0;999.0;999.0;888.0;888.0;888.0
Pacatuba;ESCOLA PROF LUIZA TEODORO;-3.8890277777778;-38.609777777778;2013;3;25.4;0.0;0.0;0.0;0.0;0.0;0.0;0.0;0.0;0.0;4.3;0.0;0.0;0.0;4.0;0.0;7.8;0.0;0.0;3.0;6.3;999.0;999.0;999.0;999.0;999.0;999.0;999.0;999.0;999.0;999.0;999.0
Pacatuba;ESCOLA PROF LUIZA TEODORO;-3.8890277777778;-38.609777777778;2013;4;104.4;0.0;0.0;13.0;8.2;22.0;0.0;0.0;3.0;5.2;0.0;0.0;0.0;0.0;0.0;0.0;0.0;0.0;0.3;21.0;0.0;0.0;4.0;12.1;11.2;2.0;0.0;0.0;0.0;2.4;0.0;888.0
Pacatuba;ESCOLA PROF LUIZA TEODORO;-3.8890277777778;-38.609777777778;2013;5;103.9;9.2;2.0;4.9;0.0;0.0;0.2;0.0;0.0;2.0;1.6;0.0;0.0;0.0;0.0;11.1;0.0;0.0;0.0;35.0;1.3;3.0;6.3;8.3;19.0;0.0;0.0;0.0;0.0;0.0;0.0;0.0
Pacatuba;ESCOLA PROF LUIZA TEODORO;-3.8890277777778;-38.609777777778;2013;6;30.8;0.0;0.0;0.0;0.0;0.0;0.0;0.0;0.0;0.0;0.0;9.2;0.0;7.4;8.6;0.0;0.0;0.0;0.0;0.0;0.0;0.0;0.0;0.0;1.6;0.0;0.0;0.0;4.0;999.0;999.0;888.0
Pacatuba;ESCOLA PROF LUIZA TEODORO;-3.8890277777778;-38.609777777778;2013;7;11.3;0.0;0.0;0.0;9.0;0.0;0.0;0.0;0.0;0.0;0.0;0.0;1.3;0.0;0.0;0.0;0.0;0.0;0.0;1.0;0.0;0.0;0.0;0.0;0.0;0.0;0.0;0.0;0.0;0.0;0.0;0.0
Pacatuba;ESCOLA PROF LUIZA TEODORO;-3.8890277777778;-38.609777777778;2013;8;1.4;0.0;0.0;0.0;0.0;0.0;0.0;0.0;0.0;0.0;0.0;0.0;0.0;0.0;0.0;0.0;0.0;0.0;0.0;0.0;0.0;0.0;0.0;0.0;0.0;0.0;0.0;0.0;0.0;1.4;0.0;0.0
Pacatuba;ESCOLA PROF LUIZA TEODORO;-3.8890277777778;-38.609777777778;2013;9;0.0;0.0;0.0;0.0;0.0;0.0;0.0;0.0;0.0;0.0;0.0;0.0;0.0;0.0;0.0;0.0;0.0;0.0;0.0;0.0;0.0;0.0;0.0;0.0;0.0;0.0;0.0;0.0;0.0;0.0;0.0;888.0
Pacatuba;ESCOLA PROF LUIZA TEODORO;-3.8890277777778;-38.609777777778;2013;10;2.2;0.0;0.0;0.0;0.0;0.0;0.0;0.0;0.0;0.0;0.0;0.0;0.0;0.0;0.0;0.0;2.2;0.0;0.0;0.0;0.0;0.0;0.0;0.0;0.0;0.0;0.0;0.0;0.0;0.0;0.0;0.0
Pacatuba;ESCOLA PROF LUIZA TEODORO;-3.8890277777778;-38.609777777778;2013;11;0.0;0.0;0.0;0.0;0.0;0.0;0.0;0.0;0.0;0.0;0.0;0.0;0.0;0.0;0.0;0.0;0.0;0.0;0.0;0.0;0.0;0.0;0.0;0.0;0.0;0.0;0.0;0.0;0.0;0.0;0.0;888.0
Pacatuba;ESCOLA PROF LUIZA TEODORO;-3.8890277777778;-38.609777777778;2013;12;8.2;0.0;0.0;0.0;0.0;0.0;0.0;0.0;0.0;0.0;0.0;0.0;0.0;0.0;0.0;0.0;0.0;0.0;0.0;0.0;8.2;0.0;0.0;0.0;0.0;0.0;0.0;0.0;0.0;0.0;0.0;0.0
Pacatuba;ESCOLA PROF LUIZA TEODORO;-3.8890277777778;-38.609777777778;2014;1;84.5;0.0;0.0;0.0;7.4;2.2;0.0;12.0;3.4;0.0;0.0;0.0;6.2;4.0;2.0;0.0;0.0;0.0;0.0;0.0;0.0;0.0;0.0;0.0;0.0;0.0;0.0;6.0;0.0;0.0;10.0;31.3
Pacatuba;ESCOLA PROF LUIZA TEODORO;-3.8890277777778;-38.609777777778;2014;2;53.6;0.0;0.0;0.0;0.0;0.0;0.0;0.0;0.0;0.0;3.0;0.0;0.0;2.2;1.2;0.0;0.0;27.0;0.0;3.2;8.0;9.0;0.0;0.0;0.0;0.0;0.0;0.0;0.0;888.0;888.0;888.0
Pacatuba;ESCOLA PROF LUIZA TEODORO;-3.8890277777778;-38.609777777778;2014;3;210.9;0.0;0.0;0.0;28.0;9.2;0.0;14.0;0.6;0.0;0.0;16.2;8.2;4.0;999.0;2.2;9.1;1.0;3.3;17.4;0.0;0.0;0.0;0.0;0.0;0.0;0.0;0.0;3.2;34.2;6.0;54.3
Pacatuba;ESCOLA PROF LUIZA TEODORO;-3.8890277777778;-38.609777777778;2014;4;218.3;18.3;11.4;1.1;36.1;5.0;0.0;9.2;19.3;3.3;23.4;0.0;0.0;0.0;1.1;5.1;0.0;22.0;2.0;10.3;0.0;1.0;3.2;1.3;0.0;0.0;6.8;0.0;22.3;16.1;0.0;888.0
Pacatuba;ESCOLA PROF LUIZA TEODORO;-3.8890277777778;-38.609777777778;2014;5;159.2;46.4;9.3;0.0;0.0;11.2;0.0;0.0;0.0;0.0;0.0;0.0;7.3;4.3;0.0;12.0;8.1;0.0;0.0;1.4;0.0;0.0;14.4;1.0;3.0;0.0;0.0;0.0;0.0;40.8;0.0;0.0
Pacatuba;ESCOLA PROF LUIZA TEODORO;-3.8890277777778;-38.609777777778;2014;6;35.3;0.0;0.0;0.0;0.0;0.0;0.0;15.0;0.0;0.0;0.0;0.0;0.0;0.0;0.0;0.0;0.0;0.0;0.0;0.0;0.0;0.0;0.0;0.0;17.1;0.0;0.0;3.2;0.0;0.0;0.0;888.0
Pacatuba;ESCOLA PROF LUIZA TEODORO;-3.8890277777778;-38.609777777778;2014;7;23.2;0.0;7.0;0.0;0.0;0.0;0.0;0.0;0.0;16.2;0.0;0.0;0.0;0.0;0.0;0.0;0.0;0.0;0.0;0.0;0.0;0.0;0.0;0.0;0.0;0.0;0.0;0.0;0.0;0.0;0.0;0.0
Pacatuba;ESCOLA PROF LUIZA TEODORO;-3.8890277777778;-38.609777777778;2014;8;0.0;0.0;0.0;0.0;0.0;0.0;0.0;0.0;0.0;0.0;0.0;0.0;0.0;0.0;0.0;0.0;0.0;0.0;0.0;0.0;0.0;0.0;0.0;0.0;0.0;0.0;0.0;0.0;0.0;0.0;0.0;0.0
Pacatuba;ESCOLA PROF LUIZA TEODORO;-3.8890277777778;-38.609777777778;2014;9;0.0;0.0;0.0;0.0;0.0;0.0;0.0;0.0;0.0;0.0;0.0;0.0;0.0;0.0;0.0;0.0;0.0;0.0;0.0;0.0;0.0;0.0;0.0;0.0;0.0;0.0;0.0;0.0;0.0;0.0;0.0;888.0
Pacatuba;ESCOLA PROF LUIZA TEODORO;-3.8890277777778;-38.609777777778;2014;10;0.3;0.0;0.0;0.0;0.0;0.0;0.0;0.3;0.0;0.0;0.0;0.0;0.0;0.0;0.0;0.0;0.0;0.0;0.0;0.0;0.0;0.0;0.0;0.0;0.0;0.0;0.0;0.0;0.0;0.0;0.0;0.0
Pacatuba;ESCOLA PROF LUIZA TEODORO;-3.8890277777778;-38.609777777778;2014;11;0.0;0.0;0.0;0.0;0.0;0.0;0.0;0.0;0.0;0.0;0.0;0.0;0.0;0.0;0.0;0.0;0.0;0.0;0.0;0.0;0.0;0.0;0.0;0.0;0.0;0.0;0.0;0.0;0.0;0.0;0.0;888.0
Pacatuba;ESCOLA PROF LUIZA TEODORO;-3.8890277777778;-38.609777777778;2014;12;6.0;0.0;0.0;0.0;0.0;0.0;0.0;0.0;0.0;0.0;0.0;0.0;0.0;0.0;0.0;0.0;0.0;0.0;0.0;0.0;0.0;0.0;0.0;0.0;0.0;0.0;2.0;0.0;0.0;0.0;4.0;0.0
Pacatuba;ESCOLA PROF LUIZA TEODORO;-3.8890277777778;-38.609777777778;2015;1;58.6;0.0;0.0;33.2;9.0;0.0;0.0;0.0;0.0;6.0;0.0;0.0;0.0;1.4;0.0;0.0;0.0;0.0;0.0;4.0;0.0;0.0;0.0;0.0;0.0;0.0;0.0;0.0;5.0;0.0;0.0;0.0
Pacatuba;ESCOLA PROF LUIZA TEODORO;-3.8890277777778;-38.609777777778;2015;2;156.7;0.0;0.0;9.4;4.2;0.0;0.0;0.0;0.0;0.0;0.0;0.0;0.0;0.0;0.0;0.0;0.0;3.2;2.0;7.2;0.0;4.0;13.4;3.0;30.3;61.0;0.0;2.2;16.8;888.0;888.0;888.0
Pacatuba;ESCOLA PROF LUIZA TEODORO;-3.8890277777778;-38.609777777778;2015;3;262.1;6.0;9.5;3.0;3.0;3.0;12.0;6.2;0.0;68.2;19.0;29.0;0.0;0.0;0.0;0.0;0.0;5.0;0.0;5.0;0.0;0.0;15.0;0.0;29.0;0.0;0.0;36.1;0.0;0.0;5.0;8.1
Pacatuba;ESCOLA PROF LUIZA TEODORO;-3.8890277777778;-38.609777777778;2015;4;286.9;45.1;3.0;0.0;0.0;9.0;0.0;0.0;5.3;13.3;9.0;0.0;0.0;85.0;37.3;18.2;0.0;0.0;0.0;0.0;0.0;3.2;9.1;0.0;0.0;0.0;0.0;43.0;0.0;6.4;0.0;888.0
Pacatuba;ESCOLA PROF LUIZA TEODORO;-3.8890277777778;-38.609777777778;2015;5;53.4;1.0;0.0;0.0;1.2;0.0;0.0;0.0;10.0;15.2;0.0;0.0;0.0;0.0;0.0;0.0;0.0;0.0;0.0;0.0;0.0;0.0;11.0;0.0;0.0;5.0;5.0;0.0;5.0;0.0;0.0;0.0
Pacatuba;ESCOLA PROF LUIZA TEODORO;-3.8890277777778;-38.609777777778;2015;6;35.9;0.0;0.0;0.0;0.0;12.3;0.0;0.0;4.0;0.0;0.0;0.0;0.0;0.0;0.0;0.0;0.0;0.0;0.0;0.0;0.0;0.0;0.0;0.0;0.0;0.0;8.0;0.0;0.0;4.2;7.4;888.0
Pacatuba;ESCOLA PROF LUIZA TEODORO;-3.8890277777778;-38.609777777778;2015;7;134.9;1.0;0.0;32.1;32.4;36.3;0.0;0.0;0.0;3.4;0.0;0.0;0.0;0.0;0.0;0.0;0.0;11.2;13.1;0.0;0.0;0.0;0.0;5.1;0.0;0.0;0.0;0.0;0.0;0.3;0.0;0.0
Pacatuba;ESCOLA PROF LUIZA TEODORO;-3.8890277777778;-38.609777777778;2015;8;0.0;0.0;0.0;0.0;0.0;0.0;0.0;0.0;0.0;0.0;0.0;0.0;0.0;0.0;0.0;0.0;0.0;0.0;0.0;0.0;0.0;0.0;0.0;0.0;0.0;0.0;0.0;0.0;0.0;0.0;0.0;0.0
Pacatuba;ESCOLA PROF LUIZA TEODORO;-3.8890277777778;-38.609777777778;2015;9;0.0;0.0;0.0;0.0;0.0;0.0;0.0;0.0;0.0;0.0;0.0;0.0;0.0;0.0;0.0;0.0;0.0;0.0;0.0;0.0;0.0;0.0;0.0;0.0;0.0;0.0;0.0;0.0;0.0;0.0;0.0;888.0
Pacatuba;ESCOLA PROF LUIZA TEODORO;-3.8890277777778;-38.609777777778;2015;10;0.0;0.0;0.0;0.0;0.0;0.0;0.0;0.0;0.0;0.0;0.0;0.0;0.0;0.0;0.0;0.0;0.0;0.0;0.0;0.0;0.0;0.0;0.0;0.0;0.0;0.0;0.0;0.0;0.0;0.0;0.0;0.0
Pacatuba;ESCOLA PROF LUIZA TEODORO;-3.8890277777778;-38.609777777778;2015;11;1.4;0.0;0.0;0.0;0.0;0.0;0.0;0.0;0.0;1.0;0.0;0.0;0.4;0.0;0.0;0.0;0.0;0.0;0.0;0.0;0.0;0.0;0.0;0.0;0.0;0.0;0.0;0.0;0.0;0.0;0.0;888.0
Pacatuba;ESCOLA PROF LUIZA TEODORO;-3.8890277777778;-38.609777777778;2015;12;22.8;0.0;0.0;0.0;0.0;0.0;0.0;0.0;0.0;0.0;2.2;0.0;0.0;0.0;0.0;0.0;0.0;13.0;0.0;0.0;0.0;0.6;0.0;0.0;0.0;0.0;4.0;0.0;3.0;0.0;0.0;0.0
Pacatuba;ESCOLA PROF LUIZA TEODORO;-3.8890277777778;-38.609777777778;2016;1;232.5;0.0;0.0;0.0;0.0;0.0;0.0;0.0;0.0;23.0;0.0;5.3;0.0;0.0;0.0;0.0;0.0;0.0;0.0;34.7;2.8;49.0;43.0;2.3;0.0;72.4;0.0;0.0;0.0;0.0;0.0;0.0
Pacatuba;ESCOLA PROF LUIZA TEODORO;-3.8890277777778;-38.609777777778;2016;2;70.3;5.0;8.4;15.2;4.0;0.0;0.0;0.0;10.6;0.0;0.0;0.0;0.0;0.0;0.0;0.0;0.0;0.0;0.0;16.8;0.0;0.0;1.6;6.2;0.0;0.0;0.0;0.0;0.0;2.5;888.0;888.0
Pacatuba;ESCOLA PROF LUIZA TEODORO;-3.8890277777778;-38.609777777778;2016;3;228.1;0.0;0.0;0.0;0.0;0.0;0.0;0.0;0.0;0.0;5.3;0.0;0.0;4.0;61.4;6.3;11.4;0.0;4.8;0.0;0.0;0.0;2.8;0.0;0.8;10.8;9.0;36.6;0.5;4.4;37.0;33.0
Pacatuba;ESCOLA PROF LUIZA TEODORO;-3.8890277777778;-38.609777777778;2016;4;354.6;112.4;61.0;34.3;7.2;27.1;3.8;1.5;0.3;0.0;0.0;12.2;37.2;0.0;0.0;0.0;7.4;0.0;0.2;0.0;0.0;0.0;7.2;36.2;0.0;0.0;0.0;0.0;0.0;6.6;0.0;888.0
Pacatuba;ESCOLA PROF LUIZA TEODORO;-3.8890277777778;-38.609777777778;2016;5;94.2;0.0;1.6;13.6;0.0;0.0;0.0;0.0;0.0;2.4;0.0;33.0;12.0;19.2;0.0;0.0;0.0;0.0;0.0;3.0;0.0;0.0;0.0;0.0;0.0;1.0;0.0;0.0;0.0;0.0;2.4;6.0
Pacatuba;ESCOLA PROF LUIZA TEODORO;-3.8890277777778;-38.609777777778;2016;6;32.6;0.4;0.0;0.0;0.0;0.0;0.0;15.4;0.0;0.0;2.0;11.4;0.0;3.2;0.0;0.0;0.0;0.0;0.0;0.0;0.0;0.0;0.0;0.2;0.0;0.0;0.0;0.0;0.0;0.0;0.0;888.0
Pacatuba;ESCOLA PROF LUIZA TEODORO;-3.8890277777778;-38.609777777778;2016;7;0.3;0.0;0.0;0.0;0.0;0.0;0.0;0.0;0.0;0.0;0.0;0.0;0.3;0.0;0.0;0.0;0.0;0.0;0.0;0.0;0.0;0.0;0.0;0.0;0.0;0.0;0.0;0.0;0.0;0.0;0.0;0.0
Pacatuba;ESCOLA PROF LUIZA TEODORO;-3.8890277777778;-38.609777777778;2016;8;0.0;0.0;0.0;0.0;0.0;0.0;0.0;0.0;0.0;0.0;0.0;0.0;0.0;0.0;0.0;0.0;0.0;0.0;0.0;0.0;0.0;0.0;0.0;0.0;0.0;0.0;0.0;0.0;0.0;0.0;0.0;0.0
Pacatuba;ESCOLA PROF LUIZA TEODORO;-3.8890277777778;-38.609777777778;2016;9;1.9;0.0;0.0;0.0;0.0;0.0;0.0;0.0;0.0;0.0;0.0;1.9;0.0;0.0;0.0;0.0;0.0;0.0;0.0;0.0;0.0;0.0;0.0;0.0;0.0;0.0;0.0;0.0;0.0;0.0;0.0;888.0
Pacatuba;ESCOLA PROF LUIZA TEODORO;-3.8890277777778;-38.609777777778;2016;10;1.9;0.0;0.0;0.0;0.0;0.0;0.0;0.0;0.0;0.0;0.0;0.0;0.0;0.0;0.0;0.0;0.0;0.0;0.0;0.2;0.0;0.4;0.3;0.0;0.0;1.0;0.0;0.0;0.0;0.0;0.0;0.0
Pacatuba;ESCOLA PROF LUIZA TEODORO;-3.8890277777778;-38.609777777778;2016;11;7.6;0.0;0.0;0.0;0.0;0.0;0.0;0.6;0.0;1.0;3.0;0.0;0.0;0.0;0.0;0.0;1.7;1.3;0.0;0.0;0.0;0.0;0.0;0.0;0.0;0.0;0.0;0.0;0.0;0.0;0.0;888.0
Pacatuba;ESCOLA PROF LUIZA TEODORO;-3.8890277777778;-38.609777777778;2016;12;33.0;0.0;0.0;0.0;0.0;0.0;0.0;0.0;0.0;0.0;0.0;0.0;0.0;0.0;0.0;4.0;0.0;0.0;21.0;0.0;0.0;0.0;0.0;0.0;0.0;0.0;0.0;0.0;3.2;0.0;4.8;0.0
Pacatuba;ESCOLA PROF LUIZA TEODORO;-3.8890277777778;-38.609777777778;2017;1;155.2;0.0;0.0;6.4;32.9;0.0;0.0;0.0;30.2;0.0;0.0;4.2;27.0;0.0;0.0;0.0;0.0;0.0;4.4;1.6;7.1;9.2;7.0;5.0;1.0;0.0;0.0;5.4;5.2;5.2;0.0;3.4
Pacatuba;ESCOLA PROF LUIZA TEODORO;-3.8890277777778;-38.609777777778;2017;2;208.3;5.2;0.6;0.0;0.0;0.0;0.0;0.0;1.8;0.0;0.0;88.0;8.6;0.0;0.0;0.5;0.0;0.1;34.0;7.0;17.2;2.1;16.1;0.0;0.0;5.0;2.1;12.0;8.0;888.0;888.0;888.0
Pacatuba;ESCOLA PROF LUIZA TEODORO;-3.8890277777778;-38.609777777778;2017;3;408.4;15.8;41.3;46.0;24.0;2.2;31.2;4.5;14.8;22.0;2.2;0.0;0.0;17.2;1.0;0.0;0.0;0.0;22.6;5.0;8.0;1.7;32.7;41.6;27.4;7.0;0.0;3.6;16.8;0.0;6.6;13.2
Pacatuba;ESCOLA PROF LUIZA TEODORO;-3.8890277777778;-38.609777777778;2017;4;311.3;13.2;4.0;2.0;0.3;72.2;0.8;0.0;0.0;0.0;17.9;84.8;19.8;27.8;1.8;1.2;0.0;0.0;0.0;0.2;17.8;1.2;0.2;8.6;21.6;0.0;3.0;0.5;6.2;0.2;6.0;888.0
Pacatuba;ESCOLA PROF LUIZA TEODORO;-3.8890277777778;-38.609777777778;2017;5;193.5;6.2;0.5;0.0;5.0;8.6;0.0;0.0;1.2;16.8;22.0;0.5;0.0;0.0;0.0;0.0;0.0;0.0;1.2;3.2;30.2;0.0;0.0;0.0;0.0;0.0;4.6;0.0;44.0;10.6;37.3;1.6
Pacatuba;ESCOLA PROF LUIZA TEODORO;-3.8890277777778;-38.609777777778;2017;6;44.0;5.4;0.0;0.0;0.0;3.6;0.0;0.0;0.0;0.0;0.0;13.0;10.6;0.0;0.0;0.0;0.0;4.0;0.0;7.4;0.0;0.0;0.0;0.0;0.0;0.0;0.0;0.0;0.0;0.0;0.0;888.0
Pacatuba;ESCOLA PROF LUIZA TEODORO;-3.8890277777778;-38.609777777778;2017;7;129.9;7.3;37.0;39.5;0.0;0.0;0.1;3.1;0.0;0.0;0.0;0.0;0.0;0.0;0.0;0.0;0.0;0.0;0.0;0.0;1.0;32.7;9.2;0.0;0.0;0.0;0.0;0.0;0.0;0.0;0.0;0.0
Pacatuba;ESCOLA PROF LUIZA TEODORO;-3.8890277777778;-38.609777777778;2017;8;5.6;0.0;0.0;0.0;0.0;4.6;0.0;0.0;0.0;0.0;0.0;0.0;0.0;0.0;0.0;0.0;1.0;0.0;0.0;0.0;0.0;0.0;0.0;0.0;0.0;0.0;0.0;0.0;0.0;0.0;0.0;0.0
Pacatuba;ESCOLA PROF LUIZA TEODORO;-3.8890277777778;-38.609777777778;2017;9;1.2;0.0;0.0;0.0;0.0;0.0;1.2;0.0;0.0;0.0;0.0;0.0;0.0;0.0;0.0;0.0;0.0;0.0;0.0;0.0;0.0;0.0;0.0;0.0;0.0;0.0;0.0;0.0;0.0;0.0;0.0;888.0
Pacatuba;ESCOLA PROF LUIZA TEODORO;-3.8890277777778;-38.609777777778;2017;10;8.1;0.0;0.0;0.0;0.0;0.0;0.0;0.0;0.0;0.0;0.0;0.0;0.0;0.0;0.0;5.3;1.0;1.0;0.8;0.0;0.0;0.0;0.0;0.0;0.0;0.0;0.0;0.0;0.0;0.0;0.0;0.0
Pacatuba;ESCOLA PROF LUIZA TEODORO;-3.8890277777778;-38.609777777778;2017;11;19.5;0.0;0.0;0.0;0.0;0.0;0.0;0.0;0.0;0.0;0.0;0.0;0.0;0.0;0.0;0.0;0.0;2.0;10.0;0.0;0.0;0.0;0.0;0.0;0.0;1.2;2.6;0.0;1.4;2.3;0.0;888.0
Pacatuba;ESCOLA PROF LUIZA TEODORO;-3.8890277777778;-38.609777777778;2017;12;51.5;0.0;0.0;0.5;0.0;0.0;0.0;0.0;0.0;0.0;0.0;0.0;0.0;0.0;0.0;0.0;0.0;0.0;0.0;0.0;1.0;8.6;4.0;9.0;0.0;3.0;0.4;17.0;5.2;0.0;0.0;2.8
Pacatuba;ESCOLA PROF LUIZA TEODORO;-3.8890277777778;-38.609777777778;2018;1;100.7;0.0;0.0;0.0;0.0;0.3;0.4;0.0;0.0;10.6;0.0;4.2;0.0;3.0;0.0;2.0;0.0;0.0;16.0;14.4;0.9;0.0;1.5;1.0;19.8;0.8;0.0;9.0;14.2;2.6;0.0;0.0
Pacatuba;ESCOLA PROF LUIZA TEODORO;-3.8890277777778;-38.609777777778;2018;2;243.0;0.0;6.3;4.2;0.0;10.0;12.0;12.0;0.0;2.1;0.0;4.3;28.1;7.1;35.3;0.0;0.8;24.0;30.2;7.0;4.1;0.7;5.2;5.1;19.4;23.3;1.6;0.0;0.2;888.0;888.0;888.0
Pacatuba;ESCOLA PROF LUIZA TEODORO;-3.8890277777778;-38.609777777778;2018;3;114.6;5.1;11.4;0.0;0.9;0.0;0.0;0.0;3.2;0.0;8.1;13.2;0.1;1.3;1.8;0.0;0.0;0.0;0.0;1.2;0.0;0.0;0.3;13.0;0.0;1.0;2.8;18.8;12.1;2.0;18.2;0.1
Pacatuba;ESCOLA PROF LUIZA TEODORO;-3.8890277777778;-38.609777777778;2018;4;270.1;3.6;8.0;9.9;0.4;6.1;7.8;3.3;1.0;0.0;4.1;14.4;3.2;0.2;0.0;0.0;59.3;98.5;2.0;0.0;0.0;0.0;0.0;0.4;27.0;0.0;8.9;0.0;0.0;0.0;12.0;888.0
Pacatuba;ESCOLA PROF LUIZA TEODORO;-3.8890277777778;-38.609777777778;2018;5;95.1;14.0;14.5;0.8;0.3;0.0;18.0;1.5;4.0;0.7;28.8;1.3;0.0;0.0;0.1;0.0;0.0;0.0;0.0;0.0;0.0;0.0;10.2;0.0;0.0;0.0;0.0;0.0;0.0;0.9;0.0;0.0
Pacatuba;ESCOLA PROF LUIZA TEODORO;-3.8890277777778;-38.609777777778;2018;6;67.3;4.5;0.0;0.0;1.4;0.0;0.0;0.3;0.0;8.0;0.0;0.0;0.0;0.0;0.0;0.0;0.0;7.2;0.9;45.0;0.0;0.0;0.0;0.0;0.0;0.0;0.0;0.0;0.0;0.0;0.0;888.0
Pacatuba;ESCOLA PROF LUIZA TEODORO;-3.8890277777778;-38.609777777778;2018;7;199.9;0.0;0.0;0.0;0.0;0.0;0.0;67.3;25.0;0.0;94.5;13.1;0.0;0.0;0.0;0.0;0.0;0.0;0.0;0.0;0.0;0.0;0.0;0.0;0.0;0.0;0.0;0.0;0.0;0.0;0.0;0.0
Pacatuba;ESCOLA PROF LUIZA TEODORO;-3.8890277777778;-38.609777777778;2018;8;5.7;0.0;0.6;0.0;0.0;0.0;0.0;0.0;0.0;0.0;0.6;0.1;3.4;0.0;0.0;0.0;0.0;0.0;0.0;0.0;0.0;0.0;0.0;0.0;0.0;0.0;0.0;0.0;1.0;0.0;0.0;0.0
Pacatuba;ESCOLA PROF LUIZA TEODORO;-3.8890277777778;-38.609777777778;2018;9;1.5;0.0;0.0;0.0;0.0;0.0;0.0;0.0;0.0;0.0;0.0;1.5;0.0;0.0;0.0;0.0;0.0;0.0;0.0;0.0;0.0;0.0;0.0;0.0;0.0;0.0;0.0;0.0;0.0;0.0;0.0;888.0
Pacatuba;ESCOLA PROF LUIZA TEODORO;-3.8890277777778;-38.609777777778;2018;10;7.7;0.0;0.0;0.0;1.6;0.2;0.0;0.0;0.0;0.0;0.0;0.0;0.0;0.0;4.0;0.4;0.0;0.0;0.0;1.3;0.0;0.0;0.0;0.2;0.0;0.0;0.0;0.0;0.0;0.0;0.0;0.0
Pacatuba;ESCOLA PROF LUIZA TEODORO;-3.8890277777778;-38.609777777778;2018;11;5.1;0.0;0.0;0.0;0.0;0.7;3.4;0.7;0.2;0.0;0.0;0.0;0.0;0.0;0.0;0.0;0.0;0.0;0.0;0.0;0.0;0.0;0.0;0.1;0.0;0.0;0.0;0.0;0.0;0.0;0.0;888.0
Pacatuba;ESCOLA PROF LUIZA TEODORO;-3.8890277777778;-38.609777777778;2018;12;115.1;0.0;3.4;1.0;0.0;0.0;1.8;0.0;0.0;2.5;16.7;0.1;0.0;0.0;0.4;8.1;0.0;10.1;41.3;0.0;0.0;0.0;0.0;25.0;4.6;0.0;0.0;0.0;0.0;0.0;0.0;0.1
Pacatuba;ESCOLA PROF LUIZA TEODORO;-3.8890277777778;-38.609777777778;2019;1;260.0;0.0;0.0;0.0;0.0;1.4;0.0;0.0;1.0;38.0;14.4;14.1;0.0;0.0;12.3;57.6;23.0;0.0;15.2;69.1;1.3;1.8;0.0;0.0;3.0;1.1;0.0;4.1;0.0;0.0;0.0;2.6
Pacatuba;ESCOLA PROF LUIZA TEODORO;-3.8890277777778;-38.609777777778;2019;2;270.0;3.3;0.0;0.0;0.0;0.0;0.0;56.8;12.2;0.0;0.0;0.0;0.0;0.8;13.0;0.0;13.2;0.0;15.6;0.0;4.2;0.0;9.0;18.2;121.3;0.0;0.0;0.0;2.4;888.0;888.0;888.0
Pacatuba;ESCOLA PROF LUIZA TEODORO;-3.8890277777778;-38.609777777778;2019;3;53.8;3.7;0.0;0.0;0.0;0.0;0.0;3.3;0.4;0.0;0.0;7.1;0.0;9.0;0.5;2.7;0.0;0.0;0.0;0.0;22.9;0.0;0.0;0.0;0.0;0.0;0.0;0.0;4.2;0.0;0.0;0.0
Pacatuba;ESCOLA PROF LUIZA TEODORO;-3.8890277777778;-38.609777777778;2019;4;342.4;11.9;68.7;12.6;70.1;3.6;0.0;0.0;1.5;6.2;0.8;0.0;66.3;18.0;0.0;10.2;0.0;3.9;0.0;0.0;0.0;0.0;2.3;11.6;0.0;34.7;1.8;0.0;0.0;16.0;2.2;888.0
Pacatuba;ESCOLA PROF LUIZA TEODORO;-3.8890277777778;-38.609777777778;2019;5;287.2;33.4;22.9;1.2;0.0;0.0;1.2;0.0;10.6;0.0;0.0;0.0;0.0;5.8;0.0;4.7;0.0;3.3;0.0;60.3;9.3;0.0;111.2;11.9;4.6;0.0;0.0;0.0;0.0;0.0;6.8;0.0
Pacatuba;ESCOLA PROF LUIZA TEODORO;-3.8890277777778;-38.609777777778;2019;6;133.0;0.0;0.0;0.0;0.0;0.0;0.0;0.0;0.3;0.0;1.2;0.0;58.8;22.8;43.6;0.0;4.2;2.0;0.0;0.1;0.0;0.0;0.0;0.0;0.0;0.0;0.0;0.0;0.0;0.0;0.0;888.0
Pacatuba;ESCOLA PROF LUIZA TEODORO;-3.8890277777778;-38.609777777778;2019;7;96.2;2.2;4.0;10.3;0.0;0.3;0.0;0.0;0.0;0.0;0.0;0.0;0.0;0.0;10.2;0.0;0.0;0.0;0.0;0.0;0.0;0.0;0.0;69.2;0.0;0.0;0.0;0.0;0.0;0.0;0.0;0.0
Pacatuba;ESCOLA PROF LUIZA TEODORO;-3.8890277777778;-38.609777777778;2019;8;4.9;0.0;0.0;0.0;1.3;0.0;0.0;2.8;0.0;0.0;0.0;0.0;0.0;0.0;0.8;0.0;0.0;0.0;0.0;0.0;0.0;0.0;0.0;0.0;0.0;0.0;0.0;0.0;0.0;0.0;0.0;0.0
Pacatuba;ESCOLA PROF LUIZA TEODORO;-3.8890277777778;-38.609777777778;2019;9;8.9;0.0;4.2;0.5;0.0;0.0;1.2;0.0;0.8;0.0;0.0;0.0;0.0;0.0;0.0;0.0;1.0;0.0;0.0;0.0;0.0;0.0;1.2;0.0;0.0;0.0;0.0;0.0;0.0;0.0;0.0;888.0
Pacatuba;ESCOLA PROF LUIZA TEODORO;-3.8890277777778;-38.609777777778;2019;10;3.0;0.0;0.0;0.0;0.0;0.0;0.0;0.0;0.0;0.0;0.0;0.0;0.0;0.0;1.0;0.0;0.0;0.0;0.0;0.0;0.0;0.0;0.0;0.0;0.0;0.0;2.0;0.0;0.0;0.0;0.0;0.0
Pacatuba;ESCOLA PROF LUIZA TEODORO;-3.8890277777778;-38.609777777778;2019;11;1.4;0.0;0.0;0.0;0.0;0.0;0.0;0.0;0.0;0.0;0.0;0.0;0.0;0.0;0.0;0.0;0.0;0.0;0.0;0.0;0.0;0.5;0.0;0.0;0.0;0.0;0.0;0.0;0.9;0.0;0.0;888.0
Pacatuba;ESCOLA PROF LUIZA TEODORO;-3.8890277777778;-38.609777777778;2019;12;0.0;0.0;0.0;0.0;0.0;0.0;0.0;0.0;0.0;0.0;0.0;0.0;0.0;0.0;0.0;0.0;0.0;0.0;0.0;0.0;0.0;0.0;0.0;0.0;0.0;0.0;0.0;0.0;0.0;0.0;0.0;0.0
Pacatuba;ESCOLA PROF LUIZA TEODORO;-3.8890277777778;-38.609777777778;2020;1;194.7;20.1;11.2;10.2;0.0;0.0;3.2;0.0;4.0;0.0;38.4;8.4;14.3;0.0;0.0;0.0;0.0;0.0;0.0;0.0;0.0;0.0;0.0;0.0;0.0;0.0;0.0;0.0;62.8;0.0;0.1;22.0
Pacatuba;ESCOLA PROF LUIZA TEODORO;-3.8890277777778;-38.609777777778;2020;2;404.7;22.2;20.0;4.8;0.0;67.2;30.4;3.6;0.0;0.0;4.0;3.0;0.0;0.0;0.0;51.0;19.0;23.0;1.9;12.5;31.9;1.6;35.1;38.4;0.0;8.2;1.6;25.3;0.0;0.0;888.0;888.0
Pacatuba;ESCOLA PROF LUIZA TEODORO;-3.8890277777778;-38.609777777778;2020;3;496.9;0.0;16.7;0.0;49.8;4.1;0.7;0.0;13.2;40.5;13.7;0.0;19.6;50.2;20.1;35.8;34.6;0.0;16.2;0.0;34.0;0.0;8.2;0.0;36.3;0.0;49.4;6.2;6.8;0.0;2.8;38.0
Pacatuba;ESCOLA PROF LUIZA TEODORO;-3.8890277777778;-38.609777777778;2020;4;356.8;17.5;3.0;0.0;6.3;10.0;26.0;0.0;0.0;9.8;0.0;42.8;11.0;23.0;0.0;0.2;0.0;7.0;25.0;17.0;0.0;22.4;8.1;2.6;21.0;28.6;9.0;39.6;13.3;1.6;12.0;888.0
Pacatuba;ESCOLA PROF LUIZA TEODORO;-3.8890277777778;-38.609777777778;2020;5;179.7;10.8;0.0;0.0;0.0;0.8;2.0;0.0;0.0;0.0;34.0;0.0;0.0;0.0;4.0;4.4;10.0;25.0;0.0;0.0;0.0;31.4;6.9;14.2;0.0;0.6;0.0;0.0;0.0;7.4;0.0;28.2
Pacatuba;ESCOLA PROF LUIZA TEODORO;-3.8890277777778;-38.609777777778;2020;6;85.5;8.3;2.2;2.0;0.0;10.0;0.0;7.3;9.6;0.0;4.6;7.0;3.9;9.3;10.8;0.0;0.0;0.0;2.0;0.0;0.0;0.0;0.0;0.0;0.0;0.0;0.0;2.1;0.0;0.0;6.4;888.0
Pacatuba;ESCOLA PROF LUIZA TEODORO;-3.8890277777778;-38.609777777778;2020;7;46.5;0.0;0.0;5.1;0.0;0.0;3.2;21.0;0.0;0.0;4.0;0.0;0.0;0.0;0.0;0.0;0.0;0.0;0.0;0.0;0.0;13.2;0.0;0.0;0.0;0.0;0.0;0.0;0.0;0.0;0.0;0.0
Pacatuba;ESCOLA PROF LUIZA TEODORO;-3.8890277777778;-38.609777777778;2020;8;0.0;0.0;0.0;0.0;0.0;0.0;0.0;0.0;0.0;0.0;0.0;0.0;0.0;0.0;0.0;0.0;0.0;0.0;0.0;0.0;0.0;0.0;0.0;0.0;0.0;0.0;0.0;0.0;0.0;0.0;0.0;0.0
Pacatuba;ESCOLA PROF LUIZA TEODORO;-3.8890277777778;-38.609777777778;2020;9;0.0;0.0;0.0;0.0;0.0;0.0;0.0;0.0;0.0;0.0;0.0;0.0;0.0;0.0;0.0;0.0;0.0;0.0;0.0;0.0;0.0;0.0;0.0;0.0;0.0;0.0;0.0;0.0;0.0;0.0;0.0;888.0
Pacatuba;ESCOLA PROF LUIZA TEODORO;-3.8890277777778;-38.609777777778;2020;10;7.0;0.0;0.0;0.0;0.0;0.0;0.0;0.0;0.0;0.0;0.0;0.0;0.0;0.0;0.0;0.0;0.0;0.0;0.0;4.9;0.0;0.0;1.1;1.0;0.0;0.0;0.0;0.0;0.0;0.0;0.0;0.0
Pacatuba;ESCOLA PROF LUIZA TEODORO;-3.8890277777778;-38.609777777778;2020;11;17.7;1.3;0.0;2.9;0.0;0.0;0.0;0.0;0.0;0.0;0.0;9.6;0.1;0.0;0.0;0.0;0.0;0.0;0.1;0.0;0.2;0.0;0.0;0.0;0.3;3.2;0.0;0.0;0.0;0.0;0.0;888.0
Pacatuba;ESCOLA PROF LUIZA TEODORO;-3.8890277777778;-38.609777777778;2020;12;8.6;0.4;0.1;1.0;0.0;0.0;0.0;0.0;0.0;0.0;0.0;0.0;0.0;2.2;0.0;0.2;0.0;3.7;0.0;0.0;0.0;1.0;0.0;0.0;0.0;0.0;0.0;0.0;0.0;0.0;0.0;0.0
Pacatuba;ESCOLA PROF LUIZA TEODORO;-3.8890277777778;-38.609777777778;2021;1;117.7;0.0;0.2;0.0;6.8;2.3;5.1;0.3;0.0;0.0;1.0;0.0;0.0;3.1;2.9;4.0;0.0;0.0;0.0;0.0;46.7;16.9;6.8;0.0;0.0;4.3;14.2;0.0;1.2;0.0;1.7;0.2
Pacatuba;ESCOLA PROF LUIZA TEODORO;-3.8890277777778;-38.609777777778;2021;2;65.8;0.1;0.0;0.0;0.0;0.0;0.0;0.0;0.4;0.0;0.0;2.8;3.0;0.4;0.0;4.7;4.7;7.0;0.0;0.0;3.1;21.6;0.9;6.8;4.0;0.0;1.0;5.2;0.1;888.0;888.0;888.0
Pacatuba;ESCOLA PROF LUIZA TEODORO;-3.8890277777778;-38.609777777778;2021;3;377.4;33.2;25.2;8.4;4.2;5.0;0.0;0.0;9.8;13.9;0.0;0.0;3.9;0.0;5.3;0.0;8.0;20.2;17.0;8.5;3.1;18.5;2.0;7.8;26.0;34.0;98.4;25.0;0.0;0.0;0.0;0.0
Pacatuba;ESCOLA PROF LUIZA TEODORO;-3.8890277777778;-38.609777777778;2021;4;86.3;6.1;0.0;0.2;0.6;0.0;1.4;0.0;0.0;0.0;0.0;4.1;2.8;2.3;7.9;12.1;0.0;0.0;5.0;4.2;0.6;0.0;0.0;8.2;7.0;11.2;0.0;5.9;0.0;6.7;0.0;888.0
Pacatuba;ESCOLA PROF LUIZA TEODORO;-3.8890277777778;-38.609777777778;2021;5;313.9;11.5;3.6;0.0;34.6;57.5;18.8;109.5;1.1;0.9;4.3;0.9;5.8;19.9;18.1;23.8;3.6;0.0;0.0;0.0;0.0;0.0;0.0;0.0;0.0;0.0;0.0;0.0;0.0;0.0;0.0;0.0
Pacatuba;ESCOLA PROF LUIZA TEODORO;-3.8890277777778;-38.609777777778;2021;6;16.2;0.0;0.0;0.0;0.0;0.0;0.0;0.0;0.0;1.0;0.0;0.0;0.0;0.0;0.0;0.0;0.0;0.6;11.0;3.6;0.0;0.0;0.0;0.0;0.0;0.0;0.0;0.0;0.0;0.0;0.0;888.0
Pacatuba;ESCOLA PROF LUIZA TEODORO;-3.8890277777778;-38.609777777778;2021;7;95.1;0.0;78.0;1.2;0.0;0.0;0.0;0.0;0.0;0.0;0.0;0.0;0.0;0.0;0.0;0.0;0.0;0.0;0.0;0.0;15.9;0.0;0.0;0.0;0.0;0.0;0.0;0.0;0.0;0.0;0.0;0.0
Pacatuba;ESCOLA PROF LUIZA TEODORO;-3.8890277777778;-38.609777777778;2021;8;1.9;0.0;0.0;0.0;0.0;0.0;0.0;0.0;0.0;0.0;0.0;0.0;0.0;1.9;0.0;0.0;0.0;0.0;0.0;0.0;0.0;0.0;0.0;0.0;0.0;0.0;0.0;0.0;0.0;0.0;0.0;0.0
Pacatuba;ESCOLA PROF LUIZA TEODORO;-3.8890277777778;-38.609777777778;2021;9;2.5;0.0;0.0;0.0;0.0;0.0;0.0;0.0;0.0;0.0;0.0;0.0;0.0;0.0;0.0;0.0;0.0;0.0;0.0;0.0;0.0;0.0;0.0;0.0;0.0;0.0;2.5;0.0;0.0;0.0;0.0;888.0
Pacatuba;ESCOLA PROF LUIZA TEODORO;-3.8890277777778;-38.609777777778;2021;10;14.4;0.0;0.0;0.0;0.0;0.0;0.0;0.0;0.0;2.8;0.0;0.0;0.0;1.0;0.2;2.4;0.0;0.6;0.0;0.0;0.0;0.0;0.0;0.0;0.0;0.0;0.7;0.3;0.0;0.0;4.1;2.3
Pacatuba;ESCOLA PROF LUIZA TEODORO;-3.8890277777778;-38.609777777778;2021;11;70.1;43.5;9.2;0.0;0.0;0.0;0.0;0.0;0.0;0.0;0.0;0.0;0.6;0.0;9.8;3.4;0.0;0.0;1.6;1.2;0.0;0.0;0.0;0.0;0.0;0.0;0.0;0.0;0.8;0.0;0.0;888.0
Pacatuba;ESCOLA PROF LUIZA TEODORO;-3.8890277777778;-38.609777777778;2021;12;23.8;0.0;0.0;0.0;0.0;0.0;0.0;4.1;0.0;0.0;0.0;1.3;0.0;0.0;0.0;0.0;0.0;0.0;0.0;1.2;0.0;0.0;0.0;0.0;0.0;0.0;5.0;7.0;1.0;2.1;0.0;2.1
Pacatuba;ESCOLA PROF LUIZA TEODORO;-3.8890277777778;-38.609777777778;2022;1;230.1;5.2;10.9;24.0;4.2;5.0;34.0;0.0;1.2;0.0;41.7;0.0;0.0;0.0;12.0;0.0;25.1;5.0;0.9;0.0;8.1;2.1;5.5;5.3;0.0;0.0;0.4;19.0;11.5;7.6;0.0;1.4
Pacatuba;ESCOLA PROF LUIZA TEODORO;-3.8890277777778;-38.609777777778;2022;2;188.4;0.0;4.0;0.0;25.6;53.2;5.2;0.0;0.0;4.4;1.2;0.0;0.0;1.1;1.2;0.3;13.0;12.3;0.0;49.0;0.0;14.2;2.6;0.0;0.0;0.0;0.0;1.1;0.0;888.0;888.0;888.0
Pacatuba;ESCOLA PROF LUIZA TEODORO;-3.8890277777778;-38.609777777778;2022;3;441.1;0.0;1.4;0.0;1.3;0.0;9.6;54.9;0.2;0.0;0.6;31.0;31.8;9.5;3.6;2.0;2.8;12.8;0.0;9.0;9.1;6.5;26.4;21.8;9.2;6.9;42.6;1.5;24.0;36.0;25.6;61.0
Pacatuba;ESCOLA PROF LUIZA TEODORO;-3.8890277777778;-38.609777777778;2022;4;438.6;2.0;87.8;0.2;19.1;0.4;0.0;28.6;15.2;8.0;8.0;7.2;18.2;0.0;0.0;0.0;7.9;21.1;27.9;17.4;11.9;0.0;12.0;50.6;24.1;2.0;0.2;0.0;0.5;14.8;53.5;888.0
Pacatuba;ESCOLA PROF LUIZA TEODORO;-3.8890277777778;-38.609777777778;2022;5;220.8;0.0;3.0;4.3;0.2;34.0;16.1;6.8;1.0;1.1;0.9;0.0;46.0;15.0;6.9;0.0;0.5;0.0;0.0;0.0;0.0;0.0;12.9;21.3;1.5;13.8;0.2;6.6;10.2;14.5;0.0;4.0
Pacatuba;ESCOLA PROF LUIZA TEODORO;-3.8890277777778;-38.609777777778;2022;6;159.0;5.0;36.6;28.5;0.4;38.2;14.0;4.9;0.0;1.9;5.2;0.0;0.2;0.0;0.0;0.0;0.0;0.0;0.0;0.0;0.0;8.9;4.8;0.0;1.6;2.5;0.0;0.0;0.6;0.0;5.7;888.0
Pacatuba;ESCOLA PROF LUIZA TEODORO;-3.8890277777778;-38.609777777778;2022;7;99.3;0.0;23.7;15.0;0.0;1.5;0.0;11.5;0.2;5.2;0.0;0.0;0.0;0.0;0.0;0.0;0.0;0.0;0.0;0.0;0.0;0.0;3.2;0.0;0.0;0.0;0.0;0.0;0.0;0.0;0.0;39.0
Pacatuba;ESCOLA PROF LUIZA TEODORO;-3.8890277777778;-38.609777777778;2022;8;14.2;0.5;0.0;1.6;7.2;0.1;0.0;0.0;0.2;0.0;0.0;0.0;0.0;4.4;0.0;0.0;0.0;0.0;0.0;0.0;0.0;0.0;0.0;0.0;0.2;0.0;0.0;0.0;0.0;0.0;0.0;0.0
Pacatuba;ESCOLA PROF LUIZA TEODORO;-3.8890277777778;-38.609777777778;2022;9;2.5;0.0;0.0;0.0;0.0;0.0;0.0;0.0;0.0;0.0;0.0;0.0;0.0;0.0;0.5;0.0;0.0;0.0;0.0;1.8;0.0;0.0;0.0;0.0;0.0;0.0;0.0;0.0;0.2;0.0;0.0;888.0
Pacatuba;ESCOLA PROF LUIZA TEODORO;-3.8890277777778;-38.609777777778;2022;10;6.0;0.0;0.0;0.0;0.0;0.0;0.0;0.0;0.0;0.0;0.0;0.0;0.0;0.0;0.0;0.0;0.0;0.0;0.0;2.5;0.0;0.0;0.0;3.0;0.0;0.0;0.5;0.0;0.0;0.0;0.0;0.0
Pacatuba;ESCOLA PROF LUIZA TEODORO;-3.8890277777778;-38.609777777778;2022;11;17.0;0.0;0.0;0.0;0.0;0.0;0.0;5.8;0.6;0.0;0.0;0.0;0.0;0.0;2.0;6.5;0.0;0.0;0.0;0.0;0.0;0.8;0.0;0.0;1.2;0.1;0.0;0.0;0.0;0.0;0.0;888.0
Pacatuba;ESCOLA PROF LUIZA TEODORO;-3.8890277777778;-38.609777777778;2022;12;28.8;0.2;1.7;0.0;0.0;0.8;0.0;0.0;0.0;0.0;0.0;0.0;0.0;0.0;0.0;0.0;0.0;0.0;0.0;0.0;0.0;0.0;1.4;0.0;5.0;13.0;0.6;0.0;0.0;4.5;1.6;0.0
Pacatuba;ESCOLA PROF LUIZA TEODORO;-3.8890277777778;-38.609777777778;2023;1;177.5;1.8;0.0;4.8;0.8;2.0;0.0;0.0;0.0;0.0;1.4;0.0;0.1;0.0;0.0;2.0;36.7;17.4;0.0;8.1;17.5;3.0;0.0;5.6;0.0;35.5;21.6;0.0;0.0;0.0;12.2;7.0
Pacatuba;ESCOLA PROF LUIZA TEODORO;-3.8890277777778;-38.609777777778;2023;2;217.4;7.7;41.0;1.5;1.0;1.0;6.0;22.8;3.0;1.2;0.0;0.5;0.0;10.2;2.0;3.6;23.4;1.5;0.0;0.0;1.0;2.0;2.5;19.0;52.5;3.5;6.0;4.5;0.0;888.0;888.0;888.0
Pacatuba;ESCOLA PROF LUIZA TEODORO;-3.8890277777778;-38.609777777778;2023;3;246.0;0.0;0.0;51.5;0.0;8.0;2.5;0.0;0.0;0.0;1.0;3.0;5.6;5.5;23.4;14.0;0.0;18.0;0.0;0.0;0.0;0.0;0.0;14.4;6.0;1.4;4.5;15.0;17.0;45.0;0.0;10.2
Pacatuba;ESCOLA PROF LUIZA TEODORO;-3.8890277777778;-38.609777777778;2023;4;309.1;16.5;13.0;4.5;2.5;22.0;13.5;16.5;18.0;11.0;9.0;11.0;1.6;0.0;0.0;7.5;8.0;10.5;0.0;0.0;0.0;0.0;0.0;0.0;0.0;0.0;0.0;108.0;4.0;20.0;12.0;888.0
Pacatuba;ESCOLA PROF LUIZA TEODORO;-3.8890277777778;-38.609777777778;2023;5;21.0;12.0;4.0;0.0;0.0;0.0;1.0;1.5;0.5;0.0;0.0;0.0;0.0;0.0;0.0;0.0;0.0;0.0;0.0;0.0;0.0;0.0;0.0;0.0;0.0;0.0;0.0;0.0;2.0;0.0;0.0;0.0
