Municipios;Postos;Latitude;Longitude;Anos;Meses;Total;Dia1;Dia2;Dia3;Dia4;Dia5;Dia6;Dia7;Dia8;Dia9;Dia10;Dia11;Dia12;Dia13;Dia14;Dia15;Dia16;Dia17;Dia18;Dia19;Dia20;Dia21;Dia22;Dia23;Dia24;Dia25;Dia26;Dia27;Dia28;Dia29;Dia30;Dia31
Quixeramobim;ASSENTAMENTO NOVO CANAA;-5.3628611111111;-39.316611111111;2010;1;34.0;6.0;0.0;2.0;5.0;0.0;0.0;0.0;0.0;0.0;0.0;0.0;0.0;0.0;0.0;0.0;0.0;0.0;0.0;0.0;18.0;0.0;0.0;0.0;0.0;0.0;0.0;3.0;0.0;0.0;0.0;0.0
Quixeramobim;ASSENTAMENTO NOVO CANAA;-5.3628611111111;-39.316611111111;2010;2;32.4;0.0;2.0;0.0;0.0;0.0;0.0;0.0;0.0;0.0;15.0;3.0;0.0;0.0;0.0;0.0;12.4;0.0;0.0;0.0;0.0;0.0;0.0;0.0;0.0;0.0;0.0;0.0;0.0;888.0;888.0;888.0
Quixeramobim;ASSENTAMENTO NOVO CANAA;-5.3628611111111;-39.316611111111;2010;3;20.7;0.0;0.0;0.0;0.0;0.0;0.0;0.0;0.0;0.0;0.0;0.0;0.0;1.0;0.0;0.0;0.0;0.0;0.0;0.0;0.0;0.0;0.0;0.0;0.0;0.0;0.0;6.6;5.1;8.0;0.0;0.0
Quixeramobim;ASSENTAMENTO NOVO CANAA;-5.3628611111111;-39.316611111111;2010;4;232.0;0.0;0.0;0.0;0.0;0.0;0.0;0.0;0.0;0.0;38.0;11.0;94.0;52.0;0.0;0.0;0.0;0.0;10.0;11.0;0.0;0.0;0.0;0.0;0.0;0.0;14.0;0.0;0.0;0.0;2.0;888.0
Quixeramobim;ASSENTAMENTO NOVO CANAA;-5.3628611111111;-39.316611111111;2010;5;52.9;0.0;0.0;0.0;0.0;42.0;0.0;0.0;0.0;0.0;6.0;2.0;0.0;0.0;0.0;0.0;0.0;0.0;0.0;0.0;0.0;0.0;0.0;0.0;0.0;0.0;0.0;0.0;0.0;0.0;2.0;0.9
Quixeramobim;ASSENTAMENTO NOVO CANAA;-5.3628611111111;-39.316611111111;2010;6;81.8;0.0;0.0;64.0;0.0;0.0;0.0;0.0;0.0;0.0;0.0;0.0;0.0;0.0;0.0;0.0;0.0;0.0;10.4;7.4;0.0;0.0;0.0;0.0;0.0;0.0;0.0;0.0;0.0;0.0;0.0;888.0
Quixeramobim;ASSENTAMENTO NOVO CANAA;-5.3628611111111;-39.316611111111;2010;7;0.0;0.0;0.0;0.0;0.0;0.0;0.0;0.0;0.0;0.0;0.0;0.0;0.0;0.0;0.0;0.0;0.0;0.0;0.0;0.0;0.0;0.0;0.0;0.0;0.0;0.0;0.0;0.0;0.0;0.0;0.0;0.0
Quixeramobim;ASSENTAMENTO NOVO CANAA;-5.3628611111111;-39.316611111111;2010;8;0.0;0.0;0.0;0.0;0.0;0.0;0.0;0.0;0.0;0.0;0.0;0.0;0.0;0.0;0.0;0.0;0.0;0.0;0.0;0.0;0.0;0.0;0.0;0.0;0.0;0.0;0.0;0.0;0.0;0.0;0.0;0.0
Quixeramobim;ASSENTAMENTO NOVO CANAA;-5.3628611111111;-39.316611111111;2010;9;0.0;0.0;0.0;0.0;0.0;0.0;0.0;0.0;0.0;0.0;0.0;0.0;0.0;0.0;0.0;0.0;0.0;0.0;0.0;0.0;0.0;0.0;0.0;0.0;0.0;0.0;0.0;0.0;0.0;0.0;0.0;888.0
Quixeramobim;ASSENTAMENTO NOVO CANAA;-5.3628611111111;-39.316611111111;2010;10;0.0;0.0;0.0;0.0;0.0;0.0;0.0;0.0;0.0;0.0;0.0;0.0;0.0;0.0;0.0;0.0;0.0;0.0;0.0;0.0;0.0;0.0;0.0;0.0;0.0;0.0;0.0;0.0;0.0;0.0;0.0;0.0
Quixeramobim;ASSENTAMENTO NOVO CANAA;-5.3628611111111;-39.316611111111;2010;11;0.0;0.0;0.0;0.0;0.0;0.0;0.0;0.0;0.0;0.0;0.0;0.0;0.0;0.0;0.0;0.0;0.0;0.0;0.0;0.0;0.0;0.0;0.0;0.0;0.0;0.0;0.0;0.0;0.0;0.0;0.0;888.0
Quixeramobim;ASSENTAMENTO NOVO CANAA;-5.3628611111111;-39.316611111111;2010;12;0.0;0.0;0.0;0.0;0.0;0.0;0.0;0.0;0.0;0.0;0.0;0.0;0.0;0.0;0.0;0.0;0.0;0.0;0.0;0.0;0.0;0.0;0.0;0.0;0.0;0.0;0.0;0.0;0.0;0.0;0.0;0.0
Quixeramobim;ASSENTAMENTO NOVO CANAA;-5.3628611111111;-39.316611111111;2011;1;207.2;0.0;5.0;0.0;0.0;0.0;0.0;0.0;0.0;0.0;22.0;23.0;0.0;0.0;0.0;0.0;0.0;10.0;0.0;0.0;42.0;23.2;0.0;7.0;0.0;40.0;0.0;0.0;15.4;3.6;0.0;16.0
Quixeramobim;ASSENTAMENTO NOVO CANAA;-5.3628611111111;-39.316611111111;2011;2;88.0;0.0;0.0;3.0;0.0;0.0;0.0;0.0;0.0;0.0;0.0;0.0;0.0;14.0;0.0;0.0;0.0;11.0;0.0;0.0;0.0;19.0;0.0;0.0;0.0;6.0;13.0;22.0;0.0;888.0;888.0;888.0
Quixeramobim;ASSENTAMENTO NOVO CANAA;-5.3628611111111;-39.316611111111;2011;3;179.0;25.0;0.0;34.0;0.0;36.0;0.0;0.0;49.0;0.0;0.0;6.0;3.0;0.0;0.0;0.0;0.0;0.0;0.0;0.0;0.0;0.0;13.0;0.0;7.0;0.0;0.0;0.0;0.0;6.0;0.0;0.0
Quixeramobim;ASSENTAMENTO NOVO CANAA;-5.3628611111111;-39.316611111111;2011;4;193.2;0.0;0.0;0.0;0.0;0.0;0.0;0.0;0.0;0.0;0.0;41.0;22.0;3.2;15.0;0.0;0.0;0.0;16.0;25.0;20.0;0.0;0.0;0.0;0.0;32.0;1.0;18.0;0.0;0.0;0.0;888.0
Quixeramobim;ASSENTAMENTO NOVO CANAA;-5.3628611111111;-39.316611111111;2011;5;146.0;0.0;0.0;11.0;0.0;9.0;18.0;0.0;0.0;0.0;32.0;0.0;0.0;0.0;0.0;0.0;0.0;0.0;0.0;0.0;65.0;6.0;0.0;0.0;0.0;0.0;0.0;0.0;0.0;0.0;5.0;0.0
Quixeramobim;ASSENTAMENTO NOVO CANAA;-5.3628611111111;-39.316611111111;2011;6;112.4;0.0;0.0;0.0;0.0;3.4;0.0;0.0;0.0;0.0;0.0;0.0;0.0;0.0;0.0;0.0;0.0;0.0;11.0;15.0;0.0;0.0;13.0;10.0;54.0;0.0;0.0;0.0;6.0;0.0;0.0;888.0
Quixeramobim;ASSENTAMENTO NOVO CANAA;-5.3628611111111;-39.316611111111;2011;7;47.6;0.0;0.0;0.0;0.0;0.0;0.0;3.0;6.0;9.6;0.0;0.0;10.0;0.0;19.0;0.0;0.0;0.0;0.0;0.0;0.0;0.0;0.0;0.0;0.0;0.0;0.0;0.0;0.0;0.0;0.0;0.0
Quixeramobim;ASSENTAMENTO NOVO CANAA;-5.3628611111111;-39.316611111111;2011;8;0.0;0.0;0.0;0.0;0.0;0.0;0.0;0.0;0.0;0.0;0.0;0.0;0.0;0.0;0.0;0.0;0.0;0.0;0.0;0.0;0.0;0.0;0.0;0.0;0.0;0.0;0.0;0.0;0.0;0.0;0.0;0.0
Quixeramobim;ASSENTAMENTO NOVO CANAA;-5.3628611111111;-39.316611111111;2011;9;0.0;0.0;0.0;0.0;0.0;0.0;0.0;0.0;0.0;0.0;0.0;0.0;0.0;0.0;0.0;0.0;0.0;0.0;0.0;0.0;0.0;0.0;0.0;0.0;0.0;0.0;0.0;0.0;0.0;0.0;0.0;888.0
Quixeramobim;ASSENTAMENTO NOVO CANAA;-5.3628611111111;-39.316611111111;2011;10;0.0;0.0;0.0;0.0;0.0;0.0;0.0;0.0;0.0;0.0;0.0;0.0;0.0;0.0;0.0;0.0;0.0;0.0;0.0;0.0;0.0;0.0;0.0;0.0;0.0;0.0;0.0;0.0;0.0;0.0;0.0;0.0
Quixeramobim;ASSENTAMENTO NOVO CANAA;-5.3628611111111;-39.316611111111;2011;11;0.0;0.0;0.0;0.0;0.0;0.0;0.0;0.0;0.0;0.0;0.0;0.0;0.0;0.0;0.0;0.0;0.0;0.0;0.0;0.0;0.0;0.0;0.0;0.0;0.0;0.0;0.0;0.0;0.0;0.0;0.0;888.0
Quixeramobim;ASSENTAMENTO NOVO CANAA;-5.3628611111111;-39.316611111111;2011;12;0.0;0.0;0.0;0.0;0.0;0.0;0.0;0.0;0.0;0.0;0.0;0.0;0.0;0.0;0.0;0.0;0.0;0.0;0.0;0.0;0.0;0.0;0.0;0.0;0.0;0.0;0.0;0.0;0.0;0.0;0.0;0.0
Quixeramobim;ASSENTAMENTO NOVO CANAA;-5.3628611111111;-39.316611111111;2012;1;94.0;0.0;0.0;0.0;0.0;0.0;0.0;0.0;0.0;0.0;0.0;0.0;0.0;0.0;0.0;0.0;0.0;0.0;0.0;13.0;0.0;6.0;0.0;6.0;51.0;18.0;0.0;0.0;0.0;0.0;0.0;0.0
Quixeramobim;ASSENTAMENTO NOVO CANAA;-5.3628611111111;-39.316611111111;2012;2;58.0;0.0;0.0;0.0;0.0;0.0;0.0;0.0;0.0;0.0;0.0;38.0;0.0;0.0;0.0;0.0;0.0;5.0;3.0;3.0;0.0;0.0;0.0;0.0;1.0;0.0;4.0;0.0;0.0;4.0;888.0;888.0
Quixeramobim;ASSENTAMENTO NOVO CANAA;-5.3628611111111;-39.316611111111;2012;3;86.0;0.0;0.0;0.0;0.0;0.0;38.0;0.0;0.0;0.0;2.8;16.2;0.0;0.0;0.0;0.0;0.0;0.0;18.0;0.0;0.0;0.0;0.0;0.0;0.0;0.0;0.0;0.0;11.0;0.0;0.0;0.0
Quixeramobim;ASSENTAMENTO NOVO CANAA;-5.3628611111111;-39.316611111111;2012;4;0.0;0.0;0.0;0.0;0.0;0.0;0.0;0.0;0.0;0.0;0.0;0.0;0.0;0.0;0.0;0.0;0.0;0.0;0.0;0.0;0.0;0.0;0.0;0.0;0.0;0.0;0.0;0.0;0.0;0.0;0.0;888.0
Quixeramobim;ASSENTAMENTO NOVO CANAA;-5.3628611111111;-39.316611111111;2012;5;43.0;0.0;0.0;0.0;0.0;0.0;0.0;0.0;0.0;0.0;0.0;0.0;0.0;0.0;0.0;0.0;0.0;0.0;0.0;0.0;0.0;0.0;0.0;32.0;0.0;0.0;0.0;0.0;0.0;0.0;11.0;0.0
Quixeramobim;ASSENTAMENTO NOVO CANAA;-5.3628611111111;-39.316611111111;2012;6;14.0;0.0;0.0;0.0;0.0;0.0;12.0;0.0;0.0;0.0;0.0;0.0;0.0;0.0;0.0;0.0;0.0;0.0;0.0;2.0;0.0;0.0;0.0;0.0;0.0;0.0;0.0;0.0;0.0;0.0;0.0;888.0
Quixeramobim;ASSENTAMENTO NOVO CANAA;-5.3628611111111;-39.316611111111;2012;7;0.0;0.0;0.0;0.0;0.0;0.0;0.0;0.0;0.0;0.0;0.0;0.0;0.0;0.0;0.0;0.0;0.0;0.0;0.0;0.0;0.0;0.0;0.0;0.0;0.0;0.0;0.0;0.0;0.0;0.0;0.0;0.0
Quixeramobim;ASSENTAMENTO NOVO CANAA;-5.3628611111111;-39.316611111111;2012;8;0.0;0.0;0.0;0.0;0.0;0.0;0.0;0.0;0.0;0.0;0.0;0.0;0.0;0.0;0.0;0.0;0.0;0.0;0.0;0.0;0.0;0.0;0.0;0.0;0.0;0.0;0.0;0.0;0.0;0.0;0.0;0.0
Quixeramobim;ASSENTAMENTO NOVO CANAA;-5.3628611111111;-39.316611111111;2012;9;0.0;0.0;0.0;0.0;0.0;0.0;0.0;0.0;0.0;0.0;0.0;0.0;0.0;0.0;0.0;0.0;0.0;0.0;0.0;0.0;0.0;0.0;0.0;0.0;0.0;0.0;0.0;0.0;0.0;0.0;0.0;888.0
Quixeramobim;ASSENTAMENTO NOVO CANAA;-5.3628611111111;-39.316611111111;2012;10;0.0;0.0;0.0;0.0;0.0;0.0;0.0;0.0;0.0;0.0;0.0;0.0;0.0;0.0;0.0;0.0;0.0;0.0;0.0;0.0;0.0;0.0;0.0;0.0;0.0;0.0;0.0;0.0;0.0;0.0;0.0;0.0
Quixeramobim;ASSENTAMENTO NOVO CANAA;-5.3628611111111;-39.316611111111;2012;11;0.0;0.0;0.0;0.0;0.0;0.0;0.0;0.0;0.0;0.0;0.0;0.0;0.0;0.0;0.0;0.0;0.0;0.0;0.0;0.0;0.0;0.0;0.0;0.0;0.0;0.0;0.0;0.0;0.0;0.0;0.0;888.0
Quixeramobim;ASSENTAMENTO NOVO CANAA;-5.3628611111111;-39.316611111111;2012;12;0.0;0.0;0.0;0.0;0.0;0.0;0.0;0.0;0.0;0.0;0.0;0.0;0.0;0.0;0.0;0.0;0.0;0.0;0.0;0.0;0.0;0.0;0.0;0.0;0.0;0.0;0.0;0.0;0.0;0.0;0.0;0.0
Quixeramobim;ASSENTAMENTO NOVO CANAA;-5.3628611111111;-39.316611111111;2013;1;0.0;0.0;0.0;0.0;0.0;0.0;0.0;0.0;0.0;0.0;0.0;0.0;0.0;0.0;0.0;0.0;0.0;0.0;0.0;0.0;0.0;0.0;0.0;0.0;0.0;0.0;0.0;0.0;0.0;0.0;0.0;0.0
Quixeramobim;ASSENTAMENTO NOVO CANAA;-5.3628611111111;-39.316611111111;2013;2;61.3;0.0;0.0;0.0;0.0;0.0;0.0;0.0;0.0;0.0;0.0;0.0;0.0;0.0;0.0;19.0;0.0;8.0;0.0;34.3;0.0;0.0;0.0;0.0;0.0;0.0;0.0;0.0;0.0;888.0;888.0;888.0
Quixeramobim;ASSENTAMENTO NOVO CANAA;-5.3628611111111;-39.316611111111;2013;3;117.2;0.0;0.0;0.0;0.0;0.0;0.0;0.0;0.0;0.0;0.0;0.0;0.0;0.0;0.0;0.0;0.0;1.4;2.0;42.0;13.1;23.2;6.1;7.2;0.0;0.0;0.0;0.0;0.0;7.2;15.0;0.0
Quixeramobim;ASSENTAMENTO NOVO CANAA;-5.3628611111111;-39.316611111111;2013;4;107.3;0.0;0.0;0.0;2.0;0.0;0.0;0.0;0.0;0.0;0.0;0.0;0.0;0.0;0.0;0.0;12.3;0.0;0.0;9.0;8.2;0.0;0.0;1.2;14.3;3.0;8.0;6.3;0.0;0.0;43.0;888.0
Quixeramobim;ASSENTAMENTO NOVO CANAA;-5.3628611111111;-39.316611111111;2013;5;160.1;0.0;9.1;0.0;0.0;0.0;0.0;0.0;0.0;39.0;42.0;9.3;0.0;0.0;0.0;37.3;0.0;0.0;6.2;12.0;0.0;0.0;0.0;0.0;0.0;2.2;3.0;0.0;0.0;0.0;0.0;0.0
Quixeramobim;ASSENTAMENTO NOVO CANAA;-5.3628611111111;-39.316611111111;2013;6;126.5;0.0;0.0;0.0;0.0;0.0;0.0;0.0;0.0;0.0;0.0;0.0;0.0;0.0;64.2;0.0;0.0;0.0;0.0;0.0;0.0;0.0;20.0;20.0;0.0;0.0;0.0;0.0;0.0;0.0;22.3;888.0
Quixeramobim;ASSENTAMENTO NOVO CANAA;-5.3628611111111;-39.316611111111;2013;7;67.3;0.0;0.0;0.0;0.0;0.0;0.0;0.0;0.0;0.0;0.0;0.0;7.1;0.0;0.0;38.0;0.0;0.0;7.1;15.1;0.0;0.0;0.0;0.0;0.0;0.0;0.0;0.0;0.0;0.0;0.0;0.0
Quixeramobim;ASSENTAMENTO NOVO CANAA;-5.3628611111111;-39.316611111111;2013;8;0.0;0.0;0.0;0.0;0.0;0.0;0.0;0.0;0.0;0.0;0.0;0.0;0.0;0.0;0.0;0.0;0.0;0.0;0.0;0.0;0.0;0.0;0.0;0.0;0.0;0.0;0.0;0.0;0.0;0.0;0.0;0.0
Quixeramobim;ASSENTAMENTO NOVO CANAA;-5.3628611111111;-39.316611111111;2013;9;24.1;0.0;0.0;0.0;0.0;0.0;0.0;0.0;0.0;0.0;0.0;24.1;0.0;0.0;0.0;0.0;0.0;0.0;0.0;0.0;0.0;0.0;0.0;0.0;0.0;0.0;0.0;0.0;0.0;0.0;0.0;888.0
Quixeramobim;ASSENTAMENTO NOVO CANAA;-5.3628611111111;-39.316611111111;2013;10;0.0;0.0;0.0;0.0;0.0;0.0;0.0;0.0;0.0;0.0;0.0;0.0;0.0;0.0;0.0;0.0;0.0;0.0;0.0;0.0;0.0;0.0;0.0;0.0;0.0;0.0;0.0;0.0;0.0;0.0;0.0;0.0
Quixeramobim;ASSENTAMENTO NOVO CANAA;-5.3628611111111;-39.316611111111;2013;11;35.0;0.0;0.0;0.0;35.0;0.0;0.0;0.0;0.0;0.0;0.0;0.0;0.0;0.0;0.0;0.0;0.0;0.0;0.0;0.0;0.0;0.0;0.0;0.0;0.0;0.0;0.0;0.0;0.0;0.0;0.0;888.0
Quixeramobim;ASSENTAMENTO NOVO CANAA;-5.3628611111111;-39.316611111111;2013;12;35.3;0.0;0.0;0.0;0.0;0.0;0.0;0.0;0.0;0.0;0.0;0.0;0.0;0.0;0.0;0.0;0.0;0.0;0.0;0.0;35.3;0.0;0.0;0.0;0.0;0.0;0.0;0.0;0.0;0.0;0.0;0.0
Quixeramobim;ASSENTAMENTO NOVO CANAA;-5.3628611111111;-39.316611111111;2014;1;0.0;0.0;0.0;0.0;0.0;0.0;0.0;0.0;0.0;0.0;0.0;0.0;0.0;0.0;0.0;0.0;0.0;0.0;0.0;0.0;0.0;0.0;0.0;0.0;0.0;0.0;0.0;0.0;0.0;0.0;0.0;0.0
Quixeramobim;ASSENTAMENTO NOVO CANAA;-5.3628611111111;-39.316611111111;2014;2;65.0;0.0;0.0;0.0;18.2;14.4;0.0;0.0;0.0;8.4;0.0;0.0;0.0;0.0;0.0;0.0;0.0;0.0;0.0;13.0;0.0;11.0;0.0;0.0;0.0;0.0;0.0;0.0;0.0;888.0;888.0;888.0
Quixeramobim;ASSENTAMENTO NOVO CANAA;-5.3628611111111;-39.316611111111;2014;3;143.9;0.0;0.0;0.0;4.4;0.0;0.0;9.0;0.0;0.0;2.2;22.0;4.0;6.0;13.0;0.0;64.0;0.0;0.0;8.3;0.0;0.0;0.0;0.0;0.0;0.0;0.0;0.0;0.0;0.0;8.0;3.0
Quixeramobim;ASSENTAMENTO NOVO CANAA;-5.3628611111111;-39.316611111111;2014;4;77.6;0.0;0.0;0.0;16.2;0.0;0.0;0.0;0.0;0.0;37.0;0.0;0.0;0.0;0.0;0.0;0.0;7.0;0.0;0.0;0.0;0.0;0.0;0.0;0.0;0.0;0.0;0.0;17.4;0.0;0.0;888.0
Quixeramobim;ASSENTAMENTO NOVO CANAA;-5.3628611111111;-39.316611111111;2014;5;115.9;19.3;30.0;0.0;0.0;0.0;6.0;0.0;4.0;0.0;0.0;0.0;0.0;0.0;0.0;9.0;0.0;10.0;0.0;0.0;0.0;0.0;0.0;0.0;0.0;0.0;0.0;0.0;0.0;20.6;17.0;0.0
Quixeramobim;ASSENTAMENTO NOVO CANAA;-5.3628611111111;-39.316611111111;2014;6;18.0;0.0;0.0;0.0;0.0;0.0;0.0;0.0;0.0;0.0;0.0;0.0;0.0;0.0;2.0;0.0;0.0;0.0;0.0;0.0;0.0;0.0;0.0;0.0;0.0;0.0;0.0;16.0;0.0;0.0;0.0;888.0
Quixeramobim;ASSENTAMENTO NOVO CANAA;-5.3628611111111;-39.316611111111;2014;7;13.3;0.0;0.0;0.0;0.0;0.0;0.0;0.0;0.0;0.0;0.0;0.0;0.0;4.0;0.0;0.0;0.0;0.0;0.0;0.0;0.0;0.0;0.0;0.0;0.0;0.0;0.0;0.0;0.0;9.3;0.0;0.0
Quixeramobim;ASSENTAMENTO NOVO CANAA;-5.3628611111111;-39.316611111111;2014;8;0.0;0.0;0.0;0.0;0.0;0.0;0.0;0.0;0.0;0.0;0.0;0.0;0.0;0.0;0.0;0.0;0.0;0.0;0.0;0.0;0.0;0.0;0.0;0.0;0.0;0.0;0.0;0.0;0.0;0.0;0.0;0.0
Quixeramobim;ASSENTAMENTO NOVO CANAA;-5.3628611111111;-39.316611111111;2014;9;0.0;0.0;0.0;0.0;0.0;0.0;0.0;0.0;0.0;0.0;0.0;0.0;0.0;0.0;0.0;0.0;0.0;0.0;0.0;0.0;0.0;0.0;0.0;0.0;0.0;0.0;0.0;0.0;0.0;0.0;0.0;888.0
Quixeramobim;ASSENTAMENTO NOVO CANAA;-5.3628611111111;-39.316611111111;2014;10;29.8;0.0;7.0;0.0;0.0;0.0;22.8;0.0;0.0;0.0;0.0;0.0;0.0;0.0;0.0;0.0;0.0;0.0;0.0;0.0;0.0;0.0;0.0;0.0;0.0;0.0;0.0;0.0;0.0;0.0;0.0;0.0
Quixeramobim;ASSENTAMENTO NOVO CANAA;-5.3628611111111;-39.316611111111;2014;11;0.0;0.0;0.0;0.0;0.0;0.0;0.0;0.0;0.0;0.0;0.0;0.0;0.0;0.0;0.0;0.0;0.0;0.0;0.0;0.0;0.0;0.0;0.0;0.0;0.0;0.0;0.0;0.0;0.0;0.0;0.0;888.0
Quixeramobim;ASSENTAMENTO NOVO CANAA;-5.3628611111111;-39.316611111111;2014;12;0.0;0.0;0.0;0.0;0.0;0.0;0.0;0.0;0.0;0.0;0.0;0.0;0.0;0.0;0.0;0.0;0.0;0.0;0.0;0.0;0.0;0.0;0.0;0.0;0.0;0.0;0.0;0.0;0.0;0.0;0.0;0.0
Quixeramobim;ASSENTAMENTO NOVO CANAA;-5.3628611111111;-39.316611111111;2015;1;24.3;0.0;0.0;0.0;24.3;0.0;0.0;0.0;0.0;0.0;0.0;0.0;0.0;0.0;0.0;0.0;0.0;0.0;0.0;0.0;0.0;0.0;0.0;0.0;0.0;0.0;0.0;0.0;0.0;0.0;0.0;0.0
Quixeramobim;ASSENTAMENTO NOVO CANAA;-5.3628611111111;-39.316611111111;2015;2;21.4;0.0;0.0;0.0;3.3;8.1;0.0;0.0;0.0;0.0;0.0;0.0;0.0;0.0;0.0;0.0;0.0;0.0;0.0;2.0;0.0;0.0;4.0;4.0;0.0;0.0;0.0;0.0;0.0;888.0;888.0;888.0
Quixeramobim;ASSENTAMENTO NOVO CANAA;-5.3628611111111;-39.316611111111;2015;3;149.9;0.0;6.0;0.0;0.0;0.0;11.0;10.0;0.0;14.0;0.0;5.1;0.0;13.2;0.0;0.0;0.0;0.0;0.0;0.0;0.0;0.0;1.2;64.0;3.0;1.2;0.0;7.2;0.0;14.0;0.0;0.0
Quixeramobim;ASSENTAMENTO NOVO CANAA;-5.3628611111111;-39.316611111111;2015;4;35.8;0.0;0.0;6.2;0.0;0.0;0.0;0.0;0.0;0.0;0.0;0.0;4.3;0.0;0.0;0.0;0.0;0.0;0.0;0.0;0.0;0.0;0.0;12.3;13.0;0.0;0.0;0.0;0.0;0.0;0.0;888.0
Quixeramobim;ASSENTAMENTO NOVO CANAA;-5.3628611111111;-39.316611111111;2015;5;24.1;0.0;0.0;0.0;0.0;0.0;0.0;0.0;0.0;3.0;0.0;0.0;0.0;0.0;0.0;0.0;0.0;0.0;0.0;0.0;0.0;0.0;0.0;0.0;0.0;0.0;0.0;0.0;0.0;0.0;0.0;21.1
Quixeramobim;ASSENTAMENTO NOVO CANAA;-5.3628611111111;-39.316611111111;2015;6;56.8;0.0;0.0;0.0;17.3;0.0;5.0;0.0;0.0;0.0;0.0;0.0;0.0;0.0;0.0;0.0;0.0;0.0;0.0;0.0;0.0;0.0;0.0;11.0;5.3;0.0;0.0;0.0;0.0;0.0;18.2;888.0
Quixeramobim;ASSENTAMENTO NOVO CANAA;-5.3628611111111;-39.316611111111;2015;7;43.1;9.0;0.0;9.0;0.0;18.1;0.0;0.0;0.0;0.0;0.0;0.0;0.0;0.0;0.0;0.0;0.0;0.0;0.0;0.0;3.0;0.0;4.0;0.0;0.0;0.0;0.0;0.0;0.0;0.0;0.0;0.0
Quixeramobim;ASSENTAMENTO NOVO CANAA;-5.3628611111111;-39.316611111111;2015;8;18.0;18.0;0.0;0.0;0.0;0.0;0.0;0.0;0.0;0.0;0.0;0.0;0.0;0.0;0.0;0.0;0.0;0.0;0.0;0.0;0.0;0.0;0.0;0.0;0.0;0.0;0.0;0.0;0.0;0.0;0.0;0.0
Quixeramobim;ASSENTAMENTO NOVO CANAA;-5.3628611111111;-39.316611111111;2015;9;0.0;0.0;0.0;0.0;0.0;0.0;0.0;0.0;0.0;0.0;0.0;0.0;0.0;0.0;0.0;0.0;0.0;0.0;0.0;0.0;0.0;0.0;0.0;0.0;0.0;0.0;0.0;0.0;0.0;0.0;0.0;888.0
Quixeramobim;ASSENTAMENTO NOVO CANAA;-5.3628611111111;-39.316611111111;2015;10;0.0;0.0;0.0;0.0;0.0;0.0;0.0;0.0;0.0;0.0;0.0;0.0;0.0;0.0;0.0;0.0;0.0;0.0;0.0;0.0;0.0;0.0;0.0;0.0;0.0;0.0;0.0;0.0;0.0;0.0;0.0;0.0
Quixeramobim;ASSENTAMENTO NOVO CANAA;-5.3628611111111;-39.316611111111;2015;11;0.0;0.0;0.0;0.0;0.0;0.0;0.0;0.0;0.0;0.0;0.0;0.0;0.0;0.0;0.0;0.0;0.0;0.0;0.0;0.0;0.0;0.0;0.0;0.0;0.0;0.0;0.0;0.0;0.0;0.0;0.0;888.0
Quixeramobim;ASSENTAMENTO NOVO CANAA;-5.3628611111111;-39.316611111111;2015;12;0.0;0.0;0.0;0.0;0.0;0.0;0.0;0.0;0.0;0.0;0.0;0.0;0.0;0.0;0.0;0.0;0.0;0.0;0.0;0.0;0.0;0.0;0.0;0.0;0.0;0.0;0.0;0.0;0.0;0.0;0.0;0.0
Quixeramobim;ASSENTAMENTO NOVO CANAA;-5.3628611111111;-39.316611111111;2016;1;100.6;0.0;3.0;0.0;0.0;0.0;0.0;0.0;10.0;5.0;0.0;0.0;0.0;9.0;0.0;0.0;0.0;0.0;0.0;23.0;0.0;0.0;23.0;12.2;4.2;5.0;0.0;0.0;2.2;0.0;0.0;4.0
Quixeramobim;ASSENTAMENTO NOVO CANAA;-5.3628611111111;-39.316611111111;2016;2;26.2;7.0;7.0;0.0;0.0;0.0;0.0;0.0;0.0;0.0;0.0;0.0;0.0;0.0;0.0;0.0;0.0;0.0;0.0;0.0;0.0;0.0;0.0;0.0;12.2;0.0;0.0;0.0;0.0;0.0;888.0;888.0
Quixeramobim;ASSENTAMENTO NOVO CANAA;-5.3628611111111;-39.316611111111;2016;3;59.1;0.0;0.0;0.0;6.1;0.0;0.0;0.0;0.0;0.0;7.3;0.0;0.0;0.0;0.0;0.0;0.0;10.1;15.6;0.0;0.0;0.0;0.0;10.0;0.0;0.0;0.0;0.0;0.0;0.0;10.0;0.0
Quixeramobim;ASSENTAMENTO NOVO CANAA;-5.3628611111111;-39.316611111111;2016;4;78.6;0.0;0.0;0.0;0.0;0.0;7.2;10.1;0.0;0.0;0.0;0.0;22.0;0.0;0.0;14.0;3.3;0.0;0.0;16.0;0.0;0.0;0.0;6.0;0.0;0.0;0.0;0.0;0.0;0.0;0.0;888.0
Quixeramobim;ASSENTAMENTO NOVO CANAA;-5.3628611111111;-39.316611111111;2016;5;70.3;0.0;0.0;18.1;0.0;0.0;8.0;0.0;0.0;0.0;0.0;0.0;0.0;0.0;0.0;0.0;0.0;0.0;0.0;0.0;0.0;0.0;0.0;0.0;0.0;0.0;44.2;0.0;0.0;0.0;0.0;0.0
Quixeramobim;ASSENTAMENTO NOVO CANAA;-5.3628611111111;-39.316611111111;2016;6;16.2;0.0;0.0;0.0;0.0;0.0;0.0;0.0;0.0;0.0;0.0;0.0;0.0;0.0;0.0;0.0;0.0;0.0;0.0;0.0;0.0;0.0;0.0;16.2;0.0;0.0;0.0;0.0;0.0;0.0;0.0;888.0
Quixeramobim;ASSENTAMENTO NOVO CANAA;-5.3628611111111;-39.316611111111;2016;7;28.0;0.0;0.0;4.0;0.0;0.0;0.0;0.0;0.0;18.0;6.0;0.0;0.0;0.0;0.0;0.0;0.0;0.0;0.0;0.0;0.0;0.0;0.0;0.0;0.0;0.0;0.0;0.0;0.0;0.0;0.0;0.0
Quixeramobim;ASSENTAMENTO NOVO CANAA;-5.3628611111111;-39.316611111111;2016;8;0.0;0.0;0.0;0.0;0.0;0.0;0.0;0.0;0.0;0.0;0.0;0.0;0.0;0.0;0.0;0.0;0.0;0.0;0.0;0.0;0.0;0.0;0.0;0.0;0.0;0.0;0.0;0.0;0.0;0.0;0.0;0.0
Quixeramobim;ASSENTAMENTO NOVO CANAA;-5.3628611111111;-39.316611111111;2016;9;0.0;0.0;0.0;0.0;0.0;0.0;0.0;0.0;0.0;0.0;0.0;0.0;0.0;0.0;0.0;0.0;0.0;0.0;0.0;0.0;0.0;0.0;0.0;0.0;0.0;0.0;0.0;0.0;0.0;0.0;0.0;888.0
Quixeramobim;ASSENTAMENTO NOVO CANAA;-5.3628611111111;-39.316611111111;2016;10;0.0;0.0;0.0;0.0;0.0;0.0;0.0;0.0;0.0;0.0;0.0;0.0;0.0;0.0;0.0;0.0;0.0;0.0;0.0;0.0;0.0;0.0;0.0;0.0;0.0;0.0;0.0;0.0;0.0;0.0;0.0;0.0
Quixeramobim;ASSENTAMENTO NOVO CANAA;-5.3628611111111;-39.316611111111;2016;11;0.0;0.0;0.0;0.0;0.0;0.0;0.0;0.0;0.0;0.0;0.0;0.0;0.0;0.0;0.0;0.0;0.0;0.0;0.0;0.0;0.0;0.0;0.0;0.0;0.0;0.0;0.0;0.0;0.0;0.0;0.0;888.0
Quixeramobim;ASSENTAMENTO NOVO CANAA;-5.3628611111111;-39.316611111111;2016;12;16.1;0.0;0.0;0.0;0.0;0.0;0.0;0.0;0.0;0.0;0.0;0.0;0.0;0.0;0.0;0.0;0.0;0.0;16.1;0.0;0.0;0.0;0.0;0.0;0.0;0.0;0.0;0.0;0.0;0.0;0.0;0.0
Quixeramobim;ASSENTAMENTO NOVO CANAA;-5.3628611111111;-39.316611111111;2017;1;5.0;0.0;0.0;0.0;0.0;0.0;0.0;0.0;0.0;0.0;0.0;0.0;0.0;0.0;0.0;0.0;0.0;0.0;0.0;0.0;0.0;0.0;0.0;0.0;5.0;0.0;0.0;0.0;0.0;0.0;0.0;0.0
Quixeramobim;ASSENTAMENTO NOVO CANAA;-5.3628611111111;-39.316611111111;2017;2;217.6;5.0;0.0;0.0;0.0;0.0;0.0;0.0;0.0;0.0;0.0;82.0;12.0;0.0;0.0;0.0;0.0;0.0;78.3;0.0;30.0;4.3;0.0;0.0;0.0;0.0;0.0;6.0;0.0;888.0;888.0;888.0
Quixeramobim;ASSENTAMENTO NOVO CANAA;-5.3628611111111;-39.316611111111;2017;3;167.1;10.0;33.0;20.1;0.0;0.0;0.0;0.0;0.0;5.0;0.0;23.0;0.0;0.0;0.0;0.0;6.0;0.0;11.0;0.0;0.0;0.0;0.0;0.0;26.0;0.0;0.0;0.0;0.0;0.0;0.0;33.0
Quixeramobim;ASSENTAMENTO NOVO CANAA;-5.3628611111111;-39.316611111111;2017;4;98.5;0.0;23.0;9.3;0.0;0.0;5.2;0.0;0.0;0.0;0.0;20.0;10.0;0.0;16.0;0.0;0.0;0.0;0.0;0.0;15.0;0.0;0.0;0.0;0.0;0.0;0.0;0.0;0.0;0.0;0.0;888.0
Quixeramobim;ASSENTAMENTO NOVO CANAA;-5.3628611111111;-39.316611111111;2017;5;93.3;0.0;9.1;0.0;18.2;0.0;0.0;0.0;0.0;25.0;0.0;3.0;24.0;0.0;0.0;0.0;0.0;0.0;0.0;0.0;0.0;0.0;0.0;0.0;0.0;0.0;14.0;0.0;0.0;0.0;0.0;0.0
Quixeramobim;ASSENTAMENTO NOVO CANAA;-5.3628611111111;-39.316611111111;2017;6;45.3;0.0;0.0;0.0;0.0;0.0;0.0;0.0;0.0;0.0;0.0;0.0;6.0;0.0;0.0;0.0;0.0;0.0;0.0;0.0;0.0;0.0;0.0;0.0;39.3;0.0;0.0;0.0;0.0;0.0;0.0;888.0
Quixeramobim;ASSENTAMENTO NOVO CANAA;-5.3628611111111;-39.316611111111;2017;7;76.0;5.0;46.0;0.0;0.0;0.0;0.0;0.0;0.0;0.0;0.0;0.0;0.0;0.0;0.0;0.0;0.0;0.0;0.0;0.0;0.0;0.0;0.0;0.0;25.0;0.0;0.0;0.0;0.0;0.0;0.0;0.0
Quixeramobim;ASSENTAMENTO NOVO CANAA;-5.3628611111111;-39.316611111111;2017;8;3.1;0.0;0.0;0.0;0.0;0.0;0.0;0.0;0.0;0.0;0.0;0.0;0.0;0.0;0.0;0.0;0.0;0.0;0.0;0.0;0.0;0.0;0.0;0.0;0.0;0.0;0.0;3.1;0.0;0.0;0.0;0.0
Quixeramobim;ASSENTAMENTO NOVO CANAA;-5.3628611111111;-39.316611111111;2017;9;0.0;0.0;0.0;0.0;0.0;0.0;0.0;0.0;0.0;0.0;0.0;0.0;0.0;0.0;0.0;0.0;0.0;0.0;0.0;0.0;0.0;0.0;0.0;0.0;0.0;0.0;0.0;0.0;0.0;0.0;0.0;888.0
Quixeramobim;ASSENTAMENTO NOVO CANAA;-5.3628611111111;-39.316611111111;2017;10;0.0;0.0;0.0;0.0;0.0;0.0;0.0;0.0;0.0;0.0;0.0;0.0;0.0;0.0;0.0;0.0;0.0;0.0;0.0;0.0;0.0;0.0;0.0;0.0;0.0;0.0;0.0;0.0;0.0;0.0;0.0;0.0
Quixeramobim;ASSENTAMENTO NOVO CANAA;-5.3628611111111;-39.316611111111;2017;11;0.0;0.0;0.0;0.0;0.0;0.0;0.0;0.0;0.0;0.0;0.0;0.0;0.0;0.0;0.0;0.0;0.0;0.0;0.0;0.0;0.0;0.0;0.0;0.0;0.0;0.0;0.0;0.0;0.0;0.0;0.0;888.0
Quixeramobim;ASSENTAMENTO NOVO CANAA;-5.3628611111111;-39.316611111111;2017;12;3.1;0.0;0.0;0.0;0.0;0.0;0.0;0.0;0.0;0.0;0.0;0.0;0.0;0.0;0.0;0.0;0.0;0.0;0.0;0.0;0.0;0.0;0.0;0.0;3.1;0.0;0.0;0.0;0.0;0.0;0.0;0.0
Quixeramobim;ASSENTAMENTO NOVO CANAA;-5.3628611111111;-39.316611111111;2018;1;57.9;0.0;0.0;5.0;0.0;0.0;0.0;0.0;0.0;0.0;0.0;0.0;3.3;0.0;0.0;0.0;0.0;0.0;0.0;0.0;5.0;2.3;0.0;0.0;5.3;0.0;0.0;37.0;0.0;0.0;0.0;0.0
Quixeramobim;ASSENTAMENTO NOVO CANAA;-5.3628611111111;-39.316611111111;2018;2;107.5;0.0;0.0;0.0;0.0;0.0;0.0;0.0;10.3;20.0;0.0;0.0;0.0;0.0;0.0;0.0;0.0;0.0;5.0;0.0;0.0;0.0;4.2;58.0;0.0;10.0;0.0;0.0;0.0;888.0;888.0;888.0
Quixeramobim;ASSENTAMENTO NOVO CANAA;-5.3628611111111;-39.316611111111;2018;3;195.2;10.0;15.0;0.0;0.0;0.0;0.0;0.0;0.0;0.0;0.0;0.0;0.0;0.0;0.0;0.0;0.0;0.0;0.0;0.0;0.0;0.0;5.2;98.0;0.0;0.0;0.0;0.0;0.0;0.0;30.0;37.0
Quixeramobim;ASSENTAMENTO NOVO CANAA;-5.3628611111111;-39.316611111111;2018;4;225.5;0.0;23.0;8.0;7.0;0.0;0.0;8.2;28.0;0.0;4.0;0.0;6.0;39.0;12.0;0.0;33.0;30.0;11.0;0.0;0.0;0.0;0.0;6.3;0.0;0.0;0.0;0.0;0.0;0.0;10.0;888.0
Quixeramobim;ASSENTAMENTO NOVO CANAA;-5.3628611111111;-39.316611111111;2018;5;56.0;23.0;9.0;0.0;0.0;0.0;0.0;0.0;0.0;0.0;0.0;0.0;0.0;0.0;0.0;0.0;6.0;0.0;10.0;0.0;0.0;0.0;0.0;0.0;0.0;0.0;0.0;0.0;0.0;8.0;0.0;0.0
Quixeramobim;ASSENTAMENTO NOVO CANAA;-5.3628611111111;-39.316611111111;2018;6;39.3;0.0;0.0;0.0;21.3;12.0;0.0;0.0;0.0;0.0;0.0;0.0;0.0;0.0;0.0;0.0;0.0;0.0;0.0;0.0;6.0;0.0;0.0;0.0;0.0;0.0;0.0;0.0;0.0;0.0;0.0;888.0
Quixeramobim;ASSENTAMENTO NOVO CANAA;-5.3628611111111;-39.316611111111;2018;7;7.1;0.0;0.0;0.0;0.0;0.0;0.0;0.0;7.1;0.0;0.0;0.0;0.0;0.0;0.0;0.0;0.0;0.0;0.0;0.0;0.0;0.0;0.0;0.0;0.0;0.0;0.0;0.0;0.0;0.0;0.0;0.0
Quixeramobim;ASSENTAMENTO NOVO CANAA;-5.3628611111111;-39.316611111111;2018;8;0.0;0.0;0.0;0.0;0.0;0.0;0.0;0.0;0.0;0.0;0.0;0.0;0.0;0.0;0.0;0.0;0.0;0.0;0.0;0.0;0.0;0.0;0.0;0.0;0.0;0.0;0.0;0.0;0.0;0.0;0.0;0.0
Quixeramobim;ASSENTAMENTO NOVO CANAA;-5.3628611111111;-39.316611111111;2018;9;0.0;0.0;0.0;0.0;0.0;0.0;0.0;0.0;0.0;0.0;0.0;0.0;0.0;0.0;0.0;0.0;0.0;0.0;0.0;0.0;0.0;0.0;0.0;0.0;0.0;0.0;0.0;0.0;0.0;0.0;0.0;888.0
Quixeramobim;ASSENTAMENTO NOVO CANAA;-5.3628611111111;-39.316611111111;2018;10;0.0;0.0;0.0;0.0;0.0;0.0;0.0;0.0;0.0;0.0;0.0;0.0;0.0;0.0;0.0;0.0;0.0;0.0;0.0;0.0;0.0;0.0;0.0;0.0;0.0;0.0;0.0;0.0;0.0;0.0;0.0;0.0
Quixeramobim;ASSENTAMENTO NOVO CANAA;-5.3628611111111;-39.316611111111;2018;11;5.3;0.0;0.0;0.0;0.0;0.0;0.0;0.0;0.0;0.0;0.0;0.0;0.0;0.0;0.0;0.0;0.0;0.0;0.0;0.0;0.0;0.0;0.0;0.0;0.0;0.0;0.0;0.0;5.3;0.0;0.0;888.0
Quixeramobim;ASSENTAMENTO NOVO CANAA;-5.3628611111111;-39.316611111111;2018;12;40.0;0.0;0.0;0.0;0.0;0.0;6.0;9.0;0.0;0.0;3.0;0.0;0.0;0.0;0.0;0.0;0.0;0.0;7.0;0.0;0.0;0.0;0.0;0.0;15.0;0.0;0.0;0.0;0.0;0.0;0.0;0.0
Quixeramobim;ASSENTAMENTO NOVO CANAA;-5.3628611111111;-39.316611111111;2019;1;131.5;0.0;0.0;0.0;0.0;0.0;0.0;0.0;0.0;0.0;33.0;0.0;0.0;14.0;14.0;4.2;6.3;6.0;39.0;7.0;0.0;0.0;0.0;0.0;0.0;0.0;0.0;5.0;0.0;0.0;3.0;0.0
Quixeramobim;ASSENTAMENTO NOVO CANAA;-5.3628611111111;-39.316611111111;2019;2;179.3;15.0;6.0;0.0;0.0;0.0;8.0;15.0;0.0;0.0;0.0;0.0;0.0;0.0;57.0;0.0;0.0;4.0;2.0;19.0;0.0;14.0;3.0;5.3;28.0;3.0;0.0;0.0;0.0;888.0;888.0;888.0
Quixeramobim;ASSENTAMENTO NOVO CANAA;-5.3628611111111;-39.316611111111;2019;3;126.0;0.0;0.0;34.0;14.0;2.0;16.0;0.0;0.0;0.0;0.0;0.0;0.0;8.0;0.0;0.0;13.0;0.0;0.0;10.0;0.0;0.0;3.0;4.0;0.0;0.0;0.0;0.0;5.0;17.0;0.0;0.0
Quixeramobim;ASSENTAMENTO NOVO CANAA;-5.3628611111111;-39.316611111111;2019;4;144.0;28.0;0.0;0.0;0.0;10.0;0.0;10.0;19.0;0.0;0.0;0.0;0.0;0.0;0.0;0.0;0.0;5.0;0.0;0.0;0.0;8.0;5.0;0.0;0.0;12.0;7.0;0.0;0.0;24.0;16.0;888.0
Quixeramobim;ASSENTAMENTO NOVO CANAA;-5.3628611111111;-39.316611111111;2019;5;117.0;0.0;6.0;0.0;0.0;0.0;0.0;0.0;0.0;0.0;0.0;0.0;0.0;0.0;0.0;8.0;0.0;6.0;35.0;0.0;0.0;0.0;62.0;0.0;0.0;0.0;0.0;0.0;0.0;0.0;0.0;0.0
Quixeramobim;ASSENTAMENTO NOVO CANAA;-5.3628611111111;-39.316611111111;2019;6;42.0;0.0;0.0;0.0;0.0;0.0;0.0;0.0;0.0;0.0;0.0;0.0;0.0;0.0;0.0;0.0;0.0;0.0;3.0;39.0;0.0;0.0;0.0;0.0;0.0;0.0;0.0;0.0;0.0;0.0;0.0;888.0
Quixeramobim;ASSENTAMENTO NOVO CANAA;-5.3628611111111;-39.316611111111;2019;7;51.0;0.0;0.0;0.0;0.0;0.0;0.0;0.0;0.0;0.0;0.0;34.0;0.0;0.0;0.0;0.0;0.0;0.0;0.0;0.0;0.0;3.0;0.0;8.0;6.0;0.0;0.0;0.0;0.0;0.0;0.0;0.0
Quixeramobim;ASSENTAMENTO NOVO CANAA;-5.3628611111111;-39.316611111111;2019;8;0.0;0.0;0.0;0.0;0.0;0.0;0.0;0.0;0.0;0.0;0.0;0.0;0.0;0.0;0.0;0.0;0.0;0.0;0.0;0.0;0.0;0.0;0.0;0.0;0.0;0.0;0.0;0.0;0.0;0.0;0.0;0.0
Quixeramobim;ASSENTAMENTO NOVO CANAA;-5.3628611111111;-39.316611111111;2019;9;9.0;0.0;0.0;0.0;0.0;0.0;0.0;0.0;0.0;0.0;0.0;0.0;0.0;0.0;0.0;0.0;0.0;0.0;0.0;0.0;0.0;0.0;0.0;0.0;9.0;0.0;0.0;0.0;0.0;0.0;0.0;888.0
Quixeramobim;ASSENTAMENTO NOVO CANAA;-5.3628611111111;-39.316611111111;2019;10;0.0;0.0;0.0;0.0;0.0;0.0;0.0;0.0;0.0;0.0;0.0;0.0;0.0;0.0;0.0;0.0;0.0;0.0;0.0;0.0;0.0;0.0;0.0;0.0;0.0;0.0;0.0;0.0;0.0;0.0;0.0;0.0
Quixeramobim;ASSENTAMENTO NOVO CANAA;-5.3628611111111;-39.316611111111;2019;11;0.0;0.0;0.0;0.0;0.0;0.0;0.0;0.0;0.0;0.0;0.0;0.0;0.0;0.0;0.0;0.0;0.0;0.0;0.0;0.0;0.0;0.0;0.0;0.0;0.0;0.0;0.0;0.0;0.0;0.0;0.0;888.0
Quixeramobim;ASSENTAMENTO NOVO CANAA;-5.3628611111111;-39.316611111111;2019;12;17.0;0.0;0.0;0.0;0.0;0.0;0.0;0.0;0.0;17.0;0.0;0.0;0.0;0.0;0.0;0.0;0.0;0.0;0.0;0.0;0.0;0.0;0.0;0.0;0.0;0.0;0.0;0.0;0.0;0.0;0.0;0.0
Quixeramobim;ASSENTAMENTO NOVO CANAA;-5.3628611111111;-39.316611111111;2020;1;65.0;8.0;0.0;0.0;0.0;0.0;0.0;8.0;0.0;0.0;0.0;0.0;0.0;0.0;0.0;15.0;0.0;0.0;0.0;0.0;0.0;0.0;0.0;0.0;0.0;0.0;0.0;0.0;23.0;0.0;11.0;0.0
Quixeramobim;ASSENTAMENTO NOVO CANAA;-5.3628611111111;-39.316611111111;2020;2;123.1;0.0;0.0;0.0;0.0;10.2;0.0;0.0;0.0;0.0;0.0;0.0;0.0;0.0;34.0;0.0;8.0;0.0;18.4;8.3;0.0;12.2;0.0;0.0;0.0;0.0;0.0;0.0;0.0;32.0;888.0;888.0
Quixeramobim;ASSENTAMENTO NOVO CANAA;-5.3628611111111;-39.316611111111;2020;3;145.4;0.0;2.0;0.0;0.0;10.2;0.0;12.0;0.0;0.0;0.0;0.0;0.0;26.0;14.0;5.2;10.0;0.0;0.0;7.0;4.0;0.0;0.0;0.0;0.0;31.0;5.0;0.0;11.0;0.0;0.0;8.0
Quixeramobim;ASSENTAMENTO NOVO CANAA;-5.3628611111111;-39.316611111111;2020;4;88.0;22.0;0.0;0.0;8.0;9.0;0.0;0.0;0.0;0.0;0.0;0.0;0.0;0.0;0.0;0.0;0.0;0.0;0.0;0.0;0.0;15.0;0.0;0.0;28.0;6.0;0.0;0.0;0.0;0.0;0.0;888.0
Quixeramobim;ASSENTAMENTO NOVO CANAA;-5.3628611111111;-39.316611111111;2020;5;193.3;0.0;0.0;0.0;0.0;0.0;11.0;7.0;0.0;0.0;0.0;4.0;0.0;2.0;0.0;0.0;11.3;25.0;0.0;31.0;6.0;4.0;11.0;0.0;29.0;21.0;0.0;0.0;0.0;31.0;0.0;0.0
Quixeramobim;ASSENTAMENTO NOVO CANAA;-5.3628611111111;-39.316611111111;2020;6;44.0;0.0;0.0;0.0;0.0;21.0;0.0;0.0;15.0;0.0;0.0;8.0;0.0;0.0;0.0;0.0;0.0;0.0;0.0;0.0;0.0;0.0;0.0;0.0;0.0;0.0;0.0;0.0;0.0;0.0;0.0;888.0
Quixeramobim;ASSENTAMENTO NOVO CANAA;-5.3628611111111;-39.316611111111;2020;7;141.0;0.0;0.0;0.0;0.0;0.0;34.0;0.0;0.0;0.0;0.0;50.0;0.0;0.0;0.0;0.0;0.0;31.0;0.0;0.0;0.0;26.0;0.0;0.0;0.0;0.0;0.0;0.0;0.0;0.0;0.0;0.0
Quixeramobim;ASSENTAMENTO NOVO CANAA;-5.3628611111111;-39.316611111111;2020;8;0.0;0.0;0.0;0.0;0.0;0.0;0.0;0.0;0.0;0.0;0.0;0.0;0.0;0.0;0.0;0.0;0.0;0.0;0.0;0.0;0.0;0.0;0.0;0.0;0.0;0.0;0.0;0.0;0.0;0.0;0.0;0.0
Quixeramobim;ASSENTAMENTO NOVO CANAA;-5.3628611111111;-39.316611111111;2020;9;4.0;0.0;4.0;0.0;0.0;0.0;0.0;0.0;0.0;0.0;0.0;0.0;0.0;0.0;0.0;0.0;0.0;0.0;0.0;0.0;0.0;0.0;0.0;0.0;0.0;0.0;0.0;0.0;0.0;0.0;0.0;888.0
Quixeramobim;ASSENTAMENTO NOVO CANAA;-5.3628611111111;-39.316611111111;2020;10;0.0;0.0;0.0;0.0;0.0;0.0;0.0;0.0;0.0;0.0;0.0;0.0;0.0;0.0;0.0;0.0;0.0;0.0;0.0;0.0;0.0;0.0;0.0;0.0;0.0;0.0;0.0;0.0;0.0;0.0;0.0;0.0
Quixeramobim;ASSENTAMENTO NOVO CANAA;-5.3628611111111;-39.316611111111;2020;11;3.3;0.0;0.0;0.0;3.3;0.0;0.0;0.0;0.0;0.0;0.0;0.0;0.0;0.0;0.0;0.0;0.0;0.0;0.0;0.0;0.0;0.0;0.0;0.0;0.0;0.0;0.0;0.0;0.0;0.0;0.0;888.0
Quixeramobim;ASSENTAMENTO NOVO CANAA;-5.3628611111111;-39.316611111111;2020;12;0.0;0.0;0.0;0.0;0.0;0.0;0.0;0.0;0.0;0.0;0.0;0.0;0.0;0.0;0.0;0.0;0.0;0.0;0.0;0.0;0.0;0.0;0.0;0.0;0.0;0.0;0.0;0.0;0.0;0.0;0.0;0.0
Quixeramobim;ASSENTAMENTO NOVO CANAA;-5.3628611111111;-39.316611111111;2021;1;16.5;0.0;0.0;8.2;0.0;0.0;0.0;0.0;0.0;0.0;0.0;0.0;0.0;0.0;0.0;0.0;0.0;0.0;0.0;0.0;0.0;6.3;0.0;0.0;0.0;0.0;0.0;0.0;0.0;0.0;0.0;2.0
Quixeramobim;ASSENTAMENTO NOVO CANAA;-5.3628611111111;-39.316611111111;2021;2;136.0;0.0;0.0;0.0;0.0;0.0;0.0;0.0;0.0;1.0;0.0;0.0;0.0;0.0;0.0;10.0;82.0;6.0;0.0;0.0;0.0;0.0;0.0;0.0;5.0;10.0;10.0;9.0;3.0;888.0;888.0;888.0
Quixeramobim;ASSENTAMENTO NOVO CANAA;-5.3628611111111;-39.316611111111;2021;3;184.0;0.0;29.0;8.0;28.0;0.0;3.0;0.0;0.0;0.0;0.0;0.0;2.0;0.0;0.0;0.0;0.0;3.0;2.0;13.0;0.0;6.0;0.0;0.0;0.0;36.0;23.0;8.0;0.0;0.0;0.0;23.0
Quixeramobim;ASSENTAMENTO NOVO CANAA;-5.3628611111111;-39.316611111111;2021;4;111.2;0.0;0.0;0.0;0.0;1.0;0.0;0.0;0.0;0.0;1.0;31.0;19.2;24.0;0.0;0.0;28.0;0.0;0.0;0.0;0.0;0.0;0.0;0.0;0.0;0.0;0.0;0.0;0.0;7.0;0.0;888.0
Quixeramobim;ASSENTAMENTO NOVO CANAA;-5.3628611111111;-39.316611111111;2021;5;192.0;0.0;26.0;6.0;0.0;13.0;0.0;0.0;0.0;22.0;0.0;0.0;0.0;0.0;52.0;70.0;0.0;0.0;0.0;0.0;0.0;0.0;0.0;0.0;0.0;0.0;0.0;0.0;0.0;0.0;3.0;0.0
Quixeramobim;ASSENTAMENTO NOVO CANAA;-5.3628611111111;-39.316611111111;2021;6;23.0;6.0;3.0;0.0;0.0;0.0;0.0;0.0;0.0;0.0;0.0;0.0;0.0;0.0;3.0;3.0;0.0;0.0;8.0;0.0;0.0;0.0;0.0;0.0;0.0;0.0;0.0;0.0;0.0;0.0;0.0;888.0
Quixeramobim;ASSENTAMENTO NOVO CANAA;-5.3628611111111;-39.316611111111;2021;7;44.0;0.0;38.0;0.0;2.0;0.0;0.0;0.0;0.0;0.0;0.0;0.0;0.0;4.0;0.0;0.0;0.0;0.0;0.0;0.0;0.0;0.0;0.0;0.0;0.0;0.0;0.0;0.0;0.0;0.0;0.0;0.0
Quixeramobim;ASSENTAMENTO NOVO CANAA;-5.3628611111111;-39.316611111111;2021;8;14.0;0.0;0.0;0.0;0.0;0.0;0.0;0.0;0.0;0.0;14.0;0.0;0.0;0.0;0.0;0.0;0.0;0.0;0.0;0.0;0.0;0.0;0.0;0.0;0.0;0.0;0.0;0.0;0.0;0.0;0.0;0.0
Quixeramobim;ASSENTAMENTO NOVO CANAA;-5.3628611111111;-39.316611111111;2021;9;0.0;0.0;0.0;0.0;0.0;0.0;0.0;0.0;0.0;0.0;0.0;0.0;0.0;0.0;0.0;0.0;0.0;0.0;0.0;0.0;0.0;0.0;0.0;0.0;0.0;0.0;0.0;0.0;0.0;0.0;0.0;888.0
Quixeramobim;ASSENTAMENTO NOVO CANAA;-5.3628611111111;-39.316611111111;2021;10;6.0;0.0;0.0;0.0;0.0;0.0;0.0;0.0;0.0;0.0;0.0;0.0;0.0;0.0;0.0;0.0;0.0;0.0;0.0;0.0;0.0;0.0;0.0;4.0;0.0;0.0;0.0;0.0;0.0;0.0;0.0;2.0
Quixeramobim;ASSENTAMENTO NOVO CANAA;-5.3628611111111;-39.316611111111;2021;11;1.0;0.0;0.0;0.0;0.0;0.0;0.0;0.0;0.0;0.0;0.0;0.0;0.0;0.0;1.0;0.0;0.0;0.0;0.0;0.0;0.0;0.0;0.0;0.0;0.0;0.0;0.0;0.0;0.0;0.0;0.0;888.0
Quixeramobim;ASSENTAMENTO NOVO CANAA;-5.3628611111111;-39.316611111111;2021;12;60.0;0.0;0.0;1.0;0.0;0.0;0.0;0.0;0.0;0.0;0.0;0.0;0.0;0.0;0.0;0.0;0.0;0.0;0.0;0.0;0.0;0.0;0.0;0.0;0.0;0.0;3.0;8.0;0.0;0.0;15.0;33.0
Quixeramobim;ASSENTAMENTO NOVO CANAA;-5.3628611111111;-39.316611111111;2022;1;64.9;0.0;0.0;17.0;0.0;0.0;0.0;0.0;0.0;0.0;0.0;0.0;0.0;3.0;0.0;30.4;0.0;0.0;0.0;0.0;0.0;0.0;0.0;0.0;0.0;0.0;0.0;5.3;0.0;9.2;0.0;0.0
Quixeramobim;ASSENTAMENTO NOVO CANAA;-5.3628611111111;-39.316611111111;2022;2;52.0;0.0;0.0;0.0;0.0;0.0;0.0;0.0;2.0;0.0;0.0;50.0;0.0;0.0;0.0;0.0;0.0;0.0;0.0;0.0;0.0;0.0;0.0;0.0;0.0;0.0;0.0;0.0;0.0;888.0;888.0;888.0
Quixeramobim;ASSENTAMENTO NOVO CANAA;-5.3628611111111;-39.316611111111;2022;3;168.3;12.0;27.0;0.0;0.0;7.0;27.0;0.0;0.0;0.0;0.0;0.0;0.0;0.0;5.0;0.0;0.0;19.0;0.0;0.0;0.0;29.0;12.3;15.0;10.0;2.0;3.0;0.0;0.0;0.0;0.0;0.0
Quixeramobim;ASSENTAMENTO NOVO CANAA;-5.3628611111111;-39.316611111111;2022;4;94.3;0.0;0.0;0.0;0.0;6.0;0.0;0.0;0.0;0.0;0.0;0.0;15.3;0.0;0.0;0.0;0.0;4.0;0.0;0.0;5.0;14.0;0.0;10.0;0.0;8.0;0.0;0.0;0.0;32.0;0.0;888.0
Quixeramobim;ASSENTAMENTO NOVO CANAA;-5.3628611111111;-39.316611111111;2022;5;66.0;0.0;0.0;0.0;14.0;0.0;0.0;0.0;0.0;0.0;0.0;0.0;0.0;0.0;0.0;0.0;0.0;0.0;0.0;0.0;0.0;31.0;0.0;0.0;0.0;0.0;0.0;0.0;21.0;0.0;0.0;0.0
Quixeramobim;ASSENTAMENTO NOVO CANAA;-5.3628611111111;-39.316611111111;2022;6;110.2;21.2;15.0;0.0;30.0;0.0;11.0;0.0;0.0;0.0;33.0;0.0;0.0;0.0;0.0;0.0;0.0;0.0;0.0;0.0;0.0;0.0;0.0;0.0;0.0;0.0;0.0;0.0;0.0;0.0;0.0;888.0
Quixeramobim;ASSENTAMENTO NOVO CANAA;-5.3628611111111;-39.316611111111;2022;7;65.0;0.0;16.0;0.0;0.0;18.0;0.0;0.0;7.0;0.0;0.0;0.0;0.0;0.0;0.0;0.0;0.0;0.0;0.0;0.0;0.0;0.0;24.0;0.0;0.0;0.0;0.0;0.0;0.0;0.0;0.0;0.0
Quixeramobim;ASSENTAMENTO NOVO CANAA;-5.3628611111111;-39.316611111111;2022;8;42.0;0.0;0.0;0.0;6.0;30.0;0.0;0.0;0.0;0.0;0.0;0.0;0.0;6.0;0.0;0.0;0.0;0.0;0.0;0.0;0.0;0.0;0.0;0.0;0.0;0.0;0.0;0.0;0.0;0.0;0.0;0.0
Quixeramobim;ASSENTAMENTO NOVO CANAA;-5.3628611111111;-39.316611111111;2022;9;0.0;0.0;0.0;0.0;0.0;0.0;0.0;0.0;0.0;0.0;0.0;0.0;0.0;0.0;0.0;0.0;0.0;0.0;0.0;0.0;0.0;0.0;0.0;0.0;0.0;0.0;0.0;0.0;0.0;0.0;0.0;888.0
Quixeramobim;ASSENTAMENTO NOVO CANAA;-5.3628611111111;-39.316611111111;2022;10;0.0;0.0;0.0;0.0;0.0;0.0;0.0;0.0;0.0;0.0;0.0;999.0;999.0;999.0;999.0;999.0;999.0;999.0;999.0;999.0;999.0;999.0;999.0;999.0;999.0;999.0;999.0;999.0;999.0;999.0;999.0;999.0
Quixeramobim;ASSENTAMENTO NOVO CANAA;-5.3628611111111;-39.316611111111;2022;11;61.0;0.0;0.0;0.0;0.0;11.0;0.0;33.0;0.0;0.0;0.0;0.0;0.0;0.0;0.0;0.0;0.0;0.0;0.0;0.0;0.0;0.0;0.0;0.0;0.0;0.0;0.0;0.0;0.0;0.0;17.0;888.0
Quixeramobim;ASSENTAMENTO NOVO CANAA;-5.3628611111111;-39.316611111111;2022;12;32.3;0.0;0.0;0.0;0.0;32.3;0.0;0.0;0.0;0.0;0.0;0.0;0.0;0.0;0.0;0.0;0.0;0.0;0.0;0.0;0.0;0.0;0.0;0.0;0.0;0.0;0.0;0.0;0.0;0.0;0.0;0.0
Quixeramobim;ASSENTAMENTO NOVO CANAA;-5.3628611111111;-39.316611111111;2023;1;25.9;0.0;0.0;0.0;0.0;0.0;0.0;0.0;0.0;0.0;0.0;0.0;2.3;0.0;0.0;0.0;7.3;0.0;0.0;12.3;4.0;0.0;0.0;0.0;0.0;0.0;0.0;0.0;0.0;0.0;0.0;0.0
Quixeramobim;ASSENTAMENTO NOVO CANAA;-5.3628611111111;-39.316611111111;2023;2;96.3;0.0;0.0;0.0;0.0;0.0;0.0;9.3;0.0;0.0;11.0;0.0;0.0;0.0;4.0;0.0;0.0;0.0;0.0;0.0;16.0;0.0;0.0;8.0;9.0;15.0;24.0;0.0;0.0;888.0;888.0;888.0
Quixeramobim;ASSENTAMENTO NOVO CANAA;-5.3628611111111;-39.316611111111;2023;3;286.8;0.0;0.0;17.0;0.0;0.0;0.0;0.0;0.0;0.0;0.0;0.0;11.0;9.3;0.0;34.0;0.0;12.2;0.0;0.0;0.0;35.0;0.0;0.0;13.3;0.0;0.0;67.0;3.0;21.0;47.0;17.0
Quixeramobim;ASSENTAMENTO NOVO CANAA;-5.3628611111111;-39.316611111111;2023;4;115.6;0.0;35.0;0.0;10.0;8.1;0.0;0.0;0.0;0.0;0.0;0.0;0.0;0.0;0.0;0.0;12.0;4.2;0.0;0.0;0.0;0.0;0.0;0.0;0.0;0.0;0.0;13.1;0.0;22.0;11.2;888.0
Quixeramobim;ASSENTAMENTO NOVO CANAA;-5.3628611111111;-39.316611111111;2023;5;34.0;8.0;0.0;0.0;0.0;0.0;0.0;0.0;0.0;0.0;0.0;0.0;0.0;0.0;0.0;16.0;0.0;0.0;0.0;10.0;0.0;0.0;0.0;0.0;0.0;0.0;0.0;0.0;0.0;0.0;0.0;0.0
Quixeramobim;ASSENTAMENTO NOVO CANAA;-5.3628611111111;-39.316611111111;2023;6;111.3;0.0;0.0;10.0;0.0;0.0;0.0;0.0;8.0;20.3;13.0;0.0;0.0;0.0;0.0;13.0;0.0;0.0;0.0;0.0;0.0;0.0;0.0;0.0;0.0;0.0;0.0;5.0;0.0;5.0;37.0;888.0
Quixeramobim;ASSENTAMENTO NOVO CANAA;-5.3628611111111;-39.316611111111;2023;7;4.4;0.0;0.0;0.0;0.0;0.0;0.0;4.4;0.0;0.0;0.0;0.0;0.0;0.0;0.0;0.0;0.0;0.0;0.0;0.0;0.0;0.0;0.0;0.0;0.0;0.0;0.0;0.0;0.0;0.0;0.0;0.0
Quixeramobim;ASSENTAMENTO NOVO CANAA;-5.3628611111111;-39.316611111111;2023;8;0.0;0.0;0.0;0.0;0.0;0.0;0.0;0.0;0.0;0.0;0.0;0.0;0.0;0.0;0.0;0.0;0.0;0.0;0.0;0.0;0.0;0.0;0.0;0.0;0.0;0.0;0.0;0.0;0.0;0.0;0.0;0.0
Quixeramobim;ASSENTAMENTO NOVO CANAA;-5.3628611111111;-39.316611111111;2023;9;0.0;0.0;0.0;0.0;0.0;0.0;0.0;0.0;0.0;0.0;0.0;0.0;0.0;0.0;0.0;0.0;0.0;0.0;0.0;0.0;0.0;0.0;0.0;0.0;0.0;0.0;0.0;0.0;0.0;0.0;0.0;888.0
Quixeramobim;ASSENTAMENTO NOVO CANAA;-5.3628611111111;-39.316611111111;2023;10;0.0;0.0;0.0;0.0;0.0;0.0;0.0;0.0;0.0;0.0;0.0;0.0;0.0;0.0;0.0;0.0;0.0;0.0;0.0;0.0;0.0;0.0;0.0;0.0;0.0;0.0;0.0;0.0;0.0;0.0;0.0;0.0
Quixeramobim;ASSENTAMENTO NOVO CANAA;-5.3628611111111;-39.316611111111;2023;11;0.0;0.0;0.0;0.0;0.0;0.0;0.0;0.0;0.0;0.0;0.0;0.0;0.0;0.0;0.0;0.0;0.0;0.0;0.0;0.0;0.0;0.0;0.0;0.0;0.0;0.0;0.0;0.0;0.0;0.0;0.0;888.0
Quixeramobim;ASSENTAMENTO NOVO CANAA;-5.3628611111111;-39.316611111111;2023;12;23.0;0.0;0.0;0.0;8.0;0.0;0.0;0.0;0.0;0.0;0.0;0.0;0.0;0.0;0.0;0.0;0.0;0.0;7.0;0.0;6.0;2.0;0.0;0.0;0.0;0.0;0.0;0.0;0.0;0.0;0.0;0.0
Quixeramobim;ASSENTAMENTO NOVO CANAA;-5.3628611111111;-39.316611111111;2024;1;32.0;13.0;0.0;0.0;0.0;0.0;0.0;0.0;0.0;0.0;0.0;0.0;19.0;0.0;0.0;0.0;0.0;0.0;0.0;0.0;0.0;0.0;0.0;0.0;0.0;0.0;0.0;0.0;0.0;0.0;0.0;0.0
Quixeramobim;ASSENTAMENTO NOVO CANAA;-5.3628611111111;-39.316611111111;2024;2;143.3;0.0;0.0;0.0;0.0;0.0;0.0;0.0;0.0;0.0;0.0;0.0;0.0;0.0;41.0;0.0;13.0;0.0;0.0;9.0;0.0;0.0;0.0;0.0;21.0;0.0;11.3;11.0;37.0;0.0;888.0;888.0
Quixeramobim;ASSENTAMENTO NOVO CANAA;-5.3628611111111;-39.316611111111;2024;3;113.5;0.0;0.0;0.0;0.0;0.0;0.0;0.0;0.0;0.0;0.0;0.0;0.0;0.0;0.0;0.0;0.0;0.0;17.3;0.0;0.0;0.0;4.0;2.0;30.2;0.0;0.0;11.0;0.0;0.0;37.0;12.0
Quixeramobim;ASSENTAMENTO NOVO CANAA;-5.3628611111111;-39.316611111111;2024;4;100.0;0.0;6.0;1.0;8.0;31.0;0.0;8.0;0.0;0.0;0.0;0.0;0.0;0.0;0.0;0.0;11.0;0.0;0.0;0.0;0.0;15.0;8.0;4.0;0.0;0.0;0.0;0.0;8.0;0.0;0.0;888.0
Quixeramobim;ASSENTAMENTO NOVO CANAA;-5.3628611111111;-39.316611111111;2024;5;98.3;0.0;0.0;0.0;0.0;0.0;0.0;0.0;9.0;0.0;5.3;0.0;0.0;0.0;0.0;3.0;0.0;0.0;0.0;20.0;5.0;0.0;0.0;0.0;19.0;0.0;0.0;0.0;0.0;0.0;0.0;37.0
Quixeramobim;ASSENTAMENTO NOVO CANAA;-5.3628611111111;-39.316611111111;2024;6;69.0;0.0;0.0;0.0;2.0;21.0;9.0;0.0;0.0;24.0;0.0;0.0;0.0;0.0;0.0;0.0;9.0;4.0;0.0;0.0;0.0;0.0;0.0;0.0;0.0;0.0;0.0;0.0;0.0;0.0;0.0;888.0
Quixeramobim;ASSENTAMENTO NOVO CANAA;-5.3628611111111;-39.316611111111;2024;7;23.2;0.0;0.0;0.0;0.0;0.0;0.0;7.2;2.0;0.0;0.0;0.0;0.0;5.0;0.0;0.0;0.0;0.0;0.0;0.0;9.0;0.0;0.0;0.0;0.0;0.0;0.0;0.0;0.0;0.0;0.0;0.0
Quixeramobim;ASSENTAMENTO NOVO CANAA;-5.3628611111111;-39.316611111111;2024;8;0.0;0.0;0.0;0.0;0.0;0.0;0.0;0.0;0.0;0.0;0.0;0.0;0.0;0.0;0.0;0.0;0.0;0.0;0.0;0.0;0.0;0.0;0.0;0.0;0.0;0.0;0.0;0.0;0.0;0.0;0.0;0.0
Quixeramobim;ASSENTAMENTO NOVO CANAA;-5.3628611111111;-39.316611111111;2024;9;0.0;0.0;0.0;0.0;0.0;0.0;0.0;0.0;0.0;0.0;0.0;0.0;0.0;0.0;0.0;0.0;0.0;0.0;0.0;0.0;0.0;0.0;0.0;0.0;0.0;0.0;0.0;0.0;0.0;0.0;0.0;888.0
Quixeramobim;ASSENTAMENTO NOVO CANAA;-5.3628611111111;-39.316611111111;2024;10;0.0;0.0;0.0;999.0;999.0;999.0;999.0;999.0;999.0;999.0;999.0;999.0;999.0;999.0;999.0;999.0;999.0;999.0;999.0;999.0;999.0;999.0;999.0;999.0;999.0;999.0;999.0;999.0;999.0;999.0;999.0;999.0
