Municipios;Postos;Latitude;Longitude;Anos;Meses;Total;Dia1;Dia2;Dia3;Dia4;Dia5;Dia6;Dia7;Dia8;Dia9;Dia10;Dia11;Dia12;Dia13;Dia14;Dia15;Dia16;Dia17;Dia18;Dia19;Dia20;Dia21;Dia22;Dia23;Dia24;Dia25;Dia26;Dia27;Dia28;Dia29;Dia30;Dia31
Jati;SITIO MACAPA;-7.6776944444444;-39.011305555556;2009;12;27.8;0.0;0.0;0.0;0.0;0.0;0.0;0.0;0.0;0.0;0.0;0.0;0.0;0.2;0.0;7.0;0.0;0.0;0.0;0.0;0.0;6.6;0.0;3.2;0.0;0.0;10.8;0.0;0.0;0.0;0.0;0.0
Jati;SITIO MACAPA;-7.6776944444444;-39.011305555556;2010;1;158.4;83.0;26.0;5.6;2.0;0.0;0.0;0.0;7.0;4.0;0.0;0.0;0.0;13.0;0.0;1.8;0.0;0.0;0.0;0.0;0.0;0.0;0.0;0.0;0.0;0.0;0.0;0.0;10.2;0.0;5.8;0.0
Jati;SITIO MACAPA;-7.6776944444444;-39.011305555556;2010;2;53.5;0.0;0.0;0.0;0.0;0.0;0.0;0.0;0.0;1.5;6.0;0.0;0.0;0.0;0.0;0.0;0.0;0.0;0.0;0.0;0.0;0.0;0.0;10.4;35.6;0.0;0.0;0.0;0.0;888.0;888.0;888.0
Jati;SITIO MACAPA;-7.6776944444444;-39.011305555556;2010;3;69.8;0.0;9.4;0.0;0.0;0.0;0.0;0.0;0.0;0.0;0.0;0.0;0.0;0.0;0.0;5.6;5.2;0.0;0.0;20.8;2.0;0.0;0.0;0.0;0.0;0.0;0.0;0.0;4.4;6.4;0.0;16.0
Jati;SITIO MACAPA;-7.6776944444444;-39.011305555556;2010;4;205.7;0.0;14.8;0.0;18.4;0.0;0.0;0.0;0.0;91.4;5.8;14.2;37.6;0.6;16.7;0.0;3.2;0.0;3.0;999.0;999.0;999.0;999.0;999.0;999.0;999.0;999.0;999.0;999.0;999.0;999.0;888.0
Jati;SITIO MACAPA;-7.6776944444444;-39.011305555556;2010;5;14.4;0.0;0.0;0.0;0.0;2.4;0.0;0.0;0.0;0.0;0.0;0.0;0.0;0.0;12.0;0.0;0.0;0.0;0.0;0.0;0.0;0.0;0.0;0.0;0.0;0.0;0.0;0.0;0.0;0.0;0.0;0.0
Jati;SITIO MACAPA;-7.6776944444444;-39.011305555556;2010;6;11.8;0.0;0.0;0.0;0.0;0.0;0.0;0.0;0.0;0.0;0.0;0.0;0.0;0.0;0.0;0.0;0.0;0.0;0.0;0.0;0.0;0.0;0.0;0.0;0.0;0.0;0.0;0.0;11.8;0.0;0.0;888.0
Jati;SITIO MACAPA;-7.6776944444444;-39.011305555556;2010;7;8.6;0.0;0.0;0.0;0.0;0.0;0.0;0.0;0.0;0.0;6.8;0.0;0.0;0.0;0.0;0.0;0.0;0.0;0.0;0.0;0.0;0.0;0.0;0.0;0.0;0.0;0.0;0.0;0.0;1.8;0.0;0.0
Jati;SITIO MACAPA;-7.6776944444444;-39.011305555556;2010;8;0.0;0.0;0.0;0.0;0.0;0.0;0.0;0.0;0.0;0.0;0.0;0.0;0.0;0.0;0.0;0.0;0.0;0.0;0.0;0.0;0.0;0.0;0.0;0.0;0.0;0.0;0.0;0.0;0.0;0.0;0.0;0.0
Jati;SITIO MACAPA;-7.6776944444444;-39.011305555556;2010;9;0.0;0.0;0.0;0.0;0.0;0.0;0.0;0.0;0.0;0.0;0.0;0.0;0.0;0.0;0.0;0.0;0.0;0.0;0.0;0.0;0.0;0.0;0.0;0.0;0.0;0.0;0.0;0.0;0.0;0.0;0.0;888.0
Jati;SITIO MACAPA;-7.6776944444444;-39.011305555556;2010;10;62.2;0.0;0.0;0.0;0.0;0.0;0.0;0.0;0.0;0.0;0.0;0.0;0.0;0.0;0.0;0.0;0.0;0.0;0.0;0.0;0.0;0.0;0.0;5.0;0.0;0.0;42.2;15.0;0.0;0.0;0.0;0.0
Jati;SITIO MACAPA;-7.6776944444444;-39.011305555556;2010;11;0.0;0.0;0.0;0.0;0.0;0.0;0.0;0.0;0.0;0.0;0.0;0.0;0.0;0.0;0.0;0.0;0.0;0.0;0.0;0.0;0.0;0.0;0.0;0.0;0.0;0.0;0.0;0.0;0.0;0.0;0.0;888.0
Jati;SITIO MACAPA;-7.6776944444444;-39.011305555556;2010;12;84.2;0.0;0.0;0.0;0.0;0.0;0.0;0.0;0.0;25.0;0.0;1.4;0.0;21.0;0.0;7.0;0.0;0.0;22.0;0.0;2.8;0.0;0.6;4.4;999.0;999.0;999.0;999.0;999.0;999.0;999.0;999.0
Jati;SITIO MACAPA;-7.6776944444444;-39.011305555556;2011;1;118.0;0.0;0.0;0.0;0.0;1.0;0.0;0.0;0.0;0.0;0.0;0.0;0.0;7.0;0.0;0.0;0.0;0.0;0.0;0.0;0.0;6.0;0.0;0.0;14.0;40.0;41.0;0.0;9.0;0.0;0.0;0.0
Jati;SITIO MACAPA;-7.6776944444444;-39.011305555556;2011;2;187.1;9.0;43.0;0.0;0.0;0.0;7.4;0.0;0.0;0.0;0.0;0.0;0.0;0.0;0.0;12.0;0.0;12.4;0.0;7.0;4.5;9.0;4.6;0.0;12.2;19.0;36.0;0.0;11.0;888.0;888.0;888.0
Jati;SITIO MACAPA;-7.6776944444444;-39.011305555556;2011;3;191.0;2.0;4.5;0.0;0.5;0.6;0.0;0.0;11.2;9.0;0.0;0.0;0.0;0.0;0.0;15.0;1.2;0.0;0.0;0.0;0.0;0.0;71.4;0.0;0.0;0.0;0.0;31.6;44.0;0.0;0.0;0.0
Jati;SITIO MACAPA;-7.6776944444444;-39.011305555556;2011;4;119.3;0.0;0.0;0.0;0.0;0.0;0.0;1.0;0.0;0.0;61.5;0.0;0.0;0.0;0.0;0.0;0.0;0.0;12.0;2.0;0.5;0.0;40.8;0.5;1.0;0.0;0.0;0.0;0.0;0.0;0.0;888.0
Jati;SITIO MACAPA;-7.6776944444444;-39.011305555556;2011;5;109.8;0.0;0.0;14.4;8.6;28.5;3.4;0.0;0.0;0.0;0.0;0.0;2.0;0.0;0.0;0.0;0.0;0.0;40.2;0.0;6.7;0.0;0.0;0.0;3.4;2.4;0.2;0.0;0.0;0.0;0.0;0.0
Jati;SITIO MACAPA;-7.6776944444444;-39.011305555556;2011;6;11.4;2.0;0.0;0.0;0.0;0.0;0.0;0.0;0.0;0.0;0.0;0.0;0.0;0.0;0.0;0.0;0.0;0.0;0.0;4.0;0.0;0.0;0.0;5.0;0.4;0.0;0.0;0.0;0.0;0.0;0.0;888.0
Jati;SITIO MACAPA;-7.6776944444444;-39.011305555556;2011;7;4.5;0.0;0.0;0.0;0.0;0.0;0.0;0.0;1.0;0.0;0.0;0.0;0.0;0.0;1.5;0.0;0.0;0.0;0.0;0.0;0.0;0.0;0.0;0.0;0.0;0.0;0.0;0.0;0.0;0.0;0.0;2.0
Jati;SITIO MACAPA;-7.6776944444444;-39.011305555556;2011;8;27.0;22.4;0.0;0.0;0.0;0.0;0.0;0.0;0.0;0.0;0.0;0.0;0.0;0.0;0.0;0.0;0.0;0.0;0.0;0.0;0.0;0.0;0.0;0.0;4.6;0.0;0.0;0.0;0.0;0.0;0.0;0.0
Jati;SITIO MACAPA;-7.6776944444444;-39.011305555556;2011;9;0.0;0.0;0.0;0.0;0.0;0.0;0.0;0.0;0.0;0.0;0.0;0.0;0.0;0.0;0.0;0.0;0.0;0.0;0.0;0.0;0.0;0.0;0.0;0.0;0.0;0.0;0.0;0.0;0.0;0.0;0.0;888.0
Jati;SITIO MACAPA;-7.6776944444444;-39.011305555556;2011;10;29.2;0.0;0.0;0.0;0.0;0.0;0.0;0.0;0.0;0.0;0.0;0.0;0.0;0.0;0.0;9.0;0.0;14.0;0.0;0.0;0.0;6.2;0.0;0.0;0.0;0.0;0.0;0.0;0.0;0.0;0.0;0.0
Jati;SITIO MACAPA;-7.6776944444444;-39.011305555556;2011;11;111.2;0.0;28.0;65.0;10.6;0.0;0.0;0.0;0.0;0.0;0.0;0.0;0.0;0.0;0.0;0.0;0.0;0.0;0.0;0.0;0.0;0.0;0.0;7.6;0.0;0.0;0.0;0.0;0.0;0.0;0.0;888.0
Jati;SITIO MACAPA;-7.6776944444444;-39.011305555556;2011;12;0.0;0.0;0.0;0.0;0.0;0.0;0.0;0.0;0.0;0.0;0.0;0.0;0.0;0.0;0.0;0.0;0.0;0.0;0.0;0.0;0.0;0.0;0.0;0.0;0.0;0.0;0.0;0.0;0.0;0.0;0.0;0.0
Jati;SITIO MACAPA;-7.6776944444444;-39.011305555556;2012;1;51.5;0.0;0.0;0.0;0.0;0.0;31.3;0.0;0.0;0.0;9.4;0.0;0.0;5.0;0.0;0.0;0.0;0.0;0.0;2.0;2.0;1.8;0.0;0.0;0.0;0.0;0.0;0.0;0.0;0.0;0.0;0.0
Jati;SITIO MACAPA;-7.6776944444444;-39.011305555556;2012;2;91.2;0.0;0.0;0.0;0.0;0.0;0.0;0.0;0.0;0.0;1.0;0.0;6.2;0.0;0.0;0.0;0.0;0.0;0.0;46.0;25.0;3.0;1.0;0.0;0.0;0.0;2.0;1.6;5.4;0.0;888.0;888.0
Jati;SITIO MACAPA;-7.6776944444444;-39.011305555556;2012;3;66.4;0.0;1.0;0.0;0.0;0.0;10.6;4.6;0.0;0.0;0.0;0.0;0.0;4.0;0.0;0.0;0.0;0.0;0.0;5.0;4.2;0.0;0.0;0.0;0.0;37.0;0.0;0.0;0.0;0.0;0.0;0.0
Jati;SITIO MACAPA;-7.6776944444444;-39.011305555556;2012;4;15.5;0.0;0.0;0.0;0.0;0.0;0.0;0.0;4.0;0.0;1.0;0.0;0.0;0.0;0.0;0.0;0.0;4.0;0.0;0.0;0.0;0.0;3.5;0.0;3.0;0.0;0.0;0.0;0.0;0.0;0.0;888.0
Jati;SITIO MACAPA;-7.6776944444444;-39.011305555556;2012;5;4.6;0.0;0.0;0.0;0.0;0.0;0.0;0.0;0.0;0.0;0.0;0.0;0.0;0.0;0.0;0.0;0.0;0.0;0.0;0.0;0.0;0.0;0.0;0.0;0.0;0.0;4.6;0.0;0.0;0.0;0.0;0.0
Jati;SITIO MACAPA;-7.6776944444444;-39.011305555556;2012;6;10.6;0.0;0.0;0.0;0.0;0.0;0.0;0.0;0.0;0.0;0.0;0.0;0.0;0.0;0.0;0.0;0.0;0.0;0.0;0.0;0.0;0.0;0.0;0.0;0.0;1.6;9.0;0.0;0.0;0.0;0.0;888.0
Jati;SITIO MACAPA;-7.6776944444444;-39.011305555556;2012;7;0.0;0.0;0.0;0.0;0.0;0.0;0.0;0.0;0.0;0.0;0.0;0.0;0.0;0.0;0.0;0.0;0.0;0.0;0.0;0.0;0.0;0.0;0.0;0.0;0.0;0.0;0.0;0.0;0.0;0.0;0.0;0.0
Jati;SITIO MACAPA;-7.6776944444444;-39.011305555556;2012;8;3.5;3.5;0.0;0.0;0.0;0.0;0.0;0.0;0.0;0.0;999.0;0.0;0.0;0.0;0.0;0.0;0.0;0.0;0.0;0.0;0.0;0.0;0.0;0.0;0.0;0.0;0.0;0.0;0.0;0.0;0.0;0.0
Jati;SITIO MACAPA;-7.6776944444444;-39.011305555556;2012;9;0.0;0.0;0.0;0.0;0.0;0.0;0.0;0.0;0.0;0.0;0.0;0.0;0.0;0.0;0.0;0.0;0.0;0.0;0.0;0.0;0.0;0.0;0.0;0.0;0.0;0.0;0.0;0.0;0.0;0.0;0.0;888.0
Jati;SITIO MACAPA;-7.6776944444444;-39.011305555556;2012;10;3.0;0.0;0.0;0.0;0.0;0.0;0.0;0.0;0.0;0.0;0.0;0.0;0.0;3.0;0.0;0.0;0.0;0.0;0.0;0.0;0.0;0.0;0.0;0.0;0.0;0.0;0.0;0.0;0.0;0.0;0.0;0.0
Jati;SITIO MACAPA;-7.6776944444444;-39.011305555556;2012;11;22.8;0.0;0.0;0.0;0.0;0.0;0.0;19.0;0.0;0.0;0.0;0.0;0.0;0.0;0.0;0.0;0.0;0.0;0.0;0.0;0.0;0.0;0.0;3.8;0.0;0.0;0.0;0.0;0.0;0.0;0.0;888.0
Jati;SITIO MACAPA;-7.6776944444444;-39.011305555556;2012;12;18.2;1.2;0.0;0.0;3.0;0.0;0.0;0.0;0.0;0.0;0.0;0.0;0.0;0.0;0.0;0.0;0.0;0.0;7.6;0.0;0.0;0.0;0.0;2.4;0.0;0.0;0.0;4.0;999.0;999.0;999.0;999.0
Jati;SITIO MACAPA;-7.6776944444444;-39.011305555556;2013;1;123.2;0.0;0.0;0.0;0.0;10.0;5.0;3.0;0.0;0.0;0.0;0.0;0.0;1.6;4.8;4.6;19.0;0.0;35.2;1.4;19.0;13.0;6.0;0.0;0.0;0.0;0.0;0.0;0.0;0.0;0.0;0.6
Jati;SITIO MACAPA;-7.6776944444444;-39.011305555556;2013;2;69.6;0.0;0.0;0.0;0.0;0.0;0.2;0.3;0.0;0.0;0.0;0.0;0.0;0.0;0.0;0.0;10.1;11.0;0.0;48.0;0.0;0.0;0.0;0.0;0.0;0.0;0.0;0.0;0.0;888.0;888.0;888.0
Jati;SITIO MACAPA;-7.6776944444444;-39.011305555556;2013;3;70.3;0.0;0.0;0.0;0.0;0.0;0.5;0.0;0.0;0.0;0.0;0.0;0.0;0.0;0.0;0.0;0.0;0.0;0.0;3.0;14.4;0.0;27.0;0.0;0.0;14.0;3.2;0.0;0.0;6.8;1.4;0.0
Jati;SITIO MACAPA;-7.6776944444444;-39.011305555556;2013;4;133.1;0.0;0.0;3.2;13.0;3.0;0.0;0.0;36.0;0.0;0.0;0.0;16.0;0.0;0.0;0.0;0.0;0.0;18.0;20.1;0.0;0.0;0.0;1.4;0.0;4.8;0.6;2.6;0.0;0.0;14.4;888.0
Jati;SITIO MACAPA;-7.6776944444444;-39.011305555556;2013;5;29.6;0.0;10.6;0.0;0.0;0.0;0.0;0.0;0.0;0.0;1.2;3.4;0.0;0.0;0.0;0.0;0.0;0.0;0.0;0.0;0.0;0.0;0.0;0.0;0.0;11.0;3.4;0.0;0.0;0.0;0.0;0.0
Jati;SITIO MACAPA;-7.6776944444444;-39.011305555556;2013;6;64.0;0.0;0.0;0.0;0.0;0.0;0.0;0.0;0.0;0.0;0.0;0.0;0.0;0.0;0.0;0.0;0.0;0.0;9.0;0.0;0.0;0.0;25.0;30.0;0.0;0.0;0.0;0.0;0.0;0.0;0.0;888.0
Jati;SITIO MACAPA;-7.6776944444444;-39.011305555556;2013;7;16.0;0.0;0.0;0.0;0.0;0.0;0.0;0.0;0.0;0.0;0.0;0.0;0.0;0.0;12.0;0.0;0.0;0.0;0.0;2.6;0.0;0.0;0.0;0.0;0.0;0.0;0.0;0.0;0.0;0.0;1.4;0.0
Jati;SITIO MACAPA;-7.6776944444444;-39.011305555556;2013;8;2.2;0.0;0.0;1.0;0.0;0.0;1.2;0.0;0.0;0.0;0.0;0.0;0.0;0.0;0.0;0.0;0.0;0.0;0.0;0.0;0.0;0.0;0.0;0.0;0.0;0.0;0.0;0.0;0.0;0.0;0.0;0.0
Jati;SITIO MACAPA;-7.6776944444444;-39.011305555556;2013;9;0.0;0.0;0.0;0.0;0.0;0.0;0.0;0.0;0.0;0.0;0.0;0.0;0.0;0.0;0.0;0.0;0.0;0.0;0.0;0.0;0.0;0.0;0.0;0.0;0.0;0.0;0.0;0.0;0.0;0.0;0.0;888.0
Jati;SITIO MACAPA;-7.6776944444444;-39.011305555556;2013;10;0.0;0.0;0.0;0.0;0.0;0.0;0.0;0.0;0.0;0.0;0.0;0.0;0.0;0.0;0.0;0.0;0.0;0.0;0.0;0.0;0.0;0.0;0.0;0.0;0.0;0.0;0.0;0.0;0.0;0.0;0.0;0.0
Jati;SITIO MACAPA;-7.6776944444444;-39.011305555556;2013;11;0.0;0.0;0.0;0.0;0.0;0.0;0.0;0.0;0.0;0.0;0.0;0.0;0.0;0.0;0.0;0.0;0.0;0.0;0.0;0.0;0.0;0.0;0.0;0.0;0.0;0.0;0.0;0.0;0.0;0.0;0.0;888.0
Jati;SITIO MACAPA;-7.6776944444444;-39.011305555556;2013;12;192.0;0.0;0.0;0.0;0.0;0.0;0.0;0.0;0.0;0.0;0.0;0.0;0.0;0.0;0.0;0.0;0.0;0.0;107.0;77.0;0.0;5.0;0.0;3.0;0.0;0.0;0.0;0.0;0.0;0.0;0.0;999.0
Jati;SITIO MACAPA;-7.6776944444444;-39.011305555556;2014;1;84.4;0.0;0.0;0.0;0.0;0.0;0.0;0.0;0.0;0.0;0.0;0.0;0.0;0.0;1.2;8.0;0.0;0.0;0.0;4.0;0.0;5.2;0.0;0.0;0.0;0.0;1.6;0.0;17.4;0.0;0.0;47.0
Jati;SITIO MACAPA;-7.6776944444444;-39.011305555556;2014;2;86.5;0.0;0.0;0.0;0.9;0.0;0.0;0.0;0.0;0.0;0.0;0.0;0.0;0.0;0.0;0.0;0.0;68.0;2.0;0.0;12.6;0.0;0.0;0.0;0.0;0.0;0.0;3.0;0.0;888.0;888.0;888.0
Jati;SITIO MACAPA;-7.6776944444444;-39.011305555556;2014;3;173.0;0.0;0.0;0.0;11.4;0.0;0.0;0.0;0.0;18.0;5.4;29.0;0.0;0.0;0.0;0.0;0.0;20.0;0.0;0.0;0.0;7.0;0.0;0.0;0.0;0.0;0.0;8.0;11.6;10.0;0.0;52.6
Jati;SITIO MACAPA;-7.6776944444444;-39.011305555556;2014;4;95.4;0.0;0.0;0.0;1.0;1.0;0.0;14.4;0.0;0.0;7.0;14.6;37.2;0.0;0.0;5.0;0.0;0.0;2.8;0.0;2.8;0.0;0.0;9.0;0.0;0.0;0.0;0.0;0.0;0.6;0.0;888.0
Jati;SITIO MACAPA;-7.6776944444444;-39.011305555556;2014;5;77.8;0.0;6.0;7.2;4.6;3.0;0.0;0.0;0.0;0.0;0.0;0.0;0.0;0.0;0.0;5.0;0.0;0.0;0.0;0.0;0.0;0.0;1.8;0.0;0.0;0.0;0.0;0.0;0.0;40.2;10.0;0.0
Jati;SITIO MACAPA;-7.6776944444444;-39.011305555556;2014;6;6.9;0.0;0.0;0.0;0.0;0.0;0.0;0.0;0.0;0.0;0.0;1.5;0.0;0.0;1.4;0.0;0.0;0.0;0.0;4.0;0.0;0.0;0.0;0.0;0.0;0.0;0.0;0.0;0.0;0.0;0.0;888.0
Jati;SITIO MACAPA;-7.6776944444444;-39.011305555556;2014;7;17.2;0.0;0.0;0.0;0.0;0.0;0.0;0.0;0.0;0.0;0.0;0.0;0.0;0.0;0.0;0.0;2.4;0.0;0.0;0.0;0.0;0.0;0.0;0.0;0.0;0.0;6.8;0.0;0.0;8.0;0.0;0.0
Jati;SITIO MACAPA;-7.6776944444444;-39.011305555556;2014;8;0.0;0.0;0.0;0.0;0.0;0.0;0.0;0.0;0.0;0.0;0.0;0.0;0.0;0.0;0.0;0.0;0.0;0.0;0.0;0.0;0.0;0.0;0.0;0.0;0.0;0.0;0.0;0.0;0.0;0.0;0.0;0.0
Jati;SITIO MACAPA;-7.6776944444444;-39.011305555556;2014;9;0.0;0.0;0.0;0.0;0.0;0.0;0.0;0.0;0.0;0.0;0.0;0.0;0.0;0.0;0.0;0.0;0.0;0.0;0.0;0.0;0.0;0.0;0.0;0.0;0.0;0.0;0.0;0.0;0.0;0.0;0.0;888.0
Jati;SITIO MACAPA;-7.6776944444444;-39.011305555556;2014;10;10.0;0.0;0.0;10.0;0.0;0.0;0.0;0.0;0.0;0.0;0.0;0.0;0.0;0.0;0.0;0.0;0.0;0.0;0.0;0.0;0.0;0.0;0.0;0.0;0.0;0.0;0.0;0.0;0.0;0.0;0.0;0.0
Jati;SITIO MACAPA;-7.6776944444444;-39.011305555556;2014;11;80.4;0.0;0.0;0.0;0.0;0.0;0.0;0.0;0.0;0.0;0.0;0.0;0.0;0.0;0.0;0.0;0.0;47.0;6.2;14.0;13.2;0.0;0.0;0.0;0.0;0.0;0.0;0.0;0.0;0.0;0.0;888.0
Jati;SITIO MACAPA;-7.6776944444444;-39.011305555556;2014;12;33.8;0.0;0.0;0.0;0.0;0.0;0.0;0.0;0.0;0.0;0.0;0.0;0.0;0.0;0.0;0.0;6.8;3.4;0.0;23.6;0.0;0.0;0.0;0.0;0.0;0.0;0.0;0.0;0.0;0.0;0.0;0.0
Jati;SITIO MACAPA;-7.6776944444444;-39.011305555556;2015;1;44.2;0.0;0.0;10.0;0.0;0.0;0.0;10.4;0.0;0.0;0.0;0.0;2.0;1.0;0.0;0.0;0.0;0.0;0.0;1.0;1.8;0.0;0.0;0.0;0.0;1.0;0.0;0.0;0.0;0.0;0.0;17.0
Jati;SITIO MACAPA;-7.6776944444444;-39.011305555556;2015;2;83.3;0.0;0.0;0.0;0.0;2.0;0.0;0.0;0.0;0.0;0.0;0.0;0.0;0.0;0.0;0.0;0.0;0.0;1.5;1.0;11.2;8.2;0.0;1.2;44.2;11.0;3.0;0.0;0.0;888.0;888.0;888.0
Jati;SITIO MACAPA;-7.6776944444444;-39.011305555556;2015;3;203.4;2.0;11.6;12.0;0.0;0.0;1.0;0.0;0.0;0.8;13.4;0.0;0.0;0.0;0.0;0.0;0.0;23.2;12.0;0.0;0.0;0.0;55.4;3.8;5.0;34.0;0.0;0.1;0.0;0.0;3.3;25.8
Jati;SITIO MACAPA;-7.6776944444444;-39.011305555556;2015;4;33.8;0.0;0.0;0.0;0.0;0.0;0.0;0.0;4.2;0.2;0.0;0.0;0.0;0.0;12.2;0.2;0.0;0.0;0.0;0.0;0.0;5.0;0.0;12.0;0.0;0.0;0.0;0.0;0.0;0.0;0.0;888.0
Jati;SITIO MACAPA;-7.6776944444444;-39.011305555556;2015;5;51.5;0.0;0.0;3.0;24.2;0.0;0.0;0.0;0.0;4.6;0.0;0.2;0.0;0.0;0.0;3.7;0.0;0.0;0.0;0.0;4.4;3.2;0.0;0.0;8.2;0.0;0.0;0.0;0.0;0.0;0.0;0.0
Jati;SITIO MACAPA;-7.6776944444444;-39.011305555556;2015;6;10.8;0.0;0.0;0.0;1.0;0.6;0.0;0.0;4.0;0.0;0.0;0.0;0.0;0.0;0.0;0.0;0.0;0.0;0.0;0.0;0.0;0.0;1.2;0.0;0.0;1.0;0.0;0.0;0.0;0.0;3.0;888.0
Jati;SITIO MACAPA;-7.6776944444444;-39.011305555556;2015;7;42.7;21.6;0.0;3.4;0.1;9.4;1.6;0.0;4.0;0.0;0.0;0.0;0.0;0.0;0.0;0.0;0.0;1.6;0.0;0.0;0.0;0.0;0.0;0.0;1.0;0.0;0.0;0.0;0.0;0.0;0.0;0.0
Jati;SITIO MACAPA;-7.6776944444444;-39.011305555556;2015;8;1.6;1.6;0.0;0.0;0.0;0.0;0.0;0.0;0.0;0.0;0.0;0.0;0.0;0.0;0.0;0.0;0.0;0.0;0.0;0.0;0.0;0.0;0.0;0.0;0.0;0.0;0.0;0.0;0.0;0.0;0.0;0.0
Jati;SITIO MACAPA;-7.6776944444444;-39.011305555556;2015;9;0.0;0.0;0.0;0.0;0.0;0.0;0.0;0.0;0.0;0.0;0.0;0.0;0.0;0.0;0.0;0.0;0.0;0.0;0.0;0.0;0.0;0.0;0.0;0.0;0.0;0.0;0.0;0.0;0.0;0.0;0.0;888.0
Jati;SITIO MACAPA;-7.6776944444444;-39.011305555556;2015;10;18.0;0.0;0.0;0.0;0.0;0.0;0.0;0.0;0.0;0.0;0.0;0.0;0.0;0.0;0.0;3.4;0.0;0.0;0.0;0.0;0.0;0.0;0.0;0.0;0.0;0.0;0.0;0.0;0.0;0.0;0.0;14.6
Jati;SITIO MACAPA;-7.6776944444444;-39.011305555556;2015;11;0.0;0.0;0.0;0.0;0.0;0.0;0.0;0.0;0.0;0.0;0.0;0.0;0.0;0.0;0.0;0.0;0.0;0.0;0.0;0.0;0.0;0.0;0.0;0.0;0.0;0.0;0.0;0.0;0.0;0.0;0.0;888.0
Jati;SITIO MACAPA;-7.6776944444444;-39.011305555556;2015;12;67.5;0.0;0.0;0.0;0.0;0.0;0.0;0.0;0.0;0.0;0.0;0.0;0.0;0.0;0.0;0.0;0.0;0.0;0.0;49.4;0.3;0.0;0.0;0.0;0.0;0.0;1.0;0.0;0.0;0.0;16.8;0.0
Jati;SITIO MACAPA;-7.6776944444444;-39.011305555556;2016;1;183.6;0.0;2.4;0.0;0.0;0.0;0.0;2.0;24.4;0.0;13.0;7.0;0.0;0.0;0.6;39.2;0.0;0.0;7.0;3.2;4.4;4.4;11.2;8.4;35.0;8.2;1.6;0.0;1.4;3.2;3.2;3.8
Jati;SITIO MACAPA;-7.6776944444444;-39.011305555556;2016;2;53.6;16.2;8.8;0.0;0.0;0.0;0.0;0.0;0.0;0.0;0.0;1.2;0.0;0.0;0.2;0.0;0.0;0.0;0.0;0.0;1.2;0.0;0.0;0.0;26.0;0.0;0.0;0.0;0.0;0.0;888.0;888.0
Jati;SITIO MACAPA;-7.6776944444444;-39.011305555556;2016;3;91.0;0.0;0.0;0.0;0.0;0.0;0.0;0.0;0.0;3.0;0.0;1.8;27.6;0.0;0.0;0.0;0.2;0.0;3.0;0.0;0.0;0.0;0.2;0.0;17.8;0.0;0.0;0.0;0.0;0.0;37.4;0.0
Jati;SITIO MACAPA;-7.6776944444444;-39.011305555556;2016;4;3.8;0.0;0.0;0.0;0.0;0.0;2.6;0.0;0.0;0.0;0.0;0.0;0.0;0.0;0.0;0.0;0.0;0.0;0.0;0.0;0.0;0.0;0.0;1.2;0.0;0.0;0.0;0.0;0.0;0.0;0.0;888.0
Jati;SITIO MACAPA;-7.6776944444444;-39.011305555556;2016;5;33.0;0.0;4.0;0.0;0.0;0.0;0.0;0.0;0.0;0.0;0.0;0.0;7.8;0.0;0.0;0.0;0.0;0.0;0.0;0.0;0.0;0.0;0.0;0.0;0.0;15.6;0.0;0.0;0.0;0.0;1.4;4.2
Jati;SITIO MACAPA;-7.6776944444444;-39.011305555556;2016;6;14.6;0.0;0.0;0.0;0.0;0.0;4.0;0.0;0.0;0.0;0.0;0.0;0.0;0.0;0.0;0.0;0.0;0.0;0.0;0.0;0.0;0.0;0.0;5.2;0.0;0.0;0.0;0.2;5.2;0.0;0.0;888.0
Jati;SITIO MACAPA;-7.6776944444444;-39.011305555556;2016;7;0.0;0.0;0.0;0.0;0.0;0.0;0.0;0.0;0.0;0.0;0.0;0.0;0.0;0.0;0.0;0.0;0.0;0.0;0.0;0.0;0.0;0.0;0.0;0.0;0.0;0.0;0.0;0.0;0.0;0.0;0.0;0.0
Jati;SITIO MACAPA;-7.6776944444444;-39.011305555556;2016;8;0.0;0.0;0.0;0.0;0.0;0.0;0.0;0.0;0.0;0.0;0.0;0.0;0.0;0.0;0.0;0.0;0.0;0.0;0.0;0.0;0.0;0.0;0.0;0.0;0.0;0.0;0.0;0.0;0.0;0.0;0.0;0.0
Jati;SITIO MACAPA;-7.6776944444444;-39.011305555556;2016;9;3.0;0.0;0.0;0.0;0.0;0.0;0.0;0.0;0.0;0.0;0.0;0.0;0.0;0.0;0.0;0.0;0.0;0.0;0.0;0.0;0.0;0.0;0.0;0.0;0.0;0.0;0.0;3.0;0.0;0.0;0.0;888.0
Jati;SITIO MACAPA;-7.6776944444444;-39.011305555556;2016;10;0.0;0.0;0.0;0.0;0.0;0.0;0.0;0.0;0.0;0.0;0.0;0.0;0.0;0.0;0.0;0.0;0.0;0.0;0.0;0.0;0.0;0.0;0.0;0.0;0.0;0.0;0.0;0.0;0.0;0.0;0.0;0.0
Jati;SITIO MACAPA;-7.6776944444444;-39.011305555556;2016;11;3.4;0.0;0.0;0.0;0.0;0.0;0.0;0.0;0.0;0.0;0.0;0.0;0.0;0.0;0.0;0.0;0.0;0.0;0.0;0.0;0.0;3.4;0.0;0.0;0.0;0.0;0.0;0.0;0.0;0.0;0.0;888.0
Jati;SITIO MACAPA;-7.6776944444444;-39.011305555556;2016;12;87.8;0.0;15.0;0.0;0.0;0.0;0.0;0.0;0.0;0.0;0.0;0.0;0.0;0.0;0.0;0.0;6.0;50.0;12.0;1.0;0.0;0.0;0.0;0.0;0.0;0.0;3.8;0.0;0.0;0.0;0.0;0.0
Jati;SITIO MACAPA;-7.6776944444444;-39.011305555556;2017;1;144.0;0.0;0.0;0.0;0.0;0.0;0.0;0.0;0.0;0.0;0.0;3.0;0.0;0.0;7.2;0.0;17.4;0.0;0.2;0.0;0.0;0.0;0.0;3.2;13.0;0.0;0.0;36.0;9.0;54.0;0.0;1.0
Jati;SITIO MACAPA;-7.6776944444444;-39.011305555556;2017;2;147.4;1.2;0.0;23.0;0.0;0.0;0.0;0.0;1.2;0.0;69.2;1.2;0.0;0.0;0.0;0.0;0.0;0.0;0.0;0.0;0.0;7.6;0.0;0.0;1.8;18.4;0.6;0.2;23.0;888.0;888.0;888.0
Jati;SITIO MACAPA;-7.6776944444444;-39.011305555556;2017;3;51.2;0.0;1.8;1.6;0.0;0.0;0.1;0.0;2.6;21.4;6.2;0.1;0.0;0.0;4.0;4.6;0.0;6.8;0.0;0.0;0.0;0.0;0.0;0.0;0.0;2.0;0.0;0.0;0.0;0.0;0.0;0.0
Jati;SITIO MACAPA;-7.6776944444444;-39.011305555556;2017;4;97.6;20.0;0.0;37.0;0.0;0.0;16.0;0.0;0.0;0.0;0.0;1.8;1.4;11.0;5.4;5.0;0.0;0.0;0.0;0.0;0.0;0.0;0.0;0.0;0.0;0.0;0.0;0.0;0.0;0.0;0.0;888.0
Jati;SITIO MACAPA;-7.6776944444444;-39.011305555556;2017;5;53.4;0.0;0.0;0.0;0.0;0.0;0.0;0.0;0.0;0.0;47.2;0.0;0.0;0.0;0.0;0.0;0.0;0.0;0.0;0.0;0.0;0.0;0.0;4.2;0.0;1.0;1.0;0.0;0.0;0.0;0.0;0.0
Jati;SITIO MACAPA;-7.6776944444444;-39.011305555556;2017;6;29.1;13.5;0.0;5.2;0.0;0.0;0.0;0.0;0.0;0.0;0.0;0.0;0.0;0.0;1.8;0.0;0.0;0.0;0.0;1.2;0.0;0.0;0.0;0.0;2.2;0.0;0.0;0.0;0.0;0.0;5.2;888.0
Jati;SITIO MACAPA;-7.6776944444444;-39.011305555556;2017;7;9.2;0.0;1.4;0.0;0.6;0.6;0.2;0.0;0.0;3.2;0.0;0.0;0.0;0.0;1.2;0.0;0.0;0.0;0.0;0.0;0.0;0.0;0.0;0.0;1.8;0.2;0.0;0.0;0.0;0.0;0.0;0.0
Jati;SITIO MACAPA;-7.6776944444444;-39.011305555556;2017;8;0.4;0.0;0.0;0.0;0.0;0.0;0.0;0.0;0.0;0.0;0.0;0.0;0.0;0.0;0.0;0.0;0.0;0.0;0.0;0.0;0.4;0.0;0.0;0.0;0.0;0.0;0.0;0.0;0.0;0.0;0.0;0.0
Jati;SITIO MACAPA;-7.6776944444444;-39.011305555556;2017;9;0.2;0.0;0.0;0.0;0.0;0.0;0.0;0.0;0.2;0.0;0.0;0.0;0.0;0.0;0.0;0.0;0.0;0.0;0.0;0.0;0.0;0.0;0.0;0.0;0.0;0.0;0.0;0.0;0.0;0.0;0.0;888.0
Jati;SITIO MACAPA;-7.6776944444444;-39.011305555556;2017;10;0.6;0.0;0.0;0.0;0.0;0.0;0.0;0.0;0.0;0.0;0.0;0.0;0.0;0.0;0.0;0.0;0.0;0.0;0.0;0.0;0.0;0.0;0.6;0.0;0.0;0.0;0.0;0.0;0.0;0.0;0.0;0.0
Jati;SITIO MACAPA;-7.6776944444444;-39.011305555556;2017;11;3.6;0.0;0.0;0.0;0.0;0.0;0.0;0.0;1.4;0.8;1.4;0.0;0.0;0.0;0.0;0.0;0.0;0.0;0.0;0.0;0.0;0.0;0.0;0.0;0.0;0.0;0.0;0.0;0.0;0.0;999.0;888.0
Jati;SITIO MACAPA;-7.6776944444444;-39.011305555556;2017;12;27.2;0.0;0.0;0.0;0.0;0.0;0.0;0.0;0.0;0.0;0.0;0.0;0.0;0.0;0.0;0.0;0.0;0.0;3.8;0.0;0.0;8.0;4.0;3.0;8.4;0.0;0.0;0.0;0.0;0.0;0.0;0.0
Jati;SITIO MACAPA;-7.6776944444444;-39.011305555556;2018;1;83.0;0.0;0.0;0.0;0.0;2.0;2.0;1.6;1.4;0.0;0.0;10.4;0.2;15.8;5.6;0.0;0.0;0.0;0.0;0.0;0.2;0.0;0.0;0.0;0.0;0.0;0.0;41.6;2.2;0.0;0.0;0.0
Jati;SITIO MACAPA;-7.6776944444444;-39.011305555556;2018;2;266.6;0.0;0.0;0.0;0.0;0.0;0.0;0.0;8.0;3.0;4.0;0.0;0.0;0.0;40.4;40.0;0.0;0.0;53.0;23.8;0.6;0.0;4.4;2.4;80.6;2.8;2.6;1.0;0.0;888.0;888.0;888.0
Jati;SITIO MACAPA;-7.6776944444444;-39.011305555556;2018;3;96.2;1.4;8.0;8.8;0.0;1.0;0.0;0.0;0.0;0.0;0.0;0.0;0.0;0.0;0.0;0.0;0.0;0.0;0.0;4.0;2.8;0.0;0.0;0.0;29.2;0.0;0.0;0.0;0.0;0.0;8.0;33.0
Jati;SITIO MACAPA;-7.6776944444444;-39.011305555556;2018;4;190.3;0.0;31.0;0.0;0.2;74.5;3.6;2.2;8.0;11.2;0.0;0.0;0.0;17.4;40.4;1.2;0.0;0.0;0.0;0.0;0.0;0.0;0.0;0.6;0.0;0.0;0.0;0.0;0.0;0.0;0.0;888.0
Jati;SITIO MACAPA;-7.6776944444444;-39.011305555556;2018;5;5.6;1.6;1.6;0.0;0.0;0.0;0.0;0.0;0.0;0.0;0.0;0.0;0.0;0.0;0.0;0.0;2.4;0.0;0.0;0.0;0.0;0.0;0.0;0.0;0.0;0.0;0.0;0.0;0.0;0.0;0.0;0.0
Jati;SITIO MACAPA;-7.6776944444444;-39.011305555556;2018;6;2.8;0.0;0.0;0.0;0.0;0.0;0.0;0.0;1.0;1.8;0.0;0.0;0.0;0.0;0.0;0.0;0.0;0.0;0.0;0.0;0.0;0.0;0.0;0.0;0.0;0.0;0.0;0.0;0.0;0.0;0.0;888.0
Jati;SITIO MACAPA;-7.6776944444444;-39.011305555556;2018;7;0.0;0.0;0.0;0.0;0.0;0.0;0.0;0.0;0.0;0.0;0.0;0.0;0.0;0.0;0.0;0.0;0.0;0.0;0.0;0.0;0.0;0.0;0.0;0.0;0.0;0.0;0.0;0.0;0.0;0.0;0.0;0.0
Jati;SITIO MACAPA;-7.6776944444444;-39.011305555556;2018;8;0.0;0.0;0.0;0.0;0.0;0.0;0.0;0.0;0.0;0.0;0.0;0.0;0.0;0.0;0.0;0.0;0.0;0.0;0.0;0.0;0.0;0.0;0.0;0.0;0.0;0.0;0.0;0.0;0.0;0.0;0.0;0.0
Jati;SITIO MACAPA;-7.6776944444444;-39.011305555556;2018;9;0.0;0.0;0.0;0.0;0.0;0.0;0.0;0.0;0.0;0.0;0.0;0.0;0.0;0.0;0.0;0.0;0.0;0.0;0.0;0.0;0.0;0.0;0.0;0.0;0.0;0.0;0.0;0.0;0.0;0.0;0.0;888.0
Jati;SITIO MACAPA;-7.6776944444444;-39.011305555556;2018;10;48.4;0.0;0.0;0.0;0.0;0.0;0.0;0.0;0.0;0.0;0.0;0.0;0.0;0.0;0.0;0.0;0.0;0.0;41.4;0.0;0.0;0.0;6.0;0.0;0.0;0.0;0.0;0.0;0.0;0.0;1.0;0.0
Jati;SITIO MACAPA;-7.6776944444444;-39.011305555556;2018;11;1.8;0.0;0.0;0.0;0.0;0.0;0.0;0.0;0.0;0.0;0.0;0.0;0.0;0.0;0.0;0.0;0.0;0.0;0.0;0.0;0.0;0.0;0.0;0.0;0.0;1.8;0.0;0.0;0.0;0.0;0.0;888.0
Jati;SITIO MACAPA;-7.6776944444444;-39.011305555556;2018;12;88.6;0.0;0.0;0.0;0.0;2.0;0.0;9.0;11.0;1.0;22.0;0.6;0.0;0.0;0.0;0.0;0.0;0.0;8.8;1.6;0.0;0.0;0.0;0.0;31.4;1.2;0.0;0.0;0.0;0.0;0.0;0.0
Jati;SITIO MACAPA;-7.6776944444444;-39.011305555556;2019;1;128.6;0.0;0.0;0.0;0.8;0.0;0.0;0.0;0.0;0.0;11.0;0.0;0.0;0.0;19.0;0.0;0.0;0.0;0.0;0.0;68.0;0.0;0.0;2.0;13.6;0.0;5.2;0.2;8.8;0.0;0.0;0.0
Jati;SITIO MACAPA;-7.6776944444444;-39.011305555556;2019;2;160.2;0.0;7.4;0.0;22.8;0.0;4.8;30.8;0.0;0.0;0.0;0.0;0.0;0.0;22.2;0.0;22.0;21.6;0.0;2.0;0.0;0.0;5.2;0.0;6.2;0.0;1.2;14.0;0.0;888.0;888.0;888.0
Jati;SITIO MACAPA;-7.6776944444444;-39.011305555556;2019;3;168.2;0.0;0.0;0.0;0.0;19.0;2.8;0.0;6.2;1.6;0.0;0.0;0.0;9.2;3.0;2.2;0.0;0.0;0.0;0.0;0.0;0.0;0.0;1.8;46.2;3.0;0.0;11.2;8.0;0.0;0.0;54.0
Jati;SITIO MACAPA;-7.6776944444444;-39.011305555556;2019;4;145.0;6.2;0.0;0.0;43.6;6.0;8.4;5.0;0.0;7.2;54.2;0.0;0.0;1.4;0.0;5.6;0.0;0.0;0.0;0.0;0.0;0.8;1.4;0.0;5.2;0.0;0.0;0.0;0.0;0.0;0.0;888.0
Jati;SITIO MACAPA;-7.6776944444444;-39.011305555556;2019;5;45.4;22.6;0.0;0.0;0.0;0.0;0.0;0.0;0.0;0.6;0.0;0.0;0.0;0.0;0.0;18.0;0.0;0.0;2.6;1.6;0.0;0.0;0.0;0.0;0.0;0.0;0.0;0.0;0.0;0.0;0.0;0.0
Jati;SITIO MACAPA;-7.6776944444444;-39.011305555556;2019;6;29.4;0.0;0.0;0.0;0.0;0.0;0.0;0.0;0.0;0.0;0.0;0.0;0.0;0.0;0.0;0.0;0.0;0.0;26.0;3.4;0.0;0.0;0.0;0.0;0.0;0.0;0.0;0.0;0.0;0.0;0.0;888.0
Jati;SITIO MACAPA;-7.6776944444444;-39.011305555556;2019;7;4.8;0.0;0.0;0.0;0.0;0.0;0.0;0.0;0.0;0.0;2.2;0.0;0.0;0.0;0.0;0.0;0.0;0.0;0.0;0.0;2.6;0.0;0.0;0.0;0.0;0.0;0.0;0.0;0.0;0.0;0.0;0.0
Jati;SITIO MACAPA;-7.6776944444444;-39.011305555556;2019;8;0.0;0.0;0.0;0.0;0.0;0.0;0.0;0.0;0.0;0.0;0.0;0.0;0.0;0.0;0.0;0.0;0.0;0.0;0.0;0.0;0.0;0.0;0.0;0.0;0.0;0.0;0.0;0.0;0.0;0.0;0.0;0.0
Jati;SITIO MACAPA;-7.6776944444444;-39.011305555556;2019;9;0.0;0.0;0.0;0.0;0.0;0.0;0.0;0.0;0.0;0.0;0.0;0.0;0.0;0.0;0.0;0.0;0.0;0.0;0.0;0.0;0.0;0.0;0.0;0.0;0.0;0.0;0.0;0.0;0.0;0.0;0.0;888.0
Jati;SITIO MACAPA;-7.6776944444444;-39.011305555556;2019;10;26.8;0.0;0.0;0.0;0.0;0.0;0.0;0.0;0.0;0.0;0.0;0.0;0.0;0.0;0.0;0.0;0.0;0.0;0.0;0.0;0.0;26.8;0.0;0.0;0.0;0.0;0.0;0.0;0.0;0.0;0.0;0.0
Jati;SITIO MACAPA;-7.6776944444444;-39.011305555556;2019;11;33.4;0.0;0.0;0.0;0.0;0.0;0.0;0.0;0.0;0.0;0.0;0.0;0.0;0.0;0.0;0.0;0.0;0.0;0.0;0.0;0.0;0.0;0.0;0.0;0.0;0.0;24.4;9.0;0.0;0.0;0.0;888.0
Jati;SITIO MACAPA;-7.6776944444444;-39.011305555556;2019;12;10.0;0.0;0.0;0.0;0.0;0.0;0.0;0.0;0.0;6.0;0.0;0.0;0.0;0.0;0.0;0.0;0.0;0.0;0.0;0.0;0.0;0.0;0.0;0.0;0.0;0.0;0.0;0.0;0.0;0.0;0.0;4.0
Jati;SITIO MACAPA;-7.6776944444444;-39.011305555556;2020;1;77.6;1.6;0.0;0.0;0.0;0.0;0.0;1.4;28.4;10.2;8.2;2.6;2.0;0.0;0.0;0.0;0.0;0.0;0.0;3.0;0.0;0.0;0.0;0.0;7.0;0.0;0.0;3.0;8.4;1.8;0.0;0.0
Jati;SITIO MACAPA;-7.6776944444444;-39.011305555556;2020;2;219.8;0.0;0.0;12.4;14.0;32.0;44.2;0.0;20.0;1.6;0.0;3.6;0.0;6.8;45.8;0.0;0.0;0.0;0.0;20.0;0.0;14.0;0.0;0.0;0.0;0.0;0.0;0.0;1.0;4.4;888.0;888.0
Jati;SITIO MACAPA;-7.6776944444444;-39.011305555556;2020;3;318.8;22.4;0.0;0.0;10.4;16.4;0.0;63.6;45.2;2.0;0.0;6.0;2.0;0.2;3.0;0.0;52.2;19.4;0.0;0.0;0.0;0.0;0.0;0.0;1.4;24.4;48.4;0.0;0.4;0.0;1.4;0.0
Jati;SITIO MACAPA;-7.6776944444444;-39.011305555556;2020;4;83.0;0.0;0.0;2.0;0.0;0.0;13.6;0.0;0.0;0.0;0.0;0.0;0.0;0.0;0.6;2.0;1.0;0.0;5.2;0.0;9.0;1.0;0.0;7.6;0.2;31.2;0.4;6.0;1.6;1.6;0.0;888.0
Jati;SITIO MACAPA;-7.6776944444444;-39.011305555556;2020;5;120.8;0.0;6.4;0.0;0.0;0.0;0.0;0.0;0.0;0.0;0.0;0.0;0.0;14.8;0.0;0.0;0.0;0.0;0.0;0.0;0.0;0.0;0.0;0.0;2.0;27.8;37.0;10.0;22.8;0.0;0.0;0.0
Jati;SITIO MACAPA;-7.6776944444444;-39.011305555556;2020;6;21.4;8.8;0.0;0.0;0.0;0.0;0.0;0.0;0.0;0.0;0.0;1.6;0.0;0.0;0.0;4.2;0.0;0.0;0.8;0.0;6.0;0.0;0.0;0.0;0.0;0.0;0.0;0.0;0.0;0.0;0.0;888.0
Jati;SITIO MACAPA;-7.6776944444444;-39.011305555556;2020;7;4.4;0.0;0.0;0.0;0.0;0.0;0.0;0.0;0.0;0.0;0.0;1.4;0.0;0.0;0.0;0.0;0.0;2.4;0.0;0.0;0.6;0.0;0.0;0.0;0.0;0.0;0.0;0.0;0.0;0.0;0.0;0.0
Jati;SITIO MACAPA;-7.6776944444444;-39.011305555556;2020;8;0.2;0.0;0.0;0.0;0.0;0.0;0.0;0.0;0.0;0.0;0.0;0.0;0.0;0.0;0.0;0.0;0.0;0.0;0.0;0.0;0.0;0.0;0.0;0.0;0.0;0.0;0.0;0.0;0.0;0.0;0.0;0.2
Jati;SITIO MACAPA;-7.6776944444444;-39.011305555556;2020;9;0.8;0.0;0.0;0.0;0.0;0.0;0.0;0.0;0.0;0.0;0.0;0.0;0.0;0.0;0.0;0.0;0.0;0.0;0.0;0.0;0.0;0.0;0.0;0.8;0.0;0.0;0.0;0.0;0.0;0.0;0.0;888.0
Jati;SITIO MACAPA;-7.6776944444444;-39.011305555556;2020;10;1.0;0.0;0.0;0.0;0.0;0.0;0.0;0.0;0.0;0.0;0.0;0.0;0.0;0.0;0.0;0.0;0.0;0.0;0.0;0.0;0.0;0.0;0.0;1.0;0.0;0.0;0.0;0.0;0.0;0.0;0.0;0.0
Jati;SITIO MACAPA;-7.6776944444444;-39.011305555556;2020;11;122.0;17.6;0.0;0.0;36.8;1.4;0.0;0.0;0.0;0.0;0.0;0.0;0.0;0.0;0.0;0.0;0.0;0.0;0.0;0.0;59.6;6.0;0.6;0.0;0.0;0.0;0.0;0.0;0.0;0.0;0.0;888.0
Jati;SITIO MACAPA;-7.6776944444444;-39.011305555556;2020;12;51.2;0.0;0.0;0.0;4.0;0.0;0.0;0.0;0.0;0.0;0.0;0.0;0.0;0.0;0.0;0.0;0.0;2.6;0.0;0.0;0.0;0.0;0.0;0.0;0.0;44.6;0.0;0.0;0.0;0.0;0.0;0.0
Jati;SITIO MACAPA;-7.6776944444444;-39.011305555556;2021;1;115.2;0.0;2.6;0.0;1.2;0.0;0.0;1.0;0.0;0.0;0.0;0.0;0.0;0.0;40.4;0.0;0.0;0.0;0.0;0.0;51.0;8.4;0.0;0.0;0.0;0.0;0.0;0.0;0.0;10.0;0.0;0.6
Jati;SITIO MACAPA;-7.6776944444444;-39.011305555556;2021;2;309.6;0.0;0.0;0.0;0.0;0.0;0.0;0.0;0.0;22.0;35.0;0.0;35.2;0.0;4.6;6.6;167.6;0.0;0.8;0.0;0.0;0.0;3.6;3.0;0.2;7.2;5.2;14.2;4.4;888.0;888.0;888.0
Jati;SITIO MACAPA;-7.6776944444444;-39.011305555556;2021;3;289.0;3.2;1.4;0.0;0.0;4.0;0.0;0.0;0.0;0.0;0.0;0.0;5.0;73.2;41.0;26.6;0.0;0.0;0.0;1.0;1.0;0.0;16.8;66.6;7.4;0.8;6.4;0.0;3.2;30.6;0.8;0.0
Jati;SITIO MACAPA;-7.6776944444444;-39.011305555556;2021;4;107.4;0.0;0.0;0.0;0.0;0.0;0.0;0.0;0.0;1.0;0.0;0.0;18.8;0.0;7.4;3.0;0.0;0.0;0.0;7.4;0.0;0.2;4.6;64.0;0.0;0.0;0.0;0.0;0.0;1.0;0.0;888.0
Jati;SITIO MACAPA;-7.6776944444444;-39.011305555556;2021;5;20.8;0.0;0.0;9.6;0.0;0.0;1.2;0.0;0.0;0.0;0.0;2.4;0.0;0.0;2.6;5.0;0.0;0.0;0.0;0.0;0.0;0.0;0.0;0.0;0.0;0.0;0.0;0.0;0.0;0.0;0.0;0.0
Jati;SITIO MACAPA;-7.6776944444444;-39.011305555556;2021;6;6.6;0.0;0.0;0.0;0.0;0.0;0.0;0.0;0.0;0.0;0.0;0.0;0.0;0.0;0.0;0.0;0.0;0.0;0.0;0.0;0.0;0.0;0.0;0.0;6.6;0.0;0.0;0.0;0.0;0.0;0.0;888.0
Jati;SITIO MACAPA;-7.6776944444444;-39.011305555556;2021;7;24.2;0.0;24.0;0.0;0.2;0.0;0.0;0.0;0.0;0.0;0.0;0.0;0.0;0.0;0.0;0.0;0.0;0.0;0.0;0.0;0.0;0.0;0.0;0.0;0.0;0.0;0.0;0.0;0.0;0.0;0.0;0.0
Jati;SITIO MACAPA;-7.6776944444444;-39.011305555556;2021;8;0.0;0.0;0.0;0.0;0.0;0.0;0.0;0.0;0.0;0.0;0.0;0.0;0.0;0.0;0.0;0.0;0.0;0.0;0.0;0.0;0.0;0.0;0.0;0.0;0.0;0.0;0.0;0.0;0.0;0.0;0.0;0.0
Jati;SITIO MACAPA;-7.6776944444444;-39.011305555556;2021;9;0.0;0.0;0.0;0.0;0.0;0.0;0.0;0.0;0.0;0.0;0.0;0.0;0.0;0.0;0.0;0.0;0.0;0.0;0.0;0.0;0.0;0.0;0.0;0.0;0.0;0.0;0.0;0.0;0.0;0.0;0.0;888.0
Jati;SITIO MACAPA;-7.6776944444444;-39.011305555556;2021;10;30.2;9.2;0.0;0.0;0.0;0.0;0.0;0.0;0.0;0.0;0.0;0.0;0.0;0.0;0.0;0.0;0.0;0.0;0.0;0.0;0.0;0.0;15.0;6.0;0.0;0.0;0.0;0.0;0.0;0.0;0.0;0.0
Jati;SITIO MACAPA;-7.6776944444444;-39.011305555556;2021;11;36.8;0.0;11.0;0.0;0.0;0.0;2.8;0.0;0.0;0.0;0.0;0.0;0.0;0.0;0.0;0.0;0.0;0.0;0.0;0.0;0.0;0.0;1.0;0.0;0.0;0.0;15.8;1.2;0.0;4.2;0.8;888.0
Jati;SITIO MACAPA;-7.6776944444444;-39.011305555556;2021;12;172.0;0.0;0.0;0.0;62.0;3.0;0.0;0.0;0.0;0.0;0.0;1.0;0.0;0.0;0.0;0.0;0.0;0.0;2.0;4.2;2.6;83.0;0.0;0.2;0.0;0.0;3.0;5.8;0.0;0.0;0.0;5.2
Jati;SITIO MACAPA;-7.6776944444444;-39.011305555556;2022;1;166.6;27.2;8.4;2.2;9.0;0.0;11.0;0.0;0.0;0.0;4.4;0.2;45.0;3.4;0.8;8.4;0.0;0.0;0.0;0.0;0.0;0.0;0.0;0.0;0.0;0.0;1.4;9.4;11.6;24.0;0.2;0.0
Jati;SITIO MACAPA;-7.6776944444444;-39.011305555556;2022;2;64.2;0.0;0.0;0.0;0.0;0.0;0.0;0.0;0.0;0.0;11.0;0.0;0.0;1.4;0.0;0.0;0.0;26.8;0.0;0.0;12.0;13.0;0.0;0.0;0.0;0.0;0.0;0.0;0.0;888.0;888.0;888.0
Jati;SITIO MACAPA;-7.6776944444444;-39.011305555556;2022;3;284.0;2.0;0.0;11.0;4.2;0.0;16.4;0.0;0.0;0.0;0.0;0.0;0.0;12.0;0.0;32.0;52.4;50.6;0.0;0.0;5.6;0.0;15.8;39.6;21.0;3.4;0.0;0.0;6.2;11.8;0.0;0.0
Jati;SITIO MACAPA;-7.6776944444444;-39.011305555556;2022;4;61.4;0.0;0.0;3.2;0.0;0.0;0.0;0.0;0.0;0.0;0.0;3.0;10.2;0.0;0.0;0.0;0.0;0.0;11.0;6.2;0.0;0.0;0.0;23.6;0.0;0.0;0.0;0.0;4.2;0.0;0.0;888.0
Jati;SITIO MACAPA;-7.6776944444444;-39.011305555556;2022;5;58.0;0.0;0.0;0.0;6.4;4.0;0.0;0.0;0.0;0.0;0.0;0.0;0.0;0.8;0.0;0.0;0.0;0.0;0.0;0.0;0.0;27.4;0.0;0.0;0.0;0.0;0.0;2.0;0.0;0.0;8.4;9.0
Jati;SITIO MACAPA;-7.6776944444444;-39.011305555556;2022;6;71.2;28.6;1.8;0.0;7.6;4.0;1.4;0.0;0.0;4.0;0.0;0.0;3.0;0.0;0.0;9.0;3.2;0.0;0.0;0.0;0.0;8.6;0.0;0.0;0.0;0.0;0.0;0.0;0.0;0.0;0.0;888.0
Jati;SITIO MACAPA;-7.6776944444444;-39.011305555556;2022;7;2.0;0.0;0.0;0.0;0.0;0.0;1.6;0.0;0.4;0.0;0.0;0.0;0.0;0.0;0.0;0.0;0.0;0.0;0.0;0.0;0.0;0.0;0.0;0.0;0.0;0.0;0.0;0.0;0.0;0.0;0.0;0.0
Jati;SITIO MACAPA;-7.6776944444444;-39.011305555556;2022;8;9.0;0.0;0.0;0.0;8.8;0.2;0.0;0.0;0.0;0.0;0.0;0.0;0.0;0.0;0.0;0.0;0.0;0.0;0.0;0.0;0.0;0.0;0.0;0.0;0.0;0.0;0.0;0.0;0.0;0.0;0.0;0.0
Jati;SITIO MACAPA;-7.6776944444444;-39.011305555556;2022;9;17.0;0.0;0.0;0.0;0.0;0.0;0.0;0.0;0.0;0.0;0.0;0.0;0.0;0.0;0.0;0.0;0.0;0.0;0.0;0.0;0.0;0.0;0.0;0.0;0.0;17.0;0.0;0.0;0.0;0.0;0.0;888.0
Jati;SITIO MACAPA;-7.6776944444444;-39.011305555556;2022;10;79.0;0.0;0.0;0.0;0.0;0.0;0.0;0.0;0.0;0.0;0.0;0.0;0.0;0.0;0.0;0.0;0.0;0.0;0.0;0.0;0.0;0.0;0.0;0.0;0.0;4.0;70.0;5.0;0.0;0.0;0.0;0.0
Jati;SITIO MACAPA;-7.6776944444444;-39.011305555556;2022;11;83.4;0.0;0.0;0.0;24.4;36.2;0.2;0.0;1.6;1.4;3.0;0.0;0.0;9.0;2.6;0.0;0.0;0.0;0.0;0.0;0.0;0.0;0.0;0.0;0.0;0.0;0.0;0.0;2.0;0.0;3.0;888.0
Jati;SITIO MACAPA;-7.6776944444444;-39.011305555556;2022;12;36.2;0.0;5.0;0.0;0.0;0.0;0.0;0.0;0.0;0.0;0.0;0.0;0.0;0.0;0.0;0.0;0.0;0.0;0.0;0.0;0.0;0.0;0.0;15.4;8.0;7.8;0.0;0.0;0.0;0.0;0.0;0.0
Jati;SITIO MACAPA;-7.6776944444444;-39.011305555556;2023;1;60.0;0.0;0.4;1.4;0.0;0.0;0.0;0.0;0.0;0.0;1.0;0.2;0.0;0.0;0.0;0.0;0.0;0.0;0.1;0.0;0.1;1.0;0.8;14.8;3.2;0.0;0.0;22.0;15.0;0.0;0.0;0.0
Jati;SITIO MACAPA;-7.6776944444444;-39.011305555556;2023;2;35.4;0.0;0.0;14.0;0.0;0.0;0.0;3.4;0.0;0.0;0.0;0.0;0.0;0.0;0.0;0.0;0.0;0.0;0.0;0.0;8.0;0.0;0.0;3.0;0.0;1.2;2.2;2.6;1.0;888.0;888.0;888.0
Jati;SITIO MACAPA;-7.6776944444444;-39.011305555556;2023;3;245.0;0.0;0.0;0.0;0.0;0.0;3.0;0.0;0.0;0.0;0.0;0.0;0.0;0.0;10.0;58.0;22.6;0.0;10.0;5.0;0.0;18.6;12.0;17.6;0.0;4.0;14.0;59.0;0.0;0.0;7.6;3.6
Jati;SITIO MACAPA;-7.6776944444444;-39.011305555556;2023;4;73.4;0.0;0.0;0.0;10.0;0.0;17.0;0.0;0.0;5.0;0.0;0.0;0.0;0.0;0.0;0.0;17.6;0.0;0.0;0.0;0.0;23.8;0.0;0.0;0.0;0.0;0.0;0.0;0.0;0.0;0.0;888.0
Jati;SITIO MACAPA;-7.6776944444444;-39.011305555556;2023;5;69.8;14.0;0.0;0.0;0.0;10.0;9.0;0.0;0.0;0.0;0.0;0.0;0.0;13.0;16.0;6.0;0.0;0.0;1.6;0.0;0.0;0.0;0.0;0.2;0.0;0.0;0.0;0.0;0.0;0.0;0.0;0.0
Jati;SITIO MACAPA;-7.6776944444444;-39.011305555556;2023;6;16.3;0.0;0.0;0.0;0.0;1.0;0.0;0.0;0.0;0.0;0.0;0.0;0.0;0.0;0.0;3.6;5.4;0.3;0.0;0.0;0.0;3.0;0.4;0.0;0.2;1.4;1.0;0.0;0.0;0.0;0.0;888.0
Jati;SITIO MACAPA;-7.6776944444444;-39.011305555556;2023;7;4.6;0.0;0.0;0.0;0.0;0.0;0.0;0.0;1.6;0.0;0.0;0.0;0.0;0.0;0.0;0.0;0.0;0.0;0.0;0.0;0.0;3.0;0.0;0.0;0.0;0.0;0.0;0.0;0.0;0.0;0.0;0.0
Jati;SITIO MACAPA;-7.6776944444444;-39.011305555556;2023;8;0.0;0.0;0.0;0.0;0.0;0.0;0.0;0.0;0.0;0.0;0.0;0.0;0.0;0.0;0.0;0.0;0.0;0.0;0.0;0.0;0.0;0.0;0.0;0.0;0.0;0.0;0.0;0.0;0.0;0.0;0.0;0.0
Jati;SITIO MACAPA;-7.6776944444444;-39.011305555556;2023;9;0.0;0.0;0.0;0.0;0.0;0.0;0.0;0.0;0.0;0.0;0.0;0.0;0.0;0.0;0.0;0.0;0.0;0.0;0.0;0.0;0.0;0.0;0.0;0.0;0.0;0.0;0.0;0.0;0.0;0.0;0.0;888.0
Jati;SITIO MACAPA;-7.6776944444444;-39.011305555556;2023;10;0.0;0.0;0.0;0.0;0.0;0.0;0.0;0.0;0.0;0.0;0.0;0.0;0.0;0.0;0.0;0.0;0.0;0.0;0.0;0.0;0.0;0.0;0.0;0.0;0.0;0.0;0.0;0.0;0.0;0.0;0.0;0.0
Jati;SITIO MACAPA;-7.6776944444444;-39.011305555556;2023;11;25.2;0.0;0.0;0.0;0.0;0.0;5.0;17.4;0.0;0.0;0.0;0.0;0.0;0.0;0.0;0.0;0.0;0.0;0.0;0.0;0.0;0.0;1.6;1.2;0.0;0.0;0.0;0.0;0.0;0.0;0.0;888.0
Jati;SITIO MACAPA;-7.6776944444444;-39.011305555556;2023;12;41.2;0.0;0.0;0.0;0.0;0.0;0.0;0.0;0.0;0.0;8.2;2.0;0.0;0.0;0.0;0.0;0.0;0.0;0.0;0.0;0.0;7.6;14.0;0.0;0.0;0.0;0.0;9.4;0.0;0.0;0.0;0.0
Jati;SITIO MACAPA;-7.6776944444444;-39.011305555556;2024;1;137.8;22.4;3.0;0.0;0.0;0.0;0.0;0.0;0.0;0.0;0.0;52.0;4.2;0.0;0.0;0.0;0.0;0.0;0.0;0.0;0.0;0.0;0.0;0.0;0.0;0.0;0.0;48.0;1.0;0.0;7.2;0.0
Jati;SITIO MACAPA;-7.6776944444444;-39.011305555556;2024;2;324.2;0.0;2.0;0.0;0.0;0.0;5.2;0.0;0.0;30.0;13.0;62.0;10.6;0.0;7.6;52.6;2.0;0.0;0.0;19.0;0.6;16.0;33.6;17.0;30.4;0.0;0.0;0.0;2.6;20.0;888.0;888.0
Jati;SITIO MACAPA;-7.6776944444444;-39.011305555556;2024;3;158.2;30.0;48.0;1.0;14.2;0.0;0.0;7.0;4.4;0.0;0.0;0.0;10.0;0.0;17.6;5.2;0.0;3.0;7.2;0.0;0.0;0.0;0.0;0.0;0.0;0.0;0.6;1.0;0.0;0.0;0.0;9.0
Jati;SITIO MACAPA;-7.6776944444444;-39.011305555556;2024;4;228.0;0.8;7.6;34.0;9.4;58.0;5.0;0.0;0.0;0.0;0.0;0.0;10.2;38.4;0.0;4.0;10.0;1.0;7.6;34.4;0.0;0.0;0.0;0.0;0.0;0.0;0.0;0.0;0.0;7.6;0.0;888.0
Jati;SITIO MACAPA;-7.6776944444444;-39.011305555556;2024;5;37.4;0.0;0.0;0.0;0.0;0.0;0.0;1.6;0.0;3.0;10.0;0.0;0.0;0.0;0.0;0.0;0.0;0.0;0.0;5.6;1.4;3.8;12.0;0.0;0.0;0.0;0.0;0.0;0.0;0.0;0.0;0.0
Jati;SITIO MACAPA;-7.6776944444444;-39.011305555556;2024;6;12.0;0.0;0.0;1.8;0.0;0.0;2.0;0.0;1.4;0.8;0.0;0.0;0.0;0.0;4.0;0.0;0.0;0.0;0.0;0.0;0.0;0.0;2.0;0.0;0.0;0.0;0.0;0.0;0.0;0.0;0.0;888.0
Jati;SITIO MACAPA;-7.6776944444444;-39.011305555556;2024;7;12.8;0.0;0.0;0.0;0.0;0.0;0.0;7.8;1.0;0.0;0.0;4.0;0.0;0.0;0.0;0.0;0.0;0.0;0.0;0.0;0.0;0.0;0.0;0.0;0.0;0.0;0.0;0.0;0.0;0.0;0.0;0.0
Jati;SITIO MACAPA;-7.6776944444444;-39.011305555556;2024;8;0.8;0.0;0.0;0.0;0.0;0.8;0.0;0.0;0.0;0.0;0.0;0.0;0.0;0.0;0.0;0.0;0.0;0.0;0.0;0.0;0.0;0.0;0.0;0.0;0.0;0.0;0.0;0.0;0.0;0.0;0.0;0.0
Jati;SITIO MACAPA;-7.6776944444444;-39.011305555556;2024;9;0.0;0.0;0.0;0.0;0.0;0.0;0.0;0.0;0.0;0.0;0.0;0.0;0.0;0.0;0.0;0.0;0.0;0.0;0.0;0.0;0.0;0.0;0.0;0.0;0.0;0.0;0.0;0.0;0.0;0.0;0.0;888.0
Jati;SITIO MACAPA;-7.6776944444444;-39.011305555556;2024;10;7.4;0.0;0.0;0.0;0.0;0.0;0.0;0.0;0.0;0.0;0.0;0.0;0.0;0.0;0.0;0.0;1.4;6.0;0.0;0.0;0.0;0.0;0.0;0.0;999.0;999.0;999.0;999.0;999.0;999.0;999.0;999.0
