Municipios;Postos;Latitude;Longitude;Anos;Meses;Total;Dia1;Dia2;Dia3;Dia4;Dia5;Dia6;Dia7;Dia8;Dia9;Dia10;Dia11;Dia12;Dia13;Dia14;Dia15;Dia16;Dia17;Dia18;Dia19;Dia20;Dia21;Dia22;Dia23;Dia24;Dia25;Dia26;Dia27;Dia28;Dia29;Dia30;Dia31
Iracema;CANAFISTULA;-5.866;-38.320972222222;2012;1;161.8;0.0;0.0;0.0;0.0;0.0;0.0;0.0;0.0;0.0;0.0;0.0;0.0;0.0;0.0;0.0;0.0;0.0;0.0;22.8;19.8;1.2;29.6;40.8;40.4;7.2;0.0;0.0;0.0;0.0;0.0;0.0
Iracema;CANAFISTULA;-5.866;-38.320972222222;2012;2;79.6;0.0;0.0;0.0;0.0;0.0;0.0;0.0;0.0;0.0;0.0;0.0;0.0;0.0;0.0;0.0;9.2;3.2;0.0;17.0;14.0;36.2;0.0;0.0;0.0;0.0;0.0;0.0;0.0;0.0;888.0;888.0
Iracema;CANAFISTULA;-5.866;-38.320972222222;2012;3;87.0;0.0;0.0;0.0;0.0;0.0;31.2;0.0;0.0;0.0;0.0;0.0;0.0;0.0;0.0;0.0;0.0;0.0;0.0;0.0;0.0;0.0;0.0;0.0;0.0;0.0;31.2;24.6;999.0;999.0;999.0;999.0
Iracema;CANAFISTULA;-5.866;-38.320972222222;2012;4;32.2;0.0;0.0;0.0;0.0;0.0;0.0;0.0;0.0;0.0;0.0;0.0;0.0;0.0;0.0;0.0;0.0;0.0;32.2;0.0;0.0;0.0;0.0;0.0;0.0;0.0;0.0;0.0;0.0;0.0;0.0;888.0
Iracema;CANAFISTULA;-5.866;-38.320972222222;2012;5;5.4;0.0;0.0;0.0;0.0;0.0;0.0;0.0;0.0;0.0;0.0;0.0;0.0;0.0;0.0;0.0;0.0;0.0;0.0;0.0;0.0;0.0;0.0;3.8;0.0;0.0;1.6;0.0;0.0;0.0;0.0;0.0
Iracema;CANAFISTULA;-5.866;-38.320972222222;2012;6;9.8;0.0;0.0;0.0;0.0;0.0;0.0;0.0;0.0;0.0;0.0;0.0;0.0;0.0;0.0;0.0;0.0;0.0;0.0;0.0;0.0;0.0;0.0;0.0;9.8;0.0;0.0;0.0;0.0;0.0;0.0;888.0
Iracema;CANAFISTULA;-5.866;-38.320972222222;2012;7;0.0;0.0;0.0;0.0;0.0;0.0;0.0;0.0;0.0;0.0;0.0;0.0;0.0;0.0;0.0;0.0;0.0;0.0;0.0;0.0;0.0;0.0;0.0;0.0;0.0;0.0;0.0;0.0;0.0;0.0;0.0;0.0
Iracema;CANAFISTULA;-5.866;-38.320972222222;2012;8;0.0;0.0;0.0;0.0;0.0;0.0;0.0;0.0;0.0;0.0;0.0;0.0;0.0;0.0;0.0;0.0;0.0;0.0;0.0;0.0;0.0;0.0;0.0;0.0;0.0;0.0;0.0;0.0;0.0;0.0;0.0;0.0
Iracema;CANAFISTULA;-5.866;-38.320972222222;2012;9;0.0;0.0;0.0;0.0;0.0;0.0;0.0;0.0;0.0;0.0;0.0;0.0;0.0;0.0;0.0;0.0;0.0;0.0;0.0;0.0;0.0;0.0;0.0;0.0;0.0;0.0;0.0;0.0;0.0;0.0;0.0;888.0
Iracema;CANAFISTULA;-5.866;-38.320972222222;2012;10;0.0;0.0;0.0;0.0;0.0;0.0;0.0;0.0;0.0;0.0;0.0;0.0;0.0;0.0;0.0;0.0;0.0;0.0;0.0;0.0;0.0;0.0;0.0;0.0;0.0;0.0;0.0;0.0;0.0;0.0;0.0;0.0
Iracema;CANAFISTULA;-5.866;-38.320972222222;2012;11;0.0;0.0;0.0;0.0;0.0;0.0;0.0;0.0;0.0;0.0;0.0;0.0;0.0;0.0;0.0;0.0;0.0;0.0;0.0;0.0;0.0;0.0;0.0;0.0;0.0;0.0;0.0;0.0;0.0;0.0;0.0;888.0
Iracema;CANAFISTULA;-5.866;-38.320972222222;2012;12;0.0;0.0;0.0;0.0;0.0;0.0;0.0;0.0;0.0;0.0;0.0;0.0;0.0;0.0;0.0;0.0;0.0;0.0;0.0;0.0;0.0;0.0;0.0;0.0;0.0;0.0;0.0;0.0;0.0;0.0;0.0;0.0
Iracema;CANAFISTULA;-5.866;-38.320972222222;2013;1;0.0;0.0;0.0;0.0;0.0;0.0;0.0;0.0;0.0;0.0;0.0;0.0;0.0;0.0;0.0;0.0;0.0;0.0;0.0;0.0;0.0;0.0;0.0;0.0;0.0;0.0;0.0;0.0;0.0;0.0;0.0;0.0
Iracema;CANAFISTULA;-5.866;-38.320972222222;2013;2;77.4;0.0;0.0;0.0;0.0;0.0;0.0;0.0;0.0;0.0;12.4;0.0;0.0;0.0;0.0;19.2;13.0;5.8;5.6;19.2;2.2;0.0;0.0;0.0;0.0;0.0;0.0;0.0;0.0;888.0;888.0;888.0
Iracema;CANAFISTULA;-5.866;-38.320972222222;2013;3;93.4;0.0;0.0;0.0;0.0;0.0;2.0;0.0;0.0;0.0;0.0;0.0;0.0;0.0;0.0;0.0;0.0;3.8;0.0;68.0;0.0;3.0;0.0;0.0;9.0;0.0;0.0;0.0;5.2;2.4;0.0;0.0
Iracema;CANAFISTULA;-5.866;-38.320972222222;2013;4;140.3;0.0;0.0;0.0;0.0;0.0;0.0;0.0;0.0;0.0;0.0;0.0;0.0;0.0;0.0;0.0;6.8;0.0;0.0;0.0;46.0;0.0;15.0;0.0;21.4;51.1;0.0;0.0;0.0;0.0;0.0;888.0
Iracema;CANAFISTULA;-5.866;-38.320972222222;2013;5;132.4;4.8;13.4;0.0;0.0;0.0;0.0;0.0;0.0;0.0;69.4;25.6;0.0;0.0;0.0;5.2;0.0;0.0;2.6;11.4;0.0;0.0;0.0;0.0;0.0;0.0;0.0;0.0;0.0;0.0;0.0;0.0
Iracema;CANAFISTULA;-5.866;-38.320972222222;2013;6;89.8;0.0;0.0;0.0;0.0;0.0;0.0;0.0;0.0;0.0;0.0;0.0;0.0;9.8;34.0;0.0;0.0;0.0;0.0;0.0;0.0;0.0;39.4;0.0;0.0;0.0;0.0;0.0;6.6;0.0;0.0;888.0
Iracema;CANAFISTULA;-5.866;-38.320972222222;2013;7;85.8;0.0;0.0;0.0;7.2;0.0;0.0;0.0;0.0;0.0;0.0;0.0;3.4;0.0;0.0;66.0;0.0;0.0;0.0;3.6;0.0;0.0;5.6;0.0;0.0;0.0;0.0;0.0;0.0;0.0;0.0;0.0
Iracema;CANAFISTULA;-5.866;-38.320972222222;2013;8;0.0;0.0;0.0;0.0;0.0;0.0;0.0;0.0;0.0;0.0;0.0;0.0;0.0;0.0;0.0;0.0;0.0;0.0;0.0;0.0;0.0;0.0;0.0;0.0;0.0;0.0;0.0;0.0;0.0;0.0;0.0;0.0
Iracema;CANAFISTULA;-5.866;-38.320972222222;2013;9;0.0;0.0;0.0;0.0;0.0;0.0;0.0;0.0;0.0;0.0;0.0;0.0;0.0;0.0;0.0;0.0;0.0;0.0;0.0;0.0;0.0;0.0;0.0;0.0;0.0;0.0;0.0;0.0;0.0;0.0;0.0;888.0
Iracema;CANAFISTULA;-5.866;-38.320972222222;2013;10;0.0;0.0;0.0;0.0;0.0;0.0;0.0;0.0;0.0;0.0;0.0;0.0;0.0;0.0;0.0;0.0;0.0;0.0;0.0;0.0;0.0;0.0;0.0;0.0;0.0;0.0;0.0;0.0;0.0;0.0;0.0;0.0
Iracema;CANAFISTULA;-5.866;-38.320972222222;2013;11;88.2;0.0;0.0;0.0;88.2;999.0;999.0;999.0;999.0;999.0;999.0;999.0;999.0;999.0;999.0;999.0;999.0;999.0;999.0;999.0;999.0;999.0;999.0;999.0;999.0;999.0;999.0;999.0;999.0;999.0;999.0;888.0
Iracema;CANAFISTULA;-5.866;-38.320972222222;2013;12;17.0;0.0;0.0;0.0;0.0;0.0;0.0;0.0;0.0;0.0;0.0;0.0;0.0;0.0;0.0;0.0;0.0;0.0;0.0;0.0;9.0;3.0;0.0;5.0;999.0;999.0;999.0;999.0;999.0;999.0;999.0;999.0
Iracema;CANAFISTULA;-5.866;-38.320972222222;2014;2;125.4;0.0;3.6;0.0;5.0;0.0;0.0;0.0;0.0;0.0;8.0;0.0;3.8;0.0;0.0;0.0;0.0;0.0;0.0;64.2;38.2;0.0;0.0;0.0;2.6;0.0;0.0;0.0;0.0;888.0;888.0;888.0
Iracema;CANAFISTULA;-5.866;-38.320972222222;2014;3;210.8;0.0;0.0;0.0;0.0;0.0;27.0;0.0;0.0;0.0;0.0;0.0;10.2;4.6;0.0;0.0;32.6;0.0;0.0;38.4;13.6;0.0;0.0;0.0;0.0;0.0;0.0;0.0;0.0;62.4;14.6;7.4
Iracema;CANAFISTULA;-5.866;-38.320972222222;2014;4;97.0;0.0;0.0;0.0;11.6;0.0;0.0;10.8;7.2;14.4;0.0;9.2;14.2;2.0;0.0;0.0;0.0;4.4;0.0;0.0;0.0;0.0;0.0;0.0;0.0;0.0;0.0;0.0;23.2;0.0;0.0;888.0
Iracema;CANAFISTULA;-5.866;-38.320972222222;2014;5;127.6;21.8;32.0;0.0;3.2;5.0;12.0;0.0;6.8;0.0;0.0;0.0;0.0;0.0;0.0;14.0;0.0;13.4;0.0;0.0;0.0;0.0;11.0;0.0;0.0;0.0;0.0;0.0;0.0;7.4;1.0;0.0
Iracema;CANAFISTULA;-5.866;-38.320972222222;2014;6;18.2;0.0;0.0;0.0;0.0;0.0;0.0;0.0;0.0;0.0;0.0;0.0;0.0;0.0;0.0;0.0;0.0;0.0;0.0;0.0;0.0;0.0;0.0;0.0;0.0;0.0;0.0;18.2;0.0;0.0;0.0;888.0
Iracema;CANAFISTULA;-5.866;-38.320972222222;2014;7;17.0;0.0;0.0;0.0;0.0;0.0;0.0;0.0;0.0;0.0;0.0;0.0;0.0;0.0;0.0;0.0;0.0;0.0;0.0;0.0;0.0;0.0;0.0;0.0;0.0;0.0;0.0;0.0;0.0;17.0;0.0;0.0
Iracema;CANAFISTULA;-5.866;-38.320972222222;2014;8;0.0;0.0;0.0;0.0;0.0;0.0;0.0;0.0;0.0;0.0;0.0;0.0;0.0;0.0;0.0;0.0;0.0;0.0;0.0;0.0;0.0;0.0;0.0;0.0;0.0;0.0;0.0;0.0;0.0;0.0;0.0;0.0
Iracema;CANAFISTULA;-5.866;-38.320972222222;2014;9;0.0;0.0;0.0;0.0;0.0;0.0;0.0;0.0;0.0;0.0;0.0;0.0;0.0;0.0;0.0;0.0;0.0;0.0;0.0;0.0;0.0;0.0;0.0;0.0;0.0;0.0;0.0;0.0;0.0;0.0;0.0;888.0
Iracema;CANAFISTULA;-5.866;-38.320972222222;2014;10;0.0;0.0;0.0;0.0;0.0;0.0;0.0;0.0;0.0;0.0;0.0;0.0;0.0;0.0;0.0;0.0;0.0;0.0;0.0;0.0;0.0;0.0;0.0;0.0;0.0;0.0;0.0;0.0;0.0;0.0;0.0;0.0
Iracema;CANAFISTULA;-5.866;-38.320972222222;2014;11;0.0;0.0;0.0;0.0;0.0;0.0;0.0;0.0;0.0;0.0;0.0;0.0;0.0;0.0;0.0;0.0;0.0;0.0;0.0;0.0;0.0;0.0;0.0;0.0;0.0;0.0;0.0;0.0;0.0;0.0;0.0;888.0
Iracema;CANAFISTULA;-5.866;-38.320972222222;2014;12;0.0;0.0;0.0;0.0;0.0;0.0;0.0;0.0;0.0;0.0;0.0;0.0;0.0;0.0;0.0;0.0;0.0;0.0;0.0;0.0;0.0;0.0;0.0;0.0;0.0;0.0;0.0;0.0;0.0;0.0;0.0;0.0
Iracema;CANAFISTULA;-5.866;-38.320972222222;2015;1;18.0;0.0;0.0;0.0;0.0;0.0;0.0;18.0;0.0;0.0;0.0;0.0;0.0;0.0;0.0;0.0;0.0;0.0;0.0;0.0;0.0;0.0;0.0;0.0;0.0;0.0;0.0;0.0;0.0;0.0;0.0;0.0
Iracema;CANAFISTULA;-5.866;-38.320972222222;2015;2;70.8;0.0;0.0;0.0;27.6;9.0;0.0;0.0;0.0;0.0;0.0;0.0;0.0;0.0;0.0;0.0;0.0;0.0;0.0;0.0;3.4;0.0;15.6;10.4;0.0;4.8;0.0;0.0;0.0;888.0;888.0;888.0
Iracema;CANAFISTULA;-5.866;-38.320972222222;2015;3;209.4;0.0;0.0;8.0;0.0;0.0;0.0;7.2;12.6;42.0;7.8;0.0;0.0;0.0;0.0;0.0;0.0;0.0;0.0;0.0;0.0;0.0;8.0;39.0;31.6;37.0;0.0;0.0;0.0;0.0;16.2;0.0
Iracema;CANAFISTULA;-5.866;-38.320972222222;2015;4;37.0;0.0;0.0;0.0;13.0;0.0;0.0;0.0;0.0;0.0;11.4;0.0;0.0;3.6;0.0;0.0;0.0;0.0;0.0;0.0;0.0;0.0;0.0;9.0;0.0;0.0;0.0;0.0;0.0;0.0;0.0;888.0
Iracema;CANAFISTULA;-5.866;-38.320972222222;2015;5;2.6;0.0;0.0;0.0;0.0;0.0;0.0;0.0;0.0;0.0;0.0;0.0;0.0;0.0;0.0;0.0;0.0;0.0;0.0;0.0;2.6;0.0;0.0;0.0;0.0;0.0;0.0;0.0;0.0;0.0;0.0;0.0
Iracema;CANAFISTULA;-5.866;-38.320972222222;2015;6;0.0;0.0;0.0;0.0;0.0;0.0;0.0;0.0;0.0;0.0;0.0;0.0;0.0;0.0;0.0;0.0;0.0;0.0;0.0;0.0;0.0;0.0;0.0;0.0;0.0;0.0;0.0;0.0;0.0;0.0;0.0;888.0
Iracema;CANAFISTULA;-5.866;-38.320972222222;2015;7;0.0;0.0;0.0;0.0;0.0;0.0;0.0;0.0;0.0;0.0;0.0;0.0;0.0;0.0;0.0;0.0;0.0;0.0;0.0;0.0;0.0;0.0;0.0;0.0;0.0;0.0;0.0;0.0;0.0;0.0;0.0;0.0
Iracema;CANAFISTULA;-5.866;-38.320972222222;2015;8;0.0;0.0;0.0;0.0;0.0;0.0;0.0;0.0;0.0;0.0;0.0;0.0;0.0;0.0;0.0;0.0;0.0;0.0;0.0;0.0;0.0;0.0;0.0;0.0;0.0;0.0;0.0;0.0;0.0;0.0;0.0;0.0
Iracema;CANAFISTULA;-5.866;-38.320972222222;2015;9;0.0;0.0;0.0;0.0;0.0;0.0;0.0;0.0;0.0;0.0;0.0;0.0;0.0;0.0;0.0;0.0;0.0;0.0;0.0;0.0;0.0;0.0;0.0;0.0;0.0;0.0;0.0;0.0;0.0;0.0;0.0;888.0
Iracema;CANAFISTULA;-5.866;-38.320972222222;2015;10;0.0;0.0;0.0;0.0;0.0;0.0;0.0;0.0;0.0;0.0;0.0;0.0;0.0;0.0;0.0;0.0;0.0;0.0;0.0;0.0;0.0;0.0;0.0;0.0;0.0;0.0;0.0;0.0;0.0;0.0;0.0;0.0
Iracema;CANAFISTULA;-5.866;-38.320972222222;2015;11;0.0;0.0;0.0;0.0;0.0;0.0;0.0;0.0;0.0;0.0;0.0;0.0;0.0;0.0;0.0;0.0;0.0;0.0;0.0;0.0;0.0;0.0;0.0;0.0;0.0;0.0;0.0;0.0;0.0;0.0;0.0;888.0
Iracema;CANAFISTULA;-5.866;-38.320972222222;2015;12;60.0;0.0;0.0;0.0;0.0;0.0;0.0;0.0;0.0;0.0;0.0;0.0;0.0;0.0;0.0;0.0;0.0;0.0;0.0;0.0;0.0;0.0;0.0;0.0;0.0;0.0;60.0;0.0;0.0;0.0;0.0;0.0
Iracema;CANAFISTULA;-5.866;-38.320972222222;2016;1;160.8;0.0;0.0;0.0;0.0;0.0;0.0;9.0;6.2;9.6;19.0;0.0;0.0;0.0;4.8;16.0;0.0;0.0;0.0;18.6;0.0;0.0;14.0;2.4;44.8;7.0;8.0;0.0;0.0;0.0;0.0;1.4
Iracema;CANAFISTULA;-5.866;-38.320972222222;2016;2;18.6;2.0;0.0;8.0;0.0;0.0;0.0;0.0;0.0;0.0;0.0;0.0;0.0;0.0;0.0;6.4;0.0;0.0;0.0;0.0;0.0;0.0;0.0;0.0;2.2;0.0;0.0;0.0;0.0;0.0;888.0;888.0
Iracema;CANAFISTULA;-5.866;-38.320972222222;2016;3;141.0;0.0;0.0;0.0;10.0;0.0;0.0;0.0;0.0;0.0;0.0;0.0;0.0;0.0;11.0;0.0;0.0;0.0;32.0;0.0;0.0;13.0;0.0;50.0;0.0;0.0;0.0;0.0;6.6;0.0;17.0;1.4
Iracema;CANAFISTULA;-5.866;-38.320972222222;2016;4;60.0;8.0;0.0;0.0;0.0;0.0;1.0;2.0;0.0;0.0;0.0;0.0;23.0;0.0;0.0;7.0;5.0;0.0;0.0;4.0;0.0;0.0;0.0;10.0;0.0;0.0;0.0;0.0;0.0;0.0;0.0;888.0
Iracema;CANAFISTULA;-5.866;-38.320972222222;2016;5;37.6;0.0;0.0;0.0;0.0;0.0;0.0;0.0;0.0;0.0;0.0;14.4;2.6;0.0;0.0;11.2;0.0;0.0;0.0;0.0;0.0;0.0;0.0;0.0;0.0;0.0;9.4;0.0;0.0;0.0;0.0;0.0
Iracema;CANAFISTULA;-5.866;-38.320972222222;2016;6;8.4;0.0;0.0;0.0;0.0;0.0;0.0;0.0;0.0;0.0;0.0;0.0;0.0;0.0;0.0;0.0;0.0;0.0;0.0;0.0;2.4;0.0;0.0;6.0;0.0;0.0;0.0;0.0;0.0;0.0;0.0;888.0
Iracema;CANAFISTULA;-5.866;-38.320972222222;2016;7;0.0;0.0;0.0;0.0;0.0;0.0;0.0;0.0;0.0;0.0;0.0;0.0;0.0;0.0;0.0;0.0;0.0;0.0;0.0;0.0;0.0;0.0;0.0;0.0;0.0;0.0;0.0;0.0;0.0;0.0;0.0;0.0
Iracema;CANAFISTULA;-5.866;-38.320972222222;2016;8;0.0;0.0;0.0;0.0;0.0;0.0;0.0;0.0;0.0;0.0;0.0;0.0;0.0;0.0;0.0;0.0;0.0;0.0;0.0;0.0;0.0;0.0;0.0;0.0;0.0;0.0;0.0;0.0;0.0;0.0;0.0;0.0
Iracema;CANAFISTULA;-5.866;-38.320972222222;2016;9;0.0;0.0;0.0;0.0;0.0;0.0;0.0;0.0;0.0;0.0;0.0;0.0;0.0;0.0;0.0;0.0;0.0;0.0;0.0;0.0;0.0;0.0;0.0;0.0;0.0;0.0;0.0;0.0;0.0;0.0;0.0;888.0
Iracema;CANAFISTULA;-5.866;-38.320972222222;2016;10;0.0;0.0;0.0;0.0;0.0;0.0;0.0;0.0;0.0;0.0;0.0;0.0;0.0;0.0;0.0;0.0;0.0;0.0;0.0;0.0;0.0;0.0;0.0;0.0;0.0;0.0;0.0;0.0;0.0;0.0;0.0;0.0
Iracema;CANAFISTULA;-5.866;-38.320972222222;2016;11;0.0;0.0;0.0;0.0;0.0;0.0;0.0;0.0;0.0;0.0;0.0;0.0;0.0;0.0;0.0;0.0;0.0;0.0;0.0;0.0;0.0;0.0;0.0;0.0;0.0;0.0;0.0;0.0;0.0;0.0;0.0;888.0
Iracema;CANAFISTULA;-5.866;-38.320972222222;2016;12;17.4;0.0;0.0;0.0;0.0;0.0;0.0;0.0;0.0;0.0;0.0;0.0;0.0;0.0;0.0;0.0;0.0;0.0;7.4;10.0;0.0;0.0;0.0;0.0;0.0;0.0;0.0;0.0;0.0;0.0;0.0;0.0
Iracema;CANAFISTULA;-5.866;-38.320972222222;2017;1;0.0;0.0;0.0;0.0;0.0;0.0;0.0;0.0;0.0;0.0;0.0;0.0;0.0;0.0;0.0;0.0;0.0;0.0;0.0;0.0;0.0;0.0;0.0;0.0;0.0;0.0;0.0;0.0;0.0;0.0;0.0;0.0
Iracema;CANAFISTULA;-5.866;-38.320972222222;2017;2;172.8;0.0;0.0;0.0;0.0;0.0;0.0;0.0;0.0;0.0;0.0;32.2;29.8;0.0;0.0;0.0;0.0;0.0;50.0;0.0;44.8;0.0;0.0;0.0;0.0;0.0;0.0;0.0;16.0;888.0;888.0;888.0
Iracema;CANAFISTULA;-5.866;-38.320972222222;2017;3;179.1;0.0;43.0;17.3;0.0;0.0;0.0;0.0;0.0;0.0;39.6;9.0;0.0;0.0;15.0;0.0;4.2;0.0;0.0;0.0;0.0;0.0;0.0;27.0;4.0;0.0;0.0;0.0;0.0;0.0;0.0;20.0
Iracema;CANAFISTULA;-5.866;-38.320972222222;2017;4;101.0;0.0;0.0;0.0;0.0;0.0;0.0;0.0;0.0;0.0;0.0;33.0;4.0;0.0;0.0;0.0;0.0;0.0;7.0;0.0;0.0;0.0;0.0;7.0;0.0;0.0;0.0;0.0;0.0;50.0;0.0;888.0
Iracema;CANAFISTULA;-5.866;-38.320972222222;2017;5;59.6;0.0;0.0;0.0;11.6;0.0;0.0;0.0;0.0;0.0;0.0;7.0;17.0;0.0;0.0;0.0;0.0;0.0;0.0;0.0;0.0;0.0;0.0;0.0;0.0;0.0;0.0;0.0;0.0;24.0;0.0;0.0
Iracema;CANAFISTULA;-5.866;-38.320972222222;2017;6;30.0;0.0;0.0;0.0;0.0;0.0;0.0;0.0;0.0;0.0;0.0;0.0;25.0;0.0;5.0;0.0;0.0;0.0;0.0;0.0;0.0;0.0;0.0;0.0;0.0;0.0;0.0;0.0;0.0;0.0;0.0;888.0
Iracema;CANAFISTULA;-5.866;-38.320972222222;2017;7;76.6;28.0;38.6;0.0;0.0;0.0;0.0;0.0;0.0;0.0;0.0;0.0;0.0;0.0;0.0;0.0;0.0;0.0;0.0;0.0;0.0;0.0;0.0;0.0;10.0;0.0;0.0;0.0;0.0;0.0;0.0;0.0
Iracema;CANAFISTULA;-5.866;-38.320972222222;2017;8;0.0;0.0;0.0;0.0;0.0;0.0;0.0;0.0;0.0;0.0;0.0;0.0;0.0;0.0;0.0;0.0;0.0;0.0;0.0;0.0;0.0;0.0;0.0;0.0;0.0;0.0;0.0;0.0;0.0;0.0;0.0;0.0
Iracema;CANAFISTULA;-5.866;-38.320972222222;2017;9;0.0;0.0;0.0;0.0;0.0;0.0;0.0;0.0;0.0;0.0;0.0;0.0;0.0;0.0;0.0;0.0;0.0;0.0;0.0;0.0;0.0;0.0;0.0;0.0;0.0;0.0;0.0;0.0;0.0;0.0;0.0;888.0
Iracema;CANAFISTULA;-5.866;-38.320972222222;2017;10;0.0;0.0;0.0;0.0;0.0;0.0;0.0;0.0;0.0;0.0;0.0;0.0;0.0;0.0;0.0;0.0;0.0;0.0;0.0;0.0;0.0;0.0;0.0;0.0;0.0;0.0;0.0;0.0;0.0;0.0;0.0;0.0
Iracema;CANAFISTULA;-5.866;-38.320972222222;2017;11;0.0;0.0;0.0;0.0;0.0;0.0;0.0;0.0;0.0;0.0;0.0;0.0;0.0;0.0;0.0;0.0;0.0;0.0;0.0;0.0;0.0;0.0;0.0;0.0;0.0;0.0;0.0;0.0;0.0;0.0;0.0;888.0
Iracema;CANAFISTULA;-5.866;-38.320972222222;2017;12;0.1;0.0;0.0;0.0;0.0;0.0;0.0;0.0;0.0;0.0;0.0;0.0;0.0;0.0;0.0;0.0;0.0;0.0;0.0;0.0;0.0;0.0;0.0;0.0;0.0;0.0;0.0;0.0;0.0;0.0;0.0;0.1
Iracema;CANAFISTULA;-5.866;-38.320972222222;2018;1;103.4;0.0;0.0;0.0;0.0;0.0;0.0;0.0;0.0;14.0;0.0;0.0;32.0;0.0;0.0;0.0;0.0;0.0;0.0;32.0;7.0;0.0;0.0;0.0;18.4;0.0;0.0;0.0;0.0;0.0;0.0;0.0
Iracema;CANAFISTULA;-5.866;-38.320972222222;2018;2;223.2;0.0;0.0;0.0;0.0;0.0;0.0;0.0;0.0;0.0;0.0;43.0;0.0;12.0;3.0;30.0;11.2;29.0;6.6;43.0;0.0;35.0;0.0;0.0;0.0;10.4;0.0;0.0;0.0;888.0;888.0;888.0
Iracema;CANAFISTULA;-5.866;-38.320972222222;2018;3;178.4;11.0;0.0;0.0;0.0;0.0;0.0;0.0;0.0;0.0;0.0;13.0;0.0;0.0;0.0;0.0;0.0;0.0;0.0;0.0;0.0;6.0;0.0;0.0;0.0;31.0;0.0;6.0;21.0;0.0;79.0;11.4
Iracema;CANAFISTULA;-5.866;-38.320972222222;2018;4;383.8;23.6;8.0;0.0;0.0;0.0;0.0;56.0;0.0;0.0;42.6;0.0;40.6;112.0;16.6;4.0;13.0;7.0;0.0;0.0;0.0;0.0;0.0;7.0;0.0;0.0;0.0;7.0;16.4;7.0;23.0;888.0
Iracema;CANAFISTULA;-5.866;-38.320972222222;2018;5;103.0;13.0;35.0;0.0;0.0;0.0;0.0;0.0;0.0;0.0;0.0;0.0;0.0;0.0;2.0;0.0;0.0;0.0;25.0;15.0;0.0;0.0;0.0;0.0;0.0;0.0;5.0;3.0;0.0;5.0;0.0;0.0
Iracema;CANAFISTULA;-5.866;-38.320972222222;2018;6;13.6;0.0;0.0;0.0;0.0;13.6;0.0;0.0;0.0;0.0;0.0;0.0;0.0;0.0;0.0;0.0;0.0;0.0;0.0;0.0;0.0;0.0;0.0;0.0;0.0;0.0;0.0;0.0;0.0;0.0;0.0;888.0
Iracema;CANAFISTULA;-5.866;-38.320972222222;2018;7;0.0;0.0;0.0;0.0;0.0;0.0;0.0;0.0;0.0;0.0;0.0;0.0;0.0;0.0;0.0;0.0;0.0;0.0;0.0;0.0;0.0;0.0;0.0;0.0;0.0;0.0;0.0;0.0;0.0;0.0;0.0;0.0
Iracema;CANAFISTULA;-5.866;-38.320972222222;2018;8;0.0;0.0;0.0;0.0;0.0;0.0;0.0;0.0;0.0;0.0;0.0;0.0;0.0;0.0;0.0;0.0;0.0;0.0;0.0;0.0;0.0;0.0;0.0;0.0;0.0;0.0;0.0;0.0;0.0;0.0;0.0;0.0
Iracema;CANAFISTULA;-5.866;-38.320972222222;2018;9;0.0;0.0;0.0;0.0;0.0;0.0;0.0;0.0;0.0;0.0;0.0;0.0;0.0;0.0;0.0;0.0;0.0;0.0;0.0;0.0;0.0;0.0;0.0;0.0;0.0;0.0;0.0;0.0;0.0;0.0;0.0;888.0
Iracema;CANAFISTULA;-5.866;-38.320972222222;2018;10;0.0;0.0;0.0;0.0;0.0;0.0;0.0;0.0;0.0;0.0;0.0;0.0;0.0;0.0;0.0;0.0;0.0;0.0;0.0;0.0;0.0;0.0;0.0;0.0;0.0;0.0;0.0;0.0;0.0;0.0;0.0;0.0
Iracema;CANAFISTULA;-5.866;-38.320972222222;2018;11;0.0;0.0;0.0;0.0;0.0;0.0;0.0;0.0;0.0;0.0;0.0;0.0;0.0;0.0;0.0;0.0;0.0;0.0;0.0;0.0;0.0;0.0;0.0;0.0;0.0;0.0;0.0;0.0;0.0;0.0;0.0;888.0
Iracema;CANAFISTULA;-5.866;-38.320972222222;2018;12;40.0;0.0;0.0;0.0;0.0;0.0;0.0;0.0;0.0;0.0;0.0;0.0;0.0;0.0;0.0;20.0;0.0;0.0;7.0;0.0;0.0;0.0;0.0;0.0;13.0;0.0;0.0;0.0;0.0;0.0;0.0;0.0
Iracema;CANAFISTULA;-5.866;-38.320972222222;2019;1;157.6;0.0;0.0;0.0;0.0;0.0;25.0;0.0;12.2;0.0;35.2;0.0;0.0;0.0;0.0;0.0;0.0;6.2;53.0;0.0;0.0;0.0;0.0;0.0;0.0;0.0;0.0;26.0;0.0;0.0;0.0;0.0
Iracema;CANAFISTULA;-5.866;-38.320972222222;2019;2;224.2;0.0;0.0;0.0;24.0;34.0;13.4;0.0;0.0;0.0;0.0;0.0;0.0;0.0;19.0;0.0;16.4;4.0;0.0;9.0;0.0;0.0;23.0;8.4;70.0;3.0;0.0;0.0;0.0;888.0;888.0;888.0
Iracema;CANAFISTULA;-5.866;-38.320972222222;2019;3;161.2;0.0;0.0;11.0;28.0;23.0;1.0;0.0;0.0;0.0;0.0;0.0;0.0;0.0;0.0;0.0;0.0;0.0;0.0;0.0;13.0;0.0;0.0;5.4;0.0;0.0;0.0;0.0;35.0;15.4;8.0;21.4
Iracema;CANAFISTULA;-5.866;-38.320972222222;2019;4;149.8;12.0;11.4;0.0;0.0;0.0;60.0;10.4;0.0;0.0;0.0;0.0;0.0;0.0;0.0;0.0;0.0;0.0;0.0;0.0;5.4;12.0;0.0;0.0;9.6;5.0;0.0;0.0;0.0;18.0;6.0;888.0
Iracema;CANAFISTULA;-5.866;-38.320972222222;2019;5;63.8;6.0;10.6;0.0;0.0;0.0;0.0;0.0;0.0;0.0;0.0;0.0;0.0;0.0;0.0;13.4;0.0;0.0;12.0;0.0;0.0;5.4;16.4;0.0;0.0;0.0;0.0;0.0;0.0;0.0;0.0;0.0
Iracema;CANAFISTULA;-5.866;-38.320972222222;2019;6;0.0;0.0;0.0;0.0;0.0;0.0;0.0;0.0;0.0;0.0;0.0;0.0;0.0;0.0;0.0;0.0;0.0;0.0;0.0;0.0;0.0;0.0;0.0;0.0;0.0;0.0;0.0;0.0;0.0;0.0;0.0;888.0
Iracema;CANAFISTULA;-5.866;-38.320972222222;2019;7;18.6;0.0;0.0;0.0;0.0;0.0;0.0;0.0;0.0;0.0;0.0;0.0;11.6;0.0;0.0;0.0;0.0;0.0;0.0;0.0;0.0;0.0;0.0;7.0;0.0;0.0;0.0;0.0;0.0;0.0;0.0;0.0
Iracema;CANAFISTULA;-5.866;-38.320972222222;2019;8;0.0;0.0;0.0;0.0;0.0;0.0;0.0;0.0;0.0;0.0;0.0;0.0;0.0;0.0;0.0;0.0;0.0;0.0;0.0;0.0;0.0;0.0;0.0;0.0;0.0;0.0;0.0;0.0;0.0;0.0;0.0;0.0
Iracema;CANAFISTULA;-5.866;-38.320972222222;2019;9;0.0;0.0;0.0;0.0;0.0;0.0;0.0;0.0;0.0;0.0;0.0;0.0;0.0;0.0;0.0;0.0;0.0;0.0;0.0;0.0;0.0;0.0;0.0;0.0;0.0;0.0;0.0;0.0;0.0;0.0;0.0;888.0
Iracema;CANAFISTULA;-5.866;-38.320972222222;2019;10;0.0;0.0;0.0;0.0;0.0;0.0;0.0;0.0;0.0;0.0;0.0;0.0;0.0;0.0;0.0;0.0;0.0;0.0;0.0;0.0;0.0;0.0;0.0;0.0;0.0;0.0;0.0;0.0;0.0;0.0;0.0;0.0
Iracema;CANAFISTULA;-5.866;-38.320972222222;2019;11;0.0;0.0;0.0;0.0;0.0;0.0;0.0;0.0;0.0;0.0;0.0;0.0;0.0;0.0;0.0;0.0;0.0;0.0;0.0;0.0;0.0;0.0;0.0;0.0;0.0;0.0;0.0;0.0;0.0;0.0;0.0;888.0
Iracema;CANAFISTULA;-5.866;-38.320972222222;2019;12;0.0;0.0;0.0;0.0;0.0;0.0;0.0;0.0;0.0;0.0;0.0;0.0;0.0;0.0;0.0;0.0;0.0;0.0;0.0;0.0;0.0;0.0;0.0;0.0;0.0;0.0;0.0;0.0;0.0;0.0;0.0;0.0
Iracema;CANAFISTULA;-5.866;-38.320972222222;2020;1;69.8;29.0;0.0;0.0;0.0;0.0;0.0;0.0;0.0;14.4;5.4;0.0;0.0;0.0;0.0;0.0;0.0;0.0;7.0;0.0;0.0;0.0;0.0;0.0;6.0;0.0;0.0;8.0;0.0;0.0;0.0;0.0
Iracema;CANAFISTULA;-5.866;-38.320972222222;2020;2;211.0;18.0;31.4;0.0;0.0;10.6;0.0;0.0;0.0;0.0;4.4;4.0;0.0;0.0;0.0;0.0;0.0;17.0;60.0;0.0;0.0;22.0;11.0;6.0;0.0;0.0;0.0;0.0;12.4;14.2;888.0;888.0
Iracema;CANAFISTULA;-5.866;-38.320972222222;2020;3;220.0;0.0;0.0;0.0;11.0;29.0;0.0;21.6;22.0;0.0;0.0;7.0;0.0;4.0;6.0;9.0;5.4;0.0;0.0;7.4;2.0;0.0;15.6;0.0;0.0;60.0;0.0;0.0;17.0;0.0;3.0;0.0
Iracema;CANAFISTULA;-5.866;-38.320972222222;2020;4;97.4;9.0;6.0;0.0;0.0;0.0;0.0;0.0;0.0;0.0;0.0;12.0;0.0;0.0;0.0;0.0;0.0;0.0;0.0;0.0;16.4;16.0;7.0;0.0;10.4;0.0;0.0;14.0;6.6;0.0;0.0;888.0
Iracema;CANAFISTULA;-5.866;-38.320972222222;2020;5;183.8;0.0;0.0;0.0;0.0;0.0;0.0;0.0;0.0;0.0;0.0;0.0;0.0;0.0;0.0;0.0;9.4;3.0;0.0;0.0;42.4;15.0;8.0;15.0;5.0;78.0;0.0;0.0;0.0;8.0;0.0;0.0
Iracema;CANAFISTULA;-5.866;-38.320972222222;2020;6;33.0;5.0;0.0;5.0;0.0;0.0;0.0;0.0;0.0;0.0;18.0;0.0;0.0;0.0;0.0;0.0;0.0;0.0;5.0;0.0;0.0;0.0;0.0;0.0;0.0;0.0;0.0;0.0;0.0;0.0;0.0;888.0
Iracema;CANAFISTULA;-5.866;-38.320972222222;2020;7;64.0;0.0;0.0;0.0;0.0;0.0;18.0;33.0;0.0;0.0;0.0;7.0;0.0;0.0;0.0;0.0;0.0;0.0;0.0;0.0;0.0;0.0;0.0;0.0;0.0;0.0;0.0;0.0;0.0;0.0;6.0;0.0
Iracema;CANAFISTULA;-5.866;-38.320972222222;2020;8;0.0;0.0;0.0;0.0;0.0;0.0;0.0;0.0;0.0;0.0;0.0;0.0;0.0;0.0;0.0;0.0;0.0;0.0;0.0;0.0;0.0;0.0;0.0;0.0;0.0;0.0;0.0;0.0;0.0;0.0;0.0;999.0
Iracema;CANAFISTULA;-5.866;-38.320972222222;2020;9;0.0;0.0;0.0;0.0;0.0;0.0;0.0;0.0;0.0;0.0;0.0;0.0;0.0;0.0;0.0;0.0;0.0;0.0;0.0;0.0;0.0;0.0;0.0;0.0;0.0;0.0;0.0;0.0;0.0;0.0;0.0;888.0
Iracema;CANAFISTULA;-5.866;-38.320972222222;2020;10;0.0;0.0;0.0;0.0;0.0;0.0;0.0;0.0;0.0;0.0;0.0;0.0;0.0;0.0;0.0;0.0;0.0;0.0;0.0;0.0;0.0;0.0;0.0;0.0;0.0;0.0;0.0;0.0;0.0;0.0;0.0;0.0
Iracema;CANAFISTULA;-5.866;-38.320972222222;2020;11;25.0;0.0;0.0;0.0;0.0;0.0;0.0;0.0;0.0;0.0;21.0;0.0;0.0;0.0;0.0;0.0;0.0;0.0;0.0;0.0;0.0;0.0;4.0;0.0;0.0;0.0;0.0;0.0;0.0;0.0;0.0;888.0
Iracema;CANAFISTULA;-5.866;-38.320972222222;2020;12;0.0;0.0;0.0;0.0;0.0;0.0;0.0;0.0;0.0;0.0;0.0;0.0;0.0;0.0;0.0;0.0;0.0;0.0;0.0;0.0;0.0;0.0;0.0;0.0;0.0;0.0;0.0;0.0;0.0;0.0;0.0;0.0
Iracema;CANAFISTULA;-5.866;-38.320972222222;2021;1;39.8;0.0;0.0;0.0;0.0;0.0;0.0;0.0;0.0;0.0;0.0;0.0;0.0;0.0;0.0;0.0;0.0;0.0;0.0;0.0;0.0;0.0;0.0;0.0;15.2;0.0;0.0;0.0;5.0;4.0;0.0;15.6
Iracema;CANAFISTULA;-5.866;-38.320972222222;2021;2;112.8;0.0;0.0;0.0;0.0;0.0;0.0;0.0;0.0;0.0;0.0;0.0;0.0;0.0;14.2;0.0;2.2;4.4;16.0;0.0;0.0;0.0;0.0;0.0;18.0;0.0;0.0;56.0;2.0;888.0;888.0;888.0
Iracema;CANAFISTULA;-5.866;-38.320972222222;2021;3;200.5;0.0;20.0;0.0;0.0;11.4;0.0;0.0;0.0;0.0;0.0;0.0;0.0;0.0;0.0;8.4;0.0;14.3;0.0;0.0;4.4;10.4;3.6;0.0;0.0;78.0;0.0;0.0;38.0;0.0;6.0;6.0
Iracema;CANAFISTULA;-5.866;-38.320972222222;2021;4;275.2;0.0;0.0;0.0;0.0;0.0;0.0;5.6;0.0;0.0;0.0;27.0;74.0;26.0;0.0;0.0;17.0;6.0;0.0;12.0;0.0;13.0;30.0;28.0;0.0;0.0;0.0;0.0;0.0;34.6;2.0;888.0
Iracema;CANAFISTULA;-5.866;-38.320972222222;2021;5;160.6;0.0;0.0;0.0;17.0;61.0;5.0;14.0;0.0;4.6;27.0;0.0;0.0;17.0;0.0;7.0;0.0;0.0;0.0;0.0;8.0;0.0;0.0;0.0;0.0;0.0;0.0;0.0;0.0;0.0;0.0;0.0
Iracema;CANAFISTULA;-5.866;-38.320972222222;2021;6;23.0;0.0;4.0;0.0;0.0;0.0;0.0;0.0;0.0;0.0;0.0;0.0;0.0;0.0;0.0;0.0;0.0;0.0;19.0;0.0;0.0;0.0;0.0;0.0;0.0;0.0;0.0;0.0;0.0;0.0;0.0;888.0
Iracema;CANAFISTULA;-5.866;-38.320972222222;2021;7;33.4;0.0;27.0;0.0;6.4;0.0;0.0;0.0;0.0;0.0;0.0;0.0;0.0;0.0;0.0;0.0;0.0;0.0;0.0;0.0;0.0;0.0;0.0;0.0;0.0;0.0;0.0;0.0;0.0;0.0;0.0;0.0
Iracema;CANAFISTULA;-5.866;-38.320972222222;2021;8;0.0;0.0;0.0;0.0;0.0;0.0;0.0;0.0;0.0;0.0;0.0;0.0;0.0;0.0;0.0;0.0;0.0;0.0;0.0;0.0;0.0;0.0;0.0;0.0;0.0;0.0;0.0;0.0;0.0;0.0;0.0;0.0
Iracema;CANAFISTULA;-5.866;-38.320972222222;2021;9;0.0;0.0;0.0;0.0;0.0;0.0;0.0;0.0;0.0;0.0;0.0;0.0;0.0;0.0;0.0;0.0;0.0;0.0;0.0;0.0;0.0;0.0;0.0;0.0;0.0;0.0;0.0;0.0;0.0;0.0;0.0;888.0
Iracema;CANAFISTULA;-5.866;-38.320972222222;2021;10;8.0;0.0;0.0;0.0;0.0;0.0;0.0;0.0;0.0;0.0;0.0;0.0;0.0;0.0;0.0;8.0;0.0;0.0;0.0;0.0;0.0;0.0;0.0;0.0;0.0;0.0;0.0;0.0;0.0;0.0;0.0;0.0
Iracema;CANAFISTULA;-5.866;-38.320972222222;2021;11;0.0;0.0;0.0;0.0;0.0;0.0;0.0;0.0;0.0;0.0;0.0;0.0;0.0;0.0;0.0;0.0;0.0;0.0;0.0;0.0;0.0;0.0;0.0;0.0;0.0;0.0;0.0;0.0;0.0;0.0;0.0;888.0
Iracema;CANAFISTULA;-5.866;-38.320972222222;2021;12;68.0;0.0;0.0;0.0;0.0;0.0;0.0;0.0;0.0;0.0;0.0;0.0;0.0;0.0;0.0;0.0;0.0;0.0;0.0;0.0;0.0;0.0;0.0;0.0;0.0;0.0;20.0;48.0;0.0;0.0;0.0;0.0
Iracema;CANAFISTULA;-5.866;-38.320972222222;2022;1;167.0;0.0;0.0;0.0;0.0;0.0;25.0;3.0;0.0;0.0;0.0;0.0;0.0;0.0;36.0;73.0;12.0;0.0;0.0;5.0;0.0;0.0;0.0;0.0;0.0;0.0;0.0;0.0;9.0;4.0;0.0;0.0
Iracema;CANAFISTULA;-5.866;-38.320972222222;2022;2;24.0;0.0;0.0;0.0;0.0;0.0;0.0;0.0;0.0;0.0;0.0;0.0;0.0;0.0;0.0;19.0;0.0;0.0;0.0;5.0;0.0;0.0;0.0;0.0;0.0;0.0;0.0;0.0;0.0;888.0;888.0;888.0
Iracema;CANAFISTULA;-5.866;-38.320972222222;2022;3;182.1;0.0;0.0;0.0;0.0;9.6;8.0;8.6;0.0;0.0;19.9;0.0;16.0;16.6;2.0;0.0;20.0;31.0;6.0;0.0;0.0;0.0;26.0;0.0;15.4;3.0;0.0;0.0;0.0;0.0;0.0;0.0
Iracema;CANAFISTULA;-5.866;-38.320972222222;2022;4;150.0;0.0;0.0;0.0;0.0;30.0;0.0;0.0;12.0;0.0;5.0;0.0;3.0;0.0;0.0;0.0;0.0;0.0;9.0;5.0;0.0;10.0;0.0;11.0;33.0;5.0;0.0;0.0;0.0;27.0;0.0;888.0
Iracema;CANAFISTULA;-5.866;-38.320972222222;2022;5;123.6;1.0;0.0;26.0;6.0;6.0;0.0;0.0;0.0;0.0;0.0;0.0;4.0;0.0;0.0;0.0;11.0;0.0;0.0;0.0;0.0;44.6;0.0;0.0;0.0;4.0;0.0;0.0;18.0;3.0;0.0;0.0
Iracema;CANAFISTULA;-5.866;-38.320972222222;2022;6;34.0;4.0;0.0;0.0;17.0;10.0;0.0;0.0;0.0;0.0;0.0;0.0;3.0;0.0;0.0;0.0;0.0;0.0;0.0;0.0;0.0;0.0;0.0;0.0;0.0;0.0;0.0;0.0;0.0;0.0;0.0;888.0
Iracema;CANAFISTULA;-5.866;-38.320972222222;2022;7;16.0;0.0;0.0;10.0;0.0;3.0;0.0;0.0;3.0;0.0;0.0;0.0;0.0;0.0;0.0;0.0;0.0;0.0;0.0;0.0;0.0;0.0;0.0;0.0;0.0;0.0;0.0;0.0;0.0;0.0;0.0;0.0
Iracema;CANAFISTULA;-5.866;-38.320972222222;2022;8;56.0;0.0;0.0;0.0;7.0;38.4;0.0;0.0;0.0;0.0;0.0;0.0;0.0;0.0;10.6;0.0;0.0;0.0;0.0;0.0;0.0;0.0;0.0;0.0;0.0;0.0;0.0;0.0;0.0;0.0;0.0;0.0
Iracema;CANAFISTULA;-5.866;-38.320972222222;2022;9;0.0;0.0;0.0;0.0;0.0;0.0;0.0;0.0;0.0;0.0;0.0;0.0;0.0;0.0;0.0;0.0;0.0;0.0;0.0;0.0;0.0;0.0;0.0;0.0;0.0;0.0;0.0;0.0;0.0;0.0;0.0;888.0
Iracema;CANAFISTULA;-5.866;-38.320972222222;2022;10;0.0;0.0;0.0;0.0;0.0;0.0;0.0;0.0;0.0;0.0;0.0;0.0;0.0;0.0;0.0;0.0;0.0;0.0;0.0;0.0;0.0;0.0;0.0;0.0;0.0;0.0;0.0;0.0;0.0;0.0;0.0;0.0
Iracema;CANAFISTULA;-5.866;-38.320972222222;2022;11;92.5;0.0;0.0;0.0;0.0;12.5;0.0;55.0;0.0;0.0;0.0;0.0;0.0;0.0;0.0;0.0;0.0;0.0;0.0;0.0;0.0;0.0;0.0;0.0;0.0;0.0;0.0;0.0;0.0;0.0;25.0;888.0
Iracema;CANAFISTULA;-5.866;-38.320972222222;2022;12;11.6;0.0;0.0;0.0;0.0;0.0;0.0;0.0;0.0;0.0;0.0;0.0;0.0;0.0;0.0;0.0;0.0;0.0;0.0;0.0;0.0;0.0;0.0;0.0;5.6;6.0;0.0;0.0;0.0;0.0;0.0;0.0
Iracema;CANAFISTULA;-5.866;-38.320972222222;2023;1;55.8;0.0;0.0;0.0;0.0;0.0;0.0;0.0;0.0;0.0;0.0;3.6;0.0;0.0;0.0;0.0;5.0;0.0;0.0;7.6;0.0;0.0;0.0;0.0;32.0;2.6;0.0;0.0;5.0;0.0;0.0;0.0
Iracema;CANAFISTULA;-5.866;-38.320972222222;2023;2;175.6;0.0;0.0;0.0;0.0;0.0;6.0;51.0;0.0;0.0;3.0;0.0;0.0;0.0;0.0;10.6;0.0;0.0;0.0;0.0;40.6;0.0;0.0;0.0;47.0;0.0;17.4;0.0;0.0;888.0;888.0;888.0
Iracema;CANAFISTULA;-5.866;-38.320972222222;2023;3;361.8;0.0;0.0;11.0;0.0;0.0;0.0;0.0;0.0;0.0;0.0;0.0;0.0;0.0;34.4;30.0;0.0;0.0;0.0;33.0;0.0;20.0;4.0;0.0;94.0;6.4;0.0;82.0;16.0;0.0;25.0;6.0
Iracema;CANAFISTULA;-5.866;-38.320972222222;2023;4;141.2;0.0;22.0;0.0;0.0;4.0;0.0;0.0;0.0;30.6;1.0;0.0;0.0;0.0;0.0;0.0;24.0;10.0;0.0;3.0;0.0;0.0;0.0;0.0;0.0;10.0;0.0;0.0;0.0;28.0;8.6;888.0
Iracema;CANAFISTULA;-5.866;-38.320972222222;2023;5;44.0;5.0;0.0;0.0;9.0;0.0;2.0;12.0;0.0;0.0;0.0;0.0;0.0;0.0;0.0;12.0;0.0;0.0;0.0;0.0;0.0;0.0;0.0;0.0;0.0;4.0;0.0;0.0;0.0;0.0;0.0;0.0
Iracema;CANAFISTULA;-5.866;-38.320972222222;2023;6;62.9;5.6;0.0;0.0;0.0;2.3;0.0;0.0;11.4;0.0;0.0;0.0;0.0;0.0;0.0;8.6;7.0;0.0;0.0;13.0;0.0;0.0;7.6;0.0;0.0;0.0;0.0;0.0;0.0;0.0;7.4;888.0
Iracema;CANAFISTULA;-5.866;-38.320972222222;2023;7;8.0;0.0;0.0;0.0;0.0;0.0;0.0;8.0;0.0;0.0;0.0;0.0;0.0;0.0;0.0;0.0;0.0;0.0;0.0;0.0;0.0;0.0;0.0;0.0;0.0;0.0;0.0;0.0;0.0;0.0;0.0;0.0
Iracema;CANAFISTULA;-5.866;-38.320972222222;2023;8;0.0;0.0;0.0;0.0;0.0;0.0;0.0;0.0;0.0;0.0;0.0;0.0;0.0;0.0;0.0;0.0;0.0;0.0;0.0;0.0;0.0;0.0;0.0;0.0;0.0;0.0;0.0;0.0;0.0;0.0;0.0;0.0
Iracema;CANAFISTULA;-5.866;-38.320972222222;2023;9;0.0;0.0;0.0;0.0;0.0;0.0;0.0;0.0;0.0;0.0;0.0;0.0;0.0;0.0;0.0;0.0;0.0;0.0;0.0;0.0;0.0;0.0;0.0;0.0;0.0;0.0;0.0;0.0;0.0;0.0;0.0;888.0
Iracema;CANAFISTULA;-5.866;-38.320972222222;2023;10;0.0;0.0;0.0;0.0;0.0;0.0;0.0;0.0;0.0;0.0;0.0;0.0;0.0;0.0;0.0;0.0;0.0;0.0;0.0;0.0;0.0;0.0;0.0;0.0;0.0;0.0;0.0;0.0;0.0;0.0;0.0;0.0
Iracema;CANAFISTULA;-5.866;-38.320972222222;2023;11;0.0;0.0;0.0;0.0;0.0;0.0;0.0;0.0;0.0;0.0;0.0;0.0;0.0;0.0;0.0;0.0;0.0;0.0;0.0;0.0;0.0;0.0;0.0;0.0;0.0;0.0;0.0;0.0;0.0;0.0;0.0;888.0
Iracema;CANAFISTULA;-5.866;-38.320972222222;2023;12;18.8;0.0;0.0;0.0;0.0;0.0;0.0;0.0;0.0;0.0;0.0;0.0;0.0;0.0;0.0;0.0;0.0;0.0;0.0;0.0;0.0;18.8;0.0;0.0;0.0;0.0;0.0;0.0;0.0;0.0;0.0;0.0
Iracema;CANAFISTULA;-5.866;-38.320972222222;2024;1;82.6;73.0;0.0;0.0;0.0;0.0;0.0;0.0;0.0;0.0;0.0;0.0;0.0;0.0;0.0;0.0;0.0;0.0;0.0;0.0;0.0;0.0;0.0;0.0;0.0;0.0;0.0;9.6;0.0;0.0;0.0;0.0
Iracema;CANAFISTULA;-5.866;-38.320972222222;2024;2;128.0;0.0;0.0;0.0;0.0;0.0;0.0;0.0;0.0;0.0;14.0;16.0;0.0;0.0;0.0;5.0;6.0;0.0;0.0;24.4;0.0;0.0;0.0;5.0;7.6;0.0;15.0;8.0;27.0;0.0;888.0;888.0
Iracema;CANAFISTULA;-5.866;-38.320972222222;2024;3;346.8;0.0;0.0;10.0;7.0;6.6;13.2;0.0;0.0;0.0;16.0;26.0;37.6;58.0;8.0;9.0;0.0;23.0;5.0;9.4;0.0;0.0;0.0;0.0;0.0;0.0;4.0;28.0;17.0;16.0;22.0;31.0
Iracema;CANAFISTULA;-5.866;-38.320972222222;2024;4;162.6;31.4;0.0;0.0;6.0;13.8;0.0;0.0;0.0;0.0;0.0;0.0;34.0;2.0;0.0;0.0;16.0;2.0;1.0;0.0;0.0;45.0;0.0;0.0;0.0;0.0;0.0;11.4;999.0;999.0;999.0;888.0
Iracema;CANAFISTULA;-5.866;-38.320972222222;2024;5;101.4;0.0;0.0;0.0;0.0;0.0;0.0;0.0;0.0;2.4;0.0;0.0;0.0;0.0;0.0;0.0;61.0;9.0;0.0;4.0;20.0;0.0;0.0;0.0;0.0;0.0;0.0;0.0;0.0;0.0;5.0;0.0
Iracema;CANAFISTULA;-5.866;-38.320972222222;2024;6;100.7;16.1;0.0;0.0;0.0;9.8;0.0;0.0;0.0;57.0;1.0;0.0;0.0;0.0;6.8;0.0;0.0;0.0;0.0;0.0;0.0;0.0;0.0;0.0;10.0;0.0;0.0;0.0;0.0;0.0;0.0;888.0
Iracema;CANAFISTULA;-5.866;-38.320972222222;2024;7;0.0;0.0;0.0;0.0;0.0;0.0;0.0;0.0;0.0;0.0;0.0;0.0;0.0;0.0;0.0;0.0;0.0;0.0;0.0;0.0;0.0;0.0;0.0;0.0;0.0;0.0;0.0;0.0;0.0;0.0;0.0;0.0
Iracema;CANAFISTULA;-5.866;-38.320972222222;2024;8;0.0;0.0;0.0;0.0;0.0;0.0;0.0;0.0;0.0;0.0;0.0;0.0;0.0;0.0;0.0;0.0;0.0;0.0;0.0;0.0;0.0;0.0;0.0;0.0;0.0;0.0;0.0;0.0;0.0;0.0;0.0;0.0
Iracema;CANAFISTULA;-5.866;-38.320972222222;2024;9;0.0;0.0;0.0;0.0;0.0;0.0;0.0;0.0;0.0;0.0;0.0;0.0;0.0;0.0;0.0;0.0;0.0;0.0;0.0;0.0;0.0;0.0;0.0;0.0;0.0;0.0;0.0;0.0;0.0;0.0;0.0;888.0
Iracema;CANAFISTULA;-5.866;-38.320972222222;2024;10;0.0;0.0;0.0;0.0;0.0;0.0;0.0;0.0;0.0;0.0;0.0;0.0;0.0;0.0;0.0;0.0;0.0;0.0;0.0;0.0;0.0;0.0;0.0;999.0;999.0;999.0;999.0;999.0;999.0;999.0;999.0;999.0
