Municipios;Postos;Latitude;Longitude;Anos;Meses;Total;Dia1;Dia2;Dia3;Dia4;Dia5;Dia6;Dia7;Dia8;Dia9;Dia10;Dia11;Dia12;Dia13;Dia14;Dia15;Dia16;Dia17;Dia18;Dia19;Dia20;Dia21;Dia22;Dia23;Dia24;Dia25;Dia26;Dia27;Dia28;Dia29;Dia30;Dia31
Solonópole;ACUDE TIGRE;-5.8848333333333;-39.154916666667;2012;1;88.1;0.0;0.0;0.0;0.0;0.0;0.0;0.0;0.0;0.0;0.0;0.0;0.0;0.0;0.0;0.0;0.0;0.0;0.0;60.1;0.0;0.0;0.0;0.9;27.1;0.0;0.0;0.0;0.0;0.0;0.0;0.0
Solonópole;ACUDE TIGRE;-5.8848333333333;-39.154916666667;2012;2;101.4;0.0;0.0;0.0;0.0;0.0;0.0;0.0;0.0;0.0;0.0;0.0;0.0;0.0;0.0;0.0;0.0;15.3;7.1;15.0;11.0;53.0;0.0;0.0;0.0;0.0;0.0;0.0;0.0;0.0;888.0;888.0
Solonópole;ACUDE TIGRE;-5.8848333333333;-39.154916666667;2012;3;51.1;0.0;0.0;0.0;0.0;5.1;0.0;6.4;9.3;0.0;0.0;9.0;3.3;0.0;0.0;0.0;0.0;0.0;0.0;0.0;6.0;0.0;0.0;0.0;0.0;0.0;0.0;0.0;12.0;0.0;0.0;0.0
Solonópole;ACUDE TIGRE;-5.8848333333333;-39.154916666667;2012;4;40.5;0.0;5.3;0.0;0.0;17.0;0.0;0.0;0.0;0.0;0.0;0.0;0.0;0.0;0.0;0.0;0.0;6.2;12.0;0.0;0.0;0.0;0.0;0.0;0.0;0.0;0.0;0.0;0.0;0.0;0.0;888.0
Solonópole;ACUDE TIGRE;-5.8848333333333;-39.154916666667;2012;5;34.6;0.0;0.0;0.0;0.0;0.0;0.0;0.0;0.0;0.0;0.0;0.0;0.0;0.0;0.0;0.0;0.0;0.0;0.0;0.0;0.0;0.0;0.0;22.2;0.0;0.0;0.0;6.2;0.0;0.0;6.2;0.0
Solonópole;ACUDE TIGRE;-5.8848333333333;-39.154916666667;2012;6;8.5;0.0;0.0;0.0;0.0;0.0;0.0;4.2;0.0;0.0;0.0;0.0;0.0;0.0;0.0;0.0;0.0;0.0;0.0;0.0;0.0;0.0;0.0;0.0;0.0;0.0;0.0;0.0;0.0;4.3;0.0;888.0
Solonópole;ACUDE TIGRE;-5.8848333333333;-39.154916666667;2012;7;8.5;0.0;0.0;0.0;0.0;0.0;0.0;4.2;0.0;0.0;0.0;0.0;0.0;0.0;0.0;0.0;0.0;0.0;0.0;0.0;0.0;0.0;0.0;0.0;0.0;0.0;0.0;0.0;0.0;4.3;0.0;0.0
Solonópole;ACUDE TIGRE;-5.8848333333333;-39.154916666667;2013;1;0.0;0.0;0.0;0.0;0.0;0.0;0.0;0.0;0.0;0.0;0.0;0.0;0.0;0.0;0.0;0.0;0.0;0.0;0.0;0.0;0.0;0.0;0.0;0.0;0.0;0.0;0.0;0.0;0.0;0.0;0.0;0.0
Solonópole;ACUDE TIGRE;-5.8848333333333;-39.154916666667;2013;2;61.5;0.0;0.0;0.0;0.0;0.0;0.0;0.0;0.0;0.0;0.0;0.0;5.3;0.0;0.0;0.0;8.0;20.0;28.2;0.0;0.0;0.0;0.0;0.0;0.0;0.0;0.0;0.0;0.0;888.0;888.0;888.0
Solonópole;ACUDE TIGRE;-5.8848333333333;-39.154916666667;2013;3;84.7;0.0;0.0;0.0;0.0;0.0;0.0;0.0;0.0;0.0;0.0;0.0;0.0;0.0;0.0;0.0;0.0;0.0;0.0;61.3;0.0;6.0;0.0;0.0;0.0;0.0;5.0;0.0;0.0;0.0;12.4;0.0
Solonópole;ACUDE TIGRE;-5.8848333333333;-39.154916666667;2013;4;149.8;0.0;0.0;0.0;0.0;0.0;22.2;0.0;0.0;0.0;0.0;0.0;0.0;0.0;0.0;0.0;0.0;0.0;0.0;28.0;24.4;24.1;0.0;0.0;7.3;8.3;18.3;0.0;0.0;0.0;17.2;888.0
Solonópole;ACUDE TIGRE;-5.8848333333333;-39.154916666667;2013;5;96.7;0.0;15.0;0.0;0.0;0.0;0.0;0.0;5.0;0.0;38.1;0.0;0.0;0.0;5.4;17.2;0.0;0.0;16.0;0.0;0.0;0.0;0.0;0.0;0.0;0.0;0.0;0.0;0.0;0.0;0.0;0.0
Solonópole;ACUDE TIGRE;-5.8848333333333;-39.154916666667;2013;6;70.0;0.0;0.0;0.0;0.0;0.0;0.0;0.0;0.0;0.0;0.0;0.0;0.0;9.3;20.3;0.0;0.0;7.0;0.0;0.0;0.0;0.0;13.3;20.1;0.0;0.0;0.0;0.0;0.0;0.0;0.0;888.0
Solonópole;ACUDE TIGRE;-5.8848333333333;-39.154916666667;2013;7;59.5;0.0;0.0;20.0;0.0;0.0;0.0;0.0;0.0;0.0;0.0;0.0;0.0;0.0;18.2;0.0;0.0;0.0;0.0;21.3;0.0;0.0;0.0;0.0;0.0;0.0;0.0;0.0;0.0;0.0;0.0;0.0
Solonópole;ACUDE TIGRE;-5.8848333333333;-39.154916666667;2013;8;0.0;0.0;0.0;0.0;0.0;0.0;0.0;0.0;0.0;0.0;0.0;0.0;0.0;0.0;0.0;0.0;0.0;0.0;0.0;0.0;0.0;0.0;0.0;0.0;0.0;0.0;0.0;0.0;0.0;0.0;0.0;0.0
Solonópole;ACUDE TIGRE;-5.8848333333333;-39.154916666667;2013;9;0.0;0.0;0.0;0.0;0.0;0.0;0.0;0.0;0.0;0.0;0.0;0.0;0.0;0.0;0.0;0.0;0.0;0.0;0.0;0.0;0.0;0.0;0.0;0.0;0.0;0.0;0.0;0.0;0.0;0.0;0.0;888.0
Solonópole;ACUDE TIGRE;-5.8848333333333;-39.154916666667;2013;10;0.0;0.0;0.0;0.0;0.0;0.0;0.0;0.0;0.0;0.0;0.0;0.0;0.0;0.0;0.0;0.0;0.0;0.0;0.0;0.0;0.0;0.0;0.0;0.0;0.0;0.0;0.0;0.0;0.0;0.0;0.0;0.0
Solonópole;ACUDE TIGRE;-5.8848333333333;-39.154916666667;2013;11;26.0;0.0;0.0;0.0;26.0;0.0;0.0;0.0;0.0;0.0;0.0;0.0;0.0;0.0;0.0;0.0;0.0;0.0;0.0;0.0;0.0;0.0;0.0;0.0;0.0;0.0;0.0;0.0;0.0;0.0;0.0;888.0
Solonópole;ACUDE TIGRE;-5.8848333333333;-39.154916666667;2013;12;0.0;0.0;0.0;0.0;0.0;0.0;0.0;0.0;0.0;0.0;0.0;0.0;0.0;0.0;0.0;0.0;0.0;0.0;0.0;0.0;0.0;0.0;0.0;0.0;0.0;0.0;0.0;0.0;0.0;0.0;0.0;0.0
Solonópole;ACUDE TIGRE;-5.8848333333333;-39.154916666667;2014;1;34.0;0.0;0.0;0.0;0.0;0.0;0.0;11.0;0.0;0.0;0.0;0.0;0.0;0.0;0.0;0.0;0.0;0.0;0.0;0.0;7.0;5.0;0.0;0.0;0.0;0.0;0.0;0.0;999.0;0.0;0.0;11.0
Solonópole;ACUDE TIGRE;-5.8848333333333;-39.154916666667;2014;2;63.0;0.0;0.0;0.0;30.0;2.0;0.0;0.0;0.0;0.0;0.0;0.0;31.0;999.0;999.0;999.0;999.0;999.0;999.0;999.0;999.0;999.0;999.0;999.0;999.0;999.0;999.0;999.0;999.0;888.0;888.0;888.0
Solonópole;ACUDE TIGRE;-5.8848333333333;-39.154916666667;2014;3;124.2;0.0;0.0;0.0;0.0;0.0;31.0;0.0;7.0;0.0;18.0;0.0;11.0;0.0;0.0;0.0;17.0;0.0;0.0;0.0;0.0;0.0;0.0;0.0;0.0;0.0;0.0;0.0;0.0;0.0;19.0;21.2
Solonópole;ACUDE TIGRE;-5.8848333333333;-39.154916666667;2014;4;195.0;0.0;0.0;0.0;12.0;0.0;0.0;0.0;17.0;0.0;25.0;10.3;10.2;60.0;17.0;0.0;0.0;22.3;0.0;0.0;0.0;0.0;0.0;0.0;0.0;0.0;0.0;0.0;21.2;0.0;0.0;888.0
Solonópole;ACUDE TIGRE;-5.8848333333333;-39.154916666667;2014;5;100.0;0.0;0.0;0.0;0.0;0.0;0.0;0.0;9.0;0.0;0.0;0.0;0.0;0.0;0.0;0.0;0.0;0.0;0.0;0.0;0.0;0.0;0.0;0.0;0.0;0.0;0.0;0.0;0.0;85.0;6.0;0.0
Solonópole;ACUDE TIGRE;-5.8848333333333;-39.154916666667;2014;6;10.0;0.0;0.0;0.0;0.0;0.0;0.0;0.0;0.0;0.0;0.0;0.0;0.0;0.0;0.0;0.0;0.0;0.0;0.0;0.0;0.0;0.0;0.0;0.0;0.0;0.0;0.0;0.0;10.0;0.0;0.0;888.0
Solonópole;ACUDE TIGRE;-5.8848333333333;-39.154916666667;2014;7;13.0;0.0;0.0;0.0;0.0;0.0;0.0;0.0;0.0;0.0;0.0;0.0;0.0;0.0;0.0;0.0;0.0;0.0;0.0;0.0;0.0;0.0;0.0;0.0;0.0;0.0;0.0;0.0;0.0;13.0;0.0;0.0
Solonópole;ACUDE TIGRE;-5.8848333333333;-39.154916666667;2014;8;0.0;0.0;0.0;0.0;0.0;0.0;0.0;0.0;0.0;0.0;0.0;0.0;0.0;0.0;0.0;0.0;0.0;0.0;0.0;0.0;0.0;0.0;0.0;0.0;0.0;0.0;0.0;0.0;0.0;0.0;0.0;0.0
Solonópole;ACUDE TIGRE;-5.8848333333333;-39.154916666667;2014;9;0.0;0.0;0.0;0.0;0.0;0.0;0.0;0.0;0.0;0.0;0.0;0.0;0.0;0.0;0.0;0.0;0.0;0.0;0.0;0.0;0.0;0.0;0.0;0.0;0.0;0.0;0.0;0.0;0.0;0.0;0.0;888.0
Solonópole;ACUDE TIGRE;-5.8848333333333;-39.154916666667;2014;10;25.0;0.0;0.0;0.0;25.0;0.0;0.0;0.0;0.0;0.0;0.0;0.0;0.0;0.0;0.0;0.0;0.0;0.0;0.0;0.0;0.0;0.0;0.0;0.0;0.0;0.0;0.0;0.0;0.0;0.0;0.0;0.0
Solonópole;ACUDE TIGRE;-5.8848333333333;-39.154916666667;2014;11;36.0;0.0;0.0;0.0;0.0;0.0;0.0;0.0;0.0;0.0;0.0;0.0;0.0;0.0;0.0;0.0;0.0;0.0;0.0;0.0;36.0;0.0;0.0;0.0;0.0;0.0;0.0;0.0;0.0;0.0;0.0;888.0
Solonópole;ACUDE TIGRE;-5.8848333333333;-39.154916666667;2014;12;0.0;0.0;0.0;0.0;0.0;0.0;0.0;0.0;0.0;0.0;0.0;0.0;0.0;0.0;0.0;0.0;0.0;0.0;0.0;0.0;0.0;0.0;0.0;0.0;0.0;0.0;0.0;0.0;0.0;0.0;0.0;0.0
Solonópole;ACUDE TIGRE;-5.8848333333333;-39.154916666667;2015;1;9.0;0.0;0.0;0.0;0.0;9.0;0.0;0.0;0.0;0.0;0.0;0.0;0.0;0.0;0.0;0.0;0.0;0.0;0.0;0.0;0.0;0.0;0.0;0.0;0.0;0.0;0.0;0.0;0.0;0.0;0.0;0.0
Solonópole;ACUDE TIGRE;-5.8848333333333;-39.154916666667;2015;2;122.0;0.0;0.0;0.0;0.0;25.0;0.0;0.0;0.0;0.0;0.0;0.0;0.0;0.0;0.0;0.0;0.0;8.0;0.0;0.0;4.0;19.0;14.0;52.0;0.0;0.0;0.0;0.0;0.0;888.0;888.0;888.0
Solonópole;ACUDE TIGRE;-5.8848333333333;-39.154916666667;2015;3;153.0;33.0;36.0;3.0;0.0;0.0;0.0;0.0;0.0;33.0;0.0;0.0;0.0;0.0;0.0;0.0;0.0;0.0;0.0;0.0;0.0;0.0;18.0;7.0;4.0;0.0;0.0;0.0;0.0;0.0;10.0;9.0
Solonópole;ACUDE TIGRE;-5.8848333333333;-39.154916666667;2015;4;69.0;0.0;0.0;0.0;0.0;0.0;0.0;0.0;0.0;36.0;0.0;0.0;0.0;8.0;0.0;0.0;0.0;0.0;0.0;0.0;0.0;18.0;0.0;0.0;0.0;7.0;0.0;0.0;0.0;0.0;0.0;888.0
Solonópole;ACUDE TIGRE;-5.8848333333333;-39.154916666667;2015;5;0.0;0.0;0.0;0.0;0.0;0.0;0.0;0.0;0.0;0.0;0.0;0.0;0.0;0.0;0.0;0.0;0.0;0.0;0.0;0.0;0.0;0.0;0.0;0.0;0.0;0.0;0.0;0.0;0.0;0.0;0.0;0.0
Solonópole;ACUDE TIGRE;-5.8848333333333;-39.154916666667;2015;6;56.0;0.0;0.0;0.0;14.0;0.0;6.0;0.0;0.0;0.0;0.0;0.0;0.0;0.0;0.0;0.0;0.0;0.0;0.0;0.0;0.0;0.0;0.0;0.0;0.0;0.0;16.0;0.0;0.0;0.0;20.0;888.0
Solonópole;ACUDE TIGRE;-5.8848333333333;-39.154916666667;2015;7;96.0;0.0;0.0;15.0;0.0;71.0;0.0;0.0;0.0;0.0;0.0;0.0;0.0;0.0;0.0;0.0;0.0;0.0;0.0;0.0;0.0;0.0;0.0;0.0;0.0;0.0;0.0;10.0;0.0;0.0;0.0;0.0
Solonópole;ACUDE TIGRE;-5.8848333333333;-39.154916666667;2015;8;21.0;21.0;0.0;0.0;0.0;0.0;0.0;0.0;0.0;0.0;0.0;0.0;0.0;0.0;0.0;0.0;0.0;0.0;0.0;0.0;0.0;0.0;0.0;0.0;0.0;0.0;0.0;0.0;0.0;0.0;0.0;0.0
Solonópole;ACUDE TIGRE;-5.8848333333333;-39.154916666667;2015;9;0.0;0.0;0.0;0.0;0.0;0.0;0.0;0.0;0.0;0.0;0.0;0.0;0.0;0.0;0.0;0.0;0.0;0.0;0.0;0.0;0.0;0.0;0.0;0.0;0.0;0.0;0.0;0.0;0.0;0.0;0.0;888.0
Solonópole;ACUDE TIGRE;-5.8848333333333;-39.154916666667;2015;10;0.0;0.0;0.0;0.0;0.0;0.0;0.0;0.0;0.0;0.0;0.0;0.0;0.0;0.0;0.0;0.0;0.0;0.0;0.0;0.0;0.0;0.0;0.0;0.0;0.0;0.0;0.0;0.0;0.0;0.0;0.0;0.0
Solonópole;ACUDE TIGRE;-5.8848333333333;-39.154916666667;2015;11;0.0;0.0;0.0;0.0;0.0;0.0;0.0;0.0;0.0;0.0;0.0;0.0;0.0;0.0;0.0;0.0;0.0;0.0;0.0;0.0;0.0;0.0;0.0;0.0;0.0;0.0;0.0;0.0;0.0;0.0;0.0;888.0
Solonópole;ACUDE TIGRE;-5.8848333333333;-39.154916666667;2015;12;4.0;0.0;0.0;0.0;0.0;0.0;0.0;0.0;0.0;0.0;0.0;0.0;0.0;0.0;0.0;0.0;0.0;0.0;0.0;0.0;0.0;0.0;0.0;0.0;0.0;0.0;4.0;999.0;999.0;999.0;999.0;999.0
Solonópole;ACUDE TIGRE;-5.8848333333333;-39.154916666667;2016;1;80.0;0.0;0.0;0.0;0.0;0.0;4.0;4.0;0.0;0.0;5.0;0.0;0.0;0.0;0.0;5.0;0.0;0.0;0.0;13.0;0.0;0.0;30.0;6.0;13.0;0.0;0.0;0.0;0.0;0.0;0.0;0.0
Solonópole;ACUDE TIGRE;-5.8848333333333;-39.154916666667;2016;2;22.0;0.0;17.0;5.0;0.0;0.0;0.0;0.0;0.0;0.0;0.0;0.0;0.0;0.0;0.0;0.0;0.0;0.0;0.0;0.0;0.0;0.0;0.0;0.0;0.0;0.0;0.0;0.0;0.0;0.0;888.0;888.0
Solonópole;ACUDE TIGRE;-5.8848333333333;-39.154916666667;2016;3;180.0;0.0;0.0;0.0;0.0;0.0;0.0;0.0;0.0;20.0;0.0;11.0;0.0;6.0;0.0;0.0;0.0;0.0;98.0;0.0;0.0;0.0;0.0;7.0;0.0;0.0;0.0;0.0;15.0;0.0;23.0;0.0
Solonópole;ACUDE TIGRE;-5.8848333333333;-39.154916666667;2016;4;78.0;0.0;6.0;7.0;17.0;6.0;0.0;12.0;0.0;0.0;10.0;0.0;0.0;0.0;0.0;20.0;0.0;0.0;0.0;0.0;0.0;0.0;0.0;0.0;0.0;0.0;0.0;0.0;0.0;0.0;0.0;888.0
Solonópole;ACUDE TIGRE;-5.8848333333333;-39.154916666667;2016;5;109.0;0.0;0.0;24.0;0.0;0.0;0.0;0.0;0.0;0.0;11.0;38.0;0.0;0.0;0.0;25.0;0.0;0.0;0.0;0.0;0.0;0.0;0.0;0.0;0.0;0.0;0.0;0.0;0.0;0.0;0.0;11.0
Solonópole;ACUDE TIGRE;-5.8848333333333;-39.154916666667;2016;6;9.0;0.0;0.0;0.0;0.0;0.0;0.0;0.0;0.0;0.0;0.0;0.0;0.0;0.0;9.0;0.0;0.0;0.0;0.0;0.0;0.0;0.0;0.0;0.0;0.0;0.0;0.0;0.0;0.0;0.0;0.0;888.0
Solonópole;ACUDE TIGRE;-5.8848333333333;-39.154916666667;2016;7;0.0;0.0;0.0;0.0;0.0;0.0;0.0;0.0;0.0;0.0;0.0;0.0;0.0;0.0;0.0;0.0;0.0;0.0;0.0;0.0;0.0;0.0;0.0;0.0;0.0;0.0;0.0;0.0;0.0;0.0;0.0;0.0
Solonópole;ACUDE TIGRE;-5.8848333333333;-39.154916666667;2016;8;0.0;0.0;0.0;0.0;0.0;0.0;0.0;0.0;0.0;0.0;0.0;0.0;0.0;0.0;0.0;0.0;0.0;0.0;0.0;0.0;0.0;0.0;0.0;0.0;0.0;0.0;0.0;0.0;0.0;0.0;0.0;0.0
Solonópole;ACUDE TIGRE;-5.8848333333333;-39.154916666667;2016;9;0.0;0.0;0.0;0.0;0.0;0.0;0.0;0.0;0.0;0.0;0.0;0.0;0.0;0.0;0.0;0.0;0.0;0.0;0.0;0.0;0.0;0.0;0.0;0.0;0.0;0.0;0.0;0.0;0.0;0.0;0.0;888.0
Solonópole;ACUDE TIGRE;-5.8848333333333;-39.154916666667;2016;10;0.0;0.0;0.0;0.0;0.0;0.0;0.0;0.0;0.0;0.0;0.0;0.0;0.0;0.0;0.0;0.0;0.0;0.0;0.0;0.0;0.0;0.0;0.0;0.0;0.0;0.0;0.0;0.0;0.0;0.0;0.0;0.0
Solonópole;ACUDE TIGRE;-5.8848333333333;-39.154916666667;2016;11;0.0;0.0;0.0;0.0;0.0;0.0;0.0;0.0;0.0;0.0;0.0;0.0;0.0;0.0;0.0;0.0;0.0;0.0;0.0;0.0;0.0;0.0;0.0;0.0;0.0;0.0;0.0;0.0;0.0;0.0;0.0;888.0
Solonópole;ACUDE TIGRE;-5.8848333333333;-39.154916666667;2016;12;66.0;0.0;0.0;0.0;0.0;0.0;0.0;0.0;0.0;0.0;0.0;0.0;0.0;0.0;0.0;0.0;0.0;0.0;54.0;12.0;0.0;0.0;0.0;0.0;0.0;0.0;0.0;0.0;0.0;0.0;0.0;0.0
Solonópole;ACUDE TIGRE;-5.8848333333333;-39.154916666667;2017;1;43.0;0.0;0.0;0.0;0.0;0.0;0.0;0.0;0.0;0.0;0.0;0.0;0.0;0.0;0.0;0.0;0.0;0.0;0.0;0.0;6.0;0.0;0.0;0.0;0.0;0.0;0.0;0.0;37.0;0.0;0.0;0.0
Solonópole;ACUDE TIGRE;-5.8848333333333;-39.154916666667;2017;2;55.0;0.0;0.0;0.0;0.0;0.0;0.0;0.0;0.0;0.0;0.0;0.0;33.0;0.0;0.0;0.0;0.0;0.0;0.0;0.0;10.0;12.0;0.0;0.0;0.0;0.0;0.0;0.0;0.0;888.0;888.0;888.0
Solonópole;ACUDE TIGRE;-5.8848333333333;-39.154916666667;2017;3;141.0;0.0;24.0;0.0;0.0;0.0;11.0;0.0;0.0;19.0;5.0;10.0;0.0;0.0;0.0;0.0;0.0;32.0;8.0;0.0;0.0;0.0;0.0;8.0;9.0;0.0;0.0;0.0;0.0;0.0;0.0;15.0
Solonópole;ACUDE TIGRE;-5.8848333333333;-39.154916666667;2017;4;106.0;12.0;0.0;39.0;0.0;0.0;0.0;0.0;0.0;6.0;0.0;7.0;9.0;12.0;0.0;0.0;0.0;0.0;0.0;0.0;6.0;0.0;0.0;9.0;6.0;0.0;0.0;0.0;0.0;0.0;0.0;888.0
Solonópole;ACUDE TIGRE;-5.8848333333333;-39.154916666667;2017;5;105.0;0.0;0.0;0.0;0.0;8.0;0.0;0.0;7.0;17.0;0.0;15.0;53.0;0.0;0.0;0.0;0.0;0.0;0.0;0.0;0.0;0.0;0.0;0.0;0.0;0.0;0.0;5.0;999.0;0.0;0.0;0.0
Solonópole;ACUDE TIGRE;-5.8848333333333;-39.154916666667;2017;6;27.0;6.0;0.0;5.0;0.0;0.0;0.0;0.0;0.0;0.0;0.0;0.0;2.0;0.0;0.0;0.0;0.0;0.0;0.0;14.0;0.0;0.0;0.0;0.0;0.0;0.0;0.0;0.0;0.0;0.0;0.0;888.0
Solonópole;ACUDE TIGRE;-5.8848333333333;-39.154916666667;2017;7;51.0;13.0;38.0;0.0;0.0;0.0;0.0;0.0;0.0;0.0;0.0;0.0;0.0;0.0;0.0;999.0;0.0;0.0;0.0;0.0;999.0;0.0;0.0;0.0;0.0;0.0;0.0;0.0;0.0;0.0;0.0;0.0
Solonópole;ACUDE TIGRE;-5.8848333333333;-39.154916666667;2017;8;0.0;0.0;0.0;0.0;0.0;0.0;0.0;0.0;0.0;0.0;0.0;0.0;0.0;0.0;0.0;0.0;0.0;0.0;0.0;0.0;0.0;0.0;0.0;0.0;0.0;0.0;0.0;0.0;0.0;0.0;0.0;0.0
Solonópole;ACUDE TIGRE;-5.8848333333333;-39.154916666667;2017;9;10.0;0.0;0.0;0.0;0.0;0.0;0.0;0.0;0.0;0.0;0.0;0.0;0.0;0.0;0.0;0.0;0.0;0.0;0.0;0.0;0.0;0.0;0.0;10.0;0.0;0.0;0.0;0.0;0.0;0.0;0.0;888.0
Solonópole;ACUDE TIGRE;-5.8848333333333;-39.154916666667;2017;10;0.0;0.0;0.0;0.0;0.0;0.0;0.0;0.0;0.0;0.0;0.0;0.0;0.0;0.0;0.0;0.0;0.0;0.0;0.0;0.0;0.0;0.0;0.0;0.0;0.0;0.0;0.0;0.0;0.0;0.0;0.0;0.0
Solonópole;ACUDE TIGRE;-5.8848333333333;-39.154916666667;2017;11;0.0;0.0;0.0;0.0;0.0;0.0;0.0;0.0;0.0;0.0;0.0;0.0;0.0;0.0;0.0;0.0;0.0;0.0;0.0;0.0;0.0;0.0;0.0;0.0;0.0;0.0;0.0;0.0;0.0;0.0;0.0;888.0
Solonópole;ACUDE TIGRE;-5.8848333333333;-39.154916666667;2017;12;0.0;0.0;0.0;0.0;0.0;0.0;0.0;0.0;0.0;0.0;0.0;0.0;0.0;0.0;0.0;0.0;0.0;0.0;0.0;0.0;0.0;0.0;0.0;0.0;0.0;0.0;0.0;0.0;0.0;0.0;0.0;0.0
Solonópole;ACUDE TIGRE;-5.8848333333333;-39.154916666667;2018;1;41.0;0.0;0.0;0.0;0.0;0.0;0.0;0.0;0.0;0.0;0.0;0.0;0.0;0.0;0.0;0.0;0.0;0.0;0.0;25.0;0.0;0.0;0.0;0.0;0.0;0.0;0.0;0.0;16.0;0.0;0.0;0.0
Solonópole;ACUDE TIGRE;-5.8848333333333;-39.154916666667;2018;2;165.8;0.0;0.0;0.0;0.0;0.0;0.0;0.0;0.0;0.0;0.0;22.0;0.0;5.0;0.0;31.0;31.0;33.0;13.3;0.0;0.0;0.0;11.2;0.0;0.0;19.3;0.0;0.0;0.0;888.0;888.0;888.0
Solonópole;ACUDE TIGRE;-5.8848333333333;-39.154916666667;2018;3;57.5;7.0;0.0;0.0;0.0;0.0;0.0;0.0;0.0;0.0;0.0;0.0;0.0;0.0;6.3;0.0;0.0;0.0;0.0;0.0;0.0;0.0;0.0;0.0;0.0;15.2;0.0;0.0;6.0;0.0;11.0;12.0
Solonópole;ACUDE TIGRE;-5.8848333333333;-39.154916666667;2018;4;156.2;0.0;0.0;25.0;0.0;0.0;0.0;23.0;0.0;0.0;0.0;0.0;0.0;66.0;22.2;0.0;0.0;0.0;0.0;0.0;0.0;0.0;0.0;0.0;0.0;0.0;0.0;0.0;0.0;17.0;3.0;888.0
Solonópole;ACUDE TIGRE;-5.8848333333333;-39.154916666667;2018;5;58.0;8.0;0.0;0.0;0.0;0.0;0.0;0.0;0.0;0.0;0.0;0.0;0.0;0.0;37.0;0.0;0.0;0.0;13.0;0.0;0.0;0.0;0.0;0.0;0.0;0.0;0.0;0.0;0.0;0.0;0.0;0.0
Solonópole;ACUDE TIGRE;-5.8848333333333;-39.154916666667;2018;6;10.0;0.0;0.0;0.0;0.0;0.0;0.0;0.0;0.0;0.0;0.0;0.0;0.0;0.0;0.0;0.0;0.0;0.0;10.0;0.0;0.0;0.0;0.0;0.0;0.0;0.0;0.0;0.0;0.0;0.0;0.0;888.0
Solonópole;ACUDE TIGRE;-5.8848333333333;-39.154916666667;2018;7;0.0;0.0;0.0;0.0;0.0;0.0;0.0;0.0;0.0;0.0;0.0;0.0;0.0;0.0;0.0;0.0;0.0;0.0;0.0;0.0;0.0;0.0;0.0;0.0;0.0;0.0;0.0;0.0;0.0;0.0;0.0;0.0
Solonópole;ACUDE TIGRE;-5.8848333333333;-39.154916666667;2018;8;4.0;0.0;4.0;0.0;0.0;0.0;0.0;0.0;0.0;0.0;0.0;0.0;0.0;0.0;0.0;0.0;0.0;0.0;0.0;0.0;0.0;0.0;0.0;0.0;0.0;0.0;0.0;0.0;0.0;0.0;0.0;0.0
Solonópole;ACUDE TIGRE;-5.8848333333333;-39.154916666667;2018;9;0.0;0.0;0.0;0.0;0.0;0.0;0.0;0.0;0.0;0.0;0.0;0.0;0.0;0.0;0.0;0.0;0.0;0.0;0.0;0.0;0.0;0.0;0.0;0.0;0.0;0.0;0.0;0.0;0.0;0.0;0.0;888.0
Solonópole;ACUDE TIGRE;-5.8848333333333;-39.154916666667;2018;10;0.0;0.0;0.0;0.0;0.0;0.0;0.0;0.0;0.0;0.0;0.0;0.0;0.0;0.0;0.0;0.0;0.0;0.0;0.0;0.0;0.0;0.0;0.0;0.0;0.0;0.0;0.0;0.0;0.0;0.0;0.0;0.0
Solonópole;ACUDE TIGRE;-5.8848333333333;-39.154916666667;2018;11;0.0;0.0;0.0;0.0;0.0;0.0;0.0;0.0;0.0;0.0;0.0;0.0;0.0;0.0;0.0;0.0;0.0;0.0;0.0;0.0;0.0;0.0;0.0;0.0;0.0;0.0;0.0;0.0;0.0;0.0;0.0;888.0
Solonópole;ACUDE TIGRE;-5.8848333333333;-39.154916666667;2018;12;40.0;0.0;0.0;0.0;0.0;0.0;0.0;12.0;0.0;0.0;6.0;16.0;0.0;0.0;0.0;0.0;0.0;0.0;0.0;0.0;0.0;0.0;0.0;0.0;6.0;0.0;0.0;0.0;0.0;0.0;0.0;0.0
Solonópole;ACUDE TIGRE;-5.8848333333333;-39.154916666667;2019;1;94.0;0.0;0.0;0.0;0.0;0.0;0.0;17.0;0.0;0.0;0.0;0.0;0.0;0.0;0.0;0.0;0.0;17.0;37.0;0.0;0.0;0.0;0.0;0.0;13.0;0.0;0.0;0.0;0.0;0.0;10.0;0.0
Solonópole;ACUDE TIGRE;-5.8848333333333;-39.154916666667;2019;2;67.0;0.0;0.0;0.0;0.0;23.0;0.0;0.0;0.0;0.0;0.0;0.0;0.0;0.0;18.0;0.0;6.0;2.0;8.0;0.0;5.0;0.0;0.0;5.0;999.0;999.0;999.0;999.0;999.0;888.0;888.0;888.0
Solonópole;ACUDE TIGRE;-5.8848333333333;-39.154916666667;2019;3;312.0;0.0;0.0;0.0;23.0;17.0;0.0;0.0;21.0;0.0;0.0;0.0;0.0;0.0;8.0;2.0;3.0;0.0;0.0;17.0;0.0;0.0;0.0;0.0;122.0;0.0;0.0;0.0;59.0;27.0;0.0;13.0
Solonópole;ACUDE TIGRE;-5.8848333333333;-39.154916666667;2019;4;55.0;3.0;0.0;0.0;0.0;27.0;0.0;0.0;0.0;0.0;0.0;0.0;12.0;0.0;0.0;0.0;0.0;0.0;0.0;0.0;0.0;6.0;0.0;0.0;0.0;7.0;0.0;0.0;0.0;0.0;0.0;888.0
Solonópole;ACUDE TIGRE;-5.8848333333333;-39.154916666667;2019;5;4.0;0.0;4.0;0.0;0.0;0.0;0.0;0.0;0.0;0.0;0.0;0.0;0.0;0.0;0.0;0.0;0.0;0.0;0.0;0.0;0.0;0.0;0.0;0.0;0.0;0.0;0.0;0.0;0.0;0.0;0.0;0.0
Solonópole;ACUDE TIGRE;-5.8848333333333;-39.154916666667;2019;6;23.0;0.0;0.0;0.0;0.0;0.0;0.0;0.0;0.0;0.0;0.0;0.0;0.0;0.0;0.0;0.0;0.0;0.0;0.0;23.0;0.0;0.0;0.0;0.0;0.0;0.0;0.0;0.0;0.0;0.0;0.0;888.0
Solonópole;ACUDE TIGRE;-5.8848333333333;-39.154916666667;2019;7;38.3;19.0;0.0;0.0;0.0;0.0;0.0;0.0;0.0;0.0;0.0;0.0;8.0;0.0;0.0;2.0;2.3;0.0;0.0;0.0;0.0;7.0;0.0;0.0;0.0;0.0;0.0;0.0;0.0;0.0;0.0;0.0
Solonópole;ACUDE TIGRE;-5.8848333333333;-39.154916666667;2019;8;0.0;0.0;0.0;0.0;0.0;0.0;0.0;0.0;0.0;0.0;0.0;0.0;0.0;0.0;0.0;0.0;0.0;0.0;0.0;0.0;0.0;0.0;0.0;0.0;0.0;0.0;0.0;0.0;0.0;0.0;0.0;0.0
Solonópole;ACUDE TIGRE;-5.8848333333333;-39.154916666667;2019;9;0.0;0.0;0.0;0.0;0.0;0.0;0.0;0.0;0.0;0.0;0.0;0.0;0.0;0.0;0.0;0.0;0.0;0.0;0.0;0.0;0.0;0.0;0.0;0.0;0.0;0.0;0.0;0.0;0.0;0.0;0.0;888.0
Solonópole;ACUDE TIGRE;-5.8848333333333;-39.154916666667;2019;10;0.0;0.0;0.0;0.0;0.0;0.0;0.0;0.0;0.0;0.0;0.0;0.0;0.0;0.0;0.0;0.0;0.0;0.0;0.0;0.0;0.0;0.0;0.0;0.0;0.0;0.0;0.0;0.0;0.0;0.0;0.0;0.0
Solonópole;ACUDE TIGRE;-5.8848333333333;-39.154916666667;2019;11;0.0;0.0;0.0;0.0;0.0;0.0;0.0;0.0;0.0;0.0;0.0;0.0;0.0;0.0;0.0;0.0;0.0;0.0;0.0;0.0;0.0;0.0;0.0;0.0;0.0;0.0;0.0;0.0;0.0;0.0;0.0;888.0
Solonópole;ACUDE TIGRE;-5.8848333333333;-39.154916666667;2019;12;0.0;0.0;0.0;0.0;0.0;0.0;0.0;0.0;0.0;0.0;0.0;0.0;0.0;0.0;0.0;0.0;0.0;0.0;0.0;0.0;0.0;0.0;0.0;0.0;0.0;0.0;0.0;0.0;0.0;0.0;0.0;0.0
Solonópole;ACUDE TIGRE;-5.8848333333333;-39.154916666667;2020;1;37.0;0.0;0.0;0.0;0.0;0.0;0.0;0.0;0.0;0.0;7.0;5.0;0.0;0.0;0.0;0.0;0.0;0.0;7.0;0.0;0.0;0.0;5.0;0.0;3.0;0.0;0.0;0.0;0.0;10.0;0.0;0.0
Solonópole;ACUDE TIGRE;-5.8848333333333;-39.154916666667;2020;2;131.0;0.0;0.0;0.0;0.0;10.0;6.0;0.0;0.0;0.0;36.0;0.0;0.0;0.0;0.0;0.0;0.0;0.0;11.0;0.0;0.0;0.0;6.0;0.0;0.0;39.0;9.0;3.0;0.0;11.0;888.0;888.0
Solonópole;ACUDE TIGRE;-5.8848333333333;-39.154916666667;2020;3;109.0;0.0;0.0;0.0;0.0;0.0;0.0;4.0;12.0;0.0;0.0;0.0;0.0;0.0;0.0;11.0;40.0;0.0;0.0;7.0;0.0;0.0;0.0;0.0;0.0;0.0;7.0;14.0;3.0;0.0;0.0;11.0
Solonópole;ACUDE TIGRE;-5.8848333333333;-39.154916666667;2020;4;91.0;0.0;0.0;10.0;0.0;0.0;0.0;0.0;0.0;0.0;0.0;0.0;0.0;21.0;0.0;0.0;0.0;0.0;4.0;0.0;7.0;0.0;0.0;18.0;13.0;9.0;0.0;9.0;0.0;0.0;0.0;888.0
Solonópole;ACUDE TIGRE;-5.8848333333333;-39.154916666667;2020;5;82.0;0.0;0.0;0.0;0.0;0.0;0.0;0.0;0.0;0.0;0.0;0.0;0.0;0.0;0.0;0.0;0.0;17.0;0.0;0.0;4.0;0.0;8.0;0.0;0.0;38.0;0.0;0.0;0.0;15.0;0.0;0.0
Solonópole;ACUDE TIGRE;-5.8848333333333;-39.154916666667;2020;6;13.0;0.0;0.0;0.0;0.0;2.0;0.0;0.0;0.0;0.0;0.0;11.0;0.0;0.0;0.0;0.0;0.0;0.0;0.0;0.0;0.0;0.0;0.0;0.0;0.0;0.0;0.0;0.0;0.0;0.0;0.0;888.0
Solonópole;ACUDE TIGRE;-5.8848333333333;-39.154916666667;2020;7;0.0;0.0;0.0;0.0;0.0;0.0;0.0;0.0;0.0;0.0;0.0;0.0;0.0;0.0;0.0;0.0;0.0;0.0;0.0;0.0;0.0;0.0;0.0;0.0;0.0;0.0;0.0;0.0;0.0;0.0;0.0;0.0
Solonópole;ACUDE TIGRE;-5.8848333333333;-39.154916666667;2020;8;0.0;0.0;0.0;0.0;0.0;0.0;0.0;0.0;0.0;0.0;0.0;0.0;0.0;0.0;0.0;0.0;0.0;0.0;0.0;0.0;0.0;0.0;0.0;0.0;0.0;0.0;0.0;0.0;0.0;0.0;0.0;0.0
Solonópole;ACUDE TIGRE;-5.8848333333333;-39.154916666667;2020;9;0.0;0.0;0.0;0.0;0.0;0.0;0.0;0.0;0.0;0.0;0.0;0.0;0.0;0.0;0.0;0.0;0.0;0.0;0.0;0.0;0.0;0.0;0.0;0.0;0.0;0.0;0.0;0.0;0.0;0.0;0.0;888.0
Solonópole;ACUDE TIGRE;-5.8848333333333;-39.154916666667;2020;10;0.0;0.0;0.0;0.0;0.0;0.0;0.0;0.0;0.0;0.0;0.0;0.0;0.0;0.0;0.0;0.0;0.0;0.0;0.0;0.0;0.0;0.0;0.0;0.0;0.0;0.0;0.0;0.0;0.0;0.0;0.0;0.0
Solonópole;ACUDE TIGRE;-5.8848333333333;-39.154916666667;2020;11;0.0;0.0;0.0;0.0;0.0;0.0;0.0;0.0;0.0;0.0;0.0;0.0;0.0;0.0;0.0;0.0;0.0;0.0;0.0;0.0;0.0;0.0;0.0;0.0;0.0;0.0;0.0;0.0;0.0;0.0;0.0;888.0
Solonópole;ACUDE TIGRE;-5.8848333333333;-39.154916666667;2020;12;0.0;0.0;0.0;0.0;0.0;0.0;0.0;0.0;0.0;0.0;0.0;0.0;0.0;0.0;0.0;0.0;0.0;0.0;0.0;0.0;0.0;0.0;0.0;0.0;0.0;0.0;0.0;0.0;0.0;0.0;0.0;0.0
Solonópole;ACUDE TIGRE;-5.8848333333333;-39.154916666667;2021;1;44.0;0.0;0.0;0.0;0.0;0.0;0.0;0.0;0.0;0.0;0.0;0.0;0.0;0.0;0.0;0.0;0.0;0.0;0.0;0.0;0.0;4.0;12.0;0.0;7.0;0.0;0.0;6.0;0.0;0.0;0.0;15.0
Solonópole;ACUDE TIGRE;-5.8848333333333;-39.154916666667;2021;2;229.0;0.0;0.0;0.0;0.0;0.0;0.0;0.0;0.0;0.0;0.0;32.0;0.0;0.0;0.0;0.0;0.0;65.0;5.0;0.0;0.0;28.0;0.0;0.0;40.0;0.0;0.0;53.0;6.0;888.0;888.0;888.0
Solonópole;ACUDE TIGRE;-5.8848333333333;-39.154916666667;2021;3;188.0;3.0;66.0;0.0;0.0;15.0;0.0;0.0;0.0;0.0;0.0;0.0;0.0;0.0;0.0;0.0;0.0;0.0;0.0;0.0;0.0;11.0;5.0;0.0;0.0;13.0;26.0;0.0;35.0;0.0;11.0;3.0
Solonópole;ACUDE TIGRE;-5.8848333333333;-39.154916666667;2021;4;141.0;0.0;0.0;0.0;0.0;0.0;0.0;0.0;0.0;0.0;0.0;12.0;51.0;34.0;0.0;8.0;0.0;0.0;0.0;0.0;0.0;0.0;0.0;0.0;0.0;8.0;0.0;0.0;0.0;18.0;10.0;888.0
Solonópole;ACUDE TIGRE;-5.8848333333333;-39.154916666667;2021;5;75.0;0.0;12.0;0.0;0.0;22.0;0.0;7.0;0.0;12.0;0.0;0.0;0.0;0.0;3.0;17.0;0.0;0.0;0.0;0.0;2.0;0.0;0.0;0.0;0.0;0.0;0.0;0.0;0.0;0.0;0.0;0.0
Solonópole;ACUDE TIGRE;-5.8848333333333;-39.154916666667;2021;6;8.0;8.0;0.0;0.0;0.0;0.0;0.0;0.0;0.0;0.0;0.0;0.0;0.0;0.0;0.0;0.0;0.0;0.0;0.0;0.0;0.0;0.0;0.0;0.0;0.0;0.0;0.0;0.0;0.0;0.0;0.0;888.0
Solonópole;ACUDE TIGRE;-5.8848333333333;-39.154916666667;2021;7;104.0;0.0;90.0;0.0;0.0;0.0;0.0;0.0;0.0;0.0;0.0;10.0;0.0;0.0;0.0;0.0;0.0;0.0;0.0;0.0;0.0;4.0;0.0;0.0;0.0;0.0;0.0;0.0;0.0;0.0;0.0;0.0
Solonópole;ACUDE TIGRE;-5.8848333333333;-39.154916666667;2021;8;0.0;0.0;0.0;0.0;0.0;0.0;0.0;0.0;0.0;0.0;0.0;0.0;0.0;0.0;0.0;0.0;0.0;0.0;0.0;0.0;0.0;0.0;0.0;0.0;0.0;0.0;0.0;0.0;0.0;0.0;0.0;0.0
Solonópole;ACUDE TIGRE;-5.8848333333333;-39.154916666667;2021;9;11.0;0.0;0.0;0.0;0.0;0.0;0.0;0.0;0.0;0.0;0.0;0.0;0.0;0.0;0.0;0.0;0.0;11.0;0.0;0.0;0.0;0.0;0.0;0.0;0.0;0.0;0.0;0.0;0.0;0.0;0.0;888.0
Solonópole;ACUDE TIGRE;-5.8848333333333;-39.154916666667;2021;10;18.0;0.0;0.0;0.0;0.0;0.0;0.0;0.0;0.0;0.0;0.0;0.0;0.0;0.0;0.0;0.0;0.0;0.0;0.0;0.0;0.0;0.0;0.0;0.0;0.0;0.0;0.0;0.0;0.0;0.0;18.0;0.0
Solonópole;ACUDE TIGRE;-5.8848333333333;-39.154916666667;2021;11;0.0;0.0;0.0;0.0;0.0;0.0;0.0;0.0;0.0;0.0;0.0;0.0;0.0;0.0;0.0;0.0;0.0;0.0;0.0;0.0;0.0;0.0;0.0;0.0;0.0;0.0;0.0;0.0;0.0;0.0;0.0;888.0
Solonópole;ACUDE TIGRE;-5.8848333333333;-39.154916666667;2021;12;14.0;0.0;0.0;0.0;0.0;0.0;0.0;0.0;0.0;0.0;0.0;0.0;0.0;0.0;0.0;0.0;0.0;0.0;0.0;0.0;0.0;0.0;0.0;0.0;0.0;0.0;4.0;8.0;0.0;0.0;0.0;2.0
Solonópole;ACUDE TIGRE;-5.8848333333333;-39.154916666667;2022;1;62.0;3.0;0.0;0.0;0.0;0.0;11.0;0.0;0.0;0.0;0.0;0.0;0.0;5.0;0.0;20.0;13.0;0.0;0.0;0.0;0.0;0.0;0.0;0.0;0.0;0.0;0.0;10.0;0.0;0.0;0.0;0.0
Solonópole;ACUDE TIGRE;-5.8848333333333;-39.154916666667;2022;2;32.0;0.0;0.0;0.0;0.0;5.0;0.0;0.0;0.0;0.0;0.0;0.0;0.0;0.0;0.0;0.0;0.0;0.0;0.0;8.0;0.0;0.0;0.0;0.0;0.0;0.0;0.0;0.0;19.0;888.0;888.0;888.0
Solonópole;ACUDE TIGRE;-5.8848333333333;-39.154916666667;2022;3;136.0;9.0;0.0;0.0;0.0;7.0;25.0;8.0;0.0;0.0;0.0;0.0;8.0;0.0;0.0;11.0;18.0;10.0;0.0;14.0;0.0;0.0;11.0;0.0;0.0;10.0;0.0;0.0;0.0;5.0;0.0;0.0
Solonópole;ACUDE TIGRE;-5.8848333333333;-39.154916666667;2022;4;163.0;0.0;57.0;0.0;0.0;12.0;0.0;0.0;0.0;0.0;0.0;0.0;0.0;0.0;0.0;0.0;0.0;0.0;0.0;9.0;5.0;36.0;0.0;6.0;32.0;6.0;0.0;0.0;0.0;0.0;0.0;888.0
Solonópole;ACUDE TIGRE;-5.8848333333333;-39.154916666667;2022;5;67.0;6.0;0.0;0.0;4.0;0.0;0.0;0.0;0.0;0.0;0.0;0.0;2.0;0.0;22.0;3.0;0.0;0.0;0.0;0.0;0.0;17.0;0.0;0.0;0.0;0.0;0.0;9.0;4.0;0.0;0.0;0.0
Solonópole;ACUDE TIGRE;-5.8848333333333;-39.154916666667;2022;6;132.0;35.0;0.0;0.0;30.0;19.0;17.0;0.0;0.0;0.0;0.0;23.0;0.0;0.0;0.0;0.0;0.0;0.0;0.0;0.0;0.0;8.0;0.0;0.0;0.0;0.0;0.0;0.0;0.0;0.0;0.0;888.0
Solonópole;ACUDE TIGRE;-5.8848333333333;-39.154916666667;2022;7;18.0;0.0;0.0;0.0;0.0;0.0;0.0;0.0;18.0;0.0;0.0;0.0;0.0;0.0;0.0;0.0;0.0;0.0;0.0;0.0;0.0;0.0;0.0;0.0;0.0;0.0;0.0;0.0;0.0;0.0;0.0;0.0
Solonópole;ACUDE TIGRE;-5.8848333333333;-39.154916666667;2022;8;47.0;0.0;0.0;0.0;35.0;12.0;0.0;0.0;0.0;0.0;0.0;0.0;0.0;0.0;0.0;0.0;0.0;0.0;0.0;0.0;0.0;0.0;0.0;0.0;0.0;0.0;0.0;0.0;0.0;0.0;0.0;0.0
Solonópole;ACUDE TIGRE;-5.8848333333333;-39.154916666667;2022;9;0.0;0.0;0.0;0.0;0.0;0.0;0.0;0.0;0.0;0.0;0.0;0.0;0.0;0.0;0.0;0.0;0.0;0.0;0.0;0.0;0.0;0.0;0.0;0.0;0.0;0.0;0.0;0.0;0.0;0.0;0.0;888.0
Solonópole;ACUDE TIGRE;-5.8848333333333;-39.154916666667;2022;10;0.0;0.0;0.0;0.0;0.0;0.0;0.0;0.0;0.0;0.0;0.0;0.0;0.0;0.0;0.0;0.0;0.0;0.0;0.0;0.0;0.0;0.0;0.0;0.0;0.0;0.0;0.0;0.0;0.0;0.0;0.0;0.0
Solonópole;ACUDE TIGRE;-5.8848333333333;-39.154916666667;2022;11;159.0;0.0;0.0;0.0;0.0;8.0;0.0;65.0;0.0;0.0;0.0;0.0;0.0;0.0;31.0;0.0;0.0;0.0;0.0;0.0;0.0;0.0;0.0;0.0;0.0;0.0;0.0;0.0;0.0;0.0;55.0;888.0
Solonópole;ACUDE TIGRE;-5.8848333333333;-39.154916666667;2022;12;0.0;0.0;0.0;0.0;0.0;0.0;0.0;0.0;0.0;0.0;0.0;0.0;0.0;0.0;0.0;0.0;0.0;0.0;0.0;0.0;0.0;0.0;0.0;0.0;0.0;0.0;0.0;0.0;0.0;0.0;0.0;0.0
Solonópole;ACUDE TIGRE;-5.8848333333333;-39.154916666667;2023;1;57.0;0.0;3.0;0.0;0.0;0.0;0.0;0.0;0.0;0.0;0.0;4.0;0.0;0.0;0.0;0.0;5.0;3.0;2.0;22.0;18.0;0.0;0.0;0.0;0.0;0.0;0.0;0.0;0.0;0.0;0.0;0.0
Solonópole;ACUDE TIGRE;-5.8848333333333;-39.154916666667;2023;2;155.0;7.0;1.0;0.0;0.0;0.0;0.0;0.0;0.0;0.0;0.0;0.0;0.0;0.0;0.0;0.0;0.0;0.0;42.0;0.0;54.0;0.0;0.0;18.0;12.0;0.0;21.0;0.0;0.0;888.0;888.0;888.0
Solonópole;ACUDE TIGRE;-5.8848333333333;-39.154916666667;2023;3;259.0;0.0;0.0;3.0;4.0;0.0;0.0;0.0;0.0;0.0;7.0;0.0;5.0;0.0;15.0;11.0;4.0;0.0;0.0;0.0;39.0;5.0;14.0;0.0;17.0;0.0;0.0;120.0;0.0;0.0;0.0;15.0
Solonópole;ACUDE TIGRE;-5.8848333333333;-39.154916666667;2023;4;119.0;0.0;23.0;4.0;0.0;0.0;6.0;0.0;0.0;50.0;0.0;0.0;0.0;0.0;0.0;0.0;8.0;0.0;0.0;0.0;0.0;0.0;0.0;0.0;0.0;0.0;0.0;10.0;6.0;9.0;3.0;888.0
Solonópole;ACUDE TIGRE;-5.8848333333333;-39.154916666667;2023;5;19.0;0.0;0.0;0.0;0.0;0.0;0.0;7.0;0.0;0.0;0.0;0.0;0.0;0.0;0.0;0.0;12.0;0.0;0.0;0.0;0.0;0.0;0.0;0.0;0.0;0.0;0.0;0.0;0.0;0.0;0.0;0.0
Solonópole;ACUDE TIGRE;-5.8848333333333;-39.154916666667;2023;6;61.0;4.0;0.0;47.0;0.0;0.0;0.0;0.0;0.0;0.0;0.0;0.0;0.0;0.0;0.0;0.0;10.0;0.0;0.0;0.0;0.0;0.0;0.0;0.0;0.0;0.0;0.0;0.0;0.0;0.0;0.0;888.0
Solonópole;ACUDE TIGRE;-5.8848333333333;-39.154916666667;2023;7;85.0;0.0;0.0;0.0;0.0;0.0;0.0;11.0;7.0;53.0;0.0;0.0;0.0;0.0;0.0;0.0;14.0;0.0;0.0;0.0;0.0;0.0;0.0;0.0;0.0;0.0;0.0;0.0;0.0;0.0;0.0;0.0
Solonópole;ACUDE TIGRE;-5.8848333333333;-39.154916666667;2023;8;0.0;0.0;0.0;0.0;0.0;0.0;0.0;0.0;0.0;0.0;0.0;0.0;0.0;0.0;0.0;0.0;0.0;0.0;0.0;0.0;0.0;0.0;0.0;0.0;0.0;0.0;0.0;0.0;0.0;0.0;0.0;0.0
Solonópole;ACUDE TIGRE;-5.8848333333333;-39.154916666667;2023;9;5.0;0.0;0.0;0.0;0.0;0.0;0.0;0.0;0.0;5.0;0.0;0.0;0.0;0.0;0.0;0.0;0.0;0.0;0.0;0.0;0.0;0.0;0.0;0.0;0.0;0.0;0.0;0.0;0.0;0.0;0.0;888.0
Solonópole;ACUDE TIGRE;-5.8848333333333;-39.154916666667;2023;10;0.0;0.0;0.0;0.0;0.0;0.0;0.0;0.0;0.0;0.0;0.0;0.0;0.0;0.0;0.0;0.0;0.0;0.0;0.0;0.0;0.0;0.0;0.0;0.0;0.0;0.0;0.0;0.0;0.0;0.0;0.0;0.0
Solonópole;ACUDE TIGRE;-5.8848333333333;-39.154916666667;2023;11;0.0;0.0;0.0;0.0;0.0;0.0;0.0;0.0;0.0;0.0;0.0;0.0;0.0;0.0;0.0;0.0;0.0;0.0;0.0;0.0;0.0;0.0;0.0;0.0;0.0;0.0;0.0;0.0;0.0;0.0;0.0;888.0
Solonópole;ACUDE TIGRE;-5.8848333333333;-39.154916666667;2023;12;13.0;0.0;0.0;0.0;0.0;0.0;0.0;0.0;0.0;0.0;0.0;0.0;0.0;0.0;0.0;0.0;0.0;0.0;0.0;0.0;9.0;0.0;2.0;0.0;0.0;0.0;0.0;0.0;0.0;0.0;0.0;2.0
Solonópole;ACUDE TIGRE;-5.8848333333333;-39.154916666667;2024;1;58.0;54.0;0.0;0.0;0.0;0.0;0.0;0.0;0.0;0.0;0.0;0.0;4.0;0.0;0.0;0.0;0.0;0.0;0.0;0.0;0.0;0.0;0.0;0.0;0.0;0.0;0.0;0.0;0.0;0.0;0.0;0.0
Solonópole;ACUDE TIGRE;-5.8848333333333;-39.154916666667;2024;2;192.0;0.0;0.0;0.0;0.0;0.0;0.0;0.0;0.0;0.0;10.0;31.0;0.0;0.0;0.0;0.0;22.0;0.0;0.0;20.0;0.0;12.0;6.0;17.0;19.0;0.0;7.0;20.0;16.0;12.0;888.0;888.0
Solonópole;ACUDE TIGRE;-5.8848333333333;-39.154916666667;2024;3;154.0;0.0;0.0;0.0;5.0;15.0;3.0;0.0;3.0;0.0;0.0;0.0;0.0;6.0;0.0;10.0;0.0;0.0;0.0;13.0;0.0;0.0;0.0;0.0;0.0;0.0;0.0;18.0;5.0;0.0;55.0;21.0
Solonópole;ACUDE TIGRE;-5.8848333333333;-39.154916666667;2024;4;99.0;20.0;0.0;0.0;0.0;0.0;0.0;0.0;0.0;0.0;40.0;0.0;0.0;0.0;0.0;0.0;0.0;0.0;0.0;0.0;5.0;1.0;25.0;0.0;0.0;0.0;0.0;0.0;7.0;0.0;1.0;888.0
Solonópole;ACUDE TIGRE;-5.8848333333333;-39.154916666667;2024;5;55.0;0.0;0.0;0.0;3.0;0.0;0.0;0.0;0.0;0.0;15.0;0.0;0.0;0.0;0.0;0.0;8.0;0.0;0.0;2.0;17.0;0.0;0.0;0.0;0.0;0.0;0.0;0.0;0.0;4.0;4.0;2.0
Solonópole;ACUDE TIGRE;-5.8848333333333;-39.154916666667;2024;6;36.0;10.0;0.0;0.0;0.0;24.0;0.0;0.0;2.0;0.0;0.0;0.0;0.0;0.0;0.0;0.0;0.0;0.0;0.0;0.0;0.0;0.0;0.0;0.0;0.0;0.0;0.0;0.0;0.0;0.0;0.0;888.0
Solonópole;ACUDE TIGRE;-5.8848333333333;-39.154916666667;2024;7;34.0;0.0;0.0;0.0;0.0;0.0;1.0;23.0;10.0;0.0;0.0;0.0;0.0;0.0;0.0;0.0;0.0;0.0;0.0;0.0;0.0;0.0;0.0;0.0;0.0;0.0;0.0;0.0;0.0;0.0;0.0;0.0
Solonópole;ACUDE TIGRE;-5.8848333333333;-39.154916666667;2024;8;0.0;0.0;0.0;0.0;0.0;0.0;0.0;0.0;0.0;0.0;0.0;0.0;0.0;0.0;0.0;0.0;0.0;0.0;0.0;0.0;0.0;0.0;0.0;0.0;0.0;0.0;0.0;0.0;0.0;0.0;0.0;0.0
Solonópole;ACUDE TIGRE;-5.8848333333333;-39.154916666667;2024;9;0.0;0.0;0.0;0.0;0.0;0.0;0.0;0.0;0.0;0.0;0.0;0.0;0.0;0.0;0.0;0.0;0.0;0.0;0.0;0.0;0.0;0.0;0.0;0.0;0.0;0.0;0.0;0.0;0.0;0.0;0.0;888.0
Solonópole;ACUDE TIGRE;-5.8848333333333;-39.154916666667;2024;10;0.0;0.0;0.0;0.0;0.0;0.0;0.0;0.0;0.0;0.0;0.0;0.0;0.0;0.0;0.0;0.0;0.0;0.0;0.0;0.0;0.0;0.0;0.0;999.0;999.0;999.0;999.0;999.0;999.0;999.0;999.0;999.0
