Municipios;Postos;Latitude;Longitude;Anos;Meses;Total;Dia1;Dia2;Dia3;Dia4;Dia5;Dia6;Dia7;Dia8;Dia9;Dia10;Dia11;Dia12;Dia13;Dia14;Dia15;Dia16;Dia17;Dia18;Dia19;Dia20;Dia21;Dia22;Dia23;Dia24;Dia25;Dia26;Dia27;Dia28;Dia29;Dia30;Dia31
Quixeramobim;RADAR QUIXERAMOBIM;-5.0693611111111;-39.267222222222;2012;7;1.6;0.0;0.0;0.0;1.6;0.0;0.0;0.0;0.0;0.0;0.0;0.0;0.0;0.0;0.0;0.0;0.0;0.0;0.0;0.0;0.0;0.0;0.0;0.0;0.0;0.0;0.0;0.0;0.0;0.0;0.0;0.0
Quixeramobim;RADAR QUIXERAMOBIM;-5.0693611111111;-39.267222222222;2012;8;1.0;1.0;999.0;999.0;999.0;999.0;999.0;999.0;999.0;999.0;999.0;999.0;999.0;999.0;999.0;999.0;999.0;999.0;999.0;999.0;999.0;999.0;999.0;999.0;999.0;999.0;999.0;999.0;999.0;999.0;999.0;999.0
Quixeramobim;RADAR QUIXERAMOBIM;-5.0693611111111;-39.267222222222;2013;1;6.8;0.0;0.0;0.0;0.0;0.0;0.0;0.0;0.0;0.0;0.0;0.0;0.0;0.0;0.0;5.4;1.4;0.0;0.0;0.0;0.0;0.0;0.0;0.0;0.0;0.0;0.0;0.0;0.0;0.0;0.0;0.0
Quixeramobim;RADAR QUIXERAMOBIM;-5.0693611111111;-39.267222222222;2013;2;57.0;0.0;0.0;0.0;0.0;0.0;0.0;4.8;0.4;0.0;1.0;0.0;0.0;0.0;0.0;16.4;0.0;0.0;23.0;4.2;7.2;0.0;0.0;0.0;0.0;0.0;0.0;0.0;0.0;888.0;888.0;888.0
Quixeramobim;RADAR QUIXERAMOBIM;-5.0693611111111;-39.267222222222;2013;3;63.2;0.0;0.0;0.0;0.0;0.0;0.0;0.0;0.0;0.0;0.0;0.0;0.0;0.0;0.0;0.0;0.0;0.0;0.0;0.0;36.0;2.0;0.0;12.0;6.0;0.0;0.0;2.0;0.0;5.2;0.0;0.0
Quixeramobim;RADAR QUIXERAMOBIM;-5.0693611111111;-39.267222222222;2013;4;143.3;0.0;0.0;0.0;9.0;0.0;0.0;0.0;0.0;13.4;0.0;0.0;0.0;0.0;0.0;0.0;0.0;0.0;2.0;1.2;46.0;0.0;0.0;19.0;15.0;2.4;16.0;0.0;0.0;0.0;19.3;888.0
Quixeramobim;RADAR QUIXERAMOBIM;-5.0693611111111;-39.267222222222;2013;5;111.0;0.0;8.4;0.0;0.0;0.0;0.0;0.0;0.0;0.0;21.0;0.0;0.0;0.0;0.0;56.0;0.0;0.0;0.0;6.2;0.0;0.0;0.0;0.0;0.0;19.4;0.0;0.0;0.0;0.0;0.0;0.0
Quixeramobim;RADAR QUIXERAMOBIM;-5.0693611111111;-39.267222222222;2013;6;85.8;0.0;0.0;0.0;0.0;0.0;5.0;0.0;0.0;0.0;0.0;0.0;0.0;0.0;45.0;0.8;0.0;0.0;0.0;0.0;0.0;0.0;32.0;3.0;0.0;0.0;0.0;0.0;999.0;999.0;999.0;888.0
Quixeramobim;RADAR QUIXERAMOBIM;-5.0693611111111;-39.267222222222;2013;7;125.2;0.0;0.0;0.0;17.2;2.8;10.6;0.0;0.0;0.0;0.0;0.0;7.2;0.0;0.0;76.0;0.0;0.0;0.0;11.4;999.0;999.0;999.0;999.0;999.0;999.0;999.0;999.0;999.0;999.0;999.0;999.0
Quixeramobim;RADAR QUIXERAMOBIM;-5.0693611111111;-39.267222222222;2013;11;55.0;0.0;0.0;0.0;55.0;0.0;0.0;0.0;999.0;999.0;999.0;999.0;999.0;999.0;999.0;999.0;999.0;999.0;999.0;999.0;999.0;999.0;999.0;999.0;999.0;999.0;999.0;999.0;999.0;999.0;999.0;888.0
Quixeramobim;RADAR QUIXERAMOBIM;-5.0693611111111;-39.267222222222;2014;1;21.4;0.0;0.0;0.0;0.0;0.0;0.0;0.0;0.0;0.0;0.0;0.0;0.0;0.0;0.0;0.0;0.0;0.0;0.0;0.0;0.0;0.0;0.0;0.0;0.0;0.0;0.0;0.0;0.0;0.0;9.2;12.2
Quixeramobim;RADAR QUIXERAMOBIM;-5.0693611111111;-39.267222222222;2014;2;80.0;0.0;0.0;0.0;0.0;20.0;0.0;0.0;0.0;0.0;0.0;0.0;0.0;0.0;5.0;0.0;0.0;25.0;0.0;11.0;6.4;12.6;0.0;0.0;0.0;0.0;0.0;0.0;0.0;888.0;888.0;888.0
Quixeramobim;RADAR QUIXERAMOBIM;-5.0693611111111;-39.267222222222;2014;3;261.3;0.0;0.0;0.0;0.0;0.0;0.0;0.0;0.0;19.2;0.0;4.6;2.0;30.2;85.2;21.0;21.4;17.4;4.4;24.0;0.4;2.0;0.0;0.0;0.0;0.0;0.0;0.0;0.0;0.0;24.3;5.2
Quixeramobim;RADAR QUIXERAMOBIM;-5.0693611111111;-39.267222222222;2014;4;71.4;0.0;0.0;0.0;0.0;2.4;15.0;13.4;13.0;2.8;8.6;1.0;0.0;1.4;0.0;0.0;0.0;1.0;0.0;0.0;0.0;0.0;0.0;0.0;0.0;0.0;0.0;0.8;0.0;12.0;0.0;888.0
Quixeramobim;RADAR QUIXERAMOBIM;-5.0693611111111;-39.267222222222;2014;5;116.4;18.2;20.4;0.0;0.0;0.4;15.8;0.0;0.0;0.0;0.0;0.0;0.0;0.0;0.0;19.0;0.0;0.0;0.0;0.0;0.0;0.0;0.0;2.4;0.0;0.0;0.0;0.0;0.0;9.2;31.0;0.0
Quixeramobim;RADAR QUIXERAMOBIM;-5.0693611111111;-39.267222222222;2014;6;11.0;0.0;0.0;0.0;0.0;0.0;0.0;0.0;0.0;0.0;0.0;0.0;0.0;0.0;0.0;0.0;0.0;0.0;0.0;0.0;0.0;0.0;0.0;0.0;0.0;6.0;0.0;5.0;0.0;0.0;0.0;888.0
Quixeramobim;RADAR QUIXERAMOBIM;-5.0693611111111;-39.267222222222;2014;7;7.6;0.0;0.0;0.0;0.0;0.0;0.0;0.0;0.0;0.0;0.0;0.0;0.0;0.0;0.0;0.0;0.0;0.0;0.0;0.0;0.0;0.0;0.0;0.0;0.0;0.0;0.0;0.0;0.0;7.6;0.0;0.0
Quixeramobim;RADAR QUIXERAMOBIM;-5.0693611111111;-39.267222222222;2014;8;4.0;0.0;0.0;0.0;0.0;0.0;0.0;0.0;4.0;0.0;0.0;0.0;0.0;0.0;0.0;0.0;0.0;0.0;0.0;0.0;0.0;0.0;0.0;0.0;0.0;0.0;0.0;0.0;0.0;0.0;0.0;0.0
Quixeramobim;RADAR QUIXERAMOBIM;-5.0693611111111;-39.267222222222;2014;9;1.0;0.0;0.0;0.0;0.0;0.0;0.0;0.0;0.0;1.0;0.0;0.0;0.0;0.0;0.0;0.0;0.0;0.0;0.0;0.0;0.0;0.0;0.0;0.0;0.0;0.0;0.0;0.0;0.0;0.0;0.0;888.0
Quixeramobim;RADAR QUIXERAMOBIM;-5.0693611111111;-39.267222222222;2014;10;6.2;1.0;4.0;0.0;0.0;0.0;0.0;0.0;1.2;0.0;0.0;0.0;0.0;0.0;0.0;0.0;0.0;0.0;0.0;0.0;0.0;0.0;0.0;0.0;0.0;0.0;0.0;0.0;0.0;0.0;0.0;0.0
Quixeramobim;RADAR QUIXERAMOBIM;-5.0693611111111;-39.267222222222;2014;11;18.7;0.0;0.0;0.0;0.0;0.0;0.0;0.0;0.0;0.0;0.0;0.0;0.0;0.0;0.0;0.0;0.0;0.0;3.5;10.2;5.0;0.0;0.0;0.0;0.0;0.0;0.0;0.0;0.0;0.0;0.0;888.0
Quixeramobim;RADAR QUIXERAMOBIM;-5.0693611111111;-39.267222222222;2014;12;0.6;0.0;0.0;0.0;0.0;0.0;0.0;0.0;0.0;0.0;0.0;0.0;0.0;0.0;0.0;0.0;0.0;0.0;0.0;0.0;0.0;0.0;0.0;0.0;0.0;0.0;0.0;0.0;0.0;0.6;0.0;0.0
Quixeramobim;RADAR QUIXERAMOBIM;-5.0693611111111;-39.267222222222;2015;1;13.0;0.0;0.0;0.0;0.0;13.0;0.0;0.0;0.0;0.0;0.0;0.0;0.0;0.0;0.0;0.0;0.0;0.0;0.0;0.0;0.0;0.0;0.0;0.0;0.0;0.0;0.0;0.0;0.0;0.0;0.0;0.0
Quixeramobim;RADAR QUIXERAMOBIM;-5.0693611111111;-39.267222222222;2015;2;84.0;0.0;0.0;0.6;0.0;34.0;0.0;0.0;0.0;0.0;0.0;0.0;0.0;0.0;0.0;0.0;0.0;0.0;0.0;0.0;5.0;0.0;24.6;13.6;2.0;0.0;4.2;0.0;0.0;888.0;888.0;888.0
Quixeramobim;RADAR QUIXERAMOBIM;-5.0693611111111;-39.267222222222;2015;3;140.0;0.0;18.6;7.0;0.0;0.0;2.4;0.0;0.0;5.2;4.0;0.0;0.0;0.0;0.0;0.0;0.0;0.0;0.0;0.0;0.0;0.0;38.8;24.2;3.0;2.0;0.0;13.0;0.0;1.8;10.0;10.0
Quixeramobim;RADAR QUIXERAMOBIM;-5.0693611111111;-39.267222222222;2015;4;72.8;0.0;0.0;31.2;0.0;6.0;0.0;0.0;0.0;0.0;0.0;0.0;0.0;8.0;0.0;0.0;0.0;0.0;0.0;0.0;0.0;0.0;0.0;0.0;0.0;26.2;0.0;0.0;1.4;0.0;0.0;888.0
Quixeramobim;RADAR QUIXERAMOBIM;-5.0693611111111;-39.267222222222;2015;5;28.2;0.0;0.0;0.0;0.0;9.0;0.0;0.0;0.0;0.0;0.0;0.0;0.0;0.0;0.0;0.0;0.0;0.0;0.0;0.0;0.0;0.0;3.2;0.0;0.0;0.0;0.0;0.0;0.0;0.0;0.0;16.0
Quixeramobim;RADAR QUIXERAMOBIM;-5.0693611111111;-39.267222222222;2015;6;32.4;0.0;0.0;0.0;0.0;0.0;0.0;1.0;3.0;0.0;0.0;0.0;0.0;0.0;0.0;0.0;0.0;0.0;0.0;0.0;0.0;0.0;0.0;1.2;2.8;0.0;11.0;0.0;0.0;1.4;12.0;888.0
Quixeramobim;RADAR QUIXERAMOBIM;-5.0693611111111;-39.267222222222;2015;7;17.0;0.0;0.0;8.4;0.0;0.0;0.0;0.0;0.0;0.0;0.0;0.0;0.0;0.0;0.0;0.0;1.0;7.6;0.0;0.0;0.0;0.0;0.0;0.0;0.0;0.0;0.0;0.0;0.0;0.0;0.0;0.0
Quixeramobim;RADAR QUIXERAMOBIM;-5.0693611111111;-39.267222222222;2015;8;0.0;0.0;0.0;0.0;0.0;0.0;0.0;0.0;0.0;0.0;0.0;0.0;0.0;0.0;0.0;0.0;0.0;0.0;0.0;0.0;0.0;0.0;0.0;0.0;0.0;0.0;0.0;0.0;0.0;0.0;0.0;0.0
Quixeramobim;RADAR QUIXERAMOBIM;-5.0693611111111;-39.267222222222;2015;9;0.0;0.0;0.0;0.0;0.0;0.0;0.0;0.0;0.0;0.0;0.0;0.0;0.0;0.0;0.0;0.0;0.0;0.0;0.0;0.0;0.0;0.0;0.0;0.0;0.0;0.0;0.0;0.0;0.0;0.0;0.0;888.0
Quixeramobim;RADAR QUIXERAMOBIM;-5.0693611111111;-39.267222222222;2015;10;0.4;0.0;0.0;0.0;0.0;0.0;0.0;0.4;0.0;0.0;0.0;0.0;0.0;0.0;0.0;0.0;0.0;0.0;0.0;0.0;0.0;0.0;0.0;0.0;0.0;0.0;0.0;0.0;0.0;0.0;0.0;0.0
Quixeramobim;RADAR QUIXERAMOBIM;-5.0693611111111;-39.267222222222;2015;11;0.0;0.0;0.0;0.0;0.0;0.0;0.0;0.0;0.0;0.0;0.0;0.0;0.0;0.0;0.0;0.0;0.0;0.0;0.0;0.0;0.0;0.0;0.0;0.0;0.0;0.0;0.0;0.0;0.0;0.0;0.0;888.0
Quixeramobim;RADAR QUIXERAMOBIM;-5.0693611111111;-39.267222222222;2015;12;18.4;0.0;0.0;0.0;0.0;0.0;0.0;0.0;0.0;0.0;0.0;0.0;0.0;0.0;0.0;0.0;0.0;0.0;13.4;0.0;0.0;0.0;0.0;0.0;0.0;0.0;0.0;0.0;0.0;5.0;0.0;0.0
Quixeramobim;RADAR QUIXERAMOBIM;-5.0693611111111;-39.267222222222;2016;1;97.8;0.0;0.0;0.0;0.0;0.0;0.0;0.0;0.0;11.2;0.0;2.2;0.0;0.0;0.0;0.0;0.0;0.0;0.2;24.6;0.0;9.0;14.0;24.6;7.6;1.0;3.4;0.0;0.0;0.0;0.0;0.0
Quixeramobim;RADAR QUIXERAMOBIM;-5.0693611111111;-39.267222222222;2016;2;66.8;18.0;14.0;10.2;0.0;2.4;0.0;0.0;0.0;0.0;4.8;1.4;0.0;0.0;0.0;0.0;0.0;0.0;0.0;0.0;1.0;0.0;15.0;0.0;0.0;0.0;0.0;0.0;0.0;0.0;888.0;888.0
Quixeramobim;RADAR QUIXERAMOBIM;-5.0693611111111;-39.267222222222;2016;3;59.6;0.0;0.0;0.0;0.0;0.0;0.0;0.0;0.0;19.0;0.0;0.0;0.0;0.0;0.0;0.0;0.0;0.0;8.4;0.0;0.0;0.0;0.0;0.0;0.0;0.0;0.0;0.0;5.0;0.0;16.0;11.2
Quixeramobim;RADAR QUIXERAMOBIM;-5.0693611111111;-39.267222222222;2016;4;168.8;0.0;13.4;35.0;0.0;1.2;7.2;0.0;12.0;0.0;9.2;1.0;58.0;0.0;0.0;10.2;6.0;0.0;1.6;14.0;0.0;0.0;0.0;0.0;0.0;0.0;0.0;0.0;0.0;0.0;0.0;888.0
Quixeramobim;RADAR QUIXERAMOBIM;-5.0693611111111;-39.267222222222;2016;5;108.8;0.0;0.0;79.0;0.0;0.0;0.0;0.0;0.0;0.0;0.0;0.0;6.8;0.0;0.0;0.0;0.0;0.0;0.0;0.0;0.0;0.0;0.0;0.0;0.0;0.0;22.0;0.0;0.0;0.0;0.0;1.0
Quixeramobim;RADAR QUIXERAMOBIM;-5.0693611111111;-39.267222222222;2016;6;18.4;0.0;0.0;0.0;6.0;0.0;0.0;5.8;0.0;0.0;0.0;0.0;0.0;0.0;0.0;0.0;0.0;0.0;0.0;0.0;0.0;0.0;0.0;1.4;5.2;0.0;0.0;0.0;0.0;0.0;0.0;888.0
Quixeramobim;RADAR QUIXERAMOBIM;-5.0693611111111;-39.267222222222;2016;7;0.0;0.0;0.0;0.0;0.0;0.0;0.0;0.0;0.0;0.0;0.0;0.0;0.0;0.0;0.0;0.0;0.0;0.0;0.0;0.0;0.0;0.0;0.0;0.0;0.0;0.0;0.0;0.0;0.0;0.0;0.0;0.0
Quixeramobim;RADAR QUIXERAMOBIM;-5.0693611111111;-39.267222222222;2016;8;0.0;0.0;0.0;0.0;0.0;0.0;0.0;0.0;0.0;0.0;0.0;0.0;0.0;0.0;0.0;0.0;0.0;0.0;0.0;0.0;0.0;0.0;0.0;0.0;0.0;0.0;0.0;0.0;0.0;0.0;0.0;0.0
Quixeramobim;RADAR QUIXERAMOBIM;-5.0693611111111;-39.267222222222;2016;9;0.0;0.0;0.0;0.0;0.0;0.0;0.0;0.0;0.0;0.0;0.0;0.0;0.0;0.0;0.0;0.0;0.0;0.0;0.0;0.0;0.0;0.0;0.0;0.0;0.0;0.0;0.0;0.0;0.0;0.0;0.0;888.0
Quixeramobim;RADAR QUIXERAMOBIM;-5.0693611111111;-39.267222222222;2016;10;0.0;0.0;0.0;0.0;0.0;0.0;0.0;0.0;0.0;0.0;0.0;0.0;0.0;0.0;0.0;0.0;0.0;0.0;0.0;0.0;0.0;0.0;0.0;0.0;0.0;0.0;0.0;0.0;0.0;0.0;0.0;0.0
Quixeramobim;RADAR QUIXERAMOBIM;-5.0693611111111;-39.267222222222;2016;11;0.0;0.0;0.0;0.0;0.0;0.0;0.0;0.0;0.0;0.0;0.0;0.0;0.0;0.0;0.0;0.0;0.0;0.0;0.0;0.0;0.0;0.0;0.0;0.0;0.0;0.0;0.0;0.0;0.0;0.0;0.0;888.0
Quixeramobim;RADAR QUIXERAMOBIM;-5.0693611111111;-39.267222222222;2016;12;15.5;0.0;0.0;0.0;0.0;0.0;0.0;0.0;0.0;0.0;0.0;0.0;0.0;0.0;4.5;0.0;1.2;0.0;7.6;0.0;0.0;0.0;0.0;2.2;0.0;0.0;0.0;0.0;0.0;0.0;0.0;0.0
Quixeramobim;RADAR QUIXERAMOBIM;-5.0693611111111;-39.267222222222;2017;1;12.4;0.0;0.0;0.0;2.0;0.0;0.0;0.0;0.0;0.0;0.0;0.0;0.0;0.0;0.0;0.0;0.0;0.0;0.0;0.0;8.0;0.0;0.0;0.0;0.0;0.0;0.0;0.0;2.4;0.0;0.0;0.0
Quixeramobim;RADAR QUIXERAMOBIM;-5.0693611111111;-39.267222222222;2017;2;184.8;20.0;0.0;0.0;0.0;0.0;0.0;0.0;0.0;0.0;0.0;30.0;0.0;0.0;0.0;31.0;0.0;0.0;25.6;0.0;45.2;33.0;0.0;0.0;0.0;0.0;0.0;0.0;0.0;888.0;888.0;888.0
Quixeramobim;RADAR QUIXERAMOBIM;-5.0693611111111;-39.267222222222;2017;3;193.8;6.0;15.0;19.0;0.0;0.0;0.0;0.0;0.0;0.0;15.4;0.0;2.4;0.0;5.0;20.0;0.0;9.6;1.8;0.0;0.0;0.0;0.0;10.0;50.2;0.0;0.0;0.0;0.0;0.0;0.0;39.4
Quixeramobim;RADAR QUIXERAMOBIM;-5.0693611111111;-39.267222222222;2017;4;63.8;2.6;5.0;2.6;0.0;0.0;0.0;0.0;0.0;2.6;0.0;0.0;0.0;8.8;0.0;8.0;0.0;0.0;0.0;5.0;0.0;0.0;0.0;8.0;0.0;0.0;0.0;0.0;4.0;17.2;0.0;888.0
Quixeramobim;RADAR QUIXERAMOBIM;-5.0693611111111;-39.267222222222;2017;5;130.0;11.0;0.0;29.4;57.0;0.0;0.0;0.0;0.0;0.0;0.0;0.0;0.0;0.0;0.0;0.0;0.0;0.0;0.0;13.0;0.0;0.0;0.0;0.0;0.0;0.0;0.0;0.0;0.0;19.6;0.0;0.0
Quixeramobim;RADAR QUIXERAMOBIM;-5.0693611111111;-39.267222222222;2017;6;32.2;5.0;0.0;0.0;0.0;0.0;0.0;0.0;0.0;0.0;0.0;0.0;0.0;0.0;0.0;0.0;5.8;0.0;0.0;0.0;3.0;0.0;0.0;0.0;18.4;0.0;0.0;0.0;0.0;0.0;0.0;888.0
Quixeramobim;RADAR QUIXERAMOBIM;-5.0693611111111;-39.267222222222;2017;7;98.4;17.1;44.1;0.0;0.0;0.0;0.0;0.0;0.0;0.0;0.0;0.0;0.0;0.0;0.0;0.0;0.0;0.0;0.0;0.0;0.0;1.8;0.0;0.0;21.4;0.0;0.0;0.0;0.0;14.0;0.0;0.0
Quixeramobim;RADAR QUIXERAMOBIM;-5.0693611111111;-39.267222222222;2017;8;0.0;0.0;0.0;0.0;0.0;0.0;0.0;0.0;0.0;0.0;0.0;0.0;0.0;0.0;0.0;0.0;0.0;0.0;0.0;0.0;0.0;0.0;0.0;0.0;0.0;0.0;0.0;0.0;0.0;0.0;0.0;0.0
Quixeramobim;RADAR QUIXERAMOBIM;-5.0693611111111;-39.267222222222;2017;9;0.0;0.0;0.0;0.0;0.0;0.0;0.0;0.0;0.0;0.0;0.0;0.0;0.0;0.0;0.0;0.0;0.0;0.0;0.0;0.0;0.0;0.0;0.0;0.0;0.0;0.0;0.0;0.0;0.0;0.0;0.0;888.0
Quixeramobim;RADAR QUIXERAMOBIM;-5.0693611111111;-39.267222222222;2017;10;0.0;0.0;0.0;0.0;0.0;0.0;0.0;0.0;0.0;0.0;0.0;0.0;0.0;0.0;0.0;0.0;0.0;0.0;0.0;0.0;0.0;0.0;0.0;0.0;0.0;0.0;0.0;0.0;0.0;0.0;0.0;0.0
Quixeramobim;RADAR QUIXERAMOBIM;-5.0693611111111;-39.267222222222;2017;11;2.0;0.0;0.0;0.0;0.0;0.0;0.0;0.0;0.0;0.0;0.0;0.0;0.0;0.0;0.0;0.0;0.0;0.0;0.0;0.0;0.0;0.0;0.0;0.0;2.0;0.0;0.0;0.0;0.0;0.0;0.0;888.0
Quixeramobim;RADAR QUIXERAMOBIM;-5.0693611111111;-39.267222222222;2017;12;4.0;1.0;0.0;0.0;0.0;0.0;0.0;0.0;0.0;0.0;0.0;0.0;0.0;0.0;0.0;0.0;0.0;0.0;0.0;0.0;0.0;0.0;0.0;0.0;0.0;0.0;3.0;0.0;0.0;0.0;0.0;0.0
Quixeramobim;RADAR QUIXERAMOBIM;-5.0693611111111;-39.267222222222;2018;1;118.2;0.0;0.0;0.0;0.0;0.0;0.0;0.0;0.0;0.0;0.0;0.0;0.0;0.0;0.0;0.0;0.0;0.0;0.0;0.0;0.0;18.8;0.0;0.0;10.0;16.0;0.0;0.0;71.8;1.6;0.0;0.0
Quixeramobim;RADAR QUIXERAMOBIM;-5.0693611111111;-39.267222222222;2018;2;38.6;0.0;0.0;0.0;0.0;0.0;0.0;5.8;2.4;3.4;0.0;0.0;0.0;3.4;7.4;8.6;0.0;2.2;2.6;0.0;0.0;0.8;0.0;0.0;0.0;2.0;0.0;0.0;0.0;888.0;888.0;888.0
Quixeramobim;RADAR QUIXERAMOBIM;-5.0693611111111;-39.267222222222;2018;3;59.2;0.0;0.0;0.0;3.0;0.0;0.0;0.0;0.0;0.0;0.0;0.0;0.0;0.0;0.0;0.0;0.0;0.0;0.0;0.0;0.0;0.0;18.2;4.2;0.0;0.0;0.0;0.0;0.0;5.8;28.0;0.0
Quixeramobim;RADAR QUIXERAMOBIM;-5.0693611111111;-39.267222222222;2018;4;263.7;0.0;13.8;28.0;3.6;0.0;0.0;0.0;34.2;0.0;16.2;5.8;11.8;51.5;6.0;0.0;12.8;51.0;4.0;0.0;0.0;2.2;0.0;11.2;0.0;0.0;0.0;1.2;0.6;0.0;9.8;888.0
Quixeramobim;RADAR QUIXERAMOBIM;-5.0693611111111;-39.267222222222;2018;5;157.4;17.0;11.8;0.0;0.0;0.0;0.2;0.0;0.0;0.0;16.6;0.0;8.0;2.0;0.0;0.0;49.6;0.0;21.0;0.0;22.2;0.0;0.0;0.0;0.0;0.0;0.4;0.0;0.0;8.6;0.0;0.0
Quixeramobim;RADAR QUIXERAMOBIM;-5.0693611111111;-39.267222222222;2018;6;16.2;0.0;0.0;0.0;0.0;11.2;0.0;0.0;0.0;5.0;0.0;0.0;0.0;0.0;0.0;0.0;0.0;0.0;0.0;0.0;0.0;0.0;0.0;0.0;0.0;0.0;0.0;0.0;0.0;0.0;0.0;888.0
Quixeramobim;RADAR QUIXERAMOBIM;-5.0693611111111;-39.267222222222;2018;7;5.4;0.0;0.0;0.0;0.0;0.0;0.0;0.0;5.4;0.0;0.0;0.0;0.0;0.0;0.0;0.0;0.0;0.0;0.0;0.0;0.0;0.0;0.0;0.0;0.0;0.0;0.0;0.0;0.0;0.0;0.0;0.0
Quixeramobim;RADAR QUIXERAMOBIM;-5.0693611111111;-39.267222222222;2018;8;0.0;0.0;0.0;0.0;0.0;0.0;0.0;0.0;0.0;0.0;0.0;0.0;0.0;0.0;0.0;0.0;0.0;0.0;0.0;0.0;0.0;0.0;0.0;0.0;0.0;0.0;0.0;0.0;0.0;0.0;0.0;0.0
Quixeramobim;RADAR QUIXERAMOBIM;-5.0693611111111;-39.267222222222;2018;9;0.0;0.0;0.0;0.0;0.0;0.0;0.0;0.0;0.0;0.0;0.0;0.0;0.0;0.0;0.0;0.0;0.0;0.0;0.0;0.0;0.0;0.0;0.0;0.0;0.0;0.0;0.0;0.0;0.0;0.0;0.0;888.0
Quixeramobim;RADAR QUIXERAMOBIM;-5.0693611111111;-39.267222222222;2018;10;14.0;0.0;0.0;0.0;3.4;0.0;1.8;0.0;0.0;0.0;0.0;0.0;0.0;0.0;0.0;0.0;0.0;0.0;8.8;0.0;0.0;0.0;0.0;0.0;0.0;0.0;0.0;0.0;0.0;0.0;0.0;0.0
Quixeramobim;RADAR QUIXERAMOBIM;-5.0693611111111;-39.267222222222;2018;11;4.0;0.0;0.0;0.0;0.0;0.0;0.0;4.0;0.0;0.0;0.0;0.0;0.0;0.0;0.0;0.0;0.0;0.0;0.0;0.0;0.0;0.0;0.0;0.0;0.0;0.0;0.0;0.0;0.0;0.0;0.0;888.0
Quixeramobim;RADAR QUIXERAMOBIM;-5.0693611111111;-39.267222222222;2018;12;13.2;0.0;1.2;0.0;0.0;0.0;0.0;0.0;0.0;0.0;8.0;0.0;0.0;0.0;0.0;0.0;0.0;0.0;4.0;0.0;0.0;0.0;0.0;0.0;0.0;0.0;0.0;0.0;0.0;0.0;0.0;0.0
Quixeramobim;RADAR QUIXERAMOBIM;-5.0693611111111;-39.267222222222;2019;1;159.2;0.0;0.0;0.0;0.0;0.0;0.0;0.0;0.0;0.0;39.4;0.0;0.0;0.0;12.2;30.8;0.0;1.8;63.0;2.4;0.0;0.0;0.0;0.0;0.0;0.0;0.0;8.0;0.0;1.6;0.0;0.0
Quixeramobim;RADAR QUIXERAMOBIM;-5.0693611111111;-39.267222222222;2019;2;130.1;0.0;0.0;0.0;0.0;0.0;21.2;12.3;1.8;0.0;0.0;0.0;0.0;0.0;29.4;0.0;0.0;2.4;17.2;0.0;0.0;0.0;10.0;0.0;21.6;0.0;11.2;3.0;0.0;888.0;888.0;888.0
Quixeramobim;RADAR QUIXERAMOBIM;-5.0693611111111;-39.267222222222;2019;3;95.5;0.0;0.0;16.4;0.0;2.8;9.0;0.0;0.0;0.0;7.0;0.0;0.0;6.2;4.0;0.9;0.0;0.0;0.0;10.8;0.0;0.0;0.0;0.0;12.2;0.0;0.0;0.0;9.2;4.0;11.8;1.2
Quixeramobim;RADAR QUIXERAMOBIM;-5.0693611111111;-39.267222222222;2019;4;191.4;54.8;10.6;0.0;3.0;23.6;22.6;11.2;0.0;0.0;0.0;0.0;7.4;13.0;0.0;0.0;0.0;0.0;0.0;0.0;0.0;5.6;0.0;0.0;0.0;5.6;0.0;0.0;0.0;0.0;34.0;888.0
Quixeramobim;RADAR QUIXERAMOBIM;-5.0693611111111;-39.267222222222;2019;5;76.6;2.6;4.0;0.0;0.0;0.0;0.0;0.0;0.0;0.0;0.0;0.0;0.0;0.0;0.0;0.0;0.0;0.0;14.4;0.0;4.0;0.0;50.2;0.0;0.0;0.0;0.0;0.0;0.0;0.0;0.0;1.4
Quixeramobim;RADAR QUIXERAMOBIM;-5.0693611111111;-39.267222222222;2019;6;7.0;0.0;0.0;0.0;0.0;0.0;0.0;0.0;0.0;0.0;0.0;0.0;0.0;0.0;0.0;0.0;0.0;2.4;0.0;4.6;0.0;0.0;0.0;0.0;0.0;0.0;0.0;0.0;0.0;0.0;0.0;888.0
Quixeramobim;RADAR QUIXERAMOBIM;-5.0693611111111;-39.267222222222;2019;7;98.9;0.0;2.8;0.0;12.8;0.0;0.0;0.0;0.0;0.0;0.0;4.6;0.0;0.0;0.0;0.0;0.0;0.0;0.0;0.0;0.0;22.1;0.0;31.0;21.6;4.0;0.0;0.0;0.0;0.0;0.0;0.0
Quixeramobim;RADAR QUIXERAMOBIM;-5.0693611111111;-39.267222222222;2019;8;0.9;0.0;0.0;0.0;0.0;0.0;0.0;0.9;0.0;0.0;0.0;0.0;0.0;0.0;0.0;0.0;0.0;0.0;0.0;0.0;0.0;0.0;0.0;0.0;0.0;0.0;0.0;0.0;0.0;0.0;0.0;0.0
Quixeramobim;RADAR QUIXERAMOBIM;-5.0693611111111;-39.267222222222;2019;9;0.0;0.0;0.0;0.0;0.0;0.0;0.0;0.0;0.0;0.0;0.0;0.0;0.0;0.0;0.0;0.0;0.0;0.0;0.0;0.0;0.0;0.0;0.0;0.0;0.0;0.0;0.0;0.0;0.0;0.0;0.0;888.0
Quixeramobim;RADAR QUIXERAMOBIM;-5.0693611111111;-39.267222222222;2019;10;2.4;0.0;0.0;0.0;0.0;0.0;0.0;0.0;0.0;0.0;0.0;0.0;0.0;0.0;0.0;0.0;0.0;0.0;0.0;0.0;0.0;0.0;2.4;0.0;0.0;0.0;0.0;0.0;0.0;0.0;0.0;0.0
Quixeramobim;RADAR QUIXERAMOBIM;-5.0693611111111;-39.267222222222;2019;11;0.0;0.0;0.0;0.0;0.0;0.0;0.0;0.0;0.0;0.0;0.0;0.0;0.0;0.0;0.0;0.0;0.0;0.0;0.0;0.0;0.0;0.0;0.0;0.0;0.0;0.0;0.0;0.0;0.0;0.0;0.0;888.0
Quixeramobim;RADAR QUIXERAMOBIM;-5.0693611111111;-39.267222222222;2019;12;0.0;0.0;0.0;0.0;0.0;0.0;0.0;0.0;0.0;0.0;0.0;0.0;0.0;0.0;0.0;0.0;0.0;0.0;0.0;0.0;0.0;0.0;0.0;0.0;0.0;0.0;0.0;0.0;0.0;0.0;0.0;0.0
Quixeramobim;RADAR QUIXERAMOBIM;-5.0693611111111;-39.267222222222;2020;1;84.7;0.0;1.8;0.0;0.0;0.0;0.0;3.0;2.8;0.0;20.0;0.0;5.1;0.0;0.0;9.2;0.0;0.0;0.0;0.0;0.0;0.0;0.0;0.0;0.0;0.0;0.0;0.0;28.8;0.0;0.0;14.0
Quixeramobim;RADAR QUIXERAMOBIM;-5.0693611111111;-39.267222222222;2020;2;149.8;6.0;11.0;0.0;0.0;12.2;0.0;0.0;0.0;0.0;0.0;0.0;0.0;0.0;0.0;0.0;22.6;1.0;19.0;45.6;5.4;0.0;0.0;0.0;0.0;7.4;0.0;0.0;15.0;4.6;888.0;888.0
Quixeramobim;RADAR QUIXERAMOBIM;-5.0693611111111;-39.267222222222;2020;3;223.0;0.0;0.0;0.0;7.6;18.6;0.0;1.8;35.8;0.0;0.0;1.6;0.0;2.8;12.8;37.8;2.0;17.0;0.0;0.0;36.8;0.0;0.0;0.0;0.0;37.0;2.0;0.0;1.8;0.0;0.0;7.6
Quixeramobim;RADAR QUIXERAMOBIM;-5.0693611111111;-39.267222222222;2020;4;116.4;4.4;0.0;0.0;10.0;0.0;5.6;0.0;0.0;0.0;0.0;0.0;0.0;4.0;0.0;0.0;5.6;2.0;0.0;0.0;0.0;0.0;14.6;0.0;34.6;30.0;0.0;5.6;0.0;0.0;0.0;888.0
Quixeramobim;RADAR QUIXERAMOBIM;-5.0693611111111;-39.267222222222;2020;5;87.8;0.0;0.0;3.0;0.0;0.0;0.0;0.0;0.0;0.0;4.6;0.0;0.0;0.0;0.0;0.0;0.0;0.0;11.4;16.0;6.0;0.0;17.0;0.0;0.0;10.0;0.0;0.0;0.0;19.8;0.0;0.0
Quixeramobim;RADAR QUIXERAMOBIM;-5.0693611111111;-39.267222222222;2020;6;66.6;0.0;0.0;0.0;25.6;0.0;0.0;27.0;0.0;0.0;0.0;0.0;0.0;0.0;0.0;0.0;0.0;0.0;14.0;0.0;0.0;0.0;0.0;0.0;0.0;0.0;0.0;0.0;0.0;0.0;0.0;888.0
Quixeramobim;RADAR QUIXERAMOBIM;-5.0693611111111;-39.267222222222;2020;7;98.0;0.0;0.0;0.0;0.0;0.0;0.0;56.0;0.0;0.0;0.0;6.6;0.0;0.0;0.0;0.0;0.0;0.0;0.0;0.0;5.0;18.4;0.0;0.0;0.0;0.0;0.0;0.0;0.0;0.0;12.0;0.0
Quixeramobim;RADAR QUIXERAMOBIM;-5.0693611111111;-39.267222222222;2020;8;0.0;0.0;0.0;0.0;0.0;0.0;0.0;0.0;0.0;0.0;0.0;0.0;0.0;0.0;0.0;0.0;0.0;0.0;0.0;0.0;0.0;0.0;0.0;0.0;0.0;0.0;0.0;0.0;0.0;0.0;0.0;0.0
Quixeramobim;RADAR QUIXERAMOBIM;-5.0693611111111;-39.267222222222;2020;9;0.0;0.0;0.0;0.0;0.0;0.0;0.0;0.0;0.0;0.0;0.0;0.0;0.0;0.0;0.0;0.0;0.0;0.0;0.0;0.0;0.0;0.0;0.0;0.0;0.0;0.0;0.0;0.0;0.0;0.0;0.0;888.0
Quixeramobim;RADAR QUIXERAMOBIM;-5.0693611111111;-39.267222222222;2020;10;0.0;0.0;0.0;0.0;0.0;0.0;0.0;0.0;0.0;0.0;0.0;0.0;0.0;0.0;0.0;0.0;0.0;0.0;0.0;0.0;0.0;0.0;0.0;0.0;0.0;0.0;0.0;0.0;0.0;0.0;0.0;0.0
Quixeramobim;RADAR QUIXERAMOBIM;-5.0693611111111;-39.267222222222;2020;11;20.0;0.0;0.0;0.0;0.0;0.0;0.0;0.0;0.0;0.0;20.0;0.0;0.0;0.0;0.0;0.0;0.0;0.0;0.0;0.0;0.0;0.0;0.0;0.0;0.0;0.0;0.0;0.0;0.0;0.0;0.0;888.0
Quixeramobim;RADAR QUIXERAMOBIM;-5.0693611111111;-39.267222222222;2020;12;10.8;0.0;0.0;0.0;0.0;0.0;0.0;0.0;0.0;0.0;0.0;0.0;0.0;0.0;0.0;0.0;0.0;6.4;3.2;0.0;0.0;0.0;1.2;0.0;0.0;0.0;0.0;0.0;0.0;0.0;0.0;0.0
Quixeramobim;RADAR QUIXERAMOBIM;-5.0693611111111;-39.267222222222;2021;1;54.6;0.0;0.0;0.0;14.0;0.0;0.0;0.0;0.0;0.0;0.0;0.0;0.0;2.4;3.4;1.4;0.0;0.0;0.0;0.0;16.2;6.2;0.0;0.0;0.0;0.0;0.0;0.0;0.0;0.0;0.0;11.0
Quixeramobim;RADAR QUIXERAMOBIM;-5.0693611111111;-39.267222222222;2021;2;82.2;0.0;0.0;0.0;0.0;0.0;0.0;0.0;0.0;5.0;10.6;0.0;0.0;0.0;0.0;0.0;40.0;10.0;10.6;0.0;0.0;0.0;0.0;0.0;0.0;0.0;6.0;0.0;0.0;888.0;888.0;888.0
Quixeramobim;RADAR QUIXERAMOBIM;-5.0693611111111;-39.267222222222;2021;3;152.6;0.0;32.0;0.0;0.0;22.2;0.0;0.0;0.0;0.0;0.0;0.0;0.0;0.0;0.0;0.0;12.2;0.0;0.0;0.0;0.0;0.0;10.0;0.0;0.0;51.0;25.2;0.0;0.0;0.0;0.0;0.0
Quixeramobim;RADAR QUIXERAMOBIM;-5.0693611111111;-39.267222222222;2021;4;93.3;0.0;0.0;0.0;15.6;8.5;0.0;0.0;0.0;0.0;0.0;17.8;19.6;0.0;0.0;0.0;9.4;0.0;0.0;9.4;0.0;0.0;0.0;0.0;0.0;0.0;0.0;0.0;0.0;13.0;0.0;888.0
Quixeramobim;RADAR QUIXERAMOBIM;-5.0693611111111;-39.267222222222;2021;5;117.6;6.0;0.0;0.0;37.0;11.0;0.0;24.2;0.0;11.8;7.4;0.0;0.0;0.0;20.2;0.0;0.0;0.0;0.0;0.0;0.0;0.0;0.0;0.0;0.0;0.0;0.0;0.0;0.0;0.0;0.0;0.0
Quixeramobim;RADAR QUIXERAMOBIM;-5.0693611111111;-39.267222222222;2021;6;0.0;0.0;0.0;0.0;0.0;0.0;0.0;0.0;0.0;0.0;0.0;0.0;0.0;0.0;0.0;0.0;0.0;0.0;0.0;0.0;0.0;0.0;0.0;0.0;0.0;0.0;0.0;0.0;0.0;0.0;0.0;888.0
Quixeramobim;RADAR QUIXERAMOBIM;-5.0693611111111;-39.267222222222;2021;7;26.6;0.0;16.8;0.0;0.0;9.8;0.0;0.0;0.0;0.0;0.0;0.0;0.0;0.0;0.0;0.0;0.0;0.0;0.0;0.0;0.0;0.0;0.0;0.0;0.0;0.0;0.0;0.0;0.0;0.0;0.0;0.0
Quixeramobim;RADAR QUIXERAMOBIM;-5.0693611111111;-39.267222222222;2021;8;0.0;0.0;0.0;0.0;0.0;0.0;0.0;0.0;0.0;0.0;0.0;0.0;0.0;0.0;0.0;0.0;0.0;0.0;0.0;0.0;0.0;0.0;0.0;0.0;0.0;0.0;0.0;0.0;0.0;0.0;0.0;0.0
Quixeramobim;RADAR QUIXERAMOBIM;-5.0693611111111;-39.267222222222;2021;9;0.0;0.0;0.0;0.0;0.0;0.0;0.0;0.0;0.0;0.0;0.0;0.0;0.0;0.0;0.0;0.0;0.0;0.0;0.0;0.0;0.0;0.0;0.0;0.0;0.0;0.0;0.0;0.0;0.0;0.0;0.0;888.0
Quixeramobim;RADAR QUIXERAMOBIM;-5.0693611111111;-39.267222222222;2021;10;0.0;0.0;0.0;0.0;0.0;0.0;0.0;0.0;0.0;0.0;0.0;0.0;0.0;0.0;0.0;0.0;0.0;0.0;0.0;0.0;0.0;0.0;0.0;0.0;0.0;0.0;0.0;0.0;0.0;0.0;0.0;0.0
Quixeramobim;RADAR QUIXERAMOBIM;-5.0693611111111;-39.267222222222;2021;11;5.8;0.0;0.0;5.8;0.0;0.0;0.0;0.0;0.0;0.0;0.0;0.0;0.0;0.0;0.0;0.0;0.0;0.0;0.0;0.0;0.0;0.0;0.0;0.0;0.0;0.0;0.0;0.0;0.0;0.0;0.0;888.0
Quixeramobim;RADAR QUIXERAMOBIM;-5.0693611111111;-39.267222222222;2021;12;31.4;0.0;0.0;0.0;0.0;0.0;0.0;0.0;0.0;0.0;0.0;0.0;2.6;0.0;0.0;0.0;0.0;0.0;0.0;0.0;4.2;0.0;0.0;0.0;0.0;0.0;0.0;17.4;0.0;0.0;7.2;0.0
Quixeramobim;RADAR QUIXERAMOBIM;-5.0693611111111;-39.267222222222;2022;1;149.0;0.0;0.0;0.0;22.0;0.0;18.4;0.0;0.0;0.0;0.0;0.0;5.0;0.0;0.0;0.0;47.4;8.0;0.0;0.0;0.0;0.0;0.0;0.0;0.0;0.0;0.0;13.0;31.0;4.2;0.0;0.0
Quixeramobim;RADAR QUIXERAMOBIM;-5.0693611111111;-39.267222222222;2022;2;52.0;0.0;0.0;0.0;3.4;31.2;0.0;7.6;1.0;0.0;3.2;0.0;0.0;0.0;5.6;0.0;0.0;0.0;0.0;0.0;0.0;0.0;0.0;0.0;0.0;0.0;0.0;0.0;0.0;888.0;888.0;888.0
Quixeramobim;RADAR QUIXERAMOBIM;-5.0693611111111;-39.267222222222;2022;3;134.1;0.0;0.0;0.0;0.0;0.0;13.0;14.0;4.8;0.0;0.0;0.0;10.6;0.0;0.0;11.6;14.0;0.0;14.2;0.0;12.1;0.0;13.6;15.8;0.0;3.8;0.0;0.0;0.0;6.6;0.0;0.0
Quixeramobim;RADAR QUIXERAMOBIM;-5.0693611111111;-39.267222222222;2022;4;147.4;0.0;0.0;0.0;8.4;48.0;0.0;0.0;0.0;0.0;9.8;0.0;0.0;0.0;0.0;0.0;0.0;18.0;27.2;4.8;25.0;0.0;0.0;0.0;0.0;0.0;1.0;5.2;0.0;0.0;0.0;888.0
Quixeramobim;RADAR QUIXERAMOBIM;-5.0693611111111;-39.267222222222;2022;5;120.0;0.0;0.0;8.6;0.0;0.0;0.0;0.0;0.0;3.6;0.0;0.0;33.0;0.0;0.0;0.0;0.0;0.0;0.0;0.0;0.0;0.0;38.0;0.0;0.0;19.0;0.0;0.0;11.2;6.6;0.0;0.0
Quixeramobim;RADAR QUIXERAMOBIM;-5.0693611111111;-39.267222222222;2022;6;132.2;23.6;6.8;0.0;70.1;15.5;7.0;2.0;0.0;0.0;0.0;0.0;0.0;0.0;0.0;0.0;0.0;0.0;0.0;0.0;0.0;5.2;0.0;0.0;0.0;0.0;0.0;0.0;0.0;0.0;2.0;888.0
Quixeramobim;RADAR QUIXERAMOBIM;-5.0693611111111;-39.267222222222;2022;7;95.8;23.2;0.0;41.4;0.0;11.8;0.0;0.0;19.4;0.0;0.0;0.0;0.0;0.0;0.0;0.0;0.0;0.0;0.0;0.0;0.0;0.0;0.0;0.0;0.0;0.0;0.0;0.0;0.0;0.0;0.0;0.0
Quixeramobim;RADAR QUIXERAMOBIM;-5.0693611111111;-39.267222222222;2022;8;75.6;23.4;0.0;14.0;2.4;30.6;0.0;0.0;0.0;0.0;0.0;0.0;0.0;0.0;0.0;0.0;0.0;0.0;0.0;0.0;0.0;0.0;0.0;5.2;0.0;0.0;0.0;0.0;0.0;0.0;0.0;0.0
Quixeramobim;RADAR QUIXERAMOBIM;-5.0693611111111;-39.267222222222;2022;9;1.2;0.0;0.0;0.0;0.0;0.0;0.0;0.0;0.0;0.0;0.0;0.0;0.0;0.0;0.0;0.0;0.0;0.0;0.0;0.0;0.0;0.0;1.2;0.0;0.0;0.0;0.0;0.0;0.0;0.0;0.0;888.0
Quixeramobim;RADAR QUIXERAMOBIM;-5.0693611111111;-39.267222222222;2022;10;0.0;0.0;0.0;0.0;0.0;0.0;0.0;0.0;0.0;0.0;0.0;0.0;0.0;0.0;0.0;0.0;0.0;0.0;0.0;0.0;0.0;0.0;0.0;0.0;0.0;0.0;0.0;0.0;0.0;0.0;0.0;0.0
Quixeramobim;RADAR QUIXERAMOBIM;-5.0693611111111;-39.267222222222;2022;11;142.2;0.0;0.0;0.0;0.0;47.0;74.2;0.0;0.0;0.0;0.0;0.0;0.0;0.0;2.0;0.0;0.0;0.0;0.0;0.0;0.0;0.0;0.0;0.0;0.0;0.0;0.0;0.0;0.0;0.0;19.0;888.0
Quixeramobim;RADAR QUIXERAMOBIM;-5.0693611111111;-39.267222222222;2022;12;28.8;0.0;2.0;3.8;0.0;0.0;0.0;0.0;0.0;0.0;0.0;0.0;0.0;0.0;0.0;0.0;0.0;0.0;0.0;0.0;0.0;0.0;0.0;0.0;23.0;0.0;0.0;0.0;0.0;0.0;0.0;0.0
Quixeramobim;RADAR QUIXERAMOBIM;-5.0693611111111;-39.267222222222;2023;1;56.5;0.0;0.0;0.0;0.0;0.0;0.0;0.0;7.0;0.0;0.0;3.2;3.0;0.0;0.0;0.0;0.0;0.0;0.0;11.2;0.0;11.0;0.0;0.0;0.0;18.3;0.0;2.8;0.0;0.0;0.0;0.0
Quixeramobim;RADAR QUIXERAMOBIM;-5.0693611111111;-39.267222222222;2023;2;78.4;0.0;0.0;2.4;0.0;0.0;0.0;0.0;0.0;0.0;0.0;0.0;0.0;0.0;9.3;0.0;0.0;0.0;0.0;0.0;0.0;0.0;0.0;62.2;1.0;3.5;0.0;0.0;0.0;888.0;888.0;888.0
Quixeramobim;RADAR QUIXERAMOBIM;-5.0693611111111;-39.267222222222;2023;3;404.4;0.0;0.0;94.0;20.4;0.0;0.0;0.0;0.0;6.8;0.0;0.0;7.6;17.6;3.6;20.6;0.0;69.0;0.0;0.0;7.0;12.0;17.6;0.0;7.8;0.0;2.0;46.0;7.0;17.0;26.2;22.2
Quixeramobim;RADAR QUIXERAMOBIM;-5.0693611111111;-39.267222222222;2023;4;252.9;0.0;2.4;0.0;63.8;1.2;3.4;18.0;0.0;61.0;11.1;0.0;0.0;0.0;0.0;0.0;53.0;3.2;0.0;0.0;0.0;0.0;0.0;0.0;0.0;0.0;0.0;34.0;0.0;0.0;1.8;888.0
Quixeramobim;RADAR QUIXERAMOBIM;-5.0693611111111;-39.267222222222;2023;5;58.2;16.2;0.0;0.0;0.0;8.2;0.0;0.0;0.0;0.0;0.0;0.0;0.0;0.0;0.0;0.0;17.2;0.0;3.4;0.0;2.4;0.0;0.0;0.0;0.0;9.8;0.0;1.0;0.0;0.0;0.0;0.0
Quixeramobim;RADAR QUIXERAMOBIM;-5.0693611111111;-39.267222222222;2023;6;134.8;0.0;0.0;0.0;0.0;3.0;0.0;0.0;0.0;16.4;38.8;0.0;0.0;0.0;0.0;19.4;2.4;0.0;0.0;0.0;0.0;17.2;0.0;0.0;9.0;0.0;0.0;3.0;0.0;7.6;18.0;888.0
Quixeramobim;RADAR QUIXERAMOBIM;-5.0693611111111;-39.267222222222;2023;7;23.6;6.2;0.0;0.0;0.0;0.0;0.0;14.0;0.0;3.4;0.0;0.0;0.0;0.0;0.0;0.0;0.0;0.0;0.0;0.0;0.0;0.0;0.0;0.0;0.0;0.0;0.0;0.0;0.0;0.0;0.0;0.0
Quixeramobim;RADAR QUIXERAMOBIM;-5.0693611111111;-39.267222222222;2023;8;6.4;0.0;0.0;0.0;0.0;0.0;0.0;0.0;0.0;0.0;0.0;0.0;0.0;0.0;0.0;0.0;0.0;0.0;0.0;0.0;0.0;0.0;0.0;0.0;0.0;0.0;0.0;0.0;0.0;6.4;0.0;0.0
Quixeramobim;RADAR QUIXERAMOBIM;-5.0693611111111;-39.267222222222;2023;9;6.6;6.6;0.0;0.0;0.0;0.0;0.0;0.0;0.0;0.0;0.0;0.0;0.0;0.0;0.0;0.0;0.0;0.0;0.0;0.0;0.0;0.0;0.0;0.0;0.0;0.0;0.0;0.0;0.0;0.0;0.0;888.0
Quixeramobim;RADAR QUIXERAMOBIM;-5.0693611111111;-39.267222222222;2023;10;0.0;0.0;0.0;0.0;0.0;0.0;0.0;0.0;0.0;0.0;0.0;0.0;0.0;0.0;0.0;0.0;0.0;0.0;0.0;0.0;0.0;0.0;0.0;0.0;0.0;0.0;0.0;0.0;0.0;0.0;0.0;0.0
Quixeramobim;RADAR QUIXERAMOBIM;-5.0693611111111;-39.267222222222;2023;11;4.8;0.0;0.0;0.0;0.0;0.0;0.0;0.0;0.0;0.0;0.0;0.0;0.0;0.0;0.0;0.0;0.0;0.0;0.0;0.0;0.0;0.0;0.0;0.0;0.0;0.0;0.0;0.0;4.8;0.0;0.0;888.0
Quixeramobim;RADAR QUIXERAMOBIM;-5.0693611111111;-39.267222222222;2023;12;50.3;1.4;0.0;3.2;0.0;0.0;0.0;0.0;0.0;0.0;0.0;0.0;0.0;0.0;0.0;0.0;0.0;0.0;3.8;10.1;7.0;7.2;17.6;0.0;0.0;0.0;0.0;0.0;0.0;0.0;0.0;999.0
Quixeramobim;RADAR QUIXERAMOBIM;-5.0693611111111;-39.267222222222;2024;1;61.1;36.0;0.0;0.0;0.0;0.0;0.0;0.0;0.0;0.0;0.0;0.0;3.0;14.3;1.8;0.0;0.0;0.0;0.0;0.0;0.0;0.0;0.0;0.0;0.0;0.0;0.0;0.0;6.0;0.0;0.0;0.0
Quixeramobim;RADAR QUIXERAMOBIM;-5.0693611111111;-39.267222222222;2024;2;237.1;0.0;0.0;0.0;0.0;0.0;0.0;0.0;0.0;0.0;0.0;11.0;0.0;0.0;9.2;11.9;9.6;0.0;0.0;30.0;0.0;0.0;8.2;0.0;45.6;0.0;34.4;11.2;66.0;0.0;888.0;888.0
Quixeramobim;RADAR QUIXERAMOBIM;-5.0693611111111;-39.267222222222;2024;3;197.6;0.0;0.0;0.0;4.3;14.0;15.4;0.0;24.2;2.0;0.0;1.8;0.0;0.0;3.2;3.8;26.2;1.0;0.0;0.0;2.0;5.0;0.0;1.0;1.3;0.0;0.0;0.0;23.4;4.0;48.4;16.6
Quixeramobim;RADAR QUIXERAMOBIM;-5.0693611111111;-39.267222222222;2024;4;212.2;0.0;29.8;4.0;0.0;4.2;13.6;11.0;0.0;0.0;2.2;0.0;43.0;2.0;0.0;0.0;6.4;7.0;3.4;0.0;0.0;34.0;6.0;5.0;5.0;0.0;0.0;20.6;0.0;0.0;15.0;888.0
Quixeramobim;RADAR QUIXERAMOBIM;-5.0693611111111;-39.267222222222;2024;5;79.6;0.0;5.4;0.0;2.0;0.0;0.0;0.0;0.0;5.8;13.6;0.0;0.0;0.0;0.0;0.0;11.8;17.4;0.0;3.0;2.8;1.8;0.0;0.0;4.8;0.0;0.0;0.0;0.0;0.0;0.0;11.2
Quixeramobim;RADAR QUIXERAMOBIM;-5.0693611111111;-39.267222222222;2024;6;109.0;4.0;0.0;1.8;0.0;21.0;0.0;8.2;0.0;0.0;27.2;0.0;0.0;0.0;0.0;8.0;18.0;4.0;0.0;0.0;0.0;0.0;0.0;4.4;12.4;0.0;0.0;0.0;0.0;0.0;0.0;888.0
Quixeramobim;RADAR QUIXERAMOBIM;-5.0693611111111;-39.267222222222;2024;7;31.4;0.0;0.0;0.0;0.0;0.0;0.0;0.0;15.0;0.0;0.0;0.0;0.0;16.4;0.0;0.0;0.0;0.0;0.0;0.0;0.0;0.0;0.0;0.0;0.0;0.0;0.0;0.0;0.0;0.0;0.0;0.0
Quixeramobim;RADAR QUIXERAMOBIM;-5.0693611111111;-39.267222222222;2024;8;0.0;0.0;0.0;0.0;0.0;0.0;0.0;0.0;0.0;0.0;0.0;0.0;0.0;0.0;0.0;0.0;0.0;0.0;0.0;0.0;0.0;0.0;0.0;0.0;0.0;0.0;0.0;0.0;0.0;0.0;0.0;0.0
Quixeramobim;RADAR QUIXERAMOBIM;-5.0693611111111;-39.267222222222;2024;9;0.0;0.0;0.0;0.0;0.0;0.0;0.0;0.0;0.0;0.0;0.0;0.0;0.0;0.0;0.0;0.0;0.0;0.0;0.0;0.0;0.0;0.0;0.0;0.0;0.0;0.0;0.0;0.0;0.0;0.0;0.0;888.0
Quixeramobim;RADAR QUIXERAMOBIM;-5.0693611111111;-39.267222222222;2024;10;0.0;0.0;0.0;0.0;0.0;0.0;0.0;0.0;0.0;0.0;0.0;0.0;0.0;0.0;0.0;0.0;0.0;0.0;0.0;999.0;999.0;999.0;999.0;999.0;999.0;999.0;999.0;999.0;999.0;999.0;999.0;999.0
