Municipios;Postos;Latitude;Longitude;Anos;Meses;Total;Dia1;Dia2;Dia3;Dia4;Dia5;Dia6;Dia7;Dia8;Dia9;Dia10;Dia11;Dia12;Dia13;Dia14;Dia15;Dia16;Dia17;Dia18;Dia19;Dia20;Dia21;Dia22;Dia23;Dia24;Dia25;Dia26;Dia27;Dia28;Dia29;Dia30;Dia31
Amontada;SANTA CRUZ;-3.4522222222222;-39.776861111111;2014;4;48.8;0.0;0.0;0.0;0.0;0.0;0.0;0.0;0.0;0.0;0.0;0.0;0.0;0.0;0.0;0.0;0.0;0.0;0.0;0.0;0.0;0.0;0.0;11.8;0.0;0.0;10.4;0.0;17.8;0.0;8.8;888.0
Amontada;SANTA CRUZ;-3.4522222222222;-39.776861111111;2014;5;155.6;0.0;0.0;0.0;0.0;16.4;0.0;0.0;0.0;0.0;57.0;30.0;17.0;0.0;0.0;4.0;0.0;0.0;17.0;0.0;0.0;0.0;0.0;14.2;0.0;0.0;0.0;0.0;0.0;0.0;0.0;0.0
Amontada;SANTA CRUZ;-3.4522222222222;-39.776861111111;2014;6;0.0;0.0;0.0;999.0;999.0;999.0;999.0;999.0;999.0;999.0;999.0;999.0;999.0;999.0;999.0;999.0;999.0;999.0;999.0;999.0;999.0;999.0;999.0;999.0;999.0;999.0;999.0;999.0;999.0;999.0;999.0;888.0
Amontada;SANTA CRUZ;-3.4522222222222;-39.776861111111;2015;1;17.8;0.0;0.0;0.0;0.0;12.4;5.4;0.0;0.0;0.0;0.0;0.0;0.0;0.0;0.0;0.0;0.0;0.0;0.0;0.0;0.0;0.0;0.0;0.0;0.0;0.0;0.0;0.0;0.0;0.0;0.0;0.0
Amontada;SANTA CRUZ;-3.4522222222222;-39.776861111111;2015;2;38.9;0.0;0.0;0.0;0.0;0.0;0.0;0.0;0.0;0.0;0.0;0.0;0.0;0.0;0.0;0.0;0.0;0.0;0.0;9.3;21.0;0.0;0.0;8.6;0.0;0.0;0.0;0.0;0.0;888.0;888.0;888.0
Amontada;SANTA CRUZ;-3.4522222222222;-39.776861111111;2015;3;117.6;0.0;0.0;20.8;8.8;0.0;0.0;0.0;14.0;0.0;0.0;0.0;0.0;0.0;0.0;0.0;0.0;0.0;0.0;0.0;0.0;0.0;38.0;8.8;0.0;0.0;22.2;0.0;0.0;0.0;0.0;5.0
Amontada;SANTA CRUZ;-3.4522222222222;-39.776861111111;2015;4;185.2;23.0;0.0;0.0;17.0;18.2;0.0;2.2;28.6;4.3;31.0;3.0;1.5;6.0;11.2;0.0;0.0;0.0;10.0;6.2;0.0;0.0;0.0;23.0;0.0;0.0;0.0;0.0;0.0;0.0;0.0;888.0
Amontada;SANTA CRUZ;-3.4522222222222;-39.776861111111;2015;5;10.0;0.0;0.0;0.0;0.0;0.0;0.0;0.0;0.0;0.0;0.0;0.0;0.0;0.0;0.0;0.0;0.0;0.0;0.0;0.0;0.0;0.0;0.0;0.0;0.0;0.0;10.0;0.0;0.0;0.0;0.0;0.0
Amontada;SANTA CRUZ;-3.4522222222222;-39.776861111111;2015;6;13.3;0.0;0.0;0.0;0.0;0.0;0.0;0.0;0.0;0.0;0.0;0.0;0.0;0.0;0.0;0.0;0.0;0.0;0.0;0.0;0.0;0.0;0.0;0.0;0.0;0.0;0.0;0.0;13.3;0.0;0.0;888.0
Amontada;SANTA CRUZ;-3.4522222222222;-39.776861111111;2015;7;43.3;0.0;0.0;9.2;0.0;0.0;17.0;0.0;0.0;0.0;0.0;0.0;0.0;0.0;0.0;0.0;0.0;0.0;0.0;0.0;0.0;17.1;0.0;0.0;0.0;0.0;0.0;0.0;0.0;0.0;0.0;0.0
Amontada;SANTA CRUZ;-3.4522222222222;-39.776861111111;2015;8;0.0;0.0;0.0;0.0;0.0;0.0;0.0;0.0;0.0;0.0;0.0;0.0;0.0;0.0;0.0;0.0;0.0;0.0;0.0;0.0;0.0;0.0;0.0;0.0;0.0;0.0;0.0;0.0;0.0;0.0;0.0;0.0
Amontada;SANTA CRUZ;-3.4522222222222;-39.776861111111;2015;9;0.0;0.0;0.0;0.0;0.0;0.0;0.0;0.0;0.0;0.0;0.0;0.0;0.0;0.0;0.0;0.0;0.0;0.0;0.0;0.0;0.0;0.0;0.0;0.0;0.0;0.0;0.0;0.0;0.0;0.0;0.0;888.0
Amontada;SANTA CRUZ;-3.4522222222222;-39.776861111111;2015;10;0.0;0.0;0.0;0.0;0.0;0.0;0.0;0.0;0.0;0.0;0.0;0.0;0.0;0.0;0.0;0.0;0.0;0.0;0.0;0.0;0.0;0.0;0.0;0.0;0.0;0.0;0.0;0.0;0.0;0.0;0.0;0.0
Amontada;SANTA CRUZ;-3.4522222222222;-39.776861111111;2015;11;0.0;0.0;0.0;0.0;0.0;0.0;0.0;0.0;0.0;0.0;0.0;0.0;0.0;0.0;0.0;0.0;0.0;0.0;0.0;0.0;0.0;0.0;0.0;0.0;0.0;0.0;0.0;0.0;0.0;0.0;0.0;888.0
Amontada;SANTA CRUZ;-3.4522222222222;-39.776861111111;2015;12;0.0;0.0;0.0;0.0;0.0;0.0;0.0;0.0;0.0;0.0;0.0;0.0;0.0;0.0;0.0;0.0;0.0;0.0;0.0;0.0;0.0;0.0;0.0;0.0;0.0;0.0;0.0;0.0;0.0;0.0;0.0;0.0
Amontada;SANTA CRUZ;-3.4522222222222;-39.776861111111;2016;1;238.0;0.0;0.0;0.0;0.0;0.0;0.0;0.0;0.0;0.0;0.0;0.0;0.0;0.0;0.0;0.0;0.0;0.0;50.0;58.0;0.0;53.0;43.0;0.0;0.0;0.0;25.0;9.0;0.0;0.0;0.0;0.0
Amontada;SANTA CRUZ;-3.4522222222222;-39.776861111111;2016;2;51.2;0.0;25.0;0.0;0.0;0.0;0.0;0.0;0.0;0.0;0.0;0.0;0.0;0.0;0.0;0.0;0.0;0.0;0.0;26.2;0.0;0.0;0.0;0.0;0.0;0.0;0.0;0.0;0.0;0.0;888.0;888.0
Amontada;SANTA CRUZ;-3.4522222222222;-39.776861111111;2016;3;53.0;0.0;0.0;0.0;0.0;0.0;0.0;0.0;0.0;0.0;0.0;0.0;0.0;0.0;0.0;0.0;0.0;0.0;42.0;0.0;0.0;0.0;0.0;11.0;0.0;0.0;0.0;0.0;0.0;0.0;0.0;0.0
Amontada;SANTA CRUZ;-3.4522222222222;-39.776861111111;2016;4;105.1;0.0;19.2;10.0;0.0;0.0;0.0;33.0;0.0;5.6;0.0;0.0;11.3;0.0;0.0;0.0;0.0;0.0;0.0;8.0;0.0;0.0;0.0;18.0;0.0;0.0;0.0;0.0;0.0;0.0;0.0;888.0
Amontada;SANTA CRUZ;-3.4522222222222;-39.776861111111;2016;5;0.0;0.0;0.0;0.0;0.0;0.0;0.0;0.0;0.0;0.0;0.0;0.0;0.0;0.0;0.0;0.0;0.0;0.0;0.0;0.0;0.0;0.0;0.0;0.0;0.0;0.0;0.0;0.0;0.0;0.0;0.0;0.0
Amontada;SANTA CRUZ;-3.4522222222222;-39.776861111111;2016;6;0.0;0.0;0.0;0.0;0.0;0.0;0.0;0.0;0.0;0.0;0.0;0.0;0.0;0.0;0.0;0.0;0.0;0.0;0.0;0.0;0.0;0.0;0.0;0.0;0.0;0.0;0.0;0.0;0.0;0.0;0.0;888.0
Amontada;SANTA CRUZ;-3.4522222222222;-39.776861111111;2016;7;0.0;0.0;0.0;0.0;0.0;0.0;0.0;0.0;0.0;0.0;0.0;0.0;0.0;0.0;0.0;0.0;0.0;0.0;0.0;0.0;0.0;0.0;0.0;0.0;0.0;0.0;0.0;0.0;0.0;0.0;0.0;0.0
Amontada;SANTA CRUZ;-3.4522222222222;-39.776861111111;2016;8;0.0;0.0;0.0;0.0;0.0;0.0;0.0;0.0;0.0;0.0;0.0;0.0;0.0;0.0;0.0;0.0;0.0;0.0;0.0;0.0;0.0;0.0;0.0;0.0;0.0;0.0;0.0;0.0;0.0;0.0;0.0;0.0
Amontada;SANTA CRUZ;-3.4522222222222;-39.776861111111;2016;9;0.0;0.0;0.0;0.0;0.0;0.0;0.0;0.0;0.0;0.0;0.0;0.0;0.0;0.0;0.0;0.0;0.0;0.0;0.0;0.0;0.0;0.0;0.0;0.0;0.0;0.0;0.0;0.0;0.0;0.0;0.0;888.0
Amontada;SANTA CRUZ;-3.4522222222222;-39.776861111111;2016;10;0.0;0.0;0.0;0.0;0.0;0.0;0.0;0.0;0.0;0.0;0.0;0.0;0.0;0.0;0.0;0.0;0.0;0.0;0.0;0.0;0.0;0.0;0.0;0.0;0.0;0.0;0.0;0.0;0.0;0.0;0.0;0.0
Amontada;SANTA CRUZ;-3.4522222222222;-39.776861111111;2016;11;0.0;0.0;0.0;0.0;0.0;0.0;0.0;0.0;0.0;0.0;0.0;0.0;0.0;0.0;0.0;0.0;0.0;0.0;0.0;0.0;0.0;0.0;0.0;0.0;0.0;0.0;0.0;0.0;0.0;0.0;0.0;888.0
Amontada;SANTA CRUZ;-3.4522222222222;-39.776861111111;2016;12;0.0;0.0;0.0;0.0;0.0;0.0;0.0;0.0;0.0;0.0;0.0;0.0;0.0;0.0;0.0;0.0;0.0;0.0;0.0;0.0;0.0;0.0;0.0;0.0;0.0;0.0;0.0;0.0;0.0;0.0;0.0;0.0
Amontada;SANTA CRUZ;-3.4522222222222;-39.776861111111;2017;1;0.0;0.0;0.0;0.0;0.0;0.0;0.0;0.0;0.0;0.0;0.0;0.0;0.0;0.0;0.0;0.0;0.0;0.0;0.0;0.0;0.0;0.0;0.0;0.0;0.0;0.0;0.0;0.0;0.0;0.0;0.0;0.0
Amontada;SANTA CRUZ;-3.4522222222222;-39.776861111111;2017;2;156.2;0.0;0.0;0.0;0.0;0.0;0.0;0.0;0.0;0.0;25.0;108.0;0.0;0.0;0.0;23.2;0.0;0.0;0.0;0.0;0.0;0.0;0.0;0.0;0.0;0.0;0.0;0.0;0.0;888.0;888.0;888.0
Amontada;SANTA CRUZ;-3.4522222222222;-39.776861111111;2017;3;174.2;0.0;6.0;0.0;0.0;0.0;0.0;0.0;0.0;53.0;0.0;6.0;0.0;0.0;22.2;0.0;0.0;0.0;0.0;0.0;0.0;0.0;20.0;11.0;6.0;0.0;0.0;0.0;0.0;0.0;13.0;37.0
Amontada;SANTA CRUZ;-3.4522222222222;-39.776861111111;2017;4;84.2;22.2;0.0;0.0;0.0;17.0;0.0;0.0;0.0;0.0;0.0;0.0;0.0;0.0;0.0;0.0;0.0;0.0;0.0;0.0;0.0;0.0;0.0;0.0;22.0;0.0;0.0;0.0;0.0;0.0;23.0;888.0
Amontada;SANTA CRUZ;-3.4522222222222;-39.776861111111;2017;5;75.0;0.0;0.0;0.0;12.0;23.0;0.0;0.0;0.0;0.0;0.0;0.0;0.0;0.0;0.0;0.0;0.0;0.0;0.0;0.0;0.0;0.0;0.0;0.0;0.0;0.0;0.0;0.0;0.0;25.0;15.0;0.0
Amontada;SANTA CRUZ;-3.4522222222222;-39.776861111111;2017;6;0.0;0.0;0.0;0.0;0.0;0.0;0.0;0.0;0.0;0.0;0.0;0.0;0.0;0.0;0.0;0.0;0.0;0.0;0.0;0.0;0.0;0.0;0.0;0.0;0.0;0.0;0.0;0.0;0.0;0.0;0.0;888.0
Amontada;SANTA CRUZ;-3.4522222222222;-39.776861111111;2017;7;0.0;0.0;0.0;0.0;0.0;0.0;0.0;0.0;0.0;0.0;0.0;0.0;0.0;0.0;0.0;0.0;0.0;0.0;0.0;0.0;0.0;0.0;0.0;0.0;0.0;0.0;0.0;0.0;0.0;0.0;0.0;0.0
Amontada;SANTA CRUZ;-3.4522222222222;-39.776861111111;2017;8;0.0;0.0;0.0;0.0;0.0;0.0;0.0;0.0;0.0;0.0;0.0;0.0;0.0;0.0;0.0;0.0;0.0;0.0;0.0;0.0;0.0;0.0;0.0;0.0;0.0;0.0;0.0;0.0;0.0;0.0;0.0;0.0
Amontada;SANTA CRUZ;-3.4522222222222;-39.776861111111;2017;9;0.0;0.0;0.0;0.0;0.0;0.0;0.0;0.0;999.0;0.0;0.0;0.0;0.0;0.0;0.0;0.0;0.0;0.0;0.0;0.0;0.0;0.0;0.0;0.0;0.0;0.0;0.0;0.0;0.0;0.0;0.0;888.0
Amontada;SANTA CRUZ;-3.4522222222222;-39.776861111111;2017;10;0.0;0.0;0.0;0.0;0.0;0.0;0.0;0.0;0.0;0.0;0.0;0.0;0.0;0.0;0.0;0.0;0.0;0.0;0.0;0.0;0.0;0.0;0.0;0.0;0.0;0.0;0.0;0.0;0.0;0.0;0.0;0.0
Amontada;SANTA CRUZ;-3.4522222222222;-39.776861111111;2017;11;0.0;0.0;0.0;0.0;0.0;0.0;0.0;0.0;0.0;0.0;0.0;0.0;0.0;0.0;0.0;0.0;0.0;0.0;0.0;0.0;0.0;0.0;0.0;0.0;0.0;0.0;0.0;0.0;0.0;0.0;0.0;888.0
Amontada;SANTA CRUZ;-3.4522222222222;-39.776861111111;2017;12;0.0;0.0;0.0;0.0;0.0;0.0;0.0;0.0;0.0;0.0;0.0;0.0;0.0;0.0;0.0;0.0;0.0;0.0;0.0;0.0;0.0;0.0;0.0;0.0;0.0;0.0;0.0;0.0;0.0;0.0;0.0;0.0
Amontada;SANTA CRUZ;-3.4522222222222;-39.776861111111;2018;1;41.0;0.0;0.0;0.0;0.0;0.0;0.0;0.0;0.0;0.0;0.0;0.0;0.0;0.0;0.0;0.0;0.0;0.0;0.0;22.0;0.0;0.0;0.0;0.0;0.0;0.0;0.0;19.0;0.0;0.0;0.0;0.0
Amontada;SANTA CRUZ;-3.4522222222222;-39.776861111111;2018;2;316.6;0.0;0.0;42.2;0.0;0.0;0.0;0.0;0.0;0.0;0.0;0.0;26.0;12.0;25.0;99.4;0.0;0.0;0.0;40.0;15.0;0.0;0.0;57.0;0.0;0.0;0.0;0.0;0.0;888.0;888.0;888.0
Amontada;SANTA CRUZ;-3.4522222222222;-39.776861111111;2018;3;85.0;0.0;0.0;0.0;0.0;0.0;0.0;5.0;0.0;55.0;0.0;0.0;0.0;0.0;0.0;0.0;0.0;0.0;0.0;0.0;0.0;0.0;25.0;0.0;0.0;0.0;0.0;0.0;0.0;0.0;0.0;0.0
Amontada;SANTA CRUZ;-3.4522222222222;-39.776861111111;2018;4;110.0;0.0;0.0;0.0;0.0;26.0;0.0;16.0;0.0;0.0;0.0;30.0;28.0;10.0;0.0;0.0;0.0;0.0;0.0;0.0;0.0;0.0;0.0;0.0;0.0;0.0;0.0;0.0;0.0;0.0;0.0;888.0
Amontada;SANTA CRUZ;-3.4522222222222;-39.776861111111;2018;5;153.4;0.0;0.0;0.0;0.0;0.0;0.0;0.0;64.0;33.4;29.0;0.0;0.0;0.0;0.0;0.0;0.0;0.0;0.0;0.0;0.0;0.0;0.0;0.0;27.0;0.0;0.0;0.0;0.0;0.0;0.0;0.0
Amontada;SANTA CRUZ;-3.4522222222222;-39.776861111111;2018;6;3.0;0.0;0.0;0.0;0.0;0.0;0.0;0.0;0.0;0.0;0.0;0.0;0.0;3.0;0.0;0.0;0.0;0.0;0.0;0.0;0.0;0.0;0.0;0.0;0.0;0.0;0.0;0.0;0.0;0.0;0.0;888.0
Amontada;SANTA CRUZ;-3.4522222222222;-39.776861111111;2018;7;45.0;0.0;0.0;0.0;0.0;0.0;0.0;25.0;20.0;0.0;0.0;0.0;0.0;0.0;0.0;0.0;0.0;0.0;0.0;0.0;0.0;0.0;0.0;0.0;0.0;0.0;0.0;0.0;0.0;0.0;0.0;0.0
Amontada;SANTA CRUZ;-3.4522222222222;-39.776861111111;2018;8;0.0;0.0;0.0;0.0;0.0;0.0;0.0;0.0;0.0;0.0;0.0;0.0;0.0;0.0;0.0;0.0;0.0;0.0;0.0;0.0;0.0;0.0;0.0;0.0;0.0;0.0;0.0;0.0;0.0;0.0;0.0;0.0
Amontada;SANTA CRUZ;-3.4522222222222;-39.776861111111;2018;9;0.0;0.0;0.0;0.0;0.0;0.0;0.0;0.0;0.0;0.0;0.0;0.0;0.0;0.0;0.0;0.0;0.0;0.0;0.0;0.0;0.0;0.0;0.0;0.0;0.0;0.0;0.0;0.0;0.0;0.0;0.0;888.0
Amontada;SANTA CRUZ;-3.4522222222222;-39.776861111111;2018;10;0.0;0.0;0.0;0.0;0.0;0.0;0.0;0.0;0.0;0.0;0.0;0.0;0.0;0.0;0.0;0.0;0.0;0.0;0.0;0.0;0.0;0.0;0.0;0.0;0.0;0.0;0.0;0.0;0.0;0.0;0.0;0.0
Amontada;SANTA CRUZ;-3.4522222222222;-39.776861111111;2018;11;0.0;0.0;0.0;0.0;0.0;0.0;0.0;0.0;0.0;0.0;0.0;0.0;0.0;0.0;0.0;0.0;0.0;0.0;0.0;0.0;0.0;0.0;0.0;0.0;0.0;0.0;0.0;0.0;0.0;0.0;0.0;888.0
Amontada;SANTA CRUZ;-3.4522222222222;-39.776861111111;2018;12;0.0;0.0;0.0;0.0;0.0;0.0;0.0;0.0;0.0;0.0;0.0;0.0;0.0;0.0;0.0;0.0;0.0;0.0;0.0;0.0;0.0;0.0;0.0;0.0;0.0;0.0;0.0;0.0;0.0;0.0;0.0;0.0
Amontada;SANTA CRUZ;-3.4522222222222;-39.776861111111;2019;1;68.0;0.0;0.0;0.0;0.0;0.0;0.0;0.0;0.0;0.0;0.0;0.0;0.0;0.0;33.0;0.0;0.0;28.0;0.0;0.0;7.0;0.0;0.0;0.0;0.0;0.0;0.0;0.0;0.0;0.0;0.0;0.0
Amontada;SANTA CRUZ;-3.4522222222222;-39.776861111111;2019;2;115.0;0.0;0.0;0.0;24.0;21.0;0.0;22.0;0.0;0.0;0.0;0.0;0.0;0.0;0.0;0.0;0.0;0.0;0.0;0.0;0.0;0.0;0.0;35.0;0.0;0.0;0.0;0.0;13.0;888.0;888.0;888.0
Amontada;SANTA CRUZ;-3.4522222222222;-39.776861111111;2019;3;194.0;0.0;0.0;31.0;0.0;15.0;0.0;0.0;0.0;0.0;0.0;0.0;16.0;0.0;0.0;19.0;17.0;26.0;0.0;0.0;0.0;0.0;0.0;0.0;0.0;0.0;0.0;0.0;0.0;47.0;0.0;23.0
Amontada;SANTA CRUZ;-3.4522222222222;-39.776861111111;2019;4;202.0;44.0;0.0;0.0;22.0;25.0;0.0;0.0;0.0;34.0;0.0;0.0;0.0;26.0;0.0;0.0;0.0;0.0;0.0;0.0;0.0;0.0;0.0;0.0;0.0;25.0;0.0;0.0;0.0;0.0;26.0;888.0
Amontada;SANTA CRUZ;-3.4522222222222;-39.776861111111;2019;5;97.0;0.0;0.0;0.0;0.0;0.0;0.0;0.0;0.0;20.0;0.0;0.0;0.0;0.0;0.0;0.0;0.0;0.0;0.0;0.0;0.0;0.0;44.0;33.0;0.0;0.0;0.0;0.0;0.0;0.0;0.0;0.0
Amontada;SANTA CRUZ;-3.4522222222222;-39.776861111111;2019;6;41.0;0.0;0.0;0.0;0.0;0.0;0.0;0.0;0.0;0.0;0.0;0.0;41.0;0.0;0.0;0.0;0.0;0.0;0.0;0.0;0.0;0.0;0.0;0.0;0.0;0.0;0.0;0.0;0.0;0.0;0.0;888.0
Amontada;SANTA CRUZ;-3.4522222222222;-39.776861111111;2019;7;0.0;0.0;0.0;0.0;0.0;0.0;0.0;0.0;0.0;0.0;0.0;0.0;0.0;0.0;0.0;0.0;0.0;0.0;0.0;0.0;0.0;0.0;0.0;0.0;0.0;0.0;0.0;0.0;0.0;0.0;0.0;0.0
Amontada;SANTA CRUZ;-3.4522222222222;-39.776861111111;2019;8;0.0;0.0;0.0;0.0;0.0;0.0;0.0;0.0;0.0;0.0;0.0;0.0;0.0;0.0;0.0;0.0;0.0;0.0;0.0;0.0;0.0;0.0;0.0;0.0;0.0;0.0;0.0;0.0;0.0;0.0;0.0;0.0
Amontada;SANTA CRUZ;-3.4522222222222;-39.776861111111;2019;9;0.0;0.0;0.0;0.0;0.0;0.0;0.0;0.0;0.0;0.0;0.0;0.0;0.0;0.0;0.0;0.0;0.0;0.0;0.0;0.0;0.0;0.0;0.0;0.0;0.0;0.0;0.0;0.0;0.0;0.0;0.0;888.0
Amontada;SANTA CRUZ;-3.4522222222222;-39.776861111111;2019;10;0.0;0.0;0.0;0.0;0.0;0.0;0.0;0.0;0.0;0.0;0.0;0.0;0.0;0.0;0.0;0.0;0.0;0.0;0.0;0.0;0.0;0.0;0.0;0.0;0.0;0.0;0.0;0.0;0.0;0.0;0.0;0.0
Amontada;SANTA CRUZ;-3.4522222222222;-39.776861111111;2019;11;0.0;0.0;0.0;0.0;0.0;0.0;0.0;0.0;0.0;0.0;0.0;0.0;0.0;0.0;0.0;0.0;0.0;0.0;0.0;0.0;0.0;0.0;0.0;0.0;0.0;0.0;0.0;0.0;0.0;0.0;0.0;888.0
Amontada;SANTA CRUZ;-3.4522222222222;-39.776861111111;2019;12;12.0;0.0;0.0;0.0;0.0;0.0;0.0;0.0;0.0;0.0;0.0;0.0;0.0;0.0;0.0;0.0;0.0;0.0;0.0;0.0;0.0;0.0;0.0;0.0;0.0;0.0;0.0;0.0;0.0;0.0;0.0;12.0
Amontada;SANTA CRUZ;-3.4522222222222;-39.776861111111;2020;1;188.2;0.0;0.0;0.0;0.0;0.0;0.0;13.0;0.0;0.0;0.0;70.0;0.0;0.0;0.0;0.0;0.0;27.2;0.0;0.0;0.0;0.0;0.0;0.0;0.0;0.0;0.0;20.0;43.0;0.0;0.0;15.0
Amontada;SANTA CRUZ;-3.4522222222222;-39.776861111111;2020;2;138.0;0.0;0.0;0.0;0.0;37.0;0.0;0.0;0.0;0.0;13.0;28.0;0.0;0.0;0.0;0.0;0.0;0.0;0.0;27.0;0.0;0.0;0.0;0.0;0.0;0.0;12.0;0.0;0.0;21.0;888.0;888.0
Amontada;SANTA CRUZ;-3.4522222222222;-39.776861111111;2020;3;218.0;32.0;0.0;0.0;0.0;0.0;20.0;0.0;0.0;0.0;0.0;25.0;0.0;0.0;0.0;0.0;22.0;66.0;0.0;0.0;27.0;0.0;0.0;0.0;0.0;0.0;13.0;13.0;0.0;0.0;0.0;0.0
Amontada;SANTA CRUZ;-3.4522222222222;-39.776861111111;2020;4;144.0;0.0;0.0;0.0;0.0;0.0;0.0;0.0;0.0;0.0;0.0;0.0;0.0;0.0;55.0;0.0;0.0;0.0;14.0;0.0;0.0;0.0;6.0;56.0;0.0;0.0;0.0;13.0;0.0;0.0;0.0;888.0
Amontada;SANTA CRUZ;-3.4522222222222;-39.776861111111;2020;5;53.0;0.0;0.0;0.0;0.0;4.0;0.0;0.0;0.0;0.0;0.0;0.0;0.0;0.0;0.0;0.0;0.0;0.0;0.0;0.0;0.0;17.0;0.0;25.0;0.0;0.0;0.0;0.0;0.0;7.0;0.0;0.0
Amontada;SANTA CRUZ;-3.4522222222222;-39.776861111111;2020;6;17.3;0.0;0.0;0.0;0.0;0.0;0.0;0.0;14.0;0.0;0.0;0.0;0.0;0.0;0.0;0.0;0.0;0.0;3.3;0.0;0.0;0.0;0.0;0.0;0.0;0.0;0.0;0.0;0.0;0.0;0.0;888.0
Amontada;SANTA CRUZ;-3.4522222222222;-39.776861111111;2020;7;16.0;0.0;0.0;0.0;0.0;0.0;0.0;16.0;0.0;0.0;0.0;0.0;0.0;0.0;0.0;0.0;0.0;0.0;0.0;0.0;0.0;0.0;0.0;0.0;0.0;0.0;0.0;0.0;0.0;0.0;0.0;0.0
Amontada;SANTA CRUZ;-3.4522222222222;-39.776861111111;2020;8;0.0;0.0;0.0;0.0;0.0;0.0;0.0;0.0;0.0;0.0;0.0;0.0;0.0;0.0;0.0;0.0;0.0;0.0;0.0;0.0;0.0;0.0;0.0;0.0;0.0;0.0;0.0;0.0;0.0;0.0;0.0;0.0
Amontada;SANTA CRUZ;-3.4522222222222;-39.776861111111;2020;9;0.0;0.0;0.0;0.0;0.0;0.0;0.0;0.0;0.0;0.0;0.0;0.0;0.0;0.0;0.0;0.0;0.0;0.0;0.0;0.0;0.0;0.0;0.0;0.0;0.0;0.0;0.0;0.0;0.0;0.0;0.0;888.0
Amontada;SANTA CRUZ;-3.4522222222222;-39.776861111111;2020;10;0.0;0.0;0.0;0.0;0.0;0.0;0.0;0.0;0.0;0.0;0.0;0.0;0.0;0.0;0.0;0.0;0.0;0.0;0.0;0.0;0.0;0.0;0.0;0.0;0.0;0.0;0.0;0.0;0.0;0.0;0.0;0.0
Amontada;SANTA CRUZ;-3.4522222222222;-39.776861111111;2020;11;0.0;0.0;0.0;0.0;0.0;0.0;0.0;0.0;0.0;0.0;0.0;0.0;0.0;0.0;0.0;0.0;0.0;0.0;0.0;0.0;0.0;0.0;0.0;0.0;0.0;0.0;0.0;0.0;0.0;0.0;0.0;888.0
Amontada;SANTA CRUZ;-3.4522222222222;-39.776861111111;2020;12;0.0;0.0;0.0;0.0;0.0;0.0;0.0;0.0;0.0;0.0;0.0;0.0;0.0;0.0;0.0;0.0;0.0;0.0;0.0;0.0;0.0;0.0;0.0;0.0;0.0;0.0;0.0;0.0;0.0;0.0;0.0;0.0
Amontada;SANTA CRUZ;-3.4522222222222;-39.776861111111;2021;1;81.8;0.0;0.0;0.0;0.0;0.0;0.0;0.0;51.0;0.0;14.0;0.0;0.0;0.0;0.0;6.6;0.0;0.0;0.0;0.0;4.0;0.0;0.0;0.0;0.0;0.0;6.2;0.0;0.0;0.0;0.0;0.0
Amontada;SANTA CRUZ;-3.4522222222222;-39.776861111111;2021;2;142.0;0.0;0.0;0.0;0.0;0.0;0.0;0.0;0.0;0.0;0.0;0.0;23.0;0.0;22.0;0.0;62.0;0.0;12.0;0.0;0.0;13.0;0.0;0.0;0.0;0.0;0.0;0.0;10.0;888.0;888.0;888.0
Amontada;SANTA CRUZ;-3.4522222222222;-39.776861111111;2021;3;189.0;29.0;0.0;0.0;0.0;0.0;0.0;12.0;0.0;18.0;0.0;0.0;0.0;13.0;0.0;0.0;0.0;0.0;0.0;0.0;0.0;0.0;0.0;0.0;30.0;28.0;0.0;21.0;0.0;38.0;0.0;0.0
Amontada;SANTA CRUZ;-3.4522222222222;-39.776861111111;2021;4;84.2;0.0;0.0;0.0;0.0;0.0;0.0;0.0;0.0;0.0;0.0;0.0;0.0;0.0;0.0;0.0;32.0;0.0;0.0;5.0;0.0;0.0;10.0;21.2;0.0;16.0;0.0;0.0;0.0;0.0;0.0;888.0
Amontada;SANTA CRUZ;-3.4522222222222;-39.776861111111;2021;5;99.0;0.0;0.0;20.0;0.0;0.0;0.0;0.0;0.0;0.0;0.0;0.0;0.0;40.0;0.0;39.0;0.0;0.0;0.0;0.0;0.0;0.0;0.0;0.0;0.0;0.0;0.0;0.0;0.0;0.0;0.0;0.0
Amontada;SANTA CRUZ;-3.4522222222222;-39.776861111111;2021;6;0.0;0.0;0.0;0.0;0.0;0.0;0.0;0.0;0.0;0.0;0.0;0.0;0.0;0.0;0.0;0.0;0.0;0.0;0.0;0.0;0.0;0.0;0.0;0.0;0.0;0.0;0.0;0.0;0.0;0.0;0.0;888.0
Amontada;SANTA CRUZ;-3.4522222222222;-39.776861111111;2021;7;14.0;0.0;0.0;0.0;0.0;14.0;0.0;0.0;0.0;0.0;0.0;0.0;0.0;0.0;0.0;0.0;0.0;0.0;0.0;0.0;0.0;0.0;0.0;0.0;0.0;0.0;0.0;0.0;0.0;0.0;0.0;0.0
Amontada;SANTA CRUZ;-3.4522222222222;-39.776861111111;2021;8;0.0;0.0;0.0;0.0;0.0;0.0;0.0;0.0;0.0;0.0;0.0;0.0;0.0;0.0;0.0;0.0;0.0;0.0;0.0;0.0;0.0;0.0;0.0;0.0;0.0;0.0;0.0;0.0;0.0;0.0;0.0;0.0
Amontada;SANTA CRUZ;-3.4522222222222;-39.776861111111;2021;9;0.0;0.0;0.0;0.0;0.0;0.0;0.0;0.0;0.0;0.0;0.0;0.0;0.0;0.0;0.0;0.0;0.0;0.0;0.0;0.0;0.0;0.0;0.0;0.0;0.0;0.0;0.0;0.0;0.0;0.0;0.0;888.0
Amontada;SANTA CRUZ;-3.4522222222222;-39.776861111111;2021;10;0.0;0.0;0.0;0.0;0.0;0.0;0.0;0.0;0.0;0.0;0.0;0.0;0.0;0.0;0.0;0.0;0.0;0.0;0.0;0.0;0.0;0.0;0.0;0.0;0.0;0.0;0.0;0.0;0.0;0.0;0.0;0.0
Amontada;SANTA CRUZ;-3.4522222222222;-39.776861111111;2021;11;9.4;0.0;0.0;0.0;0.0;0.0;0.0;0.0;0.0;0.0;0.0;0.0;0.0;3.0;6.4;0.0;0.0;0.0;0.0;0.0;0.0;0.0;0.0;0.0;0.0;0.0;0.0;0.0;0.0;0.0;0.0;888.0
Amontada;SANTA CRUZ;-3.4522222222222;-39.776861111111;2021;12;0.0;0.0;0.0;0.0;0.0;0.0;0.0;0.0;0.0;0.0;0.0;0.0;0.0;0.0;0.0;0.0;0.0;0.0;0.0;0.0;0.0;0.0;0.0;0.0;0.0;0.0;0.0;0.0;0.0;0.0;0.0;0.0
Amontada;SANTA CRUZ;-3.4522222222222;-39.776861111111;2022;1;59.4;0.0;28.4;0.0;0.0;0.0;0.0;0.0;0.0;0.0;0.0;0.0;0.0;0.0;0.0;0.0;0.0;0.0;0.0;0.0;23.0;0.0;0.0;0.0;0.0;0.0;0.0;8.0;0.0;0.0;0.0;0.0
Amontada;SANTA CRUZ;-3.4522222222222;-39.776861111111;2022;2;56.0;0.0;0.0;8.0;0.0;0.0;0.0;0.0;0.0;0.0;0.0;0.0;0.0;0.0;0.0;0.0;0.0;0.0;25.0;17.0;0.0;0.0;0.0;0.0;0.0;6.0;0.0;0.0;0.0;888.0;888.0;888.0
Amontada;SANTA CRUZ;-3.4522222222222;-39.776861111111;2022;3;117.0;0.0;0.0;0.0;0.0;0.0;0.0;0.0;21.0;0.0;9.0;33.0;0.0;0.0;0.0;0.0;34.0;0.0;0.0;0.0;0.0;0.0;0.0;20.0;0.0;0.0;0.0;0.0;0.0;0.0;0.0;0.0
Amontada;SANTA CRUZ;-3.4522222222222;-39.776861111111;2022;4;166.0;0.0;0.0;0.0;33.0;0.0;0.0;0.0;28.0;0.0;35.0;0.0;0.0;0.0;0.0;0.0;0.0;0.0;0.0;0.0;0.0;0.0;0.0;25.0;16.0;0.0;0.0;29.0;0.0;0.0;0.0;888.0
Amontada;SANTA CRUZ;-3.4522222222222;-39.776861111111;2022;5;103.0;0.0;0.0;0.0;0.0;0.0;0.0;0.0;0.0;0.0;52.0;0.0;0.0;9.0;0.0;0.0;0.0;0.0;0.0;0.0;0.0;0.0;0.0;0.0;0.0;33.0;0.0;0.0;0.0;9.0;0.0;0.0
Amontada;SANTA CRUZ;-3.4522222222222;-39.776861111111;2022;6;65.0;0.0;9.0;0.0;0.0;47.0;9.0;0.0;0.0;0.0;0.0;0.0;0.0;0.0;0.0;0.0;0.0;0.0;0.0;0.0;0.0;0.0;0.0;0.0;0.0;0.0;0.0;0.0;0.0;0.0;0.0;888.0
Amontada;SANTA CRUZ;-3.4522222222222;-39.776861111111;2022;7;26.0;0.0;0.0;0.0;0.0;0.0;0.0;26.0;0.0;0.0;0.0;0.0;0.0;0.0;0.0;0.0;0.0;0.0;0.0;0.0;0.0;0.0;0.0;0.0;0.0;0.0;0.0;0.0;0.0;0.0;0.0;0.0
Amontada;SANTA CRUZ;-3.4522222222222;-39.776861111111;2022;8;0.0;0.0;0.0;0.0;0.0;0.0;0.0;0.0;0.0;0.0;0.0;0.0;0.0;0.0;0.0;0.0;0.0;0.0;0.0;0.0;0.0;0.0;0.0;0.0;0.0;0.0;0.0;0.0;0.0;0.0;0.0;0.0
Amontada;SANTA CRUZ;-3.4522222222222;-39.776861111111;2022;9;0.0;0.0;0.0;0.0;0.0;0.0;0.0;0.0;0.0;0.0;0.0;0.0;0.0;0.0;0.0;0.0;0.0;0.0;0.0;0.0;0.0;0.0;0.0;0.0;0.0;0.0;0.0;0.0;0.0;0.0;0.0;888.0
Amontada;SANTA CRUZ;-3.4522222222222;-39.776861111111;2022;10;0.0;0.0;0.0;0.0;0.0;0.0;0.0;0.0;0.0;0.0;0.0;0.0;0.0;0.0;0.0;0.0;0.0;0.0;0.0;0.0;0.0;0.0;0.0;0.0;0.0;0.0;0.0;0.0;0.0;0.0;0.0;0.0
Amontada;SANTA CRUZ;-3.4522222222222;-39.776861111111;2022;11;0.0;0.0;0.0;0.0;0.0;0.0;0.0;0.0;0.0;0.0;0.0;0.0;0.0;0.0;0.0;0.0;0.0;0.0;0.0;0.0;0.0;0.0;0.0;0.0;0.0;0.0;0.0;0.0;0.0;0.0;0.0;888.0
Amontada;SANTA CRUZ;-3.4522222222222;-39.776861111111;2022;12;76.0;0.0;0.0;0.0;0.0;0.0;0.0;0.0;0.0;0.0;0.0;0.0;0.0;0.0;0.0;0.0;0.0;0.0;0.0;0.0;0.0;0.0;0.0;76.0;0.0;0.0;0.0;0.0;0.0;0.0;0.0;0.0
Amontada;SANTA CRUZ;-3.4522222222222;-39.776861111111;2023;1;65.0;0.0;0.0;0.0;0.0;0.0;0.0;0.0;0.0;0.0;0.0;0.0;0.0;0.0;0.0;0.0;0.0;9.0;0.0;26.0;0.0;0.0;0.0;0.0;0.0;0.0;0.0;0.0;0.0;0.0;0.0;30.0
Amontada;SANTA CRUZ;-3.4522222222222;-39.776861111111;2023;2;161.0;41.0;0.0;13.0;0.0;0.0;0.0;19.0;0.0;0.0;0.0;0.0;0.0;0.0;0.0;23.0;0.0;0.0;0.0;0.0;0.0;0.0;0.0;0.0;8.0;50.0;0.0;7.0;0.0;888.0;888.0;888.0
Amontada;SANTA CRUZ;-3.4522222222222;-39.776861111111;2023;3;418.0;0.0;0.0;0.0;25.0;7.0;0.0;5.0;0.0;0.0;0.0;0.0;0.0;11.0;25.0;13.0;143.0;41.0;35.0;0.0;35.0;0.0;22.0;0.0;0.0;0.0;8.0;0.0;48.0;0.0;0.0;0.0
Amontada;SANTA CRUZ;-3.4522222222222;-39.776861111111;2023;4;179.0;0.0;0.0;0.0;27.0;0.0;20.0;0.0;0.0;0.0;6.0;26.0;0.0;0.0;0.0;0.0;0.0;0.0;10.0;0.0;47.0;0.0;0.0;0.0;0.0;0.0;0.0;43.0;0.0;0.0;0.0;888.0
Amontada;SANTA CRUZ;-3.4522222222222;-39.776861111111;2023;5;0.0;0.0;0.0;0.0;0.0;0.0;0.0;0.0;0.0;0.0;0.0;0.0;0.0;0.0;0.0;0.0;0.0;0.0;0.0;0.0;0.0;0.0;0.0;0.0;0.0;0.0;0.0;0.0;0.0;0.0;0.0;0.0
Amontada;SANTA CRUZ;-3.4522222222222;-39.776861111111;2023;6;48.0;0.0;0.0;0.0;0.0;0.0;0.0;0.0;0.0;0.0;0.0;0.0;0.0;0.0;0.0;0.0;0.0;0.0;0.0;0.0;0.0;0.0;0.0;0.0;48.0;0.0;0.0;0.0;0.0;0.0;0.0;888.0
Amontada;SANTA CRUZ;-3.4522222222222;-39.776861111111;2023;7;0.0;0.0;0.0;0.0;0.0;0.0;0.0;0.0;0.0;0.0;0.0;0.0;0.0;0.0;0.0;0.0;0.0;0.0;0.0;0.0;0.0;0.0;0.0;0.0;0.0;0.0;0.0;0.0;0.0;0.0;0.0;0.0
Amontada;SANTA CRUZ;-3.4522222222222;-39.776861111111;2023;8;0.0;0.0;0.0;0.0;0.0;0.0;0.0;0.0;0.0;0.0;0.0;0.0;0.0;0.0;0.0;0.0;0.0;0.0;0.0;0.0;0.0;0.0;0.0;0.0;0.0;0.0;0.0;0.0;0.0;0.0;0.0;0.0
Amontada;SANTA CRUZ;-3.4522222222222;-39.776861111111;2023;9;0.0;0.0;0.0;0.0;0.0;0.0;0.0;0.0;0.0;0.0;0.0;0.0;0.0;0.0;0.0;0.0;0.0;0.0;0.0;0.0;0.0;0.0;0.0;0.0;0.0;0.0;0.0;0.0;0.0;0.0;0.0;888.0
Amontada;SANTA CRUZ;-3.4522222222222;-39.776861111111;2023;10;0.0;0.0;0.0;0.0;0.0;0.0;0.0;0.0;0.0;0.0;0.0;0.0;0.0;0.0;0.0;0.0;0.0;0.0;0.0;0.0;0.0;0.0;0.0;0.0;0.0;0.0;0.0;0.0;0.0;0.0;0.0;0.0
Amontada;SANTA CRUZ;-3.4522222222222;-39.776861111111;2023;11;0.0;0.0;0.0;0.0;0.0;0.0;0.0;0.0;0.0;0.0;0.0;0.0;0.0;0.0;0.0;0.0;0.0;0.0;0.0;0.0;0.0;0.0;0.0;0.0;0.0;0.0;0.0;0.0;0.0;0.0;0.0;888.0
Amontada;SANTA CRUZ;-3.4522222222222;-39.776861111111;2023;12;0.0;0.0;0.0;0.0;0.0;0.0;0.0;0.0;0.0;0.0;0.0;0.0;0.0;0.0;0.0;0.0;0.0;0.0;0.0;0.0;0.0;0.0;0.0;0.0;0.0;0.0;0.0;0.0;0.0;0.0;0.0;0.0
Amontada;SANTA CRUZ;-3.4522222222222;-39.776861111111;2024;1;41.2;0.0;29.2;0.0;0.0;0.0;0.0;0.0;0.0;0.0;0.0;0.0;0.0;0.0;12.0;0.0;0.0;0.0;0.0;0.0;0.0;0.0;0.0;0.0;0.0;0.0;0.0;0.0;0.0;0.0;0.0;0.0
Amontada;SANTA CRUZ;-3.4522222222222;-39.776861111111;2024;2;213.0;0.0;0.0;0.0;0.0;0.0;0.0;0.0;0.0;0.0;0.0;14.0;0.0;0.0;0.0;0.0;0.0;0.0;0.0;0.0;20.0;25.0;0.0;19.0;0.0;0.0;0.0;35.0;100.0;0.0;888.0;888.0
Amontada;SANTA CRUZ;-3.4522222222222;-39.776861111111;2024;3;231.0;0.0;0.0;0.0;19.0;0.0;58.0;0.0;12.0;0.0;0.0;0.0;0.0;0.0;0.0;0.0;12.0;24.0;32.0;0.0;0.0;0.0;0.0;0.0;7.0;0.0;17.0;10.0;40.0;0.0;0.0;0.0
Amontada;SANTA CRUZ;-3.4522222222222;-39.776861111111;2024;4;275.0;0.0;18.0;0.0;25.0;25.0;0.0;31.0;0.0;57.0;0.0;0.0;31.0;0.0;0.0;19.0;0.0;0.0;0.0;19.0;0.0;0.0;0.0;0.0;0.0;0.0;28.0;0.0;0.0;0.0;22.0;888.0
Amontada;SANTA CRUZ;-3.4522222222222;-39.776861111111;2024;5;69.0;0.0;0.0;2.0;0.0;8.0;0.0;0.0;0.0;0.0;0.0;0.0;0.0;9.0;0.0;0.0;8.0;0.0;0.0;0.0;0.0;0.0;0.0;0.0;0.0;0.0;0.0;0.0;25.0;17.0;0.0;0.0
Amontada;SANTA CRUZ;-3.4522222222222;-39.776861111111;2024;6;33.0;0.0;0.0;0.0;0.0;0.0;0.0;5.0;0.0;9.0;0.0;0.0;0.0;0.0;0.0;0.0;0.0;0.0;0.0;0.0;0.0;4.0;0.0;15.0;0.0;0.0;0.0;0.0;0.0;0.0;0.0;888.0
Amontada;SANTA CRUZ;-3.4522222222222;-39.776861111111;2024;7;0.0;0.0;0.0;0.0;0.0;0.0;0.0;0.0;0.0;0.0;0.0;0.0;0.0;0.0;0.0;0.0;0.0;0.0;0.0;0.0;0.0;0.0;0.0;0.0;0.0;0.0;0.0;0.0;0.0;0.0;0.0;0.0
