Municipios;Postos;Latitude;Longitude;Anos;Meses;Total;Dia1;Dia2;Dia3;Dia4;Dia5;Dia6;Dia7;Dia8;Dia9;Dia10;Dia11;Dia12;Dia13;Dia14;Dia15;Dia16;Dia17;Dia18;Dia19;Dia20;Dia21;Dia22;Dia23;Dia24;Dia25;Dia26;Dia27;Dia28;Dia29;Dia30;Dia31
Ipaumirim;SITIO SAO PEDRO;-6.7482777777778;-38.812722222222;2013;3;0.0;999.0;999.0;999.0;999.0;999.0;999.0;999.0;999.0;999.0;999.0;999.0;999.0;999.0;999.0;999.0;999.0;999.0;999.0;999.0;999.0;999.0;999.0;999.0;999.0;999.0;999.0;999.0;999.0;999.0;999.0;999.0
Ipaumirim;SITIO SAO PEDRO;-6.7482777777778;-38.812722222222;2013;4;66.0;8.0;4.0;2.0;0.0;0.0;0.0;0.0;0.0;0.0;0.0;0.0;0.0;0.0;0.0;0.0;0.0;0.0;0.0;0.0;0.0;0.0;0.0;0.0;0.0;42.0;0.0;0.0;0.0;10.0;0.0;888.0
Ipaumirim;SITIO SAO PEDRO;-6.7482777777778;-38.812722222222;2013;5;70.0;0.0;0.0;0.0;0.0;0.0;0.0;0.0;0.0;35.0;0.0;0.0;0.0;0.0;0.0;0.0;0.0;0.0;0.0;0.0;0.0;0.0;0.0;0.0;0.0;0.0;35.0;0.0;0.0;0.0;0.0;0.0
Ipaumirim;SITIO SAO PEDRO;-6.7482777777778;-38.812722222222;2014;1;0.0;0.0;0.0;0.0;0.0;0.0;0.0;0.0;0.0;0.0;0.0;0.0;0.0;0.0;0.0;0.0;0.0;0.0;0.0;0.0;0.0;0.0;0.0;0.0;0.0;0.0;0.0;0.0;0.0;0.0;0.0;0.0
Ipaumirim;SITIO SAO PEDRO;-6.7482777777778;-38.812722222222;2014;2;0.0;0.0;0.0;0.0;0.0;0.0;0.0;0.0;0.0;0.0;0.0;0.0;0.0;0.0;0.0;0.0;0.0;0.0;0.0;0.0;0.0;0.0;0.0;0.0;0.0;0.0;0.0;0.0;0.0;888.0;888.0;888.0
Ipaumirim;SITIO SAO PEDRO;-6.7482777777778;-38.812722222222;2014;3;352.0;0.0;0.0;0.0;0.0;0.0;132.0;0.0;0.0;38.0;32.0;0.0;0.0;0.0;0.0;0.0;80.0;10.0;0.0;0.0;0.0;0.0;0.0;0.0;0.0;0.0;0.0;10.0;0.0;0.0;0.0;50.0
Ipaumirim;SITIO SAO PEDRO;-6.7482777777778;-38.812722222222;2014;4;217.0;10.0;18.0;0.0;72.0;0.0;0.0;22.0;25.0;0.0;0.0;0.0;70.0;0.0;0.0;0.0;0.0;0.0;0.0;0.0;0.0;0.0;0.0;0.0;0.0;0.0;0.0;0.0;0.0;0.0;0.0;888.0
Ipaumirim;SITIO SAO PEDRO;-6.7482777777778;-38.812722222222;2014;5;70.0;0.0;0.0;0.0;0.0;0.0;0.0;0.0;0.0;0.0;0.0;0.0;0.0;0.0;0.0;0.0;0.0;0.0;0.0;0.0;0.0;0.0;0.0;0.0;0.0;0.0;0.0;0.0;0.0;70.0;0.0;0.0
Ipaumirim;SITIO SAO PEDRO;-6.7482777777778;-38.812722222222;2014;6;0.0;0.0;0.0;0.0;0.0;0.0;0.0;0.0;0.0;0.0;0.0;0.0;0.0;0.0;999.0;999.0;999.0;999.0;999.0;999.0;999.0;999.0;999.0;999.0;999.0;999.0;999.0;999.0;999.0;999.0;999.0;888.0
Ipaumirim;SITIO SAO PEDRO;-6.7482777777778;-38.812722222222;2014;11;57.0;0.0;0.0;0.0;0.0;0.0;0.0;0.0;0.0;0.0;0.0;0.0;0.0;0.0;0.0;0.0;0.0;0.0;0.0;10.0;47.0;999.0;999.0;999.0;999.0;999.0;999.0;999.0;999.0;999.0;999.0;888.0
Ipaumirim;SITIO SAO PEDRO;-6.7482777777778;-38.812722222222;2015;1;32.5;0.0;0.0;0.0;0.0;32.0;0.0;0.0;0.0;0.0;0.5;0.0;0.0;0.0;0.0;0.0;0.0;0.0;0.0;0.0;0.0;0.0;0.0;0.0;0.0;0.0;0.0;0.0;0.0;0.0;0.0;0.0
Ipaumirim;SITIO SAO PEDRO;-6.7482777777778;-38.812722222222;2015;2;75.0;0.0;0.0;0.0;0.0;36.0;0.0;0.0;0.0;0.0;0.0;0.0;0.0;0.0;0.0;0.0;0.0;0.0;0.0;0.0;0.0;0.0;0.0;0.0;0.0;39.0;0.0;0.0;0.0;888.0;888.0;888.0
Ipaumirim;SITIO SAO PEDRO;-6.7482777777778;-38.812722222222;2015;3;66.0;0.0;0.0;0.0;0.0;0.0;0.0;0.0;0.0;0.0;0.0;0.0;0.0;0.0;0.0;0.0;0.0;0.0;0.0;0.0;0.0;9.0;43.0;0.0;0.0;0.0;14.0;0.0;0.0;0.0;0.0;0.0
Ipaumirim;SITIO SAO PEDRO;-6.7482777777778;-38.812722222222;2015;4;14.0;0.0;0.0;0.0;0.0;0.0;0.0;0.0;0.0;14.0;0.0;0.0;0.0;0.0;0.0;0.0;0.0;0.0;0.0;0.0;0.0;0.0;0.0;0.0;0.0;0.0;0.0;0.0;0.0;0.0;0.0;888.0
Ipaumirim;SITIO SAO PEDRO;-6.7482777777778;-38.812722222222;2015;5;0.0;0.0;0.0;0.0;0.0;0.0;0.0;0.0;0.0;0.0;0.0;0.0;0.0;0.0;0.0;0.0;0.0;0.0;0.0;0.0;0.0;0.0;0.0;0.0;0.0;0.0;0.0;0.0;0.0;0.0;0.0;0.0
Ipaumirim;SITIO SAO PEDRO;-6.7482777777778;-38.812722222222;2015;6;0.0;0.0;0.0;0.0;0.0;0.0;0.0;0.0;0.0;0.0;0.0;0.0;0.0;0.0;0.0;0.0;0.0;0.0;0.0;0.0;0.0;0.0;0.0;0.0;0.0;0.0;0.0;0.0;0.0;0.0;0.0;888.0
Ipaumirim;SITIO SAO PEDRO;-6.7482777777778;-38.812722222222;2015;7;0.0;0.0;0.0;0.0;0.0;0.0;0.0;0.0;0.0;0.0;0.0;0.0;0.0;0.0;0.0;0.0;0.0;0.0;0.0;0.0;0.0;0.0;0.0;0.0;0.0;0.0;0.0;0.0;0.0;0.0;0.0;0.0
Ipaumirim;SITIO SAO PEDRO;-6.7482777777778;-38.812722222222;2015;8;0.0;0.0;0.0;0.0;0.0;0.0;0.0;0.0;0.0;0.0;0.0;0.0;0.0;0.0;0.0;0.0;0.0;0.0;0.0;0.0;0.0;0.0;0.0;0.0;0.0;0.0;0.0;0.0;0.0;0.0;0.0;0.0
Ipaumirim;SITIO SAO PEDRO;-6.7482777777778;-38.812722222222;2015;9;0.0;0.0;0.0;0.0;0.0;0.0;0.0;0.0;0.0;0.0;0.0;0.0;0.0;0.0;0.0;0.0;0.0;0.0;0.0;0.0;0.0;0.0;0.0;0.0;0.0;0.0;0.0;0.0;0.0;0.0;0.0;888.0
Ipaumirim;SITIO SAO PEDRO;-6.7482777777778;-38.812722222222;2015;10;0.0;0.0;0.0;0.0;0.0;0.0;0.0;0.0;0.0;0.0;0.0;0.0;0.0;0.0;0.0;0.0;0.0;0.0;0.0;0.0;0.0;0.0;0.0;0.0;0.0;0.0;0.0;0.0;0.0;0.0;0.0;0.0
Ipaumirim;SITIO SAO PEDRO;-6.7482777777778;-38.812722222222;2015;11;0.0;0.0;0.0;0.0;0.0;0.0;0.0;0.0;0.0;0.0;0.0;0.0;0.0;0.0;0.0;0.0;0.0;0.0;0.0;0.0;0.0;0.0;0.0;0.0;0.0;0.0;0.0;0.0;0.0;0.0;0.0;888.0
Ipaumirim;SITIO SAO PEDRO;-6.7482777777778;-38.812722222222;2015;12;0.0;0.0;0.0;0.0;0.0;0.0;0.0;0.0;0.0;0.0;0.0;0.0;0.0;0.0;0.0;0.0;0.0;0.0;0.0;0.0;0.0;0.0;0.0;0.0;0.0;0.0;0.0;0.0;0.0;0.0;0.0;0.0
Ipaumirim;SITIO SAO PEDRO;-6.7482777777778;-38.812722222222;2016;1;136.0;0.0;0.0;0.0;0.0;0.0;0.0;45.0;29.0;0.0;29.0;0.0;0.0;0.0;0.0;0.0;0.0;0.0;4.0;0.0;0.0;3.0;8.0;5.0;0.0;0.0;13.0;0.0;0.0;0.0;0.0;0.0
Ipaumirim;SITIO SAO PEDRO;-6.7482777777778;-38.812722222222;2016;2;12.0;1.0;4.0;0.0;0.0;0.0;0.0;0.0;0.0;0.0;0.0;0.0;0.0;0.0;0.0;0.0;0.0;0.0;0.0;0.0;0.0;0.0;0.0;0.0;7.0;0.0;0.0;0.0;0.0;0.0;888.0;888.0
Ipaumirim;SITIO SAO PEDRO;-6.7482777777778;-38.812722222222;2016;3;290.5;0.0;0.0;0.0;0.0;0.0;0.0;0.0;0.0;55.0;15.0;11.0;0.0;0.0;3.0;3.0;0.0;0.0;0.0;0.0;0.0;32.0;102.0;0.0;0.0;0.0;4.0;3.5;40.0;4.0;18.0;0.0
Ipaumirim;SITIO SAO PEDRO;-6.7482777777778;-38.812722222222;2016;4;68.5;0.0;0.0;0.0;3.5;15.0;5.0;0.0;0.0;0.0;0.0;0.0;10.0;0.0;0.0;20.0;12.0;0.0;3.0;0.0;0.0;0.0;0.0;0.0;0.0;0.0;0.0;0.0;0.0;0.0;0.0;888.0
Ipaumirim;SITIO SAO PEDRO;-6.7482777777778;-38.812722222222;2016;5;55.5;0.0;0.0;27.5;0.0;0.0;0.0;0.0;0.0;0.0;3.0;0.0;0.0;0.0;25.0;0.0;0.0;0.0;0.0;0.0;0.0;0.0;0.0;0.0;0.0;0.0;0.0;0.0;0.0;0.0;0.0;0.0
Ipaumirim;SITIO SAO PEDRO;-6.7482777777778;-38.812722222222;2016;6;0.0;0.0;0.0;0.0;0.0;0.0;0.0;0.0;0.0;0.0;0.0;0.0;0.0;0.0;0.0;0.0;0.0;0.0;0.0;0.0;0.0;0.0;0.0;0.0;0.0;0.0;0.0;0.0;0.0;0.0;0.0;888.0
Ipaumirim;SITIO SAO PEDRO;-6.7482777777778;-38.812722222222;2016;7;0.0;0.0;0.0;0.0;0.0;0.0;0.0;0.0;0.0;0.0;0.0;0.0;0.0;0.0;0.0;0.0;0.0;0.0;0.0;0.0;0.0;0.0;0.0;0.0;0.0;0.0;0.0;0.0;0.0;0.0;0.0;0.0
Ipaumirim;SITIO SAO PEDRO;-6.7482777777778;-38.812722222222;2016;8;0.0;0.0;0.0;0.0;0.0;0.0;0.0;0.0;0.0;0.0;0.0;0.0;0.0;0.0;0.0;0.0;0.0;0.0;0.0;0.0;0.0;0.0;0.0;0.0;0.0;0.0;0.0;0.0;0.0;0.0;0.0;0.0
Ipaumirim;SITIO SAO PEDRO;-6.7482777777778;-38.812722222222;2016;9;0.0;0.0;0.0;0.0;0.0;0.0;0.0;0.0;0.0;0.0;0.0;0.0;0.0;0.0;0.0;0.0;0.0;0.0;0.0;0.0;0.0;0.0;0.0;0.0;0.0;0.0;0.0;0.0;0.0;0.0;0.0;888.0
Ipaumirim;SITIO SAO PEDRO;-6.7482777777778;-38.812722222222;2016;10;0.0;0.0;0.0;0.0;0.0;0.0;0.0;0.0;0.0;0.0;0.0;0.0;0.0;0.0;0.0;0.0;0.0;0.0;0.0;0.0;0.0;0.0;0.0;0.0;0.0;0.0;0.0;0.0;0.0;0.0;0.0;0.0
Ipaumirim;SITIO SAO PEDRO;-6.7482777777778;-38.812722222222;2016;11;0.0;0.0;0.0;0.0;0.0;0.0;0.0;0.0;0.0;0.0;0.0;0.0;0.0;0.0;0.0;0.0;0.0;0.0;0.0;0.0;0.0;0.0;0.0;0.0;0.0;0.0;0.0;0.0;0.0;0.0;0.0;888.0
Ipaumirim;SITIO SAO PEDRO;-6.7482777777778;-38.812722222222;2016;12;52.0;0.0;0.0;0.0;0.0;0.0;0.0;0.0;0.0;0.0;0.0;0.0;0.0;0.0;42.0;0.0;10.0;0.0;0.0;0.0;0.0;0.0;0.0;0.0;0.0;0.0;0.0;0.0;0.0;0.0;0.0;0.0
Ipaumirim;SITIO SAO PEDRO;-6.7482777777778;-38.812722222222;2017;1;225.0;0.0;0.0;0.0;0.0;0.0;0.0;0.0;0.0;0.0;0.0;0.0;0.0;0.0;3.0;0.0;0.0;92.0;0.0;0.0;14.0;0.0;0.0;16.0;7.0;0.0;83.0;10.0;0.0;0.0;0.0;0.0
Ipaumirim;SITIO SAO PEDRO;-6.7482777777778;-38.812722222222;2017;2;67.0;0.0;0.0;0.0;0.0;0.0;0.0;0.0;0.0;10.0;1.0;4.0;0.0;0.0;0.0;16.0;0.0;0.0;13.0;4.0;6.0;5.0;3.0;0.0;0.0;0.0;0.0;0.0;5.0;888.0;888.0;888.0
Ipaumirim;SITIO SAO PEDRO;-6.7482777777778;-38.812722222222;2017;3;129.0;23.0;0.0;0.0;6.0;22.0;5.0;0.0;0.0;0.0;10.0;27.0;10.0;3.0;9.0;2.0;0.0;11.0;0.0;0.0;1.0;0.0;0.0;999.0;999.0;999.0;999.0;999.0;999.0;999.0;999.0;999.0
Ipaumirim;SITIO SAO PEDRO;-6.7482777777778;-38.812722222222;2018;1;149.5;0.0;0.0;0.0;0.0;0.0;0.0;0.0;0.0;0.0;0.0;0.0;0.0;0.0;0.0;0.0;0.0;0.0;0.0;0.0;90.0;0.0;0.0;20.0;0.0;0.0;0.0;39.5;0.0;0.0;0.0;0.0
Ipaumirim;SITIO SAO PEDRO;-6.7482777777778;-38.812722222222;2018;2;217.3;0.0;0.0;0.0;0.0;0.0;0.0;0.0;44.0;0.0;0.0;18.0;0.0;0.0;28.5;11.5;13.5;13.0;25.0;20.0;12.0;0.0;0.0;3.0;10.0;4.0;0.0;13.8;1.0;888.0;888.0;888.0
Ipaumirim;SITIO SAO PEDRO;-6.7482777777778;-38.812722222222;2018;3;85.0;0.0;0.0;18.0;0.0;0.0;0.0;0.0;0.0;0.0;0.0;0.0;0.0;0.0;0.0;0.0;16.0;0.0;0.0;0.0;0.0;0.0;0.0;0.0;0.0;11.0;0.0;36.0;4.0;0.0;0.0;0.0
Ipaumirim;SITIO SAO PEDRO;-6.7482777777778;-38.812722222222;2018;4;334.0;0.0;16.0;8.0;0.0;0.0;6.0;25.0;36.0;30.0;45.0;0.0;0.0;89.0;0.0;0.0;0.0;0.0;0.0;0.0;43.0;9.0;0.0;0.0;0.0;0.0;0.0;0.0;0.0;0.0;27.0;888.0
Ipaumirim;SITIO SAO PEDRO;-6.7482777777778;-38.812722222222;2018;5;25.0;10.0;0.0;0.0;0.0;0.0;0.0;0.0;0.0;0.0;0.0;7.0;0.0;0.0;0.0;0.0;0.0;0.0;0.0;0.0;0.0;0.0;0.0;0.0;0.0;8.0;0.0;0.0;0.0;0.0;0.0;0.0
Ipaumirim;SITIO SAO PEDRO;-6.7482777777778;-38.812722222222;2018;6;14.0;0.0;0.0;0.0;0.0;0.0;0.0;0.0;0.0;5.0;0.0;0.0;0.0;0.0;2.0;0.0;0.0;0.0;0.0;0.0;0.0;0.0;0.0;7.0;0.0;0.0;0.0;0.0;0.0;0.0;0.0;888.0
Ipaumirim;SITIO SAO PEDRO;-6.7482777777778;-38.812722222222;2018;7;0.0;0.0;0.0;0.0;0.0;0.0;0.0;0.0;0.0;0.0;0.0;0.0;0.0;0.0;0.0;0.0;0.0;0.0;0.0;0.0;0.0;0.0;0.0;0.0;0.0;0.0;0.0;0.0;0.0;0.0;0.0;0.0
Ipaumirim;SITIO SAO PEDRO;-6.7482777777778;-38.812722222222;2018;8;0.0;0.0;0.0;0.0;0.0;0.0;0.0;0.0;0.0;0.0;0.0;0.0;0.0;0.0;0.0;0.0;0.0;0.0;0.0;0.0;0.0;0.0;0.0;0.0;0.0;0.0;0.0;0.0;0.0;0.0;0.0;0.0
Ipaumirim;SITIO SAO PEDRO;-6.7482777777778;-38.812722222222;2018;9;0.0;0.0;0.0;0.0;0.0;0.0;0.0;0.0;0.0;0.0;0.0;0.0;0.0;0.0;0.0;0.0;0.0;0.0;0.0;0.0;0.0;0.0;0.0;0.0;0.0;0.0;0.0;0.0;0.0;0.0;0.0;888.0
Ipaumirim;SITIO SAO PEDRO;-6.7482777777778;-38.812722222222;2018;10;12.0;0.0;0.0;0.0;0.0;0.0;0.0;0.0;0.0;0.0;0.0;0.0;0.0;0.0;0.0;0.0;12.0;0.0;0.0;0.0;0.0;0.0;0.0;0.0;0.0;0.0;0.0;0.0;0.0;0.0;0.0;0.0
Ipaumirim;SITIO SAO PEDRO;-6.7482777777778;-38.812722222222;2018;11;47.8;0.0;0.0;0.0;0.0;0.0;0.0;0.0;0.0;0.0;0.0;0.0;0.0;0.0;0.0;0.0;0.0;0.0;0.0;0.0;0.0;0.0;0.0;0.0;0.0;30.0;0.0;17.8;0.0;0.0;0.0;888.0
Ipaumirim;SITIO SAO PEDRO;-6.7482777777778;-38.812722222222;2018;12;200.1;0.0;0.0;0.0;0.0;14.2;8.8;0.0;16.8;0.0;0.0;7.8;0.0;0.0;25.0;0.0;0.0;0.0;34.5;0.0;0.0;0.0;0.0;0.0;93.0;0.0;0.0;0.0;0.0;0.0;0.0;0.0
Ipaumirim;SITIO SAO PEDRO;-6.7482777777778;-38.812722222222;2019;1;107.5;0.0;0.0;0.0;0.0;0.0;0.0;0.0;5.0;0.0;29.0;0.0;0.0;0.0;14.0;0.0;13.0;6.0;0.0;0.0;0.0;0.0;0.0;6.5;0.0;0.0;0.0;0.0;0.0;5.0;29.0;0.0
Ipaumirim;SITIO SAO PEDRO;-6.7482777777778;-38.812722222222;2019;2;124.5;0.0;6.0;0.0;0.0;0.0;19.0;37.0;0.0;0.0;0.0;5.5;0.0;0.0;0.0;0.0;17.0;0.0;13.0;0.0;10.0;12.0;5.0;0.0;0.0;0.0;0.0;0.0;0.0;888.0;888.0;888.0
Ipaumirim;SITIO SAO PEDRO;-6.7482777777778;-38.812722222222;2019;3;238.3;0.0;58.0;0.0;8.0;0.0;0.0;0.0;0.0;0.0;0.0;0.0;7.0;0.0;0.0;16.0;0.0;0.0;0.0;2.0;0.0;0.0;0.0;0.0;26.0;21.0;1.8;5.0;0.0;5.0;88.5;0.0
Ipaumirim;SITIO SAO PEDRO;-6.7482777777778;-38.812722222222;2019;4;154.4;1.8;0.0;31.6;0.0;0.0;0.0;23.0;0.0;0.0;0.0;0.0;0.0;0.0;0.0;0.0;0.0;0.0;0.0;0.0;16.0;0.0;3.5;0.0;5.5;14.5;0.0;55.0;0.0;0.0;3.5;888.0
Ipaumirim;SITIO SAO PEDRO;-6.7482777777778;-38.812722222222;2019;5;36.5;0.0;0.0;3.5;0.0;0.0;0.0;0.0;0.0;33.0;0.0;0.0;0.0;0.0;0.0;0.0;0.0;0.0;0.0;0.0;0.0;0.0;0.0;0.0;0.0;0.0;0.0;0.0;0.0;0.0;0.0;0.0
Ipaumirim;SITIO SAO PEDRO;-6.7482777777778;-38.812722222222;2019;6;0.0;0.0;0.0;0.0;0.0;0.0;0.0;0.0;0.0;0.0;0.0;0.0;0.0;0.0;0.0;0.0;0.0;0.0;0.0;0.0;0.0;0.0;0.0;0.0;0.0;0.0;0.0;0.0;0.0;0.0;0.0;888.0
Ipaumirim;SITIO SAO PEDRO;-6.7482777777778;-38.812722222222;2019;7;14.0;0.0;0.0;0.0;0.0;0.0;0.0;0.0;0.0;0.0;0.0;0.0;0.0;0.0;0.0;0.0;0.0;0.0;0.0;0.0;0.0;12.0;2.0;0.0;0.0;0.0;0.0;0.0;0.0;0.0;0.0;0.0
Ipaumirim;SITIO SAO PEDRO;-6.7482777777778;-38.812722222222;2019;8;0.0;0.0;0.0;0.0;0.0;0.0;0.0;0.0;0.0;0.0;0.0;0.0;0.0;0.0;0.0;0.0;0.0;0.0;0.0;0.0;0.0;0.0;0.0;0.0;0.0;0.0;0.0;0.0;0.0;0.0;0.0;0.0
Ipaumirim;SITIO SAO PEDRO;-6.7482777777778;-38.812722222222;2019;9;0.0;0.0;0.0;0.0;0.0;0.0;0.0;0.0;0.0;0.0;0.0;0.0;0.0;0.0;0.0;0.0;0.0;0.0;0.0;0.0;0.0;0.0;0.0;0.0;0.0;0.0;0.0;0.0;0.0;0.0;0.0;888.0
Ipaumirim;SITIO SAO PEDRO;-6.7482777777778;-38.812722222222;2019;10;0.0;0.0;0.0;0.0;0.0;0.0;0.0;0.0;0.0;0.0;0.0;0.0;0.0;0.0;0.0;0.0;0.0;0.0;0.0;0.0;0.0;0.0;0.0;0.0;0.0;0.0;0.0;0.0;0.0;0.0;0.0;0.0
Ipaumirim;SITIO SAO PEDRO;-6.7482777777778;-38.812722222222;2019;11;13.0;0.0;0.0;0.0;0.0;0.0;0.0;0.0;0.0;0.0;0.0;0.0;0.0;0.0;0.0;0.0;0.0;0.0;0.0;13.0;0.0;0.0;0.0;0.0;0.0;0.0;0.0;0.0;0.0;0.0;0.0;888.0
Ipaumirim;SITIO SAO PEDRO;-6.7482777777778;-38.812722222222;2019;12;28.0;0.0;0.0;0.0;0.0;0.0;0.0;0.0;0.0;0.0;0.0;0.0;0.0;0.0;0.0;0.0;0.0;0.0;0.0;0.0;0.0;0.0;0.0;0.0;0.0;0.0;0.0;0.0;0.0;0.0;28.0;0.0
Ipaumirim;SITIO SAO PEDRO;-6.7482777777778;-38.812722222222;2020;1;130.0;0.0;40.0;0.0;0.0;0.0;0.0;0.0;0.0;21.0;15.0;11.0;0.0;0.0;0.0;15.0;0.0;0.0;0.0;0.0;0.0;0.0;0.0;0.0;0.0;0.0;0.0;15.0;6.0;0.0;0.0;7.0
Ipaumirim;SITIO SAO PEDRO;-6.7482777777778;-38.812722222222;2020;2;372.0;0.0;0.0;0.0;42.0;0.0;0.0;0.0;0.0;0.0;22.5;0.0;0.0;0.0;0.0;29.0;0.0;47.0;58.0;0.0;0.0;64.0;4.0;43.0;36.5;6.0;0.0;20.0;0.0;0.0;888.0;888.0
Ipaumirim;SITIO SAO PEDRO;-6.7482777777778;-38.812722222222;2020;3;333.5;41.0;0.0;0.0;1.0;0.0;0.0;14.0;0.0;12.0;11.0;0.0;0.0;0.0;0.0;0.0;89.0;0.0;44.0;0.0;0.0;0.0;37.0;4.0;1.0;51.0;16.5;0.0;0.0;0.0;12.0;0.0
Ipaumirim;SITIO SAO PEDRO;-6.7482777777778;-38.812722222222;2020;4;233.8;7.0;11.5;3.0;8.5;3.5;0.0;0.0;0.0;0.0;4.5;0.0;0.0;0.0;0.0;0.0;0.0;42.0;0.0;10.0;55.0;0.0;0.0;57.5;0.0;0.0;0.0;10.5;18.0;0.0;2.8;888.0
Ipaumirim;SITIO SAO PEDRO;-6.7482777777778;-38.812722222222;2020;5;51.4;2.8;0.0;0.0;0.0;0.0;0.0;0.0;0.0;0.0;0.0;0.0;0.0;0.0;0.0;0.0;0.0;0.0;10.0;0.0;0.0;0.0;7.2;13.6;15.8;0.0;2.0;0.0;0.0;0.0;0.0;0.0
Ipaumirim;SITIO SAO PEDRO;-6.7482777777778;-38.812722222222;2020;6;31.8;0.0;1.8;0.0;0.0;0.0;0.0;0.0;3.0;0.0;0.0;0.0;0.0;0.0;0.0;0.0;0.0;0.0;0.0;0.0;27.0;0.0;0.0;0.0;0.0;0.0;0.0;0.0;0.0;0.0;0.0;888.0
Ipaumirim;SITIO SAO PEDRO;-6.7482777777778;-38.812722222222;2020;7;0.0;0.0;0.0;0.0;0.0;0.0;0.0;0.0;0.0;0.0;0.0;0.0;0.0;0.0;0.0;0.0;0.0;0.0;0.0;0.0;0.0;0.0;0.0;0.0;0.0;0.0;0.0;0.0;0.0;0.0;0.0;0.0
Ipaumirim;SITIO SAO PEDRO;-6.7482777777778;-38.812722222222;2020;8;0.0;0.0;0.0;0.0;0.0;0.0;0.0;0.0;0.0;0.0;0.0;0.0;0.0;0.0;0.0;0.0;0.0;0.0;0.0;0.0;0.0;0.0;0.0;0.0;0.0;0.0;0.0;0.0;0.0;0.0;0.0;0.0
Ipaumirim;SITIO SAO PEDRO;-6.7482777777778;-38.812722222222;2020;9;0.0;0.0;0.0;0.0;0.0;0.0;0.0;0.0;0.0;0.0;0.0;0.0;0.0;0.0;0.0;0.0;0.0;0.0;0.0;0.0;0.0;0.0;0.0;0.0;0.0;0.0;0.0;0.0;0.0;0.0;0.0;888.0
Ipaumirim;SITIO SAO PEDRO;-6.7482777777778;-38.812722222222;2020;10;0.0;0.0;0.0;0.0;0.0;0.0;0.0;0.0;0.0;0.0;0.0;0.0;0.0;0.0;0.0;0.0;0.0;0.0;0.0;0.0;0.0;0.0;0.0;0.0;0.0;0.0;0.0;0.0;0.0;0.0;0.0;0.0
Ipaumirim;SITIO SAO PEDRO;-6.7482777777778;-38.812722222222;2020;11;65.0;0.0;0.0;65.0;0.0;0.0;0.0;0.0;0.0;0.0;0.0;0.0;0.0;0.0;0.0;0.0;0.0;0.0;0.0;0.0;0.0;0.0;0.0;0.0;0.0;0.0;0.0;0.0;0.0;0.0;0.0;888.0
Ipaumirim;SITIO SAO PEDRO;-6.7482777777778;-38.812722222222;2020;12;0.0;0.0;0.0;0.0;0.0;0.0;0.0;0.0;0.0;0.0;0.0;0.0;0.0;0.0;0.0;0.0;0.0;0.0;0.0;0.0;0.0;0.0;0.0;0.0;0.0;0.0;0.0;0.0;0.0;0.0;0.0;0.0
Ipaumirim;SITIO SAO PEDRO;-6.7482777777778;-38.812722222222;2021;1;145.5;0.0;0.0;0.0;0.0;0.0;0.0;0.0;0.0;0.0;0.0;0.0;0.0;0.0;34.0;0.0;0.0;0.0;23.0;28.0;0.0;0.0;19.0;0.0;0.0;0.0;7.0;2.5;25.0;0.0;7.0;0.0
Ipaumirim;SITIO SAO PEDRO;-6.7482777777778;-38.812722222222;2021;2;171.0;0.0;0.0;0.0;0.0;0.0;0.0;0.0;0.0;15.0;0.0;2.0;5.0;10.0;87.0;0.0;0.0;16.0;0.0;0.0;0.0;0.0;0.0;0.0;26.0;0.0;0.0;10.0;0.0;888.0;888.0;888.0
Ipaumirim;SITIO SAO PEDRO;-6.7482777777778;-38.812722222222;2021;3;61.0;0.0;5.0;0.0;0.0;12.0;0.0;0.0;0.0;0.0;0.0;0.0;0.0;0.0;0.0;0.0;0.0;0.0;12.0;0.0;0.0;13.0;5.0;0.0;0.0;0.0;0.0;0.0;0.0;0.0;14.0;0.0
Ipaumirim;SITIO SAO PEDRO;-6.7482777777778;-38.812722222222;2021;4;201.1;0.0;0.0;0.0;0.0;0.0;0.0;0.0;0.0;0.0;0.0;0.0;38.0;1.5;0.0;0.0;33.0;0.0;4.0;29.0;0.0;0.0;8.2;0.0;0.0;21.0;0.0;0.0;0.0;61.0;5.4;888.0
Ipaumirim;SITIO SAO PEDRO;-6.7482777777778;-38.812722222222;2021;5;62.7;0.0;0.0;0.0;0.0;12.5;27.2;0.0;0.0;0.0;0.0;0.0;0.0;0.0;9.0;14.0;0.0;0.0;0.0;0.0;0.0;0.0;0.0;0.0;0.0;0.0;0.0;0.0;0.0;0.0;0.0;0.0
Ipaumirim;SITIO SAO PEDRO;-6.7482777777778;-38.812722222222;2021;6;9.5;0.0;0.0;9.5;0.0;0.0;0.0;0.0;0.0;0.0;0.0;0.0;0.0;0.0;0.0;0.0;0.0;0.0;0.0;0.0;0.0;0.0;0.0;0.0;0.0;0.0;0.0;0.0;0.0;0.0;0.0;888.0
Ipaumirim;SITIO SAO PEDRO;-6.7482777777778;-38.812722222222;2021;7;0.0;0.0;0.0;0.0;0.0;0.0;0.0;0.0;0.0;0.0;0.0;0.0;0.0;0.0;0.0;0.0;0.0;0.0;0.0;0.0;0.0;0.0;0.0;0.0;0.0;0.0;0.0;0.0;0.0;0.0;0.0;0.0
Ipaumirim;SITIO SAO PEDRO;-6.7482777777778;-38.812722222222;2021;8;0.0;0.0;0.0;0.0;0.0;0.0;0.0;0.0;0.0;0.0;0.0;0.0;0.0;0.0;0.0;0.0;0.0;0.0;0.0;0.0;0.0;0.0;0.0;0.0;0.0;0.0;0.0;0.0;0.0;0.0;0.0;0.0
Ipaumirim;SITIO SAO PEDRO;-6.7482777777778;-38.812722222222;2021;9;0.0;0.0;0.0;0.0;0.0;0.0;0.0;0.0;0.0;0.0;0.0;0.0;0.0;0.0;0.0;0.0;0.0;0.0;0.0;0.0;0.0;0.0;0.0;0.0;0.0;0.0;0.0;0.0;0.0;0.0;0.0;888.0
Ipaumirim;SITIO SAO PEDRO;-6.7482777777778;-38.812722222222;2021;10;0.0;0.0;0.0;0.0;0.0;0.0;0.0;0.0;0.0;0.0;0.0;0.0;0.0;0.0;0.0;0.0;0.0;0.0;0.0;0.0;0.0;0.0;0.0;0.0;0.0;0.0;0.0;0.0;0.0;0.0;0.0;0.0
Ipaumirim;SITIO SAO PEDRO;-6.7482777777778;-38.812722222222;2021;11;123.9;0.0;0.0;0.0;0.0;0.0;0.0;0.0;0.0;2.5;0.0;0.0;0.0;89.0;0.0;32.4;0.0;0.0;0.0;0.0;0.0;0.0;0.0;0.0;0.0;0.0;0.0;0.0;0.0;0.0;0.0;888.0
Ipaumirim;SITIO SAO PEDRO;-6.7482777777778;-38.812722222222;2021;12;81.6;0.0;0.0;0.0;0.0;11.6;0.0;0.0;0.0;0.0;0.0;0.0;0.0;0.0;0.0;0.0;0.0;0.0;0.0;0.0;0.0;0.0;0.0;0.0;0.0;0.0;33.0;35.0;0.0;0.0;0.0;2.0
Ipaumirim;SITIO SAO PEDRO;-6.7482777777778;-38.812722222222;2022;1;214.5;32.0;23.0;43.0;0.0;0.0;0.0;2.0;0.0;0.0;0.0;0.0;0.0;12.5;8.0;2.0;10.0;0.0;0.0;0.0;0.0;0.0;0.0;0.0;0.0;0.0;0.0;45.0;37.0;0.0;0.0;0.0
Ipaumirim;SITIO SAO PEDRO;-6.7482777777778;-38.812722222222;2022;2;96.0;0.0;0.0;0.0;0.0;22.5;0.0;0.0;0.0;0.0;0.0;0.0;0.0;0.0;12.0;0.0;9.5;6.0;3.0;0.0;29.0;4.5;0.0;0.0;0.0;0.0;0.0;3.0;6.5;888.0;888.0;888.0
Ipaumirim;SITIO SAO PEDRO;-6.7482777777778;-38.812722222222;2022;3;352.5;0.0;6.5;67.9;54.0;0.0;0.0;0.0;0.0;33.0;8.0;14.0;17.5;0.0;0.0;0.0;87.5;18.0;7.0;0.0;0.0;8.0;10.5;5.8;0.0;8.0;0.0;0.0;6.8;0.0;0.0;0.0
Ipaumirim;SITIO SAO PEDRO;-6.7482777777778;-38.812722222222;2022;4;169.5;0.0;23.0;0.0;0.0;0.0;0.0;0.0;12.0;0.0;0.0;0.0;8.0;30.0;0.0;0.0;0.0;8.0;20.0;0.0;0.0;0.0;0.0;0.0;50.0;0.0;0.0;0.0;18.5;0.0;0.0;888.0
Ipaumirim;SITIO SAO PEDRO;-6.7482777777778;-38.812722222222;2022;5;38.0;0.0;0.0;0.0;0.0;0.0;0.0;0.0;0.0;0.0;0.0;0.0;0.0;22.0;0.0;0.0;0.0;0.0;0.0;0.0;0.0;0.0;0.0;0.0;0.0;0.0;0.0;0.0;0.0;0.0;16.0;0.0
Ipaumirim;SITIO SAO PEDRO;-6.7482777777778;-38.812722222222;2022;6;107.5;0.0;31.0;10.0;0.0;38.0;0.0;0.0;0.0;0.0;5.0;6.0;0.0;0.0;0.0;0.0;0.0;0.0;0.0;0.0;0.0;0.0;0.0;0.0;9.0;0.0;0.0;5.0;0.0;0.0;3.5;888.0
Ipaumirim;SITIO SAO PEDRO;-6.7482777777778;-38.812722222222;2022;7;15.0;0.0;0.0;0.0;0.0;0.0;6.5;5.0;3.5;0.0;0.0;0.0;0.0;0.0;0.0;0.0;0.0;0.0;0.0;0.0;0.0;0.0;0.0;0.0;0.0;0.0;0.0;0.0;0.0;0.0;0.0;0.0
Ipaumirim;SITIO SAO PEDRO;-6.7482777777778;-38.812722222222;2022;8;0.0;0.0;0.0;0.0;0.0;0.0;0.0;0.0;0.0;0.0;0.0;0.0;0.0;0.0;0.0;0.0;0.0;0.0;0.0;0.0;0.0;0.0;0.0;0.0;0.0;0.0;0.0;0.0;0.0;0.0;0.0;0.0
Ipaumirim;SITIO SAO PEDRO;-6.7482777777778;-38.812722222222;2022;9;0.0;0.0;0.0;0.0;0.0;0.0;0.0;0.0;0.0;0.0;0.0;0.0;0.0;0.0;0.0;0.0;0.0;0.0;0.0;0.0;0.0;0.0;0.0;0.0;0.0;0.0;0.0;0.0;0.0;0.0;0.0;888.0
Ipaumirim;SITIO SAO PEDRO;-6.7482777777778;-38.812722222222;2022;10;0.0;0.0;0.0;0.0;0.0;0.0;0.0;0.0;0.0;0.0;0.0;0.0;0.0;0.0;0.0;0.0;0.0;0.0;0.0;0.0;0.0;0.0;0.0;0.0;0.0;0.0;0.0;0.0;0.0;0.0;0.0;0.0
Ipaumirim;SITIO SAO PEDRO;-6.7482777777778;-38.812722222222;2022;11;92.0;0.0;0.0;0.0;4.0;9.0;0.0;59.0;0.0;0.0;0.0;0.0;0.0;0.0;20.0;0.0;0.0;0.0;0.0;0.0;0.0;0.0;0.0;0.0;0.0;0.0;0.0;0.0;0.0;0.0;0.0;888.0
Ipaumirim;SITIO SAO PEDRO;-6.7482777777778;-38.812722222222;2022;12;0.0;0.0;0.0;0.0;0.0;0.0;0.0;0.0;0.0;0.0;0.0;0.0;0.0;0.0;0.0;0.0;0.0;0.0;0.0;0.0;0.0;0.0;0.0;0.0;0.0;0.0;0.0;0.0;0.0;0.0;0.0;0.0
Ipaumirim;SITIO SAO PEDRO;-6.7482777777778;-38.812722222222;2023;1;140.0;0.0;23.5;2.0;0.0;0.0;0.0;0.0;0.0;6.4;0.0;0.0;3.0;0.0;0.0;33.0;7.8;0.0;0.0;14.0;27.4;0.0;0.0;8.0;4.5;0.0;0.0;0.0;0.0;0.0;0.0;10.4
Ipaumirim;SITIO SAO PEDRO;-6.7482777777778;-38.812722222222;2023;2;80.0;0.0;0.0;0.0;0.0;0.0;0.0;0.0;0.0;0.0;0.0;0.0;0.0;0.0;0.0;0.0;0.0;10.0;14.0;0.0;0.0;0.0;0.0;11.0;4.0;41.0;0.0;0.0;0.0;888.0;888.0;888.0
Ipaumirim;SITIO SAO PEDRO;-6.7482777777778;-38.812722222222;2023;3;206.6;0.0;0.0;0.0;0.0;19.0;0.0;0.0;0.0;0.0;0.0;0.0;0.0;0.0;39.0;0.0;0.0;0.0;34.0;13.0;0.0;0.0;10.4;0.0;12.0;0.0;0.0;56.0;0.0;4.2;0.0;19.0
Ipaumirim;SITIO SAO PEDRO;-6.7482777777778;-38.812722222222;2023;4;97.8;0.0;0.0;0.0;0.0;0.0;0.0;0.0;0.0;0.0;63.0;0.0;0.0;0.0;0.0;14.2;0.0;0.0;0.0;0.0;0.0;0.0;8.0;0.0;0.0;0.0;4.2;0.0;0.0;8.4;0.0;888.0
Ipaumirim;SITIO SAO PEDRO;-6.7482777777778;-38.812722222222;2023;5;6.5;0.0;0.0;0.0;0.0;6.5;999.0;999.0;999.0;999.0;999.0;999.0;999.0;999.0;999.0;999.0;999.0;999.0;999.0;999.0;999.0;999.0;999.0;999.0;999.0;999.0;999.0;999.0;999.0;999.0;999.0;999.0
