Municipios;Postos;Latitude;Longitude;Anos;Meses;Total;Dia1;Dia2;Dia3;Dia4;Dia5;Dia6;Dia7;Dia8;Dia9;Dia10;Dia11;Dia12;Dia13;Dia14;Dia15;Dia16;Dia17;Dia18;Dia19;Dia20;Dia21;Dia22;Dia23;Dia24;Dia25;Dia26;Dia27;Dia28;Dia29;Dia30;Dia31
Orós;GUASSUSSE;-6.33575;-38.980111111111;2014;9;0.0;0.0;0.0;0.0;0.0;0.0;0.0;0.0;999.0;999.0;999.0;999.0;999.0;999.0;999.0;999.0;999.0;999.0;999.0;999.0;999.0;999.0;999.0;999.0;999.0;999.0;999.0;999.0;999.0;999.0;999.0;888.0
Orós;GUASSUSSE;-6.33575;-38.980111111111;2015;1;28.0;0.0;0.0;0.0;0.0;0.0;0.0;28.0;0.0;0.0;0.0;0.0;0.0;0.0;0.0;0.0;0.0;0.0;0.0;0.0;0.0;0.0;0.0;0.0;0.0;0.0;0.0;0.0;0.0;0.0;0.0;0.0
Orós;GUASSUSSE;-6.33575;-38.980111111111;2015;2;69.0;0.0;0.0;0.0;0.0;58.0;0.0;0.0;0.0;0.0;0.0;0.0;0.0;0.0;0.0;0.0;0.0;0.0;0.0;0.0;0.0;0.0;11.0;0.0;0.0;0.0;0.0;0.0;0.0;888.0;888.0;888.0
Orós;GUASSUSSE;-6.33575;-38.980111111111;2015;3;123.0;10.0;42.0;0.0;0.0;0.0;15.0;0.0;0.0;14.0;0.0;0.0;0.0;0.0;0.0;0.0;0.0;0.0;0.0;0.0;0.0;0.0;0.0;21.0;10.0;0.0;0.0;0.0;0.0;0.0;0.0;11.0
Orós;GUASSUSSE;-6.33575;-38.980111111111;2015;4;15.0;0.0;0.0;15.0;0.0;0.0;0.0;0.0;0.0;0.0;0.0;0.0;0.0;0.0;0.0;0.0;0.0;0.0;999.0;0.0;0.0;0.0;0.0;0.0;0.0;0.0;0.0;0.0;0.0;0.0;0.0;888.0
Orós;GUASSUSSE;-6.33575;-38.980111111111;2015;5;76.0;0.0;0.0;0.0;0.0;0.0;0.0;0.0;0.0;0.0;0.0;0.0;0.0;0.0;0.0;0.0;0.0;0.0;0.0;0.0;40.0;5.0;13.0;0.0;11.0;0.0;7.0;0.0;0.0;0.0;0.0;0.0
Orós;GUASSUSSE;-6.33575;-38.980111111111;2015;6;19.0;0.0;0.0;0.0;0.0;4.0;0.0;0.0;6.0;0.0;0.0;0.0;0.0;0.0;0.0;0.0;0.0;0.0;0.0;0.0;0.0;0.0;0.0;0.0;0.0;0.0;0.0;0.0;0.0;0.0;9.0;888.0
Orós;GUASSUSSE;-6.33575;-38.980111111111;2015;7;19.0;0.0;0.0;15.0;0.0;0.0;0.0;0.0;0.0;0.0;0.0;0.0;0.0;0.0;0.0;0.0;0.0;0.0;0.0;0.0;0.0;0.0;4.0;0.0;0.0;0.0;0.0;0.0;0.0;0.0;0.0;0.0
Orós;GUASSUSSE;-6.33575;-38.980111111111;2015;8;0.0;0.0;0.0;0.0;0.0;0.0;0.0;0.0;0.0;0.0;0.0;0.0;0.0;0.0;0.0;0.0;0.0;0.0;0.0;0.0;0.0;0.0;0.0;0.0;0.0;0.0;0.0;0.0;0.0;0.0;0.0;0.0
Orós;GUASSUSSE;-6.33575;-38.980111111111;2015;9;0.0;0.0;0.0;0.0;0.0;0.0;0.0;0.0;0.0;0.0;0.0;0.0;0.0;0.0;0.0;0.0;0.0;0.0;0.0;0.0;0.0;0.0;0.0;0.0;0.0;0.0;0.0;0.0;0.0;0.0;0.0;888.0
Orós;GUASSUSSE;-6.33575;-38.980111111111;2015;10;0.0;0.0;0.0;0.0;0.0;0.0;0.0;0.0;0.0;0.0;0.0;0.0;0.0;0.0;0.0;0.0;0.0;0.0;0.0;0.0;0.0;0.0;0.0;0.0;0.0;0.0;0.0;0.0;0.0;0.0;0.0;0.0
Orós;GUASSUSSE;-6.33575;-38.980111111111;2015;11;0.0;0.0;0.0;0.0;0.0;0.0;0.0;0.0;0.0;0.0;0.0;0.0;0.0;0.0;0.0;0.0;0.0;0.0;0.0;0.0;0.0;0.0;0.0;0.0;0.0;0.0;0.0;0.0;0.0;0.0;0.0;888.0
Orós;GUASSUSSE;-6.33575;-38.980111111111;2015;12;67.0;0.0;0.0;0.0;0.0;0.0;0.0;0.0;0.0;0.0;0.0;0.0;0.0;0.0;0.0;0.0;0.0;0.0;0.0;26.0;0.0;0.0;0.0;0.0;0.0;41.0;0.0;0.0;0.0;0.0;0.0;0.0
Orós;GUASSUSSE;-6.33575;-38.980111111111;2016;1;180.3;0.0;0.0;0.0;0.0;0.0;0.0;24.0;0.0;0.0;45.3;0.0;0.0;0.0;0.0;5.0;7.0;0.0;0.0;16.0;0.0;0.0;37.0;12.0;15.0;10.0;0.0;0.0;0.0;0.0;0.0;9.0
Orós;GUASSUSSE;-6.33575;-38.980111111111;2016;2;53.0;0.0;42.0;0.0;0.0;0.0;0.0;0.0;0.0;0.0;0.0;0.0;0.0;0.0;0.0;0.0;0.0;0.0;0.0;0.0;11.0;0.0;0.0;0.0;0.0;0.0;0.0;0.0;0.0;0.0;888.0;888.0
Orós;GUASSUSSE;-6.33575;-38.980111111111;2016;3;280.0;0.0;0.0;0.0;0.0;0.0;0.0;0.0;0.0;23.0;0.0;0.0;0.0;18.0;0.0;9.0;14.0;0.0;0.0;0.0;0.0;29.0;80.0;0.0;0.0;0.0;0.0;0.0;6.0;29.0;72.0;0.0
Orós;GUASSUSSE;-6.33575;-38.980111111111;2016;4;63.0;0.0;0.0;0.0;0.0;17.0;0.0;0.0;0.0;0.0;0.0;0.0;0.0;0.0;0.0;36.0;10.0;0.0;0.0;0.0;0.0;0.0;0.0;0.0;0.0;0.0;0.0;0.0;0.0;0.0;0.0;888.0
Orós;GUASSUSSE;-6.33575;-38.980111111111;2016;5;109.0;0.0;0.0;52.0;0.0;0.0;0.0;0.0;0.0;0.0;0.0;52.0;0.0;0.0;0.0;0.0;0.0;0.0;0.0;0.0;0.0;0.0;0.0;0.0;0.0;0.0;0.0;0.0;0.0;0.0;5.0;0.0
Orós;GUASSUSSE;-6.33575;-38.980111111111;2016;6;0.0;0.0;0.0;0.0;0.0;0.0;0.0;0.0;0.0;0.0;0.0;0.0;0.0;0.0;0.0;0.0;0.0;0.0;0.0;0.0;0.0;0.0;0.0;0.0;0.0;0.0;0.0;0.0;0.0;0.0;0.0;888.0
Orós;GUASSUSSE;-6.33575;-38.980111111111;2016;7;0.0;0.0;0.0;0.0;0.0;0.0;0.0;0.0;0.0;0.0;0.0;0.0;0.0;0.0;0.0;0.0;0.0;0.0;0.0;0.0;0.0;0.0;0.0;0.0;0.0;0.0;0.0;0.0;0.0;0.0;0.0;0.0
Orós;GUASSUSSE;-6.33575;-38.980111111111;2016;8;0.0;0.0;0.0;0.0;0.0;0.0;0.0;0.0;0.0;0.0;0.0;0.0;0.0;0.0;0.0;0.0;0.0;0.0;0.0;0.0;0.0;0.0;0.0;0.0;0.0;0.0;0.0;0.0;0.0;0.0;0.0;0.0
Orós;GUASSUSSE;-6.33575;-38.980111111111;2016;9;0.0;0.0;0.0;0.0;0.0;0.0;0.0;0.0;0.0;0.0;0.0;0.0;0.0;0.0;0.0;0.0;0.0;0.0;0.0;0.0;0.0;0.0;0.0;0.0;0.0;0.0;0.0;0.0;0.0;0.0;0.0;888.0
Orós;GUASSUSSE;-6.33575;-38.980111111111;2016;10;0.0;0.0;0.0;0.0;0.0;0.0;0.0;0.0;0.0;0.0;0.0;0.0;0.0;0.0;0.0;0.0;0.0;0.0;0.0;0.0;0.0;0.0;0.0;0.0;0.0;0.0;0.0;0.0;0.0;0.0;0.0;0.0
Orós;GUASSUSSE;-6.33575;-38.980111111111;2016;11;0.0;0.0;0.0;0.0;0.0;0.0;0.0;0.0;0.0;0.0;0.0;0.0;0.0;0.0;0.0;0.0;0.0;0.0;0.0;0.0;0.0;0.0;0.0;0.0;0.0;0.0;0.0;0.0;0.0;0.0;0.0;888.0
Orós;GUASSUSSE;-6.33575;-38.980111111111;2016;12;74.0;0.0;0.0;0.0;0.0;0.0;0.0;0.0;0.0;0.0;0.0;0.0;0.0;0.0;0.0;0.0;0.0;0.0;56.0;18.0;0.0;0.0;0.0;0.0;0.0;0.0;0.0;0.0;0.0;0.0;0.0;0.0
Orós;GUASSUSSE;-6.33575;-38.980111111111;2017;1;55.0;0.0;0.0;0.0;0.0;0.0;0.0;0.0;15.0;0.0;0.0;0.0;0.0;0.0;0.0;0.0;0.0;0.0;0.0;0.0;0.0;0.0;0.0;7.0;0.0;0.0;16.0;8.0;9.0;0.0;0.0;0.0
Orós;GUASSUSSE;-6.33575;-38.980111111111;2017;2;91.0;0.0;0.0;0.0;0.0;0.0;0.0;0.0;0.0;0.0;0.0;34.0;0.0;0.0;0.0;0.0;0.0;0.0;0.0;42.0;15.0;0.0;0.0;0.0;0.0;0.0;0.0;0.0;0.0;888.0;888.0;888.0
Orós;GUASSUSSE;-6.33575;-38.980111111111;2017;3;160.0;0.0;0.0;0.0;0.0;0.0;0.0;4.0;0.0;12.0;0.0;21.0;0.0;55.0;0.0;0.0;0.0;6.0;6.0;0.0;0.0;0.0;0.0;7.0;43.0;0.0;0.0;0.0;0.0;0.0;0.0;6.0
Orós;GUASSUSSE;-6.33575;-38.980111111111;2017;4;130.0;7.0;0.0;71.0;0.0;0.0;0.0;0.0;0.0;0.0;12.0;0.0;0.0;9.0;4.0;0.0;0.0;0.0;0.0;0.0;0.0;0.0;0.0;0.0;0.0;0.0;0.0;0.0;0.0;27.0;0.0;888.0
Orós;GUASSUSSE;-6.33575;-38.980111111111;2017;5;44.0;21.0;0.0;0.0;0.0;0.0;0.0;0.0;0.0;11.0;0.0;12.0;0.0;0.0;0.0;0.0;0.0;0.0;0.0;0.0;0.0;0.0;0.0;0.0;0.0;0.0;0.0;0.0;0.0;0.0;0.0;0.0
Orós;GUASSUSSE;-6.33575;-38.980111111111;2017;6;9.0;9.0;0.0;0.0;0.0;0.0;0.0;0.0;0.0;0.0;0.0;0.0;0.0;0.0;0.0;0.0;0.0;0.0;0.0;0.0;0.0;0.0;0.0;0.0;0.0;0.0;0.0;0.0;0.0;0.0;0.0;888.0
Orós;GUASSUSSE;-6.33575;-38.980111111111;2017;7;30.0;20.0;5.0;0.0;0.0;0.0;0.0;0.0;0.0;0.0;0.0;0.0;0.0;0.0;0.0;0.0;0.0;0.0;0.0;0.0;0.0;0.0;0.0;0.0;5.0;0.0;0.0;0.0;0.0;0.0;0.0;0.0
Orós;GUASSUSSE;-6.33575;-38.980111111111;2017;8;0.0;0.0;0.0;0.0;0.0;0.0;0.0;0.0;0.0;0.0;0.0;0.0;0.0;0.0;0.0;0.0;0.0;0.0;0.0;0.0;0.0;0.0;0.0;0.0;0.0;0.0;0.0;0.0;0.0;0.0;0.0;0.0
Orós;GUASSUSSE;-6.33575;-38.980111111111;2017;9;0.0;0.0;0.0;0.0;0.0;0.0;0.0;0.0;0.0;0.0;0.0;0.0;0.0;0.0;0.0;0.0;0.0;0.0;0.0;0.0;0.0;0.0;0.0;0.0;0.0;0.0;0.0;0.0;0.0;0.0;0.0;888.0
Orós;GUASSUSSE;-6.33575;-38.980111111111;2017;10;0.0;0.0;0.0;0.0;0.0;0.0;0.0;0.0;0.0;0.0;0.0;0.0;0.0;0.0;0.0;0.0;0.0;0.0;0.0;0.0;0.0;0.0;0.0;0.0;0.0;0.0;0.0;0.0;0.0;0.0;0.0;0.0
Orós;GUASSUSSE;-6.33575;-38.980111111111;2017;11;0.0;0.0;0.0;0.0;0.0;0.0;0.0;0.0;0.0;0.0;0.0;0.0;0.0;0.0;0.0;0.0;0.0;0.0;0.0;0.0;0.0;0.0;0.0;0.0;0.0;0.0;0.0;0.0;0.0;0.0;0.0;888.0
Orós;GUASSUSSE;-6.33575;-38.980111111111;2017;12;20.0;0.0;0.0;0.0;0.0;0.0;0.0;0.0;0.0;0.0;0.0;0.0;0.0;0.0;0.0;0.0;0.0;0.0;0.0;0.0;0.0;0.0;0.0;0.0;20.0;0.0;0.0;0.0;0.0;0.0;0.0;0.0
Orós;GUASSUSSE;-6.33575;-38.980111111111;2018;1;88.0;0.0;0.0;0.0;6.0;0.0;0.0;11.0;0.0;0.0;0.0;0.0;0.0;0.0;3.0;3.0;0.0;0.0;0.0;0.0;5.0;0.0;0.0;0.0;0.0;21.0;0.0;0.0;34.0;0.0;5.0;0.0
Orós;GUASSUSSE;-6.33575;-38.980111111111;2018;2;190.0;0.0;0.0;0.0;0.0;0.0;0.0;0.0;0.0;0.0;0.0;21.0;0.0;17.0;22.0;18.0;0.0;45.0;39.0;0.0;0.0;0.0;11.0;0.0;12.0;0.0;0.0;0.0;5.0;888.0;888.0;888.0
Orós;GUASSUSSE;-6.33575;-38.980111111111;2018;3;182.0;0.0;0.0;52.0;0.0;0.0;0.0;0.0;0.0;0.0;0.0;0.0;0.0;0.0;0.0;0.0;0.0;0.0;0.0;0.0;0.0;0.0;0.0;0.0;0.0;0.0;0.0;0.0;44.0;5.0;57.0;24.0
Orós;GUASSUSSE;-6.33575;-38.980111111111;2018;4;120.0;0.0;5.0;30.0;0.0;0.0;0.0;0.0;14.0;0.0;24.0;0.0;0.0;37.0;0.0;0.0;0.0;0.0;0.0;10.0;0.0;0.0;0.0;0.0;0.0;0.0;0.0;0.0;0.0;0.0;0.0;888.0
Orós;GUASSUSSE;-6.33575;-38.980111111111;2018;5;12.0;0.0;7.0;0.0;0.0;0.0;0.0;0.0;0.0;0.0;0.0;0.0;0.0;0.0;5.0;0.0;0.0;0.0;0.0;0.0;0.0;0.0;0.0;0.0;0.0;0.0;0.0;0.0;0.0;0.0;0.0;0.0
Orós;GUASSUSSE;-6.33575;-38.980111111111;2018;6;4.0;0.0;0.0;0.0;0.0;0.0;0.0;0.0;0.0;4.0;0.0;0.0;0.0;0.0;0.0;0.0;0.0;0.0;0.0;0.0;0.0;0.0;0.0;0.0;0.0;0.0;0.0;0.0;0.0;0.0;0.0;888.0
Orós;GUASSUSSE;-6.33575;-38.980111111111;2018;7;0.0;0.0;0.0;0.0;0.0;0.0;0.0;0.0;0.0;0.0;0.0;0.0;0.0;0.0;0.0;0.0;0.0;0.0;0.0;0.0;0.0;0.0;0.0;0.0;0.0;0.0;0.0;0.0;0.0;0.0;0.0;0.0
Orós;GUASSUSSE;-6.33575;-38.980111111111;2018;8;0.0;0.0;0.0;0.0;0.0;0.0;0.0;0.0;0.0;0.0;0.0;0.0;0.0;0.0;0.0;0.0;0.0;0.0;0.0;0.0;0.0;0.0;0.0;0.0;0.0;0.0;0.0;0.0;0.0;0.0;0.0;0.0
Orós;GUASSUSSE;-6.33575;-38.980111111111;2018;9;0.0;0.0;0.0;0.0;0.0;0.0;0.0;0.0;0.0;0.0;0.0;0.0;0.0;0.0;0.0;0.0;0.0;0.0;0.0;0.0;0.0;0.0;0.0;0.0;0.0;0.0;0.0;0.0;0.0;0.0;0.0;888.0
Orós;GUASSUSSE;-6.33575;-38.980111111111;2018;10;0.0;0.0;0.0;0.0;0.0;0.0;0.0;0.0;0.0;0.0;0.0;0.0;0.0;0.0;0.0;0.0;0.0;0.0;0.0;0.0;0.0;0.0;0.0;0.0;0.0;0.0;0.0;0.0;0.0;0.0;0.0;0.0
Orós;GUASSUSSE;-6.33575;-38.980111111111;2018;11;28.0;0.0;0.0;0.0;0.0;0.0;0.0;0.0;0.0;0.0;0.0;0.0;0.0;0.0;0.0;0.0;0.0;0.0;0.0;0.0;0.0;0.0;0.0;18.0;0.0;0.0;0.0;10.0;0.0;0.0;0.0;888.0
Orós;GUASSUSSE;-6.33575;-38.980111111111;2018;12;46.0;0.0;0.0;0.0;0.0;0.0;7.0;0.0;0.0;0.0;28.0;0.0;0.0;0.0;0.0;0.0;0.0;0.0;11.0;0.0;0.0;0.0;0.0;0.0;0.0;0.0;0.0;0.0;0.0;0.0;0.0;0.0
Orós;GUASSUSSE;-6.33575;-38.980111111111;2019;1;65.0;0.0;0.0;0.0;0.0;0.0;6.0;0.0;0.0;0.0;0.0;0.0;0.0;0.0;9.0;0.0;0.0;0.0;34.0;0.0;0.0;0.0;0.0;0.0;0.0;0.0;0.0;9.0;0.0;0.0;7.0;0.0
Orós;GUASSUSSE;-6.33575;-38.980111111111;2019;2;158.0;0.0;0.0;0.0;18.0;0.0;44.0;10.0;0.0;0.0;0.0;0.0;0.0;0.0;9.0;0.0;12.0;0.0;21.0;7.0;0.0;7.0;7.0;0.0;16.0;0.0;0.0;0.0;7.0;888.0;888.0;888.0
Orós;GUASSUSSE;-6.33575;-38.980111111111;2019;3;182.0;0.0;0.0;0.0;0.0;0.0;0.0;0.0;0.0;0.0;0.0;0.0;0.0;24.0;15.0;35.0;0.0;0.0;0.0;51.0;0.0;0.0;0.0;26.0;0.0;16.0;0.0;8.0;7.0;0.0;0.0;0.0
Orós;GUASSUSSE;-6.33575;-38.980111111111;2019;4;73.0;0.0;16.0;7.0;0.0;2.0;14.0;0.0;4.0;0.0;0.0;0.0;5.0;0.0;0.0;0.0;0.0;0.0;0.0;0.0;0.0;0.0;0.0;0.0;5.0;0.0;0.0;0.0;0.0;0.0;20.0;888.0
Orós;GUASSUSSE;-6.33575;-38.980111111111;2019;5;54.0;4.0;12.0;0.0;0.0;0.0;0.0;0.0;0.0;13.0;0.0;0.0;0.0;0.0;0.0;6.0;0.0;0.0;19.0;0.0;0.0;0.0;0.0;0.0;0.0;0.0;0.0;0.0;0.0;0.0;0.0;0.0
Orós;GUASSUSSE;-6.33575;-38.980111111111;2019;6;0.0;0.0;0.0;0.0;0.0;0.0;0.0;0.0;0.0;0.0;0.0;0.0;0.0;0.0;0.0;0.0;0.0;0.0;0.0;0.0;0.0;0.0;0.0;0.0;0.0;0.0;0.0;0.0;0.0;0.0;0.0;888.0
Orós;GUASSUSSE;-6.33575;-38.980111111111;2019;7;19.0;0.0;0.0;0.0;0.0;0.0;0.0;0.0;0.0;0.0;0.0;0.0;0.0;0.0;0.0;0.0;0.0;0.0;0.0;0.0;0.0;19.0;0.0;0.0;0.0;0.0;0.0;0.0;0.0;0.0;0.0;0.0
Orós;GUASSUSSE;-6.33575;-38.980111111111;2019;8;0.0;0.0;0.0;0.0;0.0;0.0;0.0;0.0;0.0;0.0;0.0;0.0;0.0;0.0;0.0;0.0;0.0;0.0;0.0;0.0;0.0;0.0;0.0;0.0;0.0;0.0;0.0;0.0;0.0;0.0;0.0;0.0
Orós;GUASSUSSE;-6.33575;-38.980111111111;2019;9;9.0;0.0;0.0;0.0;0.0;0.0;0.0;0.0;0.0;0.0;0.0;0.0;0.0;0.0;0.0;0.0;0.0;0.0;0.0;0.0;0.0;0.0;0.0;0.0;9.0;0.0;0.0;0.0;0.0;0.0;0.0;888.0
Orós;GUASSUSSE;-6.33575;-38.980111111111;2019;10;0.0;0.0;0.0;0.0;0.0;0.0;0.0;0.0;0.0;0.0;0.0;0.0;0.0;0.0;0.0;0.0;0.0;0.0;0.0;0.0;0.0;0.0;0.0;0.0;0.0;0.0;0.0;0.0;0.0;0.0;0.0;0.0
Orós;GUASSUSSE;-6.33575;-38.980111111111;2019;11;0.0;0.0;0.0;0.0;0.0;0.0;0.0;0.0;0.0;0.0;0.0;0.0;0.0;0.0;0.0;0.0;0.0;0.0;0.0;0.0;0.0;0.0;0.0;0.0;0.0;0.0;0.0;0.0;0.0;0.0;0.0;888.0
Orós;GUASSUSSE;-6.33575;-38.980111111111;2019;12;0.0;0.0;0.0;0.0;0.0;0.0;0.0;0.0;0.0;0.0;0.0;0.0;0.0;0.0;0.0;0.0;0.0;0.0;0.0;0.0;0.0;0.0;0.0;0.0;0.0;0.0;0.0;0.0;0.0;0.0;0.0;0.0
Orós;GUASSUSSE;-6.33575;-38.980111111111;2020;1;44.0;10.0;0.0;0.0;0.0;0.0;0.0;0.0;0.0;0.0;0.0;4.0;0.0;0.0;0.0;0.0;0.0;0.0;0.0;0.0;0.0;0.0;0.0;0.0;0.0;0.0;0.0;0.0;0.0;0.0;0.0;30.0
Orós;GUASSUSSE;-6.33575;-38.980111111111;2020;2;159.0;0.0;0.0;29.0;0.0;25.0;0.0;0.0;0.0;0.0;0.0;0.0;0.0;0.0;0.0;0.0;0.0;3.0;7.0;0.0;0.0;36.0;0.0;14.0;8.0;17.0;0.0;0.0;14.0;6.0;888.0;888.0
Orós;GUASSUSSE;-6.33575;-38.980111111111;2020;3;301.0;0.0;49.0;0.0;0.0;19.0;0.0;88.0;18.0;0.0;0.0;0.0;0.0;0.0;2.0;12.0;0.0;0.0;0.0;0.0;0.0;0.0;0.0;0.0;0.0;27.0;43.0;38.0;5.0;0.0;0.0;0.0
Orós;GUASSUSSE;-6.33575;-38.980111111111;2020;4;49.0;0.0;0.0;0.0;0.0;15.0;0.0;0.0;0.0;8.0;0.0;0.0;0.0;0.0;0.0;0.0;0.0;6.0;0.0;0.0;0.0;0.0;0.0;7.0;0.0;5.0;0.0;8.0;0.0;0.0;0.0;888.0
Orós;GUASSUSSE;-6.33575;-38.980111111111;2020;5;77.0;0.0;0.0;8.0;0.0;0.0;0.0;0.0;0.0;0.0;0.0;0.0;0.0;0.0;2.0;0.0;5.0;0.0;38.0;17.0;3.0;0.0;0.0;0.0;0.0;0.0;0.0;0.0;0.0;4.0;0.0;0.0
Orós;GUASSUSSE;-6.33575;-38.980111111111;2020;6;19.0;0.0;0.0;8.0;0.0;0.0;0.0;0.0;0.0;0.0;0.0;9.0;0.0;0.0;0.0;0.0;0.0;0.0;0.0;0.0;2.0;0.0;0.0;0.0;0.0;0.0;0.0;0.0;0.0;0.0;0.0;888.0
Orós;GUASSUSSE;-6.33575;-38.980111111111;2020;7;8.0;0.0;0.0;0.0;0.0;0.0;0.0;0.0;0.0;0.0;0.0;8.0;0.0;0.0;0.0;0.0;0.0;0.0;0.0;0.0;0.0;0.0;0.0;0.0;0.0;0.0;0.0;0.0;0.0;0.0;0.0;0.0
Orós;GUASSUSSE;-6.33575;-38.980111111111;2020;8;0.0;0.0;0.0;0.0;0.0;0.0;0.0;0.0;0.0;0.0;0.0;0.0;0.0;0.0;0.0;0.0;0.0;0.0;0.0;0.0;0.0;0.0;0.0;0.0;0.0;0.0;0.0;0.0;0.0;0.0;0.0;0.0
Orós;GUASSUSSE;-6.33575;-38.980111111111;2020;9;0.0;0.0;0.0;0.0;0.0;0.0;0.0;0.0;0.0;0.0;0.0;0.0;0.0;0.0;0.0;0.0;0.0;0.0;0.0;0.0;0.0;0.0;0.0;0.0;0.0;0.0;0.0;0.0;0.0;0.0;0.0;888.0
Orós;GUASSUSSE;-6.33575;-38.980111111111;2020;10;0.0;0.0;0.0;0.0;0.0;0.0;0.0;0.0;0.0;0.0;0.0;0.0;0.0;0.0;0.0;0.0;0.0;0.0;0.0;0.0;0.0;0.0;0.0;0.0;0.0;0.0;0.0;0.0;0.0;0.0;0.0;0.0
Orós;GUASSUSSE;-6.33575;-38.980111111111;2020;11;46.0;0.0;0.0;13.0;0.0;0.0;0.0;0.0;0.0;0.0;20.0;10.0;0.0;0.0;0.0;0.0;0.0;0.0;0.0;3.0;0.0;0.0;0.0;0.0;0.0;0.0;0.0;0.0;0.0;0.0;0.0;888.0
Orós;GUASSUSSE;-6.33575;-38.980111111111;2020;12;0.0;0.0;0.0;0.0;0.0;0.0;0.0;0.0;0.0;0.0;0.0;0.0;0.0;0.0;0.0;0.0;0.0;0.0;0.0;0.0;0.0;0.0;0.0;0.0;0.0;0.0;0.0;0.0;0.0;0.0;0.0;0.0
Orós;GUASSUSSE;-6.33575;-38.980111111111;2021;1;133.0;0.0;0.0;0.0;0.0;0.0;0.0;0.0;0.0;0.0;0.0;0.0;0.0;0.0;0.0;0.0;0.0;0.0;0.0;22.0;0.0;0.0;0.0;0.0;0.0;4.0;86.0;0.0;0.0;16.0;2.0;3.0
Orós;GUASSUSSE;-6.33575;-38.980111111111;2021;2;156.0;0.0;0.0;0.0;0.0;0.0;0.0;0.0;0.0;0.0;0.0;4.0;0.0;0.0;28.0;0.0;59.0;15.0;9.0;0.0;0.0;0.0;0.0;0.0;0.0;14.0;11.0;0.0;16.0;888.0;888.0;888.0
Orós;GUASSUSSE;-6.33575;-38.980111111111;2021;3;156.0;0.0;40.0;13.0;0.0;5.0;0.0;0.0;0.0;0.0;0.0;0.0;0.0;0.0;0.0;0.0;0.0;0.0;0.0;0.0;0.0;5.0;21.0;0.0;4.0;0.0;16.0;3.0;39.0;0.0;10.0;0.0
Orós;GUASSUSSE;-6.33575;-38.980111111111;2021;4;265.0;0.0;0.0;0.0;0.0;8.0;0.0;0.0;0.0;0.0;0.0;0.0;65.0;28.0;0.0;55.0;20.0;0.0;0.0;0.0;0.0;0.0;0.0;0.0;7.0;0.0;0.0;0.0;0.0;40.0;42.0;888.0
Orós;GUASSUSSE;-6.33575;-38.980111111111;2021;5;162.0;0.0;0.0;0.0;0.0;6.0;41.0;50.0;10.0;3.0;0.0;0.0;0.0;0.0;15.0;12.0;0.0;0.0;0.0;0.0;25.0;0.0;0.0;0.0;0.0;0.0;0.0;0.0;0.0;0.0;0.0;0.0
Orós;GUASSUSSE;-6.33575;-38.980111111111;2021;6;0.0;0.0;0.0;0.0;0.0;0.0;0.0;0.0;0.0;0.0;0.0;0.0;0.0;0.0;0.0;0.0;0.0;0.0;0.0;0.0;0.0;0.0;0.0;0.0;0.0;0.0;0.0;0.0;0.0;0.0;0.0;888.0
Orós;GUASSUSSE;-6.33575;-38.980111111111;2021;7;6.0;0.0;6.0;0.0;0.0;0.0;0.0;0.0;0.0;0.0;0.0;0.0;0.0;0.0;0.0;0.0;0.0;0.0;0.0;0.0;0.0;0.0;0.0;0.0;0.0;0.0;0.0;0.0;0.0;0.0;0.0;0.0
Orós;GUASSUSSE;-6.33575;-38.980111111111;2021;8;0.0;0.0;0.0;0.0;0.0;0.0;0.0;0.0;0.0;0.0;0.0;0.0;0.0;0.0;0.0;0.0;0.0;0.0;0.0;0.0;0.0;0.0;0.0;0.0;0.0;0.0;0.0;0.0;0.0;0.0;0.0;0.0
Orós;GUASSUSSE;-6.33575;-38.980111111111;2021;9;0.0;0.0;0.0;0.0;0.0;0.0;0.0;0.0;0.0;0.0;0.0;0.0;0.0;0.0;0.0;0.0;0.0;0.0;0.0;0.0;0.0;0.0;0.0;0.0;0.0;0.0;0.0;0.0;0.0;0.0;0.0;888.0
Orós;GUASSUSSE;-6.33575;-38.980111111111;2021;10;0.0;0.0;0.0;0.0;0.0;0.0;0.0;0.0;0.0;0.0;0.0;0.0;0.0;0.0;0.0;0.0;0.0;0.0;0.0;0.0;0.0;0.0;0.0;0.0;0.0;0.0;0.0;0.0;0.0;0.0;0.0;0.0
Orós;GUASSUSSE;-6.33575;-38.980111111111;2021;11;32.0;0.0;0.0;0.0;0.0;0.0;0.0;0.0;0.0;0.0;0.0;0.0;0.0;0.0;32.0;0.0;0.0;0.0;0.0;0.0;0.0;0.0;0.0;0.0;0.0;0.0;0.0;0.0;0.0;0.0;0.0;888.0
Orós;GUASSUSSE;-6.33575;-38.980111111111;2021;12;103.0;0.0;0.0;0.0;0.0;5.0;0.0;0.0;0.0;0.0;0.0;6.0;0.0;0.0;0.0;0.0;0.0;0.0;0.0;0.0;0.0;0.0;0.0;0.0;0.0;0.0;12.0;53.0;0.0;0.0;0.0;27.0
Orós;GUASSUSSE;-6.33575;-38.980111111111;2022;1;140.0;3.0;12.0;0.0;8.0;0.0;0.0;0.0;0.0;0.0;0.0;0.0;0.0;27.0;0.0;14.0;65.0;0.0;0.0;0.0;0.0;0.0;0.0;0.0;0.0;0.0;0.0;11.0;0.0;0.0;0.0;0.0
Orós;GUASSUSSE;-6.33575;-38.980111111111;2022;2;65.0;0.0;0.0;0.0;0.0;23.0;0.0;0.0;0.0;0.0;0.0;0.0;0.0;0.0;0.0;0.0;0.0;0.0;6.0;0.0;12.0;5.0;0.0;0.0;0.0;0.0;0.0;0.0;19.0;888.0;888.0;888.0
Orós;GUASSUSSE;-6.33575;-38.980111111111;2022;3;251.0;0.0;0.0;4.0;0.0;10.0;25.0;0.0;22.0;0.0;0.0;0.0;31.0;0.0;22.0;15.0;6.0;5.0;0.0;0.0;0.0;18.0;21.0;13.0;42.0;0.0;0.0;4.0;11.0;2.0;0.0;0.0
Orós;GUASSUSSE;-6.33575;-38.980111111111;2022;4;139.0;0.0;23.0;0.0;3.0;0.0;0.0;0.0;0.0;7.0;0.0;0.0;0.0;0.0;0.0;0.0;0.0;0.0;0.0;42.0;0.0;27.0;0.0;13.0;12.0;12.0;0.0;0.0;0.0;0.0;0.0;888.0
Orós;GUASSUSSE;-6.33575;-38.980111111111;2022;5;46.0;0.0;0.0;6.0;0.0;0.0;0.0;0.0;0.0;0.0;0.0;0.0;0.0;3.0;5.0;24.0;0.0;0.0;0.0;0.0;0.0;1.0;0.0;0.0;0.0;0.0;0.0;0.0;7.0;0.0;0.0;0.0
Orós;GUASSUSSE;-6.33575;-38.980111111111;2022;6;67.0;8.0;0.0;9.0;0.0;8.0;2.0;0.0;0.0;0.0;0.0;32.0;0.0;0.0;0.0;0.0;0.0;0.0;0.0;0.0;0.0;8.0;0.0;0.0;0.0;0.0;0.0;0.0;0.0;0.0;0.0;888.0
Orós;GUASSUSSE;-6.33575;-38.980111111111;2022;7;31.0;0.0;0.0;0.0;0.0;28.0;0.0;0.0;3.0;0.0;0.0;0.0;0.0;0.0;0.0;0.0;0.0;0.0;0.0;0.0;0.0;0.0;0.0;0.0;0.0;0.0;0.0;0.0;0.0;0.0;0.0;0.0
Orós;GUASSUSSE;-6.33575;-38.980111111111;2022;8;31.0;0.0;0.0;0.0;9.0;22.0;0.0;0.0;0.0;0.0;0.0;0.0;0.0;0.0;0.0;0.0;0.0;0.0;0.0;0.0;0.0;0.0;0.0;0.0;0.0;0.0;0.0;0.0;0.0;0.0;0.0;0.0
Orós;GUASSUSSE;-6.33575;-38.980111111111;2022;9;1.0;0.0;0.0;0.0;0.0;0.0;0.0;0.0;0.0;0.0;0.0;0.0;0.0;0.0;0.0;0.0;0.0;0.0;0.0;1.0;0.0;0.0;0.0;0.0;0.0;0.0;0.0;0.0;0.0;0.0;0.0;888.0
Orós;GUASSUSSE;-6.33575;-38.980111111111;2022;10;0.0;0.0;0.0;0.0;0.0;0.0;0.0;0.0;0.0;0.0;0.0;0.0;0.0;0.0;0.0;0.0;0.0;0.0;0.0;0.0;0.0;0.0;0.0;0.0;0.0;0.0;0.0;0.0;0.0;0.0;0.0;0.0
Orós;GUASSUSSE;-6.33575;-38.980111111111;2022;11;127.0;0.0;0.0;0.0;0.0;4.0;18.0;48.0;0.0;0.0;0.0;0.0;0.0;17.0;0.0;0.0;0.0;0.0;0.0;0.0;0.0;0.0;0.0;0.0;0.0;0.0;0.0;0.0;0.0;0.0;40.0;888.0
Orós;GUASSUSSE;-6.33575;-38.980111111111;2022;12;15.0;0.0;3.0;0.0;0.0;0.0;0.0;0.0;0.0;0.0;0.0;0.0;0.0;0.0;0.0;0.0;0.0;0.0;0.0;0.0;0.0;0.0;0.0;0.0;12.0;0.0;0.0;0.0;0.0;0.0;0.0;0.0
Orós;GUASSUSSE;-6.33575;-38.980111111111;2023;1;239.0;0.0;0.0;4.0;0.0;0.0;0.0;0.0;0.0;0.0;0.0;0.0;0.0;0.0;0.0;12.0;30.0;0.0;52.0;32.0;86.0;0.0;0.0;0.0;0.0;18.0;0.0;0.0;0.0;0.0;0.0;5.0
Orós;GUASSUSSE;-6.33575;-38.980111111111;2023;2;148.0;41.0;4.0;0.0;0.0;0.0;2.0;0.0;0.0;0.0;0.0;0.0;0.0;0.0;0.0;0.0;0.0;0.0;32.0;0.0;0.0;0.0;0.0;37.0;13.0;9.0;10.0;0.0;0.0;888.0;888.0;888.0
Orós;GUASSUSSE;-6.33575;-38.980111111111;2023;3;144.0;0.0;0.0;2.0;0.0;0.0;0.0;0.0;0.0;0.0;0.0;0.0;0.0;5.0;24.0;0.0;0.0;0.0;0.0;23.0;0.0;7.0;25.0;0.0;0.0;0.0;0.0;16.0;8.0;0.0;33.0;1.0
Orós;GUASSUSSE;-6.33575;-38.980111111111;2023;4;158.0;0.0;0.0;0.0;0.0;10.0;0.0;0.0;0.0;60.0;0.0;0.0;0.0;0.0;0.0;0.0;0.0;0.0;0.0;4.0;0.0;0.0;0.0;0.0;0.0;0.0;0.0;63.0;3.0;18.0;0.0;888.0
Orós;GUASSUSSE;-6.33575;-38.980111111111;2023;5;21.0;0.0;0.0;0.0;9.0;0.0;4.0;0.0;0.0;0.0;0.0;0.0;0.0;0.0;0.0;0.0;0.0;0.0;0.0;4.0;0.0;0.0;0.0;0.0;0.0;0.0;0.0;0.0;0.0;4.0;0.0;0.0
Orós;GUASSUSSE;-6.33575;-38.980111111111;2023;6;6.0;0.0;0.0;0.0;0.0;0.0;0.0;0.0;0.0;0.0;0.0;0.0;0.0;0.0;0.0;0.0;2.0;0.0;0.0;0.0;0.0;0.0;0.0;0.0;0.0;0.0;0.0;4.0;0.0;0.0;0.0;888.0
Orós;GUASSUSSE;-6.33575;-38.980111111111;2023;7;0.0;0.0;0.0;0.0;0.0;0.0;0.0;0.0;0.0;0.0;0.0;0.0;0.0;0.0;0.0;0.0;0.0;0.0;0.0;0.0;0.0;0.0;0.0;0.0;0.0;0.0;0.0;0.0;0.0;0.0;0.0;0.0
Orós;GUASSUSSE;-6.33575;-38.980111111111;2023;8;10.0;0.0;0.0;10.0;0.0;0.0;0.0;0.0;0.0;0.0;0.0;0.0;0.0;0.0;0.0;0.0;0.0;0.0;0.0;0.0;0.0;0.0;0.0;0.0;0.0;0.0;0.0;0.0;0.0;0.0;0.0;0.0
Orós;GUASSUSSE;-6.33575;-38.980111111111;2023;9;0.0;0.0;0.0;0.0;0.0;0.0;0.0;0.0;0.0;0.0;0.0;0.0;0.0;0.0;0.0;0.0;0.0;0.0;0.0;0.0;0.0;0.0;0.0;0.0;0.0;0.0;0.0;0.0;0.0;0.0;0.0;888.0
Orós;GUASSUSSE;-6.33575;-38.980111111111;2023;10;0.0;0.0;0.0;0.0;0.0;0.0;0.0;0.0;0.0;0.0;0.0;0.0;0.0;0.0;0.0;0.0;0.0;0.0;0.0;0.0;0.0;0.0;0.0;0.0;0.0;0.0;0.0;0.0;0.0;0.0;0.0;0.0
Orós;GUASSUSSE;-6.33575;-38.980111111111;2023;11;17.0;0.0;0.0;0.0;0.0;0.0;9.0;0.0;0.0;0.0;0.0;0.0;0.0;0.0;0.0;0.0;0.0;0.0;0.0;0.0;0.0;0.0;8.0;0.0;0.0;0.0;0.0;0.0;0.0;0.0;0.0;888.0
Orós;GUASSUSSE;-6.33575;-38.980111111111;2023;12;37.0;0.0;0.0;0.0;0.0;0.0;0.0;0.0;0.0;0.0;0.0;0.0;0.0;0.0;0.0;0.0;0.0;0.0;0.0;0.0;8.0;8.0;21.0;0.0;0.0;0.0;0.0;0.0;0.0;0.0;0.0;0.0
Orós;GUASSUSSE;-6.33575;-38.980111111111;2024;1;65.0;54.0;0.0;0.0;0.0;0.0;0.0;0.0;0.0;0.0;0.0;0.0;11.0;0.0;0.0;0.0;0.0;0.0;0.0;0.0;0.0;0.0;0.0;0.0;0.0;0.0;0.0;0.0;0.0;0.0;0.0;0.0
Orós;GUASSUSSE;-6.33575;-38.980111111111;2024;2;220.0;0.0;0.0;0.0;0.0;0.0;0.0;0.0;0.0;13.0;0.0;28.0;0.0;0.0;42.0;0.0;12.0;0.0;0.0;3.0;52.0;0.0;15.0;10.0;0.0;0.0;5.0;25.0;0.0;15.0;888.0;888.0
Orós;GUASSUSSE;-6.33575;-38.980111111111;2024;3;183.0;24.0;0.0;0.0;12.0;15.0;0.0;0.0;0.0;0.0;0.0;8.0;0.0;0.0;19.0;0.0;0.0;0.0;13.0;11.0;0.0;0.0;0.0;0.0;0.0;5.0;3.0;15.0;0.0;0.0;58.0;0.0
Orós;GUASSUSSE;-6.33575;-38.980111111111;2024;4;70.0;0.0;0.0;0.0;0.0;4.0;0.0;0.0;0.0;0.0;0.0;7.0;0.0;0.0;0.0;7.0;0.0;37.0;0.0;0.0;0.0;5.0;0.0;10.0;0.0;0.0;0.0;0.0;0.0;0.0;0.0;888.0
Orós;GUASSUSSE;-6.33575;-38.980111111111;2024;5;29.0;0.0;0.0;0.0;0.0;0.0;0.0;0.0;9.0;0.0;0.0;0.0;0.0;0.0;0.0;4.0;10.0;0.0;0.0;0.0;0.0;4.0;0.0;0.0;0.0;0.0;0.0;0.0;0.0;2.0;0.0;0.0
Orós;GUASSUSSE;-6.33575;-38.980111111111;2024;6;16.0;0.0;0.0;0.0;0.0;8.0;0.0;0.0;0.0;0.0;0.0;0.0;0.0;0.0;0.0;0.0;0.0;0.0;0.0;0.0;0.0;0.0;0.0;0.0;8.0;0.0;0.0;0.0;0.0;0.0;0.0;888.0
Orós;GUASSUSSE;-6.33575;-38.980111111111;2024;7;22.0;0.0;0.0;0.0;0.0;0.0;0.0;18.0;0.0;0.0;0.0;0.0;0.0;4.0;0.0;0.0;0.0;0.0;0.0;0.0;0.0;0.0;0.0;0.0;0.0;0.0;0.0;0.0;0.0;0.0;0.0;0.0
Orós;GUASSUSSE;-6.33575;-38.980111111111;2024;8;0.0;0.0;0.0;0.0;0.0;0.0;0.0;0.0;0.0;0.0;0.0;0.0;0.0;0.0;0.0;0.0;0.0;0.0;0.0;0.0;0.0;0.0;0.0;0.0;0.0;0.0;0.0;0.0;0.0;0.0;0.0;0.0
Orós;GUASSUSSE;-6.33575;-38.980111111111;2024;9;0.0;0.0;0.0;0.0;0.0;0.0;0.0;0.0;0.0;0.0;0.0;0.0;0.0;0.0;0.0;0.0;0.0;0.0;0.0;0.0;0.0;0.0;0.0;0.0;0.0;0.0;0.0;0.0;0.0;0.0;0.0;888.0
Orós;GUASSUSSE;-6.33575;-38.980111111111;2024;10;0.0;0.0;0.0;0.0;0.0;0.0;0.0;0.0;0.0;0.0;0.0;0.0;0.0;0.0;0.0;0.0;0.0;0.0;0.0;0.0;0.0;0.0;0.0;0.0;999.0;999.0;999.0;999.0;999.0;999.0;999.0;999.0
