Municipios;Postos;Latitude;Longitude;Anos;Meses;Total;Dia1;Dia2;Dia3;Dia4;Dia5;Dia6;Dia7;Dia8;Dia9;Dia10;Dia11;Dia12;Dia13;Dia14;Dia15;Dia16;Dia17;Dia18;Dia19;Dia20;Dia21;Dia22;Dia23;Dia24;Dia25;Dia26;Dia27;Dia28;Dia29;Dia30;Dia31
Piquet Carneiro;ACUDE SAO JOSE II;-5.8383888888889;-39.480416666667;2017;1;31.4;0.0;0.0;0.0;0.0;0.0;0.0;0.0;0.0;0.0;0.0;0.0;0.0;0.0;0.0;0.0;0.0;0.0;0.0;7.2;24.2;0.0;0.0;0.0;0.0;0.0;0.0;0.0;0.0;0.0;0.0;0.0
Piquet Carneiro;ACUDE SAO JOSE II;-5.8383888888889;-39.480416666667;2017;2;62.6;0.0;0.0;0.0;0.0;0.0;0.0;0.0;0.0;0.0;41.0;10.3;0.0;0.0;0.0;0.0;0.0;0.0;0.0;0.0;0.0;0.0;0.0;0.0;0.0;0.0;0.0;0.0;11.3;888.0;888.0;888.0
Piquet Carneiro;ACUDE SAO JOSE II;-5.8383888888889;-39.480416666667;2017;3;108.4;0.0;0.0;0.0;0.0;0.0;0.0;0.0;0.0;21.2;19.2;11.0;0.0;8.0;0.0;0.0;0.0;0.0;21.0;0.0;1.0;0.0;0.0;0.0;27.0;0.0;0.0;0.0;0.0;0.0;0.0;0.0
Piquet Carneiro;ACUDE SAO JOSE II;-5.8383888888889;-39.480416666667;2017;4;39.0;0.0;0.0;19.0;0.0;0.0;0.0;0.0;0.0;0.0;0.0;0.0;0.0;20.0;0.0;0.0;0.0;0.0;0.0;0.0;0.0;0.0;0.0;0.0;0.0;0.0;0.0;0.0;0.0;0.0;0.0;888.0
Piquet Carneiro;ACUDE SAO JOSE II;-5.8383888888889;-39.480416666667;2017;5;141.0;50.0;0.0;0.0;0.0;0.0;0.0;0.0;0.0;32.0;0.0;27.0;32.0;0.0;0.0;0.0;0.0;0.0;0.0;0.0;0.0;0.0;0.0;0.0;0.0;0.0;0.0;0.0;0.0;0.0;0.0;0.0
Piquet Carneiro;ACUDE SAO JOSE II;-5.8383888888889;-39.480416666667;2017;6;15.0;15.0;0.0;0.0;0.0;0.0;0.0;0.0;0.0;0.0;0.0;0.0;0.0;0.0;0.0;0.0;0.0;0.0;0.0;0.0;0.0;0.0;0.0;0.0;0.0;0.0;0.0;0.0;0.0;0.0;0.0;888.0
Piquet Carneiro;ACUDE SAO JOSE II;-5.8383888888889;-39.480416666667;2017;7;64.0;0.0;0.0;64.0;0.0;0.0;0.0;0.0;0.0;0.0;0.0;0.0;0.0;0.0;0.0;0.0;0.0;0.0;0.0;0.0;0.0;0.0;0.0;0.0;0.0;0.0;0.0;0.0;0.0;0.0;0.0;0.0
Piquet Carneiro;ACUDE SAO JOSE II;-5.8383888888889;-39.480416666667;2017;8;0.0;0.0;0.0;0.0;0.0;0.0;0.0;0.0;0.0;0.0;0.0;0.0;0.0;0.0;0.0;0.0;0.0;0.0;0.0;0.0;0.0;0.0;0.0;0.0;0.0;0.0;0.0;0.0;0.0;0.0;0.0;0.0
Piquet Carneiro;ACUDE SAO JOSE II;-5.8383888888889;-39.480416666667;2017;9;0.0;0.0;0.0;0.0;0.0;0.0;0.0;0.0;0.0;0.0;0.0;0.0;0.0;0.0;0.0;0.0;0.0;0.0;0.0;0.0;0.0;0.0;0.0;0.0;0.0;0.0;0.0;0.0;0.0;0.0;0.0;888.0
Piquet Carneiro;ACUDE SAO JOSE II;-5.8383888888889;-39.480416666667;2017;10;0.0;0.0;0.0;0.0;0.0;0.0;0.0;0.0;0.0;0.0;0.0;0.0;0.0;0.0;0.0;0.0;0.0;0.0;0.0;0.0;0.0;0.0;0.0;0.0;0.0;0.0;0.0;0.0;0.0;0.0;0.0;0.0
Piquet Carneiro;ACUDE SAO JOSE II;-5.8383888888889;-39.480416666667;2017;11;0.0;0.0;0.0;0.0;0.0;0.0;0.0;0.0;0.0;0.0;0.0;0.0;0.0;0.0;0.0;0.0;0.0;0.0;0.0;0.0;0.0;0.0;0.0;0.0;0.0;0.0;0.0;0.0;0.0;0.0;0.0;888.0
Piquet Carneiro;ACUDE SAO JOSE II;-5.8383888888889;-39.480416666667;2017;12;0.0;0.0;0.0;0.0;0.0;0.0;0.0;0.0;0.0;0.0;0.0;0.0;0.0;0.0;0.0;0.0;0.0;0.0;0.0;0.0;0.0;0.0;0.0;0.0;0.0;0.0;0.0;0.0;0.0;0.0;0.0;0.0
Piquet Carneiro;ACUDE SAO JOSE II;-5.8383888888889;-39.480416666667;2018;1;0.0;999.0;999.0;999.0;999.0;999.0;999.0;999.0;999.0;999.0;999.0;999.0;999.0;999.0;999.0;999.0;999.0;999.0;999.0;999.0;999.0;999.0;999.0;999.0;999.0;999.0;999.0;999.0;999.0;999.0;999.0;999.0
Piquet Carneiro;ACUDE SAO JOSE II;-5.8383888888889;-39.480416666667;2019;7;24.0;4.0;0.0;0.0;0.0;0.0;0.0;0.0;0.0;0.0;0.0;0.0;0.0;0.0;0.0;20.0;0.0;0.0;0.0;0.0;0.0;0.0;0.0;0.0;0.0;0.0;0.0;0.0;0.0;0.0;0.0;0.0
Piquet Carneiro;ACUDE SAO JOSE II;-5.8383888888889;-39.480416666667;2019;8;5.0;0.0;0.0;0.0;0.0;0.0;0.0;0.0;0.0;0.0;0.0;0.0;0.0;0.0;0.0;5.0;0.0;0.0;0.0;0.0;0.0;0.0;0.0;0.0;0.0;0.0;0.0;0.0;0.0;0.0;0.0;0.0
Piquet Carneiro;ACUDE SAO JOSE II;-5.8383888888889;-39.480416666667;2019;9;29.0;0.0;0.0;0.0;0.0;0.0;0.0;0.0;0.0;0.0;0.0;0.0;0.0;0.0;0.0;0.0;0.0;0.0;0.0;0.0;0.0;0.0;0.0;0.0;29.0;0.0;0.0;0.0;0.0;0.0;0.0;888.0
Piquet Carneiro;ACUDE SAO JOSE II;-5.8383888888889;-39.480416666667;2019;10;0.0;0.0;0.0;0.0;0.0;0.0;0.0;0.0;0.0;0.0;0.0;0.0;0.0;0.0;0.0;0.0;0.0;0.0;0.0;0.0;0.0;0.0;0.0;0.0;0.0;0.0;0.0;0.0;0.0;0.0;0.0;0.0
Piquet Carneiro;ACUDE SAO JOSE II;-5.8383888888889;-39.480416666667;2019;11;0.0;0.0;0.0;0.0;0.0;0.0;0.0;0.0;0.0;0.0;0.0;0.0;0.0;0.0;0.0;0.0;0.0;0.0;0.0;0.0;0.0;0.0;0.0;0.0;0.0;0.0;0.0;0.0;0.0;0.0;0.0;888.0
Piquet Carneiro;ACUDE SAO JOSE II;-5.8383888888889;-39.480416666667;2019;12;0.0;0.0;0.0;0.0;0.0;0.0;0.0;0.0;0.0;0.0;0.0;0.0;0.0;0.0;0.0;0.0;0.0;0.0;0.0;0.0;0.0;0.0;0.0;0.0;0.0;0.0;0.0;0.0;0.0;0.0;0.0;0.0
Piquet Carneiro;ACUDE SAO JOSE II;-5.8383888888889;-39.480416666667;2020;1;20.0;0.0;0.0;0.0;0.0;0.0;3.0;0.0;0.0;0.0;0.0;0.0;0.0;0.0;0.0;0.0;0.0;0.0;0.0;0.0;0.0;0.0;0.0;0.0;0.0;0.0;0.0;0.0;5.0;0.0;12.0;0.0
Piquet Carneiro;ACUDE SAO JOSE II;-5.8383888888889;-39.480416666667;2020;2;121.5;0.0;0.0;0.0;5.0;25.0;0.0;0.0;0.0;0.0;0.0;0.0;0.0;0.0;4.2;0.0;6.0;0.0;5.0;31.3;0.0;0.0;5.0;0.0;0.0;26.0;0.0;0.0;0.0;14.0;888.0;888.0
Piquet Carneiro;ACUDE SAO JOSE II;-5.8383888888889;-39.480416666667;2020;3;326.0;0.0;41.0;0.0;0.0;32.0;0.0;0.0;5.0;0.0;0.0;0.0;0.0;0.0;90.0;0.0;0.0;0.0;30.0;0.0;0.0;0.0;0.0;0.0;0.0;5.0;55.0;68.0;0.0;0.0;0.0;0.0
Piquet Carneiro;ACUDE SAO JOSE II;-5.8383888888889;-39.480416666667;2020;4;125.0;0.0;0.0;0.0;0.0;14.0;0.0;0.0;0.0;0.0;0.0;0.0;0.0;41.0;0.0;0.0;0.0;0.0;0.0;0.0;0.0;30.0;0.0;0.0;0.0;40.0;0.0;0.0;0.0;0.0;0.0;888.0
Piquet Carneiro;ACUDE SAO JOSE II;-5.8383888888889;-39.480416666667;2020;5;128.0;0.0;0.0;0.0;0.0;0.0;0.0;0.0;0.0;0.0;0.0;0.0;0.0;0.0;0.0;0.0;45.0;0.0;0.0;0.0;45.0;0.0;0.0;0.0;0.0;0.0;0.0;0.0;0.0;0.0;38.0;0.0
Piquet Carneiro;ACUDE SAO JOSE II;-5.8383888888889;-39.480416666667;2020;6;0.0;0.0;0.0;0.0;0.0;0.0;0.0;0.0;0.0;0.0;0.0;0.0;0.0;0.0;0.0;0.0;0.0;0.0;0.0;0.0;0.0;0.0;0.0;0.0;0.0;0.0;0.0;0.0;0.0;0.0;0.0;888.0
Piquet Carneiro;ACUDE SAO JOSE II;-5.8383888888889;-39.480416666667;2020;7;0.0;0.0;0.0;0.0;0.0;0.0;0.0;0.0;0.0;0.0;0.0;0.0;0.0;0.0;0.0;0.0;0.0;0.0;0.0;0.0;0.0;0.0;0.0;0.0;0.0;0.0;0.0;0.0;0.0;0.0;0.0;0.0
Piquet Carneiro;ACUDE SAO JOSE II;-5.8383888888889;-39.480416666667;2020;8;0.0;0.0;0.0;0.0;0.0;0.0;0.0;0.0;0.0;0.0;0.0;0.0;0.0;0.0;0.0;0.0;0.0;0.0;0.0;0.0;0.0;0.0;0.0;0.0;0.0;0.0;0.0;0.0;0.0;0.0;0.0;0.0
Piquet Carneiro;ACUDE SAO JOSE II;-5.8383888888889;-39.480416666667;2020;9;0.0;0.0;0.0;0.0;0.0;0.0;0.0;0.0;0.0;0.0;0.0;0.0;0.0;0.0;0.0;0.0;0.0;0.0;0.0;0.0;0.0;0.0;0.0;0.0;0.0;0.0;0.0;0.0;0.0;0.0;0.0;888.0
Piquet Carneiro;ACUDE SAO JOSE II;-5.8383888888889;-39.480416666667;2020;10;0.0;0.0;0.0;0.0;0.0;0.0;0.0;0.0;0.0;0.0;0.0;0.0;0.0;0.0;0.0;0.0;0.0;0.0;0.0;0.0;0.0;0.0;0.0;0.0;0.0;0.0;0.0;0.0;0.0;0.0;0.0;0.0
Piquet Carneiro;ACUDE SAO JOSE II;-5.8383888888889;-39.480416666667;2020;11;0.0;0.0;0.0;0.0;0.0;0.0;0.0;0.0;0.0;0.0;0.0;0.0;0.0;0.0;0.0;0.0;0.0;0.0;0.0;0.0;0.0;0.0;0.0;0.0;0.0;0.0;0.0;0.0;0.0;0.0;0.0;888.0
Piquet Carneiro;ACUDE SAO JOSE II;-5.8383888888889;-39.480416666667;2020;12;0.0;0.0;0.0;0.0;0.0;0.0;0.0;0.0;0.0;0.0;0.0;0.0;0.0;0.0;0.0;0.0;0.0;0.0;0.0;0.0;0.0;0.0;0.0;0.0;0.0;0.0;0.0;0.0;0.0;0.0;0.0;0.0
Piquet Carneiro;ACUDE SAO JOSE II;-5.8383888888889;-39.480416666667;2021;1;0.0;0.0;0.0;0.0;0.0;0.0;0.0;0.0;0.0;0.0;0.0;0.0;0.0;0.0;0.0;0.0;0.0;0.0;0.0;0.0;0.0;0.0;0.0;0.0;0.0;0.0;0.0;0.0;0.0;0.0;0.0;0.0
Piquet Carneiro;ACUDE SAO JOSE II;-5.8383888888889;-39.480416666667;2021;2;0.0;0.0;0.0;0.0;0.0;0.0;0.0;0.0;0.0;999.0;999.0;999.0;999.0;999.0;999.0;999.0;999.0;999.0;999.0;999.0;999.0;999.0;999.0;999.0;999.0;999.0;999.0;999.0;999.0;888.0;888.0;888.0
Piquet Carneiro;ACUDE SAO JOSE II;-5.8383888888889;-39.480416666667;2021;3;78.0;999.0;999.0;999.0;999.0;999.0;999.0;999.0;999.0;999.0;999.0;999.0;999.0;999.0;999.0;999.0;999.0;999.0;999.0;999.0;999.0;999.0;999.0;999.0;999.0;999.0;999.0;999.0;78.0;999.0;999.0;999.0
Piquet Carneiro;ACUDE SAO JOSE II;-5.8383888888889;-39.480416666667;2021;4;109.0;0.0;0.0;0.0;0.0;0.0;0.0;0.0;0.0;0.0;0.0;0.0;68.0;0.0;0.0;0.0;0.0;0.0;15.0;0.0;0.0;0.0;0.0;0.0;22.0;0.0;0.0;0.0;4.0;0.0;0.0;888.0
Piquet Carneiro;ACUDE SAO JOSE II;-5.8383888888889;-39.480416666667;2021;5;0.0;0.0;0.0;0.0;0.0;0.0;0.0;0.0;0.0;0.0;0.0;0.0;0.0;0.0;0.0;0.0;0.0;0.0;0.0;0.0;0.0;0.0;0.0;0.0;0.0;0.0;0.0;0.0;0.0;0.0;0.0;0.0
Piquet Carneiro;ACUDE SAO JOSE II;-5.8383888888889;-39.480416666667;2021;6;0.0;0.0;0.0;0.0;0.0;0.0;0.0;0.0;0.0;0.0;0.0;0.0;0.0;0.0;0.0;0.0;0.0;0.0;0.0;0.0;0.0;0.0;0.0;0.0;0.0;0.0;0.0;0.0;0.0;0.0;0.0;888.0
Piquet Carneiro;ACUDE SAO JOSE II;-5.8383888888889;-39.480416666667;2021;7;22.0;0.0;0.0;0.0;0.0;0.0;0.0;0.0;0.0;0.0;0.0;22.0;0.0;0.0;0.0;0.0;0.0;0.0;0.0;0.0;0.0;0.0;0.0;0.0;0.0;0.0;0.0;0.0;0.0;0.0;0.0;0.0
Piquet Carneiro;ACUDE SAO JOSE II;-5.8383888888889;-39.480416666667;2021;8;0.0;0.0;0.0;0.0;0.0;0.0;0.0;0.0;0.0;0.0;0.0;0.0;0.0;0.0;0.0;0.0;0.0;0.0;0.0;0.0;0.0;0.0;0.0;0.0;0.0;0.0;0.0;0.0;0.0;0.0;0.0;0.0
Piquet Carneiro;ACUDE SAO JOSE II;-5.8383888888889;-39.480416666667;2021;9;0.0;0.0;0.0;0.0;0.0;0.0;0.0;0.0;0.0;0.0;0.0;0.0;0.0;0.0;0.0;0.0;0.0;0.0;0.0;0.0;0.0;0.0;0.0;0.0;0.0;0.0;0.0;0.0;0.0;0.0;0.0;888.0
Piquet Carneiro;ACUDE SAO JOSE II;-5.8383888888889;-39.480416666667;2021;10;0.0;0.0;0.0;0.0;0.0;0.0;0.0;0.0;0.0;0.0;0.0;0.0;0.0;0.0;0.0;0.0;0.0;0.0;0.0;0.0;0.0;0.0;0.0;0.0;0.0;0.0;0.0;0.0;0.0;0.0;0.0;0.0
Piquet Carneiro;ACUDE SAO JOSE II;-5.8383888888889;-39.480416666667;2021;11;0.0;0.0;0.0;0.0;0.0;0.0;0.0;0.0;0.0;0.0;0.0;0.0;0.0;0.0;0.0;0.0;0.0;0.0;0.0;0.0;0.0;0.0;0.0;0.0;0.0;0.0;0.0;0.0;0.0;0.0;0.0;888.0
Piquet Carneiro;ACUDE SAO JOSE II;-5.8383888888889;-39.480416666667;2021;12;0.0;0.0;0.0;0.0;0.0;0.0;0.0;0.0;0.0;0.0;0.0;0.0;0.0;0.0;0.0;0.0;0.0;0.0;0.0;0.0;0.0;0.0;0.0;0.0;0.0;0.0;0.0;0.0;0.0;0.0;0.0;0.0
Piquet Carneiro;ACUDE SAO JOSE II;-5.8383888888889;-39.480416666667;2022;3;16.0;0.0;0.0;0.0;0.0;0.0;0.0;0.0;0.0;0.0;0.0;0.0;0.0;0.0;0.0;0.0;16.0;0.0;0.0;0.0;0.0;0.0;0.0;0.0;0.0;0.0;0.0;0.0;0.0;0.0;0.0;0.0
Piquet Carneiro;ACUDE SAO JOSE II;-5.8383888888889;-39.480416666667;2022;4;36.0;0.0;0.0;0.0;0.0;23.0;0.0;0.0;0.0;0.0;0.0;0.0;0.0;0.0;0.0;0.0;0.0;0.0;0.0;0.0;0.0;0.0;0.0;0.0;0.0;0.0;0.0;13.0;999.0;999.0;999.0;888.0
Piquet Carneiro;ACUDE SAO JOSE II;-5.8383888888889;-39.480416666667;2022;8;45.0;0.0;0.0;0.0;0.0;45.0;0.0;0.0;0.0;0.0;0.0;0.0;0.0;0.0;0.0;0.0;0.0;0.0;0.0;0.0;0.0;0.0;0.0;0.0;0.0;0.0;0.0;0.0;0.0;0.0;0.0;0.0
Piquet Carneiro;ACUDE SAO JOSE II;-5.8383888888889;-39.480416666667;2022;9;0.0;0.0;0.0;0.0;0.0;0.0;0.0;0.0;0.0;0.0;0.0;0.0;0.0;0.0;0.0;0.0;0.0;0.0;0.0;0.0;0.0;0.0;0.0;0.0;0.0;0.0;0.0;0.0;0.0;0.0;0.0;888.0
Piquet Carneiro;ACUDE SAO JOSE II;-5.8383888888889;-39.480416666667;2022;10;0.0;0.0;0.0;0.0;0.0;0.0;0.0;0.0;0.0;0.0;0.0;0.0;0.0;0.0;0.0;0.0;0.0;0.0;0.0;0.0;0.0;0.0;0.0;0.0;0.0;0.0;0.0;0.0;0.0;0.0;0.0;0.0
Piquet Carneiro;ACUDE SAO JOSE II;-5.8383888888889;-39.480416666667;2022;11;200.0;0.0;0.0;0.0;0.0;80.0;0.0;120.0;0.0;0.0;0.0;0.0;0.0;0.0;0.0;0.0;0.0;0.0;0.0;0.0;0.0;0.0;0.0;0.0;0.0;0.0;0.0;0.0;0.0;0.0;0.0;888.0
Piquet Carneiro;ACUDE SAO JOSE II;-5.8383888888889;-39.480416666667;2022;12;0.0;0.0;0.0;0.0;0.0;0.0;0.0;0.0;0.0;0.0;0.0;0.0;0.0;0.0;0.0;0.0;0.0;0.0;0.0;0.0;0.0;0.0;0.0;0.0;0.0;0.0;0.0;0.0;0.0;0.0;0.0;0.0
Piquet Carneiro;ACUDE SAO JOSE II;-5.8383888888889;-39.480416666667;2023;1;48.0;0.0;0.0;0.0;0.0;0.0;0.0;0.0;0.0;0.0;0.0;0.0;0.0;0.0;0.0;0.0;48.0;0.0;0.0;0.0;0.0;0.0;0.0;0.0;0.0;0.0;0.0;0.0;0.0;0.0;0.0;0.0
Piquet Carneiro;ACUDE SAO JOSE II;-5.8383888888889;-39.480416666667;2023;2;104.0;0.0;0.0;0.0;0.0;0.0;0.0;0.0;0.0;0.0;0.0;0.0;0.0;0.0;0.0;0.0;0.0;0.0;27.0;0.0;0.0;0.0;0.0;25.0;52.0;0.0;0.0;0.0;0.0;888.0;888.0;888.0
Piquet Carneiro;ACUDE SAO JOSE II;-5.8383888888889;-39.480416666667;2023;3;50.0;0.0;0.0;0.0;0.0;0.0;0.0;0.0;0.0;0.0;0.0;0.0;50.0;999.0;999.0;999.0;999.0;999.0;999.0;999.0;999.0;999.0;999.0;999.0;999.0;999.0;999.0;999.0;999.0;999.0;999.0;999.0
Piquet Carneiro;ACUDE SAO JOSE II;-5.8383888888889;-39.480416666667;2023;12;24.0;0.0;0.0;0.0;0.0;0.0;0.0;0.0;0.0;0.0;0.0;0.0;0.0;0.0;0.0;0.0;0.0;0.0;0.0;0.0;24.0;0.0;0.0;0.0;0.0;0.0;0.0;0.0;0.0;0.0;0.0;0.0
Piquet Carneiro;ACUDE SAO JOSE II;-5.8383888888889;-39.480416666667;2024;1;35.0;0.0;0.0;0.0;0.0;0.0;0.0;0.0;0.0;0.0;0.0;0.0;35.0;0.0;0.0;0.0;0.0;0.0;0.0;0.0;0.0;0.0;0.0;0.0;0.0;0.0;0.0;0.0;0.0;0.0;0.0;0.0
Piquet Carneiro;ACUDE SAO JOSE II;-5.8383888888889;-39.480416666667;2024;2;72.0;0.0;0.0;0.0;0.0;0.0;0.0;0.0;0.0;0.0;0.0;48.0;0.0;0.0;0.0;0.0;0.0;0.0;12.0;0.0;0.0;0.0;0.0;12.0;0.0;0.0;0.0;0.0;0.0;0.0;888.0;888.0
Piquet Carneiro;ACUDE SAO JOSE II;-5.8383888888889;-39.480416666667;2024;3;175.0;0.0;0.0;0.0;0.0;0.0;0.0;0.0;0.0;0.0;12.0;0.0;0.0;0.0;0.0;0.0;0.0;0.0;0.0;0.0;0.0;0.0;0.0;0.0;0.0;0.0;0.0;0.0;50.0;0.0;113.0;999.0
Piquet Carneiro;ACUDE SAO JOSE II;-5.8383888888889;-39.480416666667;2024;4;138.0;0.0;0.0;0.0;0.0;0.0;0.0;0.0;0.0;0.0;0.0;0.0;0.0;0.0;50.0;58.0;30.0;0.0;0.0;0.0;0.0;0.0;0.0;0.0;0.0;0.0;0.0;0.0;0.0;0.0;0.0;888.0
Piquet Carneiro;ACUDE SAO JOSE II;-5.8383888888889;-39.480416666667;2024;5;0.0;0.0;0.0;0.0;0.0;0.0;0.0;0.0;0.0;0.0;0.0;0.0;0.0;0.0;0.0;0.0;0.0;0.0;0.0;0.0;0.0;0.0;0.0;0.0;0.0;0.0;0.0;0.0;0.0;0.0;0.0;0.0
Piquet Carneiro;ACUDE SAO JOSE II;-5.8383888888889;-39.480416666667;2024;6;0.0;0.0;0.0;0.0;0.0;0.0;0.0;0.0;0.0;0.0;0.0;0.0;0.0;0.0;0.0;0.0;0.0;0.0;0.0;0.0;0.0;0.0;0.0;0.0;0.0;0.0;0.0;0.0;0.0;0.0;0.0;888.0
Piquet Carneiro;ACUDE SAO JOSE II;-5.8383888888889;-39.480416666667;2024;7;0.0;0.0;0.0;0.0;0.0;0.0;0.0;0.0;0.0;0.0;0.0;0.0;0.0;0.0;0.0;0.0;0.0;0.0;0.0;0.0;0.0;0.0;0.0;0.0;0.0;0.0;0.0;0.0;0.0;0.0;0.0;0.0
Piquet Carneiro;ACUDE SAO JOSE II;-5.8383888888889;-39.480416666667;2024;8;0.0;0.0;0.0;0.0;0.0;0.0;0.0;0.0;0.0;0.0;0.0;0.0;0.0;0.0;999.0;999.0;999.0;999.0;999.0;999.0;999.0;999.0;999.0;999.0;999.0;999.0;999.0;999.0;999.0;999.0;999.0;999.0
