Municipios;Postos;Latitude;Longitude;Anos;Meses;Total;Dia1;Dia2;Dia3;Dia4;Dia5;Dia6;Dia7;Dia8;Dia9;Dia10;Dia11;Dia12;Dia13;Dia14;Dia15;Dia16;Dia17;Dia18;Dia19;Dia20;Dia21;Dia22;Dia23;Dia24;Dia25;Dia26;Dia27;Dia28;Dia29;Dia30;Dia31
Guaramiranga;BOTIJA;-4.2473888888889;-38.941583333333;2017;1;0.0;0.0;0.0;0.0;0.0;0.0;0.0;0.0;0.0;0.0;0.0;0.0;0.0;0.0;0.0;0.0;0.0;0.0;0.0;0.0;0.0;0.0;0.0;0.0;0.0;0.0;0.0;0.0;0.0;0.0;0.0;0.0
Guaramiranga;BOTIJA;-4.2473888888889;-38.941583333333;2017;8;10.0;0.0;0.0;0.0;0.0;0.0;0.0;0.0;0.0;0.0;0.0;0.0;0.0;0.0;0.0;0.0;0.0;2.5;0.0;0.0;0.0;0.0;0.0;0.0;0.0;0.0;7.5;0.0;0.0;0.0;0.0;0.0
Guaramiranga;BOTIJA;-4.2473888888889;-38.941583333333;2017;9;0.0;0.0;0.0;0.0;0.0;0.0;0.0;0.0;0.0;0.0;0.0;0.0;0.0;0.0;0.0;0.0;0.0;0.0;0.0;0.0;0.0;0.0;0.0;0.0;0.0;0.0;0.0;0.0;0.0;0.0;0.0;888.0
Guaramiranga;BOTIJA;-4.2473888888889;-38.941583333333;2017;10;31.3;0.0;0.0;0.0;0.0;0.0;0.0;0.0;0.0;0.0;0.0;8.0;2.0;0.0;3.0;3.0;6.0;5.2;0.0;0.0;2.2;0.0;0.0;0.0;0.0;0.0;0.0;0.0;0.0;1.9;0.0;0.0
Guaramiranga;BOTIJA;-4.2473888888889;-38.941583333333;2017;11;6.0;0.0;0.0;0.0;0.0;0.0;0.0;0.0;0.0;0.0;0.0;0.0;0.0;0.0;0.0;0.0;0.0;0.0;0.0;0.0;0.0;0.0;0.0;0.0;5.0;1.0;0.0;0.0;0.0;0.0;0.0;888.0
Guaramiranga;BOTIJA;-4.2473888888889;-38.941583333333;2017;12;40.3;0.0;6.0;0.0;0.0;0.0;0.0;0.0;0.0;0.0;0.0;0.0;0.0;0.0;0.0;0.0;0.0;0.0;0.0;0.0;0.7;0.2;0.8;0.7;0.0;0.7;18.6;8.6;2.0;2.0;0.0;0.0
Guaramiranga;BOTIJA;-4.2473888888889;-38.941583333333;2018;1;113.0;0.0;0.0;0.0;0.0;0.0;0.0;0.0;0.0;0.0;3.0;6.0;3.0;2.0;0.0;0.0;2.0;0.0;4.0;9.0;0.0;11.0;11.0;1.0;15.0;0.0;0.0;46.0;0.0;0.0;0.0;0.0
Guaramiranga;BOTIJA;-4.2473888888889;-38.941583333333;2018;2;252.4;0.0;1.0;0.0;0.0;18.0;12.0;4.0;11.0;0.0;0.0;0.0;21.0;10.0;35.0;0.0;18.0;0.0;0.0;0.0;15.0;7.0;23.2;22.0;43.0;0.0;0.0;12.2;0.0;888.0;888.0;888.0
Guaramiranga;BOTIJA;-4.2473888888889;-38.941583333333;2018;3;197.4;7.0;0.0;0.0;0.0;0.0;2.0;0.0;0.0;0.0;8.0;0.0;0.0;0.0;0.0;0.0;0.0;0.0;0.0;0.0;0.0;0.0;53.2;0.0;0.0;0.0;35.5;40.0;15.5;20.2;16.0;0.0
Guaramiranga;BOTIJA;-4.2473888888889;-38.941583333333;2018;4;315.8;0.0;22.2;20.0;16.5;10.0;5.0;2.0;0.0;7.5;13.0;12.0;0.0;0.0;0.0;0.0;32.5;42.4;0.0;0.0;0.0;0.0;0.0;0.0;65.2;0.0;0.0;13.0;10.5;21.0;23.0;888.0
Guaramiranga;BOTIJA;-4.2473888888889;-38.941583333333;2018;5;167.9;10.2;0.5;0.0;0.0;11.2;0.0;0.1;0.0;0.0;35.0;0.0;20.2;29.5;0.0;5.0;0.0;22.2;0.0;5.0;0.0;6.0;0.0;0.0;0.0;0.0;20.0;3.0;0.0;0.0;0.0;0.0
Guaramiranga;BOTIJA;-4.2473888888889;-38.941583333333;2018;6;49.2;0.0;1.2;0.0;2.0;0.0;0.0;1.0;20.5;0.0;0.0;2.0;0.0;0.0;1.0;0.0;2.5;0.0;6.2;8.2;0.0;0.0;0.0;1.4;0.0;0.0;3.2;0.0;0.0;0.0;0.0;888.0
Guaramiranga;BOTIJA;-4.2473888888889;-38.941583333333;2018;7;39.0;0.0;0.0;0.0;0.0;0.0;0.0;12.5;26.5;0.0;0.0;0.0;0.0;0.0;0.0;0.0;0.0;0.0;0.0;0.0;0.0;0.0;0.0;0.0;0.0;0.0;0.0;0.0;0.0;0.0;0.0;0.0
Guaramiranga;BOTIJA;-4.2473888888889;-38.941583333333;2018;8;0.0;0.0;0.0;0.0;0.0;0.0;0.0;0.0;0.0;0.0;0.0;0.0;0.0;0.0;0.0;0.0;0.0;0.0;0.0;0.0;0.0;0.0;0.0;0.0;0.0;0.0;0.0;0.0;0.0;0.0;0.0;0.0
Guaramiranga;BOTIJA;-4.2473888888889;-38.941583333333;2018;9;0.0;0.0;0.0;0.0;0.0;0.0;0.0;0.0;0.0;0.0;0.0;0.0;0.0;0.0;0.0;0.0;0.0;0.0;0.0;0.0;0.0;0.0;0.0;0.0;0.0;0.0;0.0;0.0;0.0;0.0;0.0;888.0
Guaramiranga;BOTIJA;-4.2473888888889;-38.941583333333;2018;10;0.0;0.0;0.0;0.0;0.0;0.0;0.0;0.0;0.0;0.0;0.0;0.0;0.0;0.0;0.0;0.0;0.0;0.0;0.0;0.0;0.0;0.0;0.0;0.0;0.0;0.0;0.0;0.0;0.0;0.0;0.0;0.0
Guaramiranga;BOTIJA;-4.2473888888889;-38.941583333333;2018;11;33.5;0.0;0.0;8.5;0.0;0.0;0.0;0.0;0.0;0.0;0.0;0.0;2.0;0.0;0.0;0.0;0.0;0.0;0.0;4.0;0.0;6.0;0.0;0.0;0.0;0.0;0.0;8.0;0.0;5.0;0.0;888.0
Guaramiranga;BOTIJA;-4.2473888888889;-38.941583333333;2018;12;117.5;0.0;0.0;0.0;0.0;0.0;8.0;0.0;0.0;0.0;0.0;0.0;0.0;0.0;0.0;0.0;0.0;56.0;0.0;0.0;8.0;0.0;22.5;23.0;0.0;0.0;0.0;0.0;0.0;0.0;0.0;0.0
Guaramiranga;BOTIJA;-4.2473888888889;-38.941583333333;2019;1;175.1;0.0;0.0;0.0;0.0;0.0;0.0;0.0;8.0;0.0;25.0;0.0;0.0;0.0;0.0;0.0;18.5;22.1;44.5;0.0;0.0;10.5;9.5;0.0;0.0;0.0;0.0;0.0;17.0;0.0;0.0;20.0
Guaramiranga;BOTIJA;-4.2473888888889;-38.941583333333;2019;2;53.0;5.0;0.0;0.0;3.0;5.0;7.0;10.0;1.0;0.0;3.0;0.0;0.0;0.0;2.0;0.0;3.0;5.0;0.0;0.0;2.0;0.0;0.0;1.0;2.0;0.0;0.0;3.0;1.0;888.0;888.0;888.0
Guaramiranga;BOTIJA;-4.2473888888889;-38.941583333333;2019;3;306.0;15.0;5.0;10.0;3.0;2.0;4.0;4.0;2.0;0.0;0.0;20.0;7.0;5.0;2.0;5.0;8.0;3.0;53.0;1.0;3.0;47.0;5.0;2.0;0.0;0.0;3.0;53.0;5.0;0.0;29.0;10.0
Guaramiranga;BOTIJA;-4.2473888888889;-38.941583333333;2019;4;96.0;2.0;0.0;1.0;20.0;0.0;0.0;0.0;0.0;1.0;10.0;3.0;0.0;5.0;0.0;0.0;5.0;0.0;0.0;16.0;4.0;0.0;15.0;0.0;5.0;0.0;3.0;1.0;0.0;0.0;5.0;888.0
Guaramiranga;BOTIJA;-4.2473888888889;-38.941583333333;2019;5;122.4;8.2;0.0;0.0;0.0;15.0;0.0;0.0;0.0;7.0;0.0;2.0;0.0;1.0;0.0;5.0;0.0;0.0;0.0;18.2;2.0;1.0;0.0;0.0;10.0;35.0;0.0;0.0;0.0;5.0;7.0;6.0
Guaramiranga;BOTIJA;-4.2473888888889;-38.941583333333;2019;6;110.9;17.4;1.5;0.0;2.0;52.0;5.0;0.0;0.0;0.0;2.0;0.0;22.0;0.0;0.0;0.0;0.0;0.0;0.0;6.0;0.0;0.0;0.0;0.0;0.0;0.0;0.0;0.0;0.0;0.0;3.0;888.0
Guaramiranga;BOTIJA;-4.2473888888889;-38.941583333333;2019;7;32.0;0.0;0.0;0.0;0.0;0.0;0.0;0.0;0.0;0.0;0.0;32.0;999.0;999.0;999.0;999.0;999.0;999.0;999.0;999.0;999.0;999.0;999.0;999.0;999.0;999.0;999.0;999.0;999.0;999.0;999.0;999.0
Guaramiranga;BOTIJA;-4.2473888888889;-38.941583333333;2020;1;91.0;12.0;9.0;0.0;18.0;0.0;7.0;0.0;0.0;0.0;0.0;0.0;4.0;2.0;1.0;0.0;0.0;3.0;0.0;2.0;0.0;0.0;0.0;5.0;0.0;0.0;5.0;3.0;7.0;0.0;2.0;11.0
Guaramiranga;BOTIJA;-4.2473888888889;-38.941583333333;2020;2;260.0;16.0;8.0;2.0;4.0;6.0;0.0;27.0;2.0;0.0;0.0;18.0;9.0;1.0;0.0;0.0;0.0;17.0;3.0;0.0;9.0;2.0;0.0;1.0;0.0;6.0;79.0;22.0;9.0;19.0;888.0;888.0
Guaramiranga;BOTIJA;-4.2473888888889;-38.941583333333;2020;3;231.5;18.0;22.0;7.0;23.0;0.0;0.0;2.0;32.0;10.0;0.0;11.0;4.0;0.0;2.0;10.0;0.0;0.0;0.0;2.0;0.0;26.0;8.0;23.0;0.0;9.0;8.0;0.0;0.0;1.0;10.0;3.5
Guaramiranga;BOTIJA;-4.2473888888889;-38.941583333333;2020;4;98.0;5.0;3.0;0.0;30.0;10.0;0.0;0.0;0.0;2.0;0.0;4.0;0.0;2.0;0.0;0.0;5.0;0.0;0.0;0.0;10.0;6.0;2.0;7.0;0.0;0.0;1.0;0.0;10.0;0.0;1.0;888.0
Guaramiranga;BOTIJA;-4.2473888888889;-38.941583333333;2020;5;56.0;0.0;1.0;0.0;0.0;0.0;10.0;5.0;0.0;1.0;0.0;0.0;0.0;4.0;7.0;0.0;1.0;0.0;0.0;2.0;4.0;0.0;0.0;0.0;1.0;9.0;0.0;8.0;0.0;1.0;2.0;0.0
Guaramiranga;BOTIJA;-4.2473888888889;-38.941583333333;2020;6;10.0;0.0;0.0;0.0;1.0;0.0;0.0;0.0;0.0;0.0;0.0;0.0;0.0;0.0;0.0;0.0;0.0;0.0;0.0;5.0;1.0;0.0;0.0;0.0;0.0;0.0;3.0;0.0;0.0;0.0;0.0;888.0
Guaramiranga;BOTIJA;-4.2473888888889;-38.941583333333;2020;7;23.0;0.0;0.0;1.0;0.0;0.0;5.0;0.0;0.0;0.0;0.0;0.0;0.0;0.0;0.0;0.0;9.0;0.0;1.0;3.0;0.0;0.0;0.0;0.0;0.0;0.0;0.0;3.0;0.0;0.0;0.0;1.0
Guaramiranga;BOTIJA;-4.2473888888889;-38.941583333333;2020;8;0.0;0.0;0.0;0.0;0.0;0.0;0.0;0.0;0.0;0.0;0.0;0.0;0.0;0.0;0.0;0.0;0.0;0.0;0.0;0.0;0.0;0.0;0.0;0.0;0.0;0.0;0.0;0.0;0.0;0.0;0.0;0.0
Guaramiranga;BOTIJA;-4.2473888888889;-38.941583333333;2020;9;0.0;0.0;0.0;0.0;0.0;0.0;0.0;0.0;0.0;0.0;0.0;0.0;0.0;0.0;0.0;0.0;0.0;0.0;0.0;0.0;0.0;0.0;0.0;0.0;0.0;0.0;0.0;0.0;0.0;0.0;0.0;888.0
Guaramiranga;BOTIJA;-4.2473888888889;-38.941583333333;2020;10;3.0;0.0;0.0;0.0;0.0;0.0;0.0;0.0;0.0;0.0;0.0;0.0;0.0;0.0;0.0;0.0;0.0;0.0;0.0;0.0;0.0;0.0;0.0;0.0;0.0;0.0;0.0;0.0;0.0;0.0;2.0;1.0
Guaramiranga;BOTIJA;-4.2473888888889;-38.941583333333;2020;11;0.0;0.0;0.0;0.0;0.0;0.0;0.0;0.0;0.0;0.0;0.0;0.0;0.0;0.0;0.0;0.0;0.0;0.0;0.0;0.0;0.0;0.0;0.0;0.0;0.0;0.0;0.0;0.0;0.0;0.0;0.0;888.0
Guaramiranga;BOTIJA;-4.2473888888889;-38.941583333333;2020;12;0.0;0.0;0.0;0.0;0.0;0.0;0.0;0.0;0.0;0.0;0.0;0.0;0.0;0.0;0.0;0.0;0.0;0.0;0.0;0.0;0.0;0.0;0.0;0.0;0.0;0.0;0.0;0.0;0.0;0.0;0.0;0.0
Guaramiranga;BOTIJA;-4.2473888888889;-38.941583333333;2021;1;0.0;0.0;0.0;0.0;0.0;0.0;0.0;0.0;0.0;0.0;0.0;0.0;0.0;0.0;0.0;0.0;0.0;0.0;0.0;0.0;0.0;0.0;0.0;0.0;0.0;0.0;0.0;0.0;0.0;0.0;0.0;0.0
Guaramiranga;BOTIJA;-4.2473888888889;-38.941583333333;2021;2;3.5;0.0;0.0;0.0;0.0;0.0;0.0;0.0;0.0;0.0;0.0;0.0;3.5;0.0;0.0;0.0;0.0;0.0;0.0;0.0;0.0;0.0;0.0;0.0;0.0;0.0;0.0;0.0;0.0;888.0;888.0;888.0
Guaramiranga;BOTIJA;-4.2473888888889;-38.941583333333;2021;3;187.6;0.6;0.0;0.0;20.0;0.0;0.0;0.0;0.0;1.0;0.0;10.0;5.0;0.0;50.0;30.0;0.0;10.0;5.0;10.0;0.0;0.0;10.0;2.0;0.0;1.0;0.0;20.0;0.0;10.0;0.0;3.0
Guaramiranga;BOTIJA;-4.2473888888889;-38.941583333333;2021;4;236.0;1.0;0.0;2.0;0.0;0.0;3.0;5.0;0.0;0.0;30.0;15.0;2.0;3.0;0.0;0.0;1.0;5.0;30.0;0.0;15.0;50.0;20.0;0.0;12.0;0.0;27.0;0.0;0.0;0.0;15.0;888.0
Guaramiranga;BOTIJA;-4.2473888888889;-38.941583333333;2022;1;114.0;0.0;0.0;1.0;1.0;0.0;0.0;5.0;3.0;0.0;1.0;9.0;4.0;8.0;11.0;2.0;6.0;3.0;0.0;0.0;0.0;7.0;2.0;0.0;0.0;0.0;12.0;10.0;2.0;5.0;13.0;9.0
Guaramiranga;BOTIJA;-4.2473888888889;-38.941583333333;2022;2;184.0;8.0;1.0;11.0;7.0;6.0;3.0;12.0;9.0;0.0;1.0;13.0;17.0;5.0;2.0;2.0;8.0;1.0;7.0;1.0;21.0;11.0;10.0;3.0;9.0;0.0;0.0;7.0;9.0;888.0;888.0;888.0
Guaramiranga;BOTIJA;-4.2473888888889;-38.941583333333;2022;3;243.0;9.0;19.0;7.0;3.0;2.0;10.0;0.0;0.0;1.0;22.0;13.0;9.0;2.0;13.0;1.0;2.0;18.0;4.0;0.0;0.0;8.0;1.0;10.0;11.0;9.0;3.0;0.0;12.0;19.0;21.0;14.0
Guaramiranga;BOTIJA;-4.2473888888889;-38.941583333333;2022;4;256.0;8.0;6.0;4.0;7.0;19.0;11.0;9.0;7.0;0.0;0.0;3.0;1.0;11.0;8.0;7.0;0.0;0.0;11.0;19.0;21.0;5.0;1.0;12.0;9.0;32.0;17.0;7.0;0.0;11.0;10.0;888.0
Guaramiranga;BOTIJA;-4.2473888888889;-38.941583333333;2022;5;289.0;2.0;5.0;0.0;7.0;10.0;9.0;4.0;6.0;2.0;1.0;11.0;17.0;13.0;9.0;0.0;1.0;18.0;11.0;9.0;8.0;22.0;11.0;9.0;2.0;21.0;9.0;7.0;17.0;3.0;26.0;19.0
