Municipios;Postos;Latitude;Longitude;Anos;Meses;Total;Dia1;Dia2;Dia3;Dia4;Dia5;Dia6;Dia7;Dia8;Dia9;Dia10;Dia11;Dia12;Dia13;Dia14;Dia15;Dia16;Dia17;Dia18;Dia19;Dia20;Dia21;Dia22;Dia23;Dia24;Dia25;Dia26;Dia27;Dia28;Dia29;Dia30;Dia31
Jaguaruana;SARGENTO;-4.8419166666667;-37.839361111111;2018;1;31.0;31.0;0.0;0.0;0.0;0.0;0.0;0.0;0.0;0.0;0.0;0.0;0.0;0.0;0.0;0.0;0.0;0.0;0.0;0.0;0.0;0.0;0.0;0.0;0.0;0.0;0.0;0.0;0.0;0.0;0.0;0.0
Jaguaruana;SARGENTO;-4.8419166666667;-37.839361111111;2018;2;103.0;0.0;0.0;0.0;0.0;0.0;0.0;0.0;0.0;0.0;0.0;0.0;0.0;0.0;0.0;32.0;0.0;53.0;0.0;18.0;0.0;0.0;0.0;0.0;0.0;0.0;0.0;0.0;0.0;888.0;888.0;888.0
Jaguaruana;SARGENTO;-4.8419166666667;-37.839361111111;2018;3;77.0;27.0;0.0;0.0;0.0;0.0;0.0;0.0;0.0;0.0;0.0;0.0;0.0;0.0;0.0;0.0;0.0;0.0;0.0;0.0;0.0;0.0;0.0;0.0;0.0;0.0;0.0;0.0;36.0;0.0;14.0;0.0
Jaguaruana;SARGENTO;-4.8419166666667;-37.839361111111;2018;4;257.0;0.0;14.0;0.0;0.0;0.0;36.0;0.0;19.0;0.0;0.0;11.0;20.0;53.0;0.0;0.0;14.0;24.0;0.0;0.0;0.0;18.0;0.0;20.0;0.0;0.0;14.0;0.0;0.0;0.0;14.0;888.0
Jaguaruana;SARGENTO;-4.8419166666667;-37.839361111111;2018;5;61.0;17.0;0.0;0.0;0.0;0.0;0.0;10.0;0.0;0.0;0.0;0.0;0.0;0.0;6.0;0.0;0.0;0.0;0.0;18.0;0.0;0.0;6.0;0.0;0.0;4.0;0.0;0.0;0.0;0.0;0.0;0.0
Jaguaruana;SARGENTO;-4.8419166666667;-37.839361111111;2018;6;0.0;0.0;0.0;0.0;0.0;0.0;0.0;0.0;0.0;0.0;0.0;0.0;0.0;0.0;0.0;0.0;0.0;0.0;0.0;0.0;0.0;0.0;0.0;0.0;0.0;0.0;0.0;0.0;0.0;0.0;0.0;888.0
Jaguaruana;SARGENTO;-4.8419166666667;-37.839361111111;2018;7;0.0;0.0;0.0;0.0;0.0;0.0;0.0;0.0;0.0;0.0;0.0;0.0;0.0;0.0;0.0;0.0;0.0;0.0;0.0;0.0;0.0;0.0;0.0;0.0;0.0;0.0;0.0;0.0;0.0;0.0;0.0;0.0
Jaguaruana;SARGENTO;-4.8419166666667;-37.839361111111;2018;8;0.0;0.0;0.0;0.0;0.0;0.0;0.0;0.0;0.0;0.0;0.0;0.0;0.0;0.0;0.0;0.0;0.0;0.0;0.0;0.0;0.0;0.0;0.0;0.0;0.0;0.0;0.0;0.0;0.0;0.0;0.0;0.0
Jaguaruana;SARGENTO;-4.8419166666667;-37.839361111111;2018;9;0.0;0.0;0.0;0.0;0.0;0.0;0.0;0.0;0.0;0.0;0.0;0.0;0.0;0.0;0.0;0.0;0.0;0.0;0.0;0.0;0.0;0.0;0.0;0.0;0.0;0.0;0.0;0.0;0.0;0.0;0.0;888.0
Jaguaruana;SARGENTO;-4.8419166666667;-37.839361111111;2018;10;0.0;0.0;0.0;0.0;0.0;0.0;0.0;0.0;0.0;0.0;0.0;0.0;0.0;0.0;0.0;0.0;0.0;0.0;0.0;0.0;0.0;0.0;0.0;0.0;0.0;0.0;0.0;0.0;0.0;0.0;0.0;0.0
Jaguaruana;SARGENTO;-4.8419166666667;-37.839361111111;2018;11;0.0;0.0;0.0;0.0;0.0;0.0;0.0;0.0;0.0;0.0;0.0;0.0;0.0;0.0;0.0;0.0;0.0;0.0;0.0;0.0;0.0;0.0;0.0;0.0;0.0;0.0;0.0;0.0;0.0;0.0;0.0;888.0
Jaguaruana;SARGENTO;-4.8419166666667;-37.839361111111;2018;12;15.0;0.0;0.0;0.0;0.0;0.0;0.0;0.0;0.0;0.0;0.0;0.0;0.0;0.0;0.0;0.0;0.0;0.0;0.0;0.0;0.0;0.0;0.0;0.0;15.0;0.0;0.0;0.0;0.0;0.0;0.0;0.0
Jaguaruana;SARGENTO;-4.8419166666667;-37.839361111111;2019;1;76.0;0.0;0.0;0.0;0.0;0.0;0.0;0.0;46.0;0.0;0.0;0.0;0.0;0.0;0.0;0.0;0.0;0.0;0.0;0.0;0.0;0.0;0.0;0.0;30.0;0.0;0.0;0.0;0.0;0.0;0.0;0.0
Jaguaruana;SARGENTO;-4.8419166666667;-37.839361111111;2019;2;250.0;0.0;0.0;0.0;6.0;10.0;9.0;0.0;0.0;0.0;0.0;0.0;0.0;0.0;24.0;0.0;46.0;0.0;11.0;21.0;0.0;0.0;0.0;0.0;80.0;0.0;7.0;36.0;0.0;888.0;888.0;888.0
Jaguaruana;SARGENTO;-4.8419166666667;-37.839361111111;2019;3;328.0;54.0;0.0;25.0;0.0;25.0;0.0;16.0;39.0;27.0;0.0;14.0;0.0;0.0;0.0;0.0;0.0;0.0;0.0;25.0;0.0;0.0;30.0;0.0;0.0;0.0;0.0;0.0;0.0;35.0;38.0;0.0
Jaguaruana;SARGENTO;-4.8419166666667;-37.839361111111;2019;4;328.0;54.0;0.0;25.0;0.0;0.0;25.0;16.0;39.0;27.0;0.0;14.0;0.0;0.0;0.0;0.0;0.0;0.0;0.0;25.0;0.0;0.0;30.0;0.0;0.0;0.0;0.0;0.0;0.0;35.0;38.0;888.0
Jaguaruana;SARGENTO;-4.8419166666667;-37.839361111111;2019;5;35.0;0.0;0.0;0.0;0.0;0.0;0.0;0.0;8.0;27.0;0.0;0.0;0.0;0.0;0.0;0.0;0.0;0.0;0.0;0.0;0.0;0.0;0.0;0.0;0.0;0.0;0.0;0.0;0.0;0.0;0.0;0.0
Jaguaruana;SARGENTO;-4.8419166666667;-37.839361111111;2019;6;0.0;0.0;0.0;0.0;0.0;0.0;0.0;0.0;0.0;0.0;0.0;0.0;0.0;0.0;0.0;0.0;0.0;0.0;0.0;0.0;0.0;0.0;0.0;0.0;0.0;0.0;0.0;0.0;0.0;0.0;0.0;888.0
Jaguaruana;SARGENTO;-4.8419166666667;-37.839361111111;2019;7;0.0;0.0;0.0;0.0;0.0;0.0;0.0;0.0;0.0;0.0;0.0;0.0;0.0;0.0;0.0;0.0;0.0;0.0;0.0;0.0;0.0;0.0;0.0;0.0;0.0;0.0;0.0;0.0;0.0;0.0;0.0;0.0
Jaguaruana;SARGENTO;-4.8419166666667;-37.839361111111;2019;8;0.0;0.0;0.0;0.0;0.0;0.0;0.0;0.0;0.0;0.0;0.0;0.0;0.0;0.0;0.0;0.0;0.0;0.0;0.0;0.0;0.0;0.0;0.0;0.0;0.0;0.0;0.0;0.0;0.0;0.0;0.0;0.0
Jaguaruana;SARGENTO;-4.8419166666667;-37.839361111111;2019;9;0.0;0.0;0.0;0.0;0.0;0.0;0.0;0.0;0.0;0.0;0.0;0.0;0.0;0.0;0.0;0.0;0.0;0.0;0.0;0.0;0.0;0.0;0.0;0.0;0.0;0.0;0.0;0.0;0.0;0.0;0.0;888.0
Jaguaruana;SARGENTO;-4.8419166666667;-37.839361111111;2019;10;0.0;0.0;0.0;0.0;0.0;0.0;0.0;0.0;0.0;0.0;0.0;0.0;0.0;0.0;0.0;0.0;0.0;0.0;0.0;0.0;0.0;0.0;0.0;0.0;0.0;0.0;0.0;0.0;0.0;0.0;0.0;0.0
Jaguaruana;SARGENTO;-4.8419166666667;-37.839361111111;2019;11;0.0;0.0;0.0;0.0;0.0;0.0;0.0;0.0;0.0;0.0;0.0;0.0;0.0;0.0;0.0;0.0;0.0;0.0;0.0;0.0;0.0;0.0;0.0;0.0;0.0;0.0;0.0;0.0;0.0;0.0;0.0;888.0
Jaguaruana;SARGENTO;-4.8419166666667;-37.839361111111;2019;12;0.0;0.0;0.0;0.0;0.0;0.0;0.0;0.0;0.0;0.0;0.0;0.0;0.0;0.0;0.0;0.0;0.0;0.0;0.0;0.0;0.0;0.0;0.0;0.0;0.0;0.0;0.0;0.0;0.0;0.0;0.0;0.0
Jaguaruana;SARGENTO;-4.8419166666667;-37.839361111111;2020;1;33.0;3.0;0.0;0.0;0.0;0.0;0.0;0.0;0.0;0.0;30.0;0.0;0.0;0.0;0.0;0.0;0.0;0.0;0.0;0.0;0.0;0.0;0.0;0.0;0.0;0.0;0.0;0.0;0.0;0.0;0.0;0.0
Jaguaruana;SARGENTO;-4.8419166666667;-37.839361111111;2020;2;213.0;0.0;0.0;0.0;26.0;0.0;0.0;0.0;0.0;0.0;0.0;0.0;0.0;12.0;0.0;0.0;2.0;23.0;13.0;0.0;0.0;28.0;0.0;23.0;0.0;0.0;33.0;43.0;10.0;0.0;888.0;888.0
Jaguaruana;SARGENTO;-4.8419166666667;-37.839361111111;2020;3;175.0;0.0;0.0;26.0;36.0;0.0;0.0;38.0;0.0;0.0;11.0;0.0;0.0;0.0;0.0;12.0;0.0;27.0;0.0;15.0;0.0;0.0;0.0;0.0;0.0;0.0;0.0;10.0;0.0;0.0;0.0;0.0
Jaguaruana;SARGENTO;-4.8419166666667;-37.839361111111;2020;4;182.0;0.0;0.0;0.0;0.0;20.0;0.0;10.0;0.0;0.0;0.0;0.0;0.0;0.0;0.0;15.0;0.0;0.0;0.0;0.0;0.0;41.0;0.0;0.0;5.0;50.0;0.0;0.0;0.0;41.0;0.0;888.0
Jaguaruana;SARGENTO;-4.8419166666667;-37.839361111111;2020;5;74.0;0.0;0.0;0.0;0.0;0.0;5.0;0.0;0.0;0.0;0.0;0.0;0.0;0.0;0.0;0.0;0.0;0.0;19.0;0.0;0.0;0.0;0.0;0.0;0.0;0.0;0.0;0.0;10.0;0.0;40.0;0.0
Jaguaruana;SARGENTO;-4.8419166666667;-37.839361111111;2020;6;60.0;3.0;0.0;51.0;0.0;0.0;0.0;0.0;0.0;0.0;0.0;0.0;0.0;0.0;0.0;0.0;6.0;0.0;0.0;0.0;0.0;0.0;0.0;0.0;0.0;0.0;0.0;0.0;0.0;0.0;0.0;888.0
Jaguaruana;SARGENTO;-4.8419166666667;-37.839361111111;2020;7;33.0;0.0;0.0;0.0;0.0;0.0;0.0;28.0;0.0;0.0;0.0;5.0;0.0;0.0;0.0;0.0;0.0;0.0;0.0;0.0;0.0;0.0;0.0;0.0;0.0;0.0;0.0;0.0;0.0;0.0;0.0;0.0
Jaguaruana;SARGENTO;-4.8419166666667;-37.839361111111;2020;8;0.0;0.0;0.0;0.0;0.0;0.0;0.0;0.0;0.0;0.0;0.0;0.0;0.0;0.0;0.0;0.0;0.0;0.0;0.0;0.0;0.0;0.0;0.0;0.0;0.0;0.0;0.0;0.0;0.0;0.0;0.0;0.0
Jaguaruana;SARGENTO;-4.8419166666667;-37.839361111111;2020;9;0.0;0.0;0.0;0.0;0.0;0.0;0.0;0.0;0.0;0.0;0.0;0.0;0.0;0.0;0.0;0.0;0.0;0.0;0.0;0.0;0.0;0.0;0.0;0.0;0.0;0.0;0.0;0.0;0.0;0.0;0.0;888.0
Jaguaruana;SARGENTO;-4.8419166666667;-37.839361111111;2020;10;0.0;0.0;0.0;0.0;0.0;0.0;0.0;0.0;0.0;0.0;0.0;0.0;0.0;0.0;0.0;0.0;0.0;0.0;0.0;0.0;0.0;0.0;0.0;0.0;0.0;0.0;0.0;0.0;0.0;0.0;0.0;0.0
Jaguaruana;SARGENTO;-4.8419166666667;-37.839361111111;2020;11;0.0;0.0;0.0;0.0;0.0;0.0;0.0;0.0;0.0;0.0;0.0;0.0;0.0;0.0;0.0;0.0;0.0;0.0;0.0;0.0;0.0;0.0;0.0;0.0;0.0;0.0;0.0;0.0;0.0;0.0;0.0;888.0
Jaguaruana;SARGENTO;-4.8419166666667;-37.839361111111;2020;12;0.0;0.0;0.0;0.0;0.0;0.0;0.0;0.0;0.0;0.0;0.0;0.0;0.0;0.0;0.0;0.0;0.0;0.0;0.0;0.0;0.0;0.0;0.0;0.0;0.0;0.0;0.0;0.0;0.0;0.0;0.0;0.0
Jaguaruana;SARGENTO;-4.8419166666667;-37.839361111111;2021;1;6.0;0.0;0.0;0.0;0.0;0.0;0.0;0.0;0.0;0.0;0.0;0.0;0.0;0.0;0.0;0.0;0.0;0.0;0.0;0.0;6.0;0.0;0.0;0.0;0.0;0.0;0.0;0.0;0.0;0.0;0.0;0.0
Jaguaruana;SARGENTO;-4.8419166666667;-37.839361111111;2021;2;67.0;0.0;0.0;0.0;0.0;0.0;0.0;0.0;0.0;0.0;0.0;0.0;0.0;0.0;0.0;0.0;32.0;0.0;0.0;0.0;0.0;0.0;0.0;0.0;0.0;0.0;29.0;0.0;6.0;888.0;888.0;888.0
Jaguaruana;SARGENTO;-4.8419166666667;-37.839361111111;2021;3;121.0;0.0;0.0;0.0;0.0;14.0;0.0;0.0;0.0;0.0;0.0;0.0;0.0;0.0;0.0;0.0;0.0;0.0;0.0;0.0;0.0;0.0;0.0;0.0;17.0;57.0;0.0;0.0;12.0;21.0;0.0;0.0
Jaguaruana;SARGENTO;-4.8419166666667;-37.839361111111;2021;4;11.0;0.0;0.0;0.0;0.0;0.0;11.0;0.0;0.0;0.0;0.0;0.0;0.0;0.0;0.0;0.0;0.0;0.0;0.0;0.0;0.0;0.0;0.0;0.0;0.0;0.0;0.0;0.0;0.0;0.0;0.0;888.0
Jaguaruana;SARGENTO;-4.8419166666667;-37.839361111111;2021;5;135.0;8.0;20.0;0.0;25.0;0.0;0.0;0.0;0.0;11.0;0.0;50.0;0.0;0.0;0.0;0.0;21.0;0.0;0.0;0.0;0.0;0.0;0.0;0.0;0.0;0.0;0.0;0.0;0.0;0.0;0.0;0.0
Jaguaruana;SARGENTO;-4.8419166666667;-37.839361111111;2021;6;0.0;0.0;0.0;0.0;0.0;0.0;0.0;0.0;0.0;0.0;0.0;0.0;0.0;0.0;0.0;0.0;0.0;0.0;0.0;0.0;0.0;0.0;0.0;0.0;0.0;0.0;0.0;0.0;0.0;0.0;0.0;888.0
Jaguaruana;SARGENTO;-4.8419166666667;-37.839361111111;2021;7;10.0;0.0;10.0;0.0;0.0;0.0;0.0;0.0;0.0;0.0;0.0;0.0;0.0;0.0;0.0;0.0;0.0;0.0;0.0;0.0;0.0;0.0;0.0;0.0;0.0;0.0;0.0;0.0;0.0;0.0;0.0;0.0
Jaguaruana;SARGENTO;-4.8419166666667;-37.839361111111;2021;8;0.0;0.0;0.0;0.0;0.0;0.0;0.0;0.0;0.0;0.0;0.0;0.0;0.0;0.0;0.0;0.0;0.0;0.0;0.0;0.0;0.0;0.0;0.0;0.0;0.0;0.0;0.0;0.0;0.0;0.0;0.0;0.0
Jaguaruana;SARGENTO;-4.8419166666667;-37.839361111111;2021;9;0.0;0.0;0.0;0.0;0.0;0.0;0.0;0.0;0.0;0.0;0.0;0.0;0.0;0.0;0.0;0.0;0.0;0.0;0.0;0.0;0.0;0.0;0.0;0.0;0.0;0.0;0.0;0.0;0.0;0.0;0.0;888.0
Jaguaruana;SARGENTO;-4.8419166666667;-37.839361111111;2021;10;0.0;0.0;0.0;0.0;0.0;0.0;0.0;0.0;0.0;0.0;0.0;0.0;0.0;0.0;0.0;0.0;0.0;0.0;0.0;0.0;0.0;0.0;0.0;0.0;0.0;0.0;0.0;0.0;0.0;0.0;0.0;0.0
Jaguaruana;SARGENTO;-4.8419166666667;-37.839361111111;2021;11;0.0;0.0;0.0;0.0;0.0;0.0;0.0;0.0;0.0;0.0;0.0;0.0;0.0;0.0;0.0;0.0;0.0;0.0;0.0;0.0;0.0;0.0;0.0;0.0;0.0;0.0;0.0;0.0;0.0;0.0;0.0;888.0
Jaguaruana;SARGENTO;-4.8419166666667;-37.839361111111;2021;12;0.0;0.0;0.0;0.0;0.0;0.0;0.0;0.0;0.0;0.0;0.0;0.0;0.0;0.0;0.0;0.0;0.0;0.0;0.0;0.0;0.0;0.0;0.0;0.0;0.0;0.0;0.0;0.0;0.0;0.0;0.0;0.0
Jaguaruana;SARGENTO;-4.8419166666667;-37.839361111111;2022;1;54.0;0.0;0.0;0.0;0.0;0.0;0.0;0.0;0.0;0.0;0.0;6.0;0.0;0.0;10.0;0.0;17.0;0.0;0.0;0.0;0.0;0.0;0.0;0.0;0.0;0.0;0.0;0.0;21.0;0.0;0.0;0.0
Jaguaruana;SARGENTO;-4.8419166666667;-37.839361111111;2022;2;31.0;0.0;0.0;0.0;31.0;0.0;0.0;0.0;0.0;0.0;0.0;0.0;0.0;0.0;0.0;0.0;0.0;0.0;0.0;0.0;0.0;0.0;0.0;0.0;0.0;0.0;0.0;0.0;0.0;888.0;888.0;888.0
Jaguaruana;SARGENTO;-4.8419166666667;-37.839361111111;2022;3;212.0;12.0;0.0;0.0;0.0;0.0;38.0;0.0;0.0;0.0;0.0;22.0;0.0;0.0;0.0;62.0;10.0;0.0;0.0;0.0;30.0;0.0;0.0;38.0;0.0;0.0;0.0;0.0;0.0;0.0;0.0;0.0
Jaguaruana;SARGENTO;-4.8419166666667;-37.839361111111;2022;4;407.0;0.0;69.0;0.0;0.0;0.0;0.0;65.0;0.0;0.0;0.0;0.0;0.0;0.0;0.0;0.0;50.0;0.0;34.0;0.0;0.0;0.0;0.0;19.0;0.0;170.0;0.0;0.0;0.0;0.0;0.0;888.0
Jaguaruana;SARGENTO;-4.8419166666667;-37.839361111111;2022;5;160.0;0.0;0.0;0.0;5.0;10.0;20.0;30.0;0.0;0.0;0.0;0.0;5.0;0.0;0.0;0.0;0.0;0.0;10.0;0.0;0.0;0.0;0.0;20.0;0.0;40.0;0.0;0.0;0.0;10.0;7.0;3.0
Jaguaruana;SARGENTO;-4.8419166666667;-37.839361111111;2022;6;18.0;0.0;0.0;0.0;0.0;0.0;0.0;0.0;0.0;0.0;0.0;18.0;0.0;0.0;0.0;0.0;0.0;0.0;0.0;0.0;0.0;0.0;0.0;0.0;0.0;0.0;0.0;0.0;0.0;0.0;0.0;888.0
Jaguaruana;SARGENTO;-4.8419166666667;-37.839361111111;2022;7;0.0;0.0;0.0;0.0;0.0;0.0;0.0;999.0;999.0;999.0;999.0;999.0;999.0;999.0;999.0;999.0;999.0;999.0;999.0;999.0;999.0;999.0;999.0;999.0;999.0;999.0;999.0;999.0;999.0;999.0;999.0;999.0
