Municipios;Postos;Latitude;Longitude;Anos;Meses;Total;Dia1;Dia2;Dia3;Dia4;Dia5;Dia6;Dia7;Dia8;Dia9;Dia10;Dia11;Dia12;Dia13;Dia14;Dia15;Dia16;Dia17;Dia18;Dia19;Dia20;Dia21;Dia22;Dia23;Dia24;Dia25;Dia26;Dia27;Dia28;Dia29;Dia30;Dia31
Potengi;SITIO QUENQUELERE;-7.0339444444444;-40.049472222222;2017;11;33.0;999.0;999.0;999.0;999.0;999.0;999.0;999.0;999.0;999.0;999.0;999.0;999.0;999.0;999.0;999.0;999.0;999.0;999.0;999.0;999.0;999.0;0.0;0.0;23.0;0.0;0.0;10.0;0.0;0.0;999.0;888.0
Potengi;SITIO QUENQUELERE;-7.0339444444444;-40.049472222222;2018;1;65.0;0.0;0.0;0.0;32.0;0.0;12.0;0.0;0.0;3.0;0.0;18.0;0.0;0.0;0.0;0.0;0.0;0.0;0.0;0.0;0.0;0.0;0.0;0.0;0.0;0.0;0.0;0.0;0.0;0.0;0.0;0.0
Potengi;SITIO QUENQUELERE;-7.0339444444444;-40.049472222222;2018;2;232.0;0.0;0.0;0.0;0.0;0.0;0.0;4.0;0.0;0.0;0.0;0.0;46.0;0.0;0.0;54.0;0.0;0.0;0.0;41.0;27.0;0.0;0.0;0.0;0.0;17.0;11.0;32.0;0.0;888.0;888.0;888.0
Potengi;SITIO QUENQUELERE;-7.0339444444444;-40.049472222222;2018;3;87.0;20.0;0.0;0.0;0.0;0.0;0.0;0.0;0.0;0.0;0.0;8.0;0.0;0.0;0.0;0.0;0.0;0.0;0.0;0.0;0.0;0.0;0.0;10.0;0.0;0.0;18.0;0.0;0.0;14.0;17.0;0.0
Potengi;SITIO QUENQUELERE;-7.0339444444444;-40.049472222222;2018;4;250.0;0.0;24.0;0.0;0.0;9.0;34.0;40.0;0.0;112.0;0.0;0.0;0.0;0.0;0.0;0.0;0.0;0.0;0.0;0.0;0.0;0.0;0.0;10.0;0.0;21.0;0.0;0.0;0.0;0.0;0.0;888.0
Potengi;SITIO QUENQUELERE;-7.0339444444444;-40.049472222222;2018;5;18.0;0.0;18.0;0.0;0.0;0.0;0.0;0.0;0.0;0.0;0.0;0.0;0.0;0.0;0.0;0.0;0.0;0.0;0.0;0.0;0.0;0.0;0.0;0.0;0.0;0.0;0.0;0.0;0.0;0.0;0.0;0.0
Potengi;SITIO QUENQUELERE;-7.0339444444444;-40.049472222222;2018;6;0.0;0.0;0.0;0.0;0.0;0.0;0.0;0.0;0.0;0.0;0.0;0.0;0.0;0.0;0.0;0.0;0.0;0.0;0.0;0.0;0.0;0.0;0.0;0.0;0.0;0.0;0.0;0.0;0.0;0.0;0.0;888.0
Potengi;SITIO QUENQUELERE;-7.0339444444444;-40.049472222222;2018;7;0.0;0.0;0.0;0.0;0.0;0.0;0.0;0.0;0.0;0.0;0.0;0.0;0.0;0.0;0.0;0.0;0.0;0.0;0.0;0.0;0.0;0.0;0.0;0.0;0.0;0.0;0.0;0.0;0.0;0.0;0.0;0.0
Potengi;SITIO QUENQUELERE;-7.0339444444444;-40.049472222222;2018;8;0.0;0.0;0.0;0.0;0.0;0.0;0.0;0.0;0.0;0.0;0.0;0.0;0.0;0.0;0.0;0.0;0.0;0.0;0.0;0.0;0.0;0.0;0.0;0.0;0.0;0.0;0.0;0.0;0.0;0.0;0.0;0.0
Potengi;SITIO QUENQUELERE;-7.0339444444444;-40.049472222222;2018;9;0.0;0.0;0.0;0.0;0.0;0.0;0.0;0.0;0.0;0.0;0.0;0.0;0.0;0.0;0.0;0.0;0.0;0.0;0.0;0.0;0.0;0.0;0.0;0.0;0.0;0.0;0.0;0.0;0.0;0.0;0.0;888.0
Potengi;SITIO QUENQUELERE;-7.0339444444444;-40.049472222222;2018;10;0.0;0.0;0.0;0.0;0.0;0.0;0.0;0.0;0.0;0.0;0.0;0.0;0.0;0.0;0.0;0.0;0.0;0.0;0.0;0.0;0.0;0.0;0.0;0.0;0.0;0.0;0.0;0.0;0.0;0.0;0.0;0.0
Potengi;SITIO QUENQUELERE;-7.0339444444444;-40.049472222222;2018;11;10.0;0.0;0.0;0.0;0.0;0.0;0.0;0.0;0.0;0.0;0.0;0.0;0.0;0.0;0.0;0.0;0.0;0.0;0.0;0.0;0.0;0.0;0.0;0.0;10.0;999.0;999.0;999.0;999.0;999.0;999.0;888.0
Potengi;SITIO QUENQUELERE;-7.0339444444444;-40.049472222222;2019;5;26.0;0.0;0.0;0.0;0.0;0.0;0.0;0.0;0.0;0.0;0.0;0.0;0.0;0.0;0.0;0.0;0.0;10.0;0.0;6.0;0.0;0.0;0.0;0.0;0.0;0.0;0.0;0.0;0.0;0.0;0.0;10.0
Potengi;SITIO QUENQUELERE;-7.0339444444444;-40.049472222222;2019;6;34.0;0.0;0.0;0.0;0.0;0.0;0.0;0.0;0.0;0.0;0.0;0.0;0.0;0.0;0.0;0.0;0.0;0.0;34.0;0.0;0.0;0.0;0.0;0.0;0.0;0.0;0.0;0.0;0.0;0.0;0.0;888.0
Potengi;SITIO QUENQUELERE;-7.0339444444444;-40.049472222222;2019;7;0.0;0.0;0.0;0.0;0.0;0.0;0.0;0.0;0.0;0.0;0.0;0.0;0.0;0.0;0.0;0.0;0.0;0.0;0.0;0.0;0.0;0.0;0.0;0.0;0.0;0.0;0.0;0.0;0.0;0.0;0.0;0.0
Potengi;SITIO QUENQUELERE;-7.0339444444444;-40.049472222222;2019;8;0.0;0.0;0.0;0.0;0.0;0.0;0.0;0.0;0.0;0.0;0.0;0.0;0.0;0.0;0.0;0.0;0.0;0.0;0.0;0.0;0.0;0.0;0.0;0.0;0.0;0.0;0.0;0.0;0.0;0.0;0.0;0.0
Potengi;SITIO QUENQUELERE;-7.0339444444444;-40.049472222222;2019;9;0.0;0.0;0.0;0.0;0.0;0.0;0.0;0.0;0.0;0.0;0.0;0.0;0.0;0.0;0.0;0.0;0.0;0.0;0.0;0.0;0.0;0.0;0.0;0.0;0.0;0.0;0.0;0.0;0.0;0.0;0.0;888.0
Potengi;SITIO QUENQUELERE;-7.0339444444444;-40.049472222222;2019;10;0.0;0.0;0.0;0.0;0.0;0.0;0.0;0.0;0.0;0.0;0.0;0.0;0.0;0.0;0.0;0.0;0.0;0.0;0.0;0.0;0.0;0.0;0.0;0.0;0.0;0.0;0.0;0.0;0.0;0.0;0.0;0.0
Potengi;SITIO QUENQUELERE;-7.0339444444444;-40.049472222222;2019;11;0.0;0.0;0.0;0.0;0.0;0.0;0.0;0.0;0.0;0.0;0.0;0.0;0.0;0.0;0.0;0.0;0.0;0.0;0.0;0.0;0.0;0.0;0.0;0.0;0.0;0.0;0.0;0.0;0.0;0.0;0.0;888.0
Potengi;SITIO QUENQUELERE;-7.0339444444444;-40.049472222222;2019;12;0.0;0.0;0.0;0.0;0.0;0.0;0.0;0.0;0.0;0.0;0.0;0.0;0.0;0.0;0.0;0.0;0.0;0.0;0.0;0.0;0.0;0.0;0.0;0.0;0.0;0.0;0.0;0.0;0.0;0.0;0.0;0.0
Potengi;SITIO QUENQUELERE;-7.0339444444444;-40.049472222222;2020;1;121.2;23.0;12.1;0.0;7.1;0.0;0.0;0.0;0.0;0.0;0.0;10.0;0.0;0.0;0.0;0.0;0.0;0.0;0.0;61.0;8.0;0.0;0.0;0.0;0.0;0.0;0.0;0.0;0.0;0.0;0.0;0.0
Potengi;SITIO QUENQUELERE;-7.0339444444444;-40.049472222222;2020;2;185.0;0.0;0.0;0.0;0.0;59.0;0.0;0.0;0.0;10.0;0.0;0.0;0.0;0.0;0.0;0.0;0.0;14.0;0.0;0.0;0.0;24.0;0.0;0.0;0.0;0.0;73.0;5.0;0.0;0.0;888.0;888.0
Potengi;SITIO QUENQUELERE;-7.0339444444444;-40.049472222222;2020;3;222.0;36.0;0.0;31.0;0.0;0.0;14.0;0.0;0.0;0.0;15.0;0.0;0.0;0.0;67.0;0.0;0.0;0.0;15.0;0.0;0.0;7.0;0.0;0.0;37.0;0.0;0.0;0.0;0.0;0.0;0.0;0.0
Potengi;SITIO QUENQUELERE;-7.0339444444444;-40.049472222222;2020;4;82.1;0.0;0.0;0.0;0.0;0.0;0.0;0.0;0.0;13.0;0.0;0.0;0.0;10.0;0.0;0.0;11.0;0.0;0.0;0.0;0.0;0.0;10.0;0.0;12.0;0.0;6.0;0.0;5.0;8.0;7.1;888.0
Potengi;SITIO QUENQUELERE;-7.0339444444444;-40.049472222222;2020;5;32.0;0.0;0.0;0.0;0.0;0.0;7.0;0.0;0.0;0.0;25.0;0.0;0.0;0.0;0.0;0.0;0.0;0.0;0.0;0.0;0.0;0.0;0.0;0.0;0.0;0.0;0.0;0.0;0.0;0.0;0.0;0.0
Potengi;SITIO QUENQUELERE;-7.0339444444444;-40.049472222222;2020;6;0.0;0.0;0.0;0.0;0.0;0.0;0.0;0.0;0.0;0.0;0.0;0.0;0.0;0.0;0.0;0.0;0.0;0.0;0.0;0.0;0.0;0.0;0.0;0.0;0.0;0.0;0.0;0.0;0.0;0.0;0.0;888.0
Potengi;SITIO QUENQUELERE;-7.0339444444444;-40.049472222222;2020;7;0.0;0.0;0.0;0.0;0.0;0.0;0.0;0.0;0.0;0.0;0.0;0.0;0.0;0.0;0.0;0.0;0.0;0.0;0.0;0.0;0.0;0.0;0.0;0.0;0.0;0.0;0.0;0.0;0.0;0.0;0.0;0.0
Potengi;SITIO QUENQUELERE;-7.0339444444444;-40.049472222222;2020;8;0.0;0.0;0.0;0.0;0.0;0.0;0.0;0.0;0.0;0.0;0.0;0.0;0.0;0.0;0.0;0.0;0.0;0.0;0.0;0.0;0.0;0.0;0.0;0.0;0.0;0.0;0.0;0.0;0.0;0.0;0.0;0.0
Potengi;SITIO QUENQUELERE;-7.0339444444444;-40.049472222222;2020;9;0.0;0.0;0.0;0.0;0.0;0.0;0.0;0.0;0.0;0.0;0.0;0.0;0.0;0.0;0.0;0.0;0.0;0.0;0.0;0.0;0.0;0.0;0.0;0.0;0.0;0.0;0.0;0.0;0.0;0.0;0.0;888.0
Potengi;SITIO QUENQUELERE;-7.0339444444444;-40.049472222222;2020;10;0.0;0.0;0.0;0.0;0.0;0.0;0.0;0.0;0.0;0.0;0.0;0.0;0.0;0.0;0.0;0.0;0.0;0.0;0.0;0.0;0.0;0.0;0.0;0.0;0.0;0.0;0.0;0.0;0.0;0.0;0.0;0.0
Potengi;SITIO QUENQUELERE;-7.0339444444444;-40.049472222222;2020;11;0.0;0.0;0.0;0.0;0.0;0.0;0.0;0.0;0.0;0.0;0.0;0.0;0.0;0.0;0.0;0.0;0.0;0.0;0.0;0.0;0.0;0.0;0.0;0.0;0.0;0.0;0.0;0.0;0.0;0.0;0.0;888.0
Potengi;SITIO QUENQUELERE;-7.0339444444444;-40.049472222222;2020;12;10.0;0.0;0.0;0.0;10.0;0.0;0.0;0.0;0.0;0.0;0.0;0.0;0.0;0.0;0.0;0.0;0.0;0.0;0.0;0.0;0.0;0.0;0.0;0.0;0.0;0.0;0.0;0.0;0.0;0.0;0.0;0.0
Potengi;SITIO QUENQUELERE;-7.0339444444444;-40.049472222222;2021;1;81.0;0.0;12.0;0.0;0.0;0.0;0.0;0.0;0.0;0.0;31.0;30.0;0.0;0.0;0.0;0.0;0.0;0.0;0.0;0.0;8.0;0.0;0.0;0.0;0.0;0.0;0.0;0.0;0.0;0.0;0.0;0.0
Potengi;SITIO QUENQUELERE;-7.0339444444444;-40.049472222222;2021;2;92.0;0.0;0.0;0.0;0.0;0.0;0.0;0.0;0.0;0.0;0.0;0.0;0.0;0.0;0.0;0.0;0.0;0.0;0.0;0.0;11.0;0.0;41.0;40.0;0.0;0.0;0.0;0.0;0.0;888.0;888.0;888.0
Potengi;SITIO QUENQUELERE;-7.0339444444444;-40.049472222222;2021;3;154.0;36.0;37.0;0.0;0.0;0.0;14.0;0.0;0.0;0.0;15.0;0.0;0.0;0.0;15.0;0.0;0.0;0.0;0.0;0.0;0.0;0.0;0.0;0.0;37.0;0.0;0.0;0.0;0.0;0.0;0.0;0.0
Potengi;SITIO QUENQUELERE;-7.0339444444444;-40.049472222222;2021;4;86.0;0.0;0.0;0.0;0.0;0.0;0.0;0.0;0.0;30.0;0.0;0.0;0.0;10.0;0.0;0.0;11.0;0.0;0.0;0.0;0.0;0.0;10.0;0.0;12.0;0.0;6.0;0.0;0.0;0.0;7.0;888.0
Potengi;SITIO QUENQUELERE;-7.0339444444444;-40.049472222222;2021;5;0.0;0.0;0.0;0.0;0.0;0.0;0.0;0.0;0.0;0.0;0.0;0.0;0.0;0.0;0.0;0.0;0.0;0.0;0.0;0.0;0.0;0.0;0.0;0.0;0.0;0.0;0.0;0.0;0.0;0.0;0.0;0.0
Potengi;SITIO QUENQUELERE;-7.0339444444444;-40.049472222222;2021;6;0.0;0.0;0.0;0.0;0.0;0.0;0.0;0.0;0.0;0.0;0.0;0.0;0.0;0.0;0.0;0.0;0.0;0.0;0.0;0.0;0.0;0.0;0.0;0.0;0.0;0.0;0.0;0.0;0.0;0.0;0.0;888.0
Potengi;SITIO QUENQUELERE;-7.0339444444444;-40.049472222222;2021;7;0.0;0.0;0.0;0.0;0.0;0.0;0.0;0.0;0.0;0.0;0.0;0.0;0.0;0.0;0.0;0.0;0.0;0.0;0.0;0.0;0.0;0.0;0.0;0.0;0.0;0.0;0.0;0.0;0.0;0.0;0.0;0.0
Potengi;SITIO QUENQUELERE;-7.0339444444444;-40.049472222222;2021;8;0.0;0.0;0.0;0.0;0.0;0.0;0.0;0.0;0.0;0.0;0.0;0.0;0.0;0.0;0.0;0.0;0.0;0.0;0.0;0.0;0.0;0.0;0.0;0.0;0.0;0.0;0.0;0.0;0.0;0.0;0.0;0.0
Potengi;SITIO QUENQUELERE;-7.0339444444444;-40.049472222222;2021;9;0.0;0.0;0.0;0.0;0.0;0.0;0.0;0.0;0.0;0.0;0.0;0.0;0.0;0.0;0.0;0.0;0.0;0.0;0.0;0.0;0.0;0.0;0.0;0.0;0.0;0.0;0.0;0.0;0.0;0.0;0.0;888.0
Potengi;SITIO QUENQUELERE;-7.0339444444444;-40.049472222222;2021;10;0.0;0.0;0.0;0.0;0.0;0.0;0.0;0.0;0.0;0.0;0.0;0.0;0.0;0.0;0.0;0.0;0.0;0.0;0.0;0.0;0.0;0.0;0.0;0.0;0.0;0.0;0.0;0.0;0.0;0.0;0.0;0.0
Potengi;SITIO QUENQUELERE;-7.0339444444444;-40.049472222222;2021;11;6.0;0.0;0.0;0.0;0.0;0.0;0.0;0.0;0.0;6.0;0.0;0.0;0.0;0.0;0.0;0.0;0.0;0.0;0.0;0.0;0.0;0.0;0.0;0.0;0.0;0.0;0.0;0.0;0.0;0.0;0.0;888.0
Potengi;SITIO QUENQUELERE;-7.0339444444444;-40.049472222222;2021;12;43.0;0.0;0.0;0.0;0.0;0.0;0.0;0.0;0.0;0.0;0.0;0.0;0.0;0.0;0.0;0.0;0.0;0.0;0.0;0.0;0.0;0.0;0.0;0.0;0.0;0.0;0.0;34.0;0.0;0.0;9.0;0.0
Potengi;SITIO QUENQUELERE;-7.0339444444444;-40.049472222222;2022;1;90.0;0.0;0.0;0.0;0.0;0.0;0.0;0.0;0.0;0.0;0.0;0.0;15.0;0.0;0.0;0.0;0.0;18.0;0.0;0.0;0.0;0.0;0.0;0.0;0.0;0.0;0.0;15.0;0.0;42.0;0.0;0.0
Potengi;SITIO QUENQUELERE;-7.0339444444444;-40.049472222222;2022;2;0.0;0.0;0.0;0.0;0.0;0.0;0.0;0.0;0.0;0.0;0.0;0.0;0.0;0.0;0.0;0.0;0.0;0.0;0.0;0.0;0.0;0.0;0.0;0.0;0.0;0.0;0.0;0.0;0.0;888.0;888.0;888.0
Potengi;SITIO QUENQUELERE;-7.0339444444444;-40.049472222222;2022;3;105.0;0.0;0.0;0.0;0.0;0.0;0.0;0.0;0.0;0.0;0.0;0.0;40.0;0.0;0.0;30.0;0.0;0.0;0.0;0.0;0.0;0.0;0.0;0.0;0.0;15.0;0.0;0.0;20.0;0.0;0.0;0.0
Potengi;SITIO QUENQUELERE;-7.0339444444444;-40.049472222222;2022;4;35.0;0.0;20.0;0.0;0.0;0.0;0.0;0.0;15.0;0.0;0.0;0.0;0.0;0.0;0.0;0.0;0.0;0.0;0.0;0.0;0.0;0.0;0.0;0.0;0.0;0.0;0.0;0.0;0.0;0.0;0.0;888.0
Potengi;SITIO QUENQUELERE;-7.0339444444444;-40.049472222222;2022;5;64.0;0.0;0.0;0.0;0.0;0.0;0.0;0.0;0.0;0.0;20.0;0.0;12.0;0.0;0.0;32.0;0.0;0.0;0.0;0.0;0.0;0.0;0.0;0.0;0.0;0.0;0.0;0.0;0.0;0.0;0.0;0.0
Potengi;SITIO QUENQUELERE;-7.0339444444444;-40.049472222222;2022;6;63.0;0.0;25.0;0.0;0.0;0.0;0.0;0.0;0.0;0.0;0.0;0.0;11.0;0.0;0.0;0.0;0.0;14.0;0.0;0.0;13.0;0.0;0.0;0.0;0.0;0.0;0.0;0.0;0.0;0.0;0.0;888.0
Potengi;SITIO QUENQUELERE;-7.0339444444444;-40.049472222222;2022;7;0.0;0.0;0.0;0.0;0.0;0.0;0.0;0.0;0.0;0.0;0.0;0.0;0.0;0.0;0.0;0.0;0.0;0.0;0.0;0.0;0.0;0.0;0.0;0.0;0.0;0.0;0.0;0.0;0.0;0.0;0.0;0.0
Potengi;SITIO QUENQUELERE;-7.0339444444444;-40.049472222222;2022;8;0.0;0.0;0.0;0.0;0.0;0.0;0.0;0.0;0.0;0.0;0.0;0.0;0.0;0.0;0.0;0.0;0.0;0.0;0.0;0.0;0.0;0.0;0.0;0.0;0.0;0.0;0.0;0.0;0.0;0.0;0.0;0.0
Potengi;SITIO QUENQUELERE;-7.0339444444444;-40.049472222222;2022;9;0.0;0.0;0.0;0.0;0.0;0.0;0.0;0.0;0.0;0.0;0.0;0.0;0.0;0.0;0.0;0.0;0.0;0.0;0.0;0.0;0.0;0.0;0.0;0.0;0.0;0.0;0.0;0.0;0.0;0.0;0.0;888.0
Potengi;SITIO QUENQUELERE;-7.0339444444444;-40.049472222222;2022;10;0.0;0.0;0.0;0.0;0.0;0.0;0.0;0.0;0.0;0.0;0.0;0.0;0.0;0.0;0.0;0.0;0.0;0.0;0.0;0.0;0.0;0.0;0.0;0.0;0.0;0.0;0.0;0.0;0.0;0.0;0.0;0.0
Potengi;SITIO QUENQUELERE;-7.0339444444444;-40.049472222222;2022;11;100.0;0.0;0.0;0.0;100.0;0.0;0.0;0.0;0.0;0.0;0.0;0.0;0.0;0.0;0.0;0.0;0.0;0.0;0.0;0.0;0.0;0.0;0.0;0.0;0.0;0.0;0.0;0.0;0.0;0.0;0.0;888.0
Potengi;SITIO QUENQUELERE;-7.0339444444444;-40.049472222222;2022;12;0.0;0.0;0.0;0.0;0.0;0.0;0.0;0.0;0.0;0.0;0.0;0.0;0.0;0.0;0.0;0.0;0.0;0.0;0.0;0.0;0.0;0.0;0.0;0.0;0.0;0.0;0.0;0.0;0.0;0.0;0.0;0.0
Potengi;SITIO QUENQUELERE;-7.0339444444444;-40.049472222222;2023;1;47.0;0.0;0.0;0.0;0.0;0.0;0.0;0.0;0.0;0.0;0.0;15.0;0.0;0.0;20.0;0.0;0.0;0.0;0.0;0.0;0.0;0.0;0.0;12.0;0.0;0.0;0.0;0.0;0.0;0.0;0.0;0.0
Potengi;SITIO QUENQUELERE;-7.0339444444444;-40.049472222222;2023;2;133.0;0.0;0.0;21.0;0.0;0.0;0.0;0.0;0.0;0.0;0.0;0.0;51.0;0.0;0.0;0.0;0.0;0.0;0.0;0.0;0.0;0.0;0.0;31.0;30.0;0.0;0.0;0.0;0.0;888.0;888.0;888.0
Potengi;SITIO QUENQUELERE;-7.0339444444444;-40.049472222222;2023;3;76.0;0.0;0.0;0.0;0.0;0.0;0.0;0.0;0.0;0.0;0.0;0.0;0.0;0.0;0.0;0.0;0.0;0.0;0.0;0.0;0.0;0.0;0.0;0.0;0.0;0.0;0.0;51.0;0.0;0.0;25.0;0.0
Potengi;SITIO QUENQUELERE;-7.0339444444444;-40.049472222222;2023;4;178.0;0.0;0.0;32.0;0.0;0.0;0.0;0.0;40.0;52.0;0.0;0.0;0.0;0.0;0.0;0.0;0.0;54.0;0.0;0.0;0.0;0.0;0.0;0.0;0.0;0.0;0.0;0.0;0.0;0.0;0.0;888.0
Potengi;SITIO QUENQUELERE;-7.0339444444444;-40.049472222222;2023;5;20.0;20.0;0.0;0.0;0.0;0.0;0.0;0.0;0.0;0.0;0.0;0.0;0.0;0.0;0.0;0.0;0.0;0.0;0.0;0.0;0.0;0.0;0.0;0.0;0.0;0.0;0.0;0.0;0.0;0.0;0.0;0.0
Potengi;SITIO QUENQUELERE;-7.0339444444444;-40.049472222222;2023;6;0.0;0.0;0.0;0.0;0.0;0.0;0.0;0.0;0.0;0.0;0.0;0.0;0.0;0.0;0.0;0.0;0.0;0.0;0.0;0.0;0.0;0.0;0.0;0.0;0.0;0.0;0.0;0.0;0.0;0.0;0.0;888.0
Potengi;SITIO QUENQUELERE;-7.0339444444444;-40.049472222222;2023;7;0.0;0.0;0.0;0.0;0.0;0.0;0.0;0.0;0.0;0.0;0.0;0.0;0.0;0.0;0.0;0.0;0.0;0.0;0.0;0.0;0.0;0.0;0.0;0.0;0.0;0.0;0.0;0.0;0.0;0.0;0.0;0.0
Potengi;SITIO QUENQUELERE;-7.0339444444444;-40.049472222222;2023;8;0.0;0.0;0.0;0.0;0.0;0.0;0.0;0.0;0.0;0.0;0.0;0.0;0.0;0.0;0.0;0.0;0.0;0.0;0.0;0.0;0.0;0.0;0.0;0.0;0.0;0.0;0.0;0.0;0.0;0.0;0.0;0.0
Potengi;SITIO QUENQUELERE;-7.0339444444444;-40.049472222222;2023;9;0.0;0.0;0.0;0.0;0.0;0.0;0.0;0.0;0.0;0.0;0.0;0.0;0.0;0.0;0.0;0.0;0.0;0.0;0.0;0.0;0.0;0.0;0.0;0.0;0.0;0.0;0.0;0.0;0.0;0.0;0.0;888.0
Potengi;SITIO QUENQUELERE;-7.0339444444444;-40.049472222222;2023;10;0.0;0.0;0.0;0.0;0.0;0.0;0.0;0.0;0.0;0.0;0.0;0.0;0.0;0.0;0.0;0.0;0.0;0.0;0.0;0.0;0.0;0.0;0.0;0.0;0.0;0.0;0.0;0.0;0.0;0.0;0.0;0.0
Potengi;SITIO QUENQUELERE;-7.0339444444444;-40.049472222222;2023;11;0.0;0.0;0.0;0.0;0.0;0.0;0.0;0.0;0.0;0.0;0.0;0.0;0.0;0.0;0.0;0.0;0.0;0.0;0.0;0.0;0.0;0.0;0.0;0.0;0.0;0.0;0.0;0.0;0.0;0.0;0.0;888.0
Potengi;SITIO QUENQUELERE;-7.0339444444444;-40.049472222222;2023;12;51.5;0.0;0.0;0.0;0.0;0.0;0.0;0.0;0.0;5.0;0.0;0.0;0.0;0.0;0.0;0.0;0.0;0.0;0.0;37.0;0.0;9.5;0.0;0.0;0.0;0.0;0.0;0.0;0.0;0.0;0.0;0.0
Potengi;SITIO QUENQUELERE;-7.0339444444444;-40.049472222222;2024;1;78.5;23.0;3.0;4.0;0.0;0.0;10.0;0.0;0.0;0.0;0.0;0.0;8.0;12.0;0.0;0.0;0.0;0.0;0.0;0.0;0.0;0.0;0.0;0.0;6.5;0.0;0.0;12.0;0.0;0.0;0.0;0.0
Potengi;SITIO QUENQUELERE;-7.0339444444444;-40.049472222222;2024;2;155.0;0.0;0.0;0.0;0.0;0.0;16.0;0.0;3.0;5.5;8.5;0.0;0.0;16.5;30.0;0.0;0.0;0.0;0.0;0.0;13.0;0.0;1.5;40.0;5.0;0.0;5.0;0.0;11.0;0.0;888.0;888.0
Potengi;SITIO QUENQUELERE;-7.0339444444444;-40.049472222222;2024;3;148.5;0.0;0.0;0.0;0.0;11.0;53.0;0.0;11.0;0.0;0.0;0.0;0.0;0.0;0.0;0.0;0.0;0.0;8.0;0.0;0.0;0.0;18.0;0.0;0.0;0.0;0.0;3.5;0.0;8.0;9.0;27.0
Potengi;SITIO QUENQUELERE;-7.0339444444444;-40.049472222222;2024;4;206.5;13.0;0.0;45.0;0.0;20.0;4.0;0.0;3.0;12.0;0.0;0.0;11.0;25.0;0.0;0.0;0.0;0.0;10.0;17.0;27.0;0.0;0.0;17.0;0.0;0.0;2.5;0.0;0.0;0.0;0.0;888.0
Potengi;SITIO QUENQUELERE;-7.0339444444444;-40.049472222222;2024;5;20.0;0.0;0.0;0.0;0.0;0.0;0.0;0.0;0.0;3.0;0.0;0.0;0.0;0.0;0.0;6.0;0.0;0.0;0.0;0.0;0.0;11.0;0.0;0.0;0.0;0.0;0.0;0.0;0.0;0.0;0.0;0.0
Potengi;SITIO QUENQUELERE;-7.0339444444444;-40.049472222222;2024;6;2.5;0.0;0.0;0.0;0.0;0.0;0.0;0.0;0.0;0.0;0.0;0.0;0.0;0.0;0.0;2.5;0.0;0.0;0.0;0.0;0.0;0.0;0.0;0.0;0.0;0.0;0.0;0.0;0.0;0.0;0.0;888.0
Potengi;SITIO QUENQUELERE;-7.0339444444444;-40.049472222222;2024;7;0.0;0.0;0.0;0.0;0.0;0.0;0.0;0.0;0.0;0.0;0.0;0.0;0.0;0.0;0.0;0.0;0.0;0.0;0.0;0.0;0.0;0.0;0.0;0.0;0.0;0.0;0.0;0.0;0.0;0.0;0.0;0.0
Potengi;SITIO QUENQUELERE;-7.0339444444444;-40.049472222222;2024;8;0.0;0.0;0.0;0.0;0.0;0.0;0.0;0.0;0.0;0.0;0.0;0.0;0.0;0.0;0.0;0.0;0.0;0.0;0.0;0.0;0.0;0.0;0.0;0.0;0.0;0.0;0.0;0.0;0.0;0.0;0.0;0.0
Potengi;SITIO QUENQUELERE;-7.0339444444444;-40.049472222222;2024;9;6.0;0.0;0.0;0.0;0.0;0.0;0.0;0.0;0.0;0.0;0.0;0.0;0.0;0.0;0.0;0.0;0.0;0.0;0.0;0.0;0.0;0.0;0.0;0.0;0.0;0.0;0.0;0.0;0.0;0.0;6.0;888.0
Potengi;SITIO QUENQUELERE;-7.0339444444444;-40.049472222222;2024;10;0.0;0.0;0.0;0.0;0.0;0.0;0.0;0.0;0.0;0.0;0.0;999.0;999.0;999.0;999.0;999.0;999.0;999.0;999.0;999.0;999.0;999.0;999.0;999.0;999.0;999.0;999.0;999.0;999.0;999.0;999.0;999.0
