Municipios;Postos;Latitude;Longitude;Anos;Meses;Total;Dia1;Dia2;Dia3;Dia4;Dia5;Dia6;Dia7;Dia8;Dia9;Dia10;Dia11;Dia12;Dia13;Dia14;Dia15;Dia16;Dia17;Dia18;Dia19;Dia20;Dia21;Dia22;Dia23;Dia24;Dia25;Dia26;Dia27;Dia28;Dia29;Dia30;Dia31
Quiterianópolis;SANTO ANTôNIO;-6.0085833333333;-40.791611111111;2017;1;43.0;0.0;0.0;0.0;0.0;0.0;0.0;12.0;0.0;0.0;0.0;0.0;0.0;0.0;0.0;0.0;0.0;0.0;0.0;5.0;26.0;0.0;0.0;0.0;0.0;0.0;0.0;0.0;0.0;0.0;0.0;0.0
Quiterianópolis;SANTO ANTôNIO;-6.0085833333333;-40.791611111111;2017;2;110.0;0.0;0.0;0.0;0.0;0.0;0.0;0.0;0.0;0.0;0.0;0.0;79.0;0.0;0.0;0.0;0.0;0.0;0.0;0.0;15.0;16.0;0.0;0.0;0.0;0.0;0.0;0.0;0.0;888.0;888.0;888.0
Quiterianópolis;SANTO ANTôNIO;-6.0085833333333;-40.791611111111;2017;3;96.0;7.0;16.0;0.0;0.0;0.0;0.0;0.0;0.0;0.0;0.0;57.0;0.0;0.0;0.0;0.0;3.0;0.0;13.0;0.0;0.0;0.0;0.0;0.0;0.0;0.0;0.0;0.0;0.0;0.0;0.0;0.0
Quiterianópolis;SANTO ANTôNIO;-6.0085833333333;-40.791611111111;2017;4;50.0;0.0;35.0;0.0;0.0;10.0;0.0;0.0;0.0;0.0;0.0;0.0;0.0;5.0;0.0;0.0;0.0;0.0;0.0;0.0;0.0;0.0;0.0;0.0;0.0;0.0;0.0;0.0;0.0;0.0;0.0;888.0
Quiterianópolis;SANTO ANTôNIO;-6.0085833333333;-40.791611111111;2017;5;5.0;5.0;0.0;0.0;0.0;0.0;0.0;0.0;0.0;0.0;0.0;0.0;0.0;0.0;0.0;0.0;0.0;0.0;0.0;0.0;0.0;0.0;0.0;0.0;0.0;0.0;0.0;0.0;0.0;0.0;0.0;0.0
Quiterianópolis;SANTO ANTôNIO;-6.0085833333333;-40.791611111111;2017;6;0.0;0.0;0.0;0.0;0.0;0.0;0.0;0.0;0.0;0.0;0.0;0.0;0.0;0.0;0.0;0.0;0.0;0.0;0.0;0.0;0.0;0.0;0.0;0.0;0.0;0.0;0.0;0.0;0.0;0.0;0.0;888.0
Quiterianópolis;SANTO ANTôNIO;-6.0085833333333;-40.791611111111;2017;7;0.0;0.0;0.0;0.0;0.0;0.0;0.0;0.0;0.0;0.0;0.0;0.0;0.0;0.0;0.0;0.0;0.0;0.0;0.0;0.0;0.0;0.0;0.0;0.0;0.0;0.0;0.0;0.0;0.0;0.0;0.0;0.0
Quiterianópolis;SANTO ANTôNIO;-6.0085833333333;-40.791611111111;2017;8;0.0;0.0;0.0;0.0;0.0;0.0;0.0;0.0;0.0;0.0;0.0;0.0;0.0;0.0;0.0;0.0;0.0;0.0;0.0;0.0;0.0;0.0;0.0;0.0;0.0;0.0;0.0;0.0;0.0;0.0;0.0;0.0
Quiterianópolis;SANTO ANTôNIO;-6.0085833333333;-40.791611111111;2017;9;0.0;0.0;0.0;0.0;0.0;0.0;0.0;0.0;0.0;0.0;0.0;0.0;0.0;0.0;0.0;0.0;0.0;0.0;0.0;0.0;0.0;0.0;0.0;0.0;0.0;0.0;0.0;0.0;0.0;0.0;0.0;888.0
Quiterianópolis;SANTO ANTôNIO;-6.0085833333333;-40.791611111111;2017;10;0.0;0.0;0.0;0.0;0.0;0.0;0.0;0.0;0.0;0.0;0.0;0.0;0.0;0.0;0.0;0.0;0.0;0.0;0.0;0.0;0.0;0.0;0.0;0.0;0.0;0.0;0.0;0.0;0.0;0.0;0.0;0.0
Quiterianópolis;SANTO ANTôNIO;-6.0085833333333;-40.791611111111;2017;11;0.0;0.0;0.0;0.0;0.0;0.0;0.0;0.0;0.0;0.0;0.0;0.0;0.0;0.0;0.0;0.0;0.0;0.0;0.0;0.0;0.0;0.0;0.0;0.0;0.0;0.0;0.0;0.0;0.0;0.0;0.0;888.0
Quiterianópolis;SANTO ANTôNIO;-6.0085833333333;-40.791611111111;2017;12;47.5;0.0;0.0;0.0;0.0;0.0;0.0;0.0;0.0;0.0;0.0;0.0;0.0;0.0;0.0;0.0;0.0;0.0;0.0;0.0;0.0;0.0;22.5;0.0;24.0;0.0;1.0;0.0;0.0;0.0;0.0;0.0
Quiterianópolis;SANTO ANTôNIO;-6.0085833333333;-40.791611111111;2018;1;62.0;0.0;0.0;0.0;0.0;6.0;0.0;21.0;0.0;0.0;0.0;0.0;0.0;0.0;0.0;6.0;0.0;0.0;0.0;7.0;0.0;0.0;0.0;0.0;0.0;0.0;0.0;3.0;0.0;19.0;0.0;0.0
Quiterianópolis;SANTO ANTôNIO;-6.0085833333333;-40.791611111111;2018;2;227.5;0.0;0.0;0.0;0.0;0.0;0.0;0.0;0.0;5.0;0.0;7.0;7.0;15.0;16.0;15.0;14.0;18.0;19.0;4.0;2.0;10.0;3.0;61.0;8.5;0.0;23.0;0.0;0.0;888.0;888.0;888.0
Quiterianópolis;SANTO ANTôNIO;-6.0085833333333;-40.791611111111;2018;3;131.0;6.0;60.0;0.0;0.0;0.0;0.0;0.0;0.0;0.0;12.0;0.0;0.0;0.0;20.0;0.0;0.0;0.0;0.0;0.0;0.0;0.0;0.0;6.0;0.0;0.0;0.0;12.0;0.0;0.0;8.0;7.0
Quiterianópolis;SANTO ANTôNIO;-6.0085833333333;-40.791611111111;2018;4;102.5;0.0;0.0;13.0;0.0;30.0;28.0;0.0;3.0;0.0;0.0;0.0;0.0;10.0;0.0;0.0;0.0;0.0;0.0;13.0;0.0;0.0;0.0;0.0;5.5;0.0;0.0;0.0;0.0;0.0;0.0;888.0
Quiterianópolis;SANTO ANTôNIO;-6.0085833333333;-40.791611111111;2018;5;0.0;0.0;0.0;0.0;0.0;0.0;0.0;0.0;0.0;0.0;0.0;0.0;0.0;0.0;0.0;0.0;0.0;0.0;0.0;0.0;0.0;0.0;0.0;0.0;0.0;0.0;0.0;0.0;0.0;0.0;0.0;0.0
Quiterianópolis;SANTO ANTôNIO;-6.0085833333333;-40.791611111111;2018;6;0.0;0.0;0.0;0.0;0.0;0.0;0.0;0.0;0.0;0.0;0.0;0.0;0.0;0.0;0.0;0.0;0.0;0.0;0.0;0.0;0.0;0.0;0.0;0.0;0.0;0.0;0.0;0.0;0.0;0.0;0.0;888.0
Quiterianópolis;SANTO ANTôNIO;-6.0085833333333;-40.791611111111;2018;7;0.0;0.0;0.0;0.0;0.0;0.0;0.0;0.0;0.0;0.0;0.0;0.0;0.0;0.0;0.0;0.0;0.0;0.0;0.0;0.0;0.0;0.0;0.0;0.0;0.0;0.0;0.0;0.0;0.0;0.0;0.0;0.0
Quiterianópolis;SANTO ANTôNIO;-6.0085833333333;-40.791611111111;2018;8;0.0;0.0;0.0;0.0;0.0;0.0;0.0;0.0;0.0;0.0;0.0;0.0;0.0;0.0;0.0;0.0;0.0;0.0;0.0;0.0;0.0;0.0;0.0;0.0;0.0;0.0;0.0;0.0;0.0;0.0;0.0;0.0
Quiterianópolis;SANTO ANTôNIO;-6.0085833333333;-40.791611111111;2018;9;0.0;0.0;0.0;0.0;0.0;0.0;0.0;0.0;0.0;0.0;0.0;0.0;0.0;0.0;0.0;0.0;0.0;0.0;0.0;0.0;0.0;0.0;0.0;0.0;0.0;0.0;0.0;0.0;0.0;0.0;0.0;888.0
Quiterianópolis;SANTO ANTôNIO;-6.0085833333333;-40.791611111111;2018;10;0.0;0.0;0.0;0.0;0.0;0.0;0.0;0.0;0.0;0.0;0.0;0.0;0.0;0.0;0.0;0.0;0.0;0.0;0.0;0.0;0.0;0.0;0.0;0.0;0.0;0.0;0.0;0.0;0.0;0.0;0.0;0.0
Quiterianópolis;SANTO ANTôNIO;-6.0085833333333;-40.791611111111;2018;11;0.0;0.0;0.0;0.0;0.0;0.0;0.0;0.0;0.0;0.0;0.0;0.0;0.0;0.0;0.0;0.0;0.0;0.0;0.0;0.0;0.0;0.0;0.0;0.0;0.0;0.0;0.0;0.0;0.0;0.0;0.0;888.0
Quiterianópolis;SANTO ANTôNIO;-6.0085833333333;-40.791611111111;2018;12;144.0;0.0;0.0;0.0;0.0;26.0;27.0;0.0;8.0;0.0;48.0;0.0;0.0;10.0;0.0;0.0;0.0;0.0;14.0;0.0;0.0;0.0;0.0;0.0;11.0;0.0;0.0;0.0;0.0;0.0;0.0;0.0
Quiterianópolis;SANTO ANTôNIO;-6.0085833333333;-40.791611111111;2019;1;56.0;0.0;0.0;0.0;0.0;0.0;0.0;0.0;15.0;0.0;36.0;0.0;0.0;0.0;0.0;5.0;0.0;0.0;0.0;0.0;0.0;0.0;0.0;0.0;0.0;0.0;0.0;0.0;0.0;0.0;0.0;0.0
Quiterianópolis;SANTO ANTôNIO;-6.0085833333333;-40.791611111111;2019;2;108.0;0.0;0.0;0.0;0.0;16.0;0.0;0.0;0.0;2.0;0.0;0.0;0.0;0.0;0.0;0.0;32.0;0.0;13.0;25.0;0.0;0.0;0.0;11.0;0.0;7.0;0.0;2.0;0.0;888.0;888.0;888.0
Quiterianópolis;SANTO ANTôNIO;-6.0085833333333;-40.791611111111;2019;3;136.0;0.0;0.0;0.0;0.0;20.0;0.0;0.0;7.0;0.0;0.0;0.0;0.0;5.0;0.0;17.0;0.0;0.0;0.0;7.0;0.0;0.0;0.0;0.0;31.0;6.0;10.0;0.0;13.0;0.0;0.0;20.0
Quiterianópolis;SANTO ANTôNIO;-6.0085833333333;-40.791611111111;2019;4;89.0;0.0;0.0;0.0;0.0;8.0;23.0;13.0;0.0;0.0;0.0;0.0;0.0;0.0;25.0;4.0;0.0;0.0;0.0;0.0;0.0;0.0;0.0;0.0;16.0;0.0;0.0;0.0;0.0;0.0;0.0;888.0
Quiterianópolis;SANTO ANTôNIO;-6.0085833333333;-40.791611111111;2019;5;10.0;0.0;0.0;0.0;0.0;0.0;0.0;0.0;0.0;0.0;0.0;0.0;0.0;0.0;0.0;0.0;0.0;0.0;10.0;0.0;0.0;0.0;0.0;0.0;0.0;0.0;0.0;0.0;0.0;0.0;0.0;0.0
Quiterianópolis;SANTO ANTôNIO;-6.0085833333333;-40.791611111111;2019;6;34.0;0.0;0.0;0.0;0.0;0.0;0.0;0.0;0.0;0.0;0.0;0.0;0.0;0.0;0.0;0.0;0.0;0.0;34.0;0.0;0.0;0.0;0.0;0.0;0.0;0.0;0.0;0.0;0.0;0.0;0.0;888.0
Quiterianópolis;SANTO ANTôNIO;-6.0085833333333;-40.791611111111;2019;7;0.0;0.0;0.0;0.0;0.0;0.0;0.0;0.0;0.0;0.0;0.0;0.0;0.0;0.0;0.0;0.0;0.0;0.0;0.0;0.0;0.0;0.0;0.0;0.0;0.0;0.0;0.0;0.0;0.0;0.0;0.0;0.0
Quiterianópolis;SANTO ANTôNIO;-6.0085833333333;-40.791611111111;2019;8;0.0;0.0;0.0;0.0;0.0;0.0;0.0;0.0;0.0;0.0;0.0;0.0;0.0;0.0;0.0;0.0;0.0;0.0;0.0;0.0;0.0;0.0;0.0;0.0;0.0;0.0;0.0;0.0;0.0;0.0;0.0;0.0
Quiterianópolis;SANTO ANTôNIO;-6.0085833333333;-40.791611111111;2019;9;0.0;0.0;0.0;0.0;0.0;0.0;0.0;0.0;0.0;0.0;0.0;0.0;0.0;0.0;0.0;0.0;0.0;0.0;0.0;0.0;0.0;0.0;0.0;0.0;0.0;0.0;0.0;0.0;0.0;0.0;0.0;888.0
Quiterianópolis;SANTO ANTôNIO;-6.0085833333333;-40.791611111111;2019;10;0.0;0.0;0.0;0.0;0.0;0.0;0.0;0.0;0.0;0.0;0.0;0.0;0.0;0.0;0.0;0.0;0.0;0.0;0.0;0.0;0.0;0.0;0.0;0.0;0.0;0.0;0.0;0.0;0.0;0.0;0.0;0.0
Quiterianópolis;SANTO ANTôNIO;-6.0085833333333;-40.791611111111;2019;11;0.0;0.0;0.0;0.0;0.0;0.0;0.0;0.0;0.0;0.0;0.0;0.0;0.0;0.0;0.0;0.0;0.0;0.0;0.0;0.0;0.0;0.0;0.0;0.0;0.0;0.0;0.0;0.0;0.0;0.0;0.0;888.0
Quiterianópolis;SANTO ANTôNIO;-6.0085833333333;-40.791611111111;2019;12;5.0;0.0;0.0;0.0;0.0;0.0;0.0;0.0;0.0;0.0;5.0;0.0;0.0;0.0;0.0;0.0;0.0;0.0;0.0;0.0;0.0;0.0;0.0;0.0;0.0;0.0;0.0;0.0;0.0;0.0;0.0;0.0
Quiterianópolis;SANTO ANTôNIO;-6.0085833333333;-40.791611111111;2020;1;218.0;7.0;0.0;0.0;5.0;0.0;0.0;108.0;0.0;0.0;0.0;0.0;0.0;0.0;0.0;0.0;0.0;0.0;0.0;0.0;62.0;0.0;6.0;0.0;3.0;0.0;0.0;19.0;8.0;0.0;0.0;0.0
Quiterianópolis;SANTO ANTôNIO;-6.0085833333333;-40.791611111111;2020;2;209.0;0.0;0.0;0.0;119.0;0.0;0.0;22.0;11.0;0.0;3.0;0.0;0.0;0.0;27.0;0.0;11.0;0.0;0.0;0.0;0.0;13.0;0.0;0.0;0.0;0.0;0.0;0.0;3.0;0.0;888.0;888.0
Quiterianópolis;SANTO ANTôNIO;-6.0085833333333;-40.791611111111;2020;3;431.0;56.0;7.0;0.0;0.0;22.0;0.0;0.0;0.0;0.0;61.0;20.0;0.0;0.0;14.0;42.0;70.0;55.0;0.0;0.0;0.0;0.0;0.0;0.0;0.0;0.0;50.0;3.0;31.0;0.0;0.0;0.0
Quiterianópolis;SANTO ANTôNIO;-6.0085833333333;-40.791611111111;2020;4;79.0;0.0;0.0;0.0;11.0;0.0;0.0;0.0;0.0;0.0;0.0;0.0;0.0;0.0;0.0;0.0;0.0;4.0;17.0;0.0;0.0;0.0;22.0;0.0;0.0;0.0;5.0;20.0;0.0;0.0;0.0;888.0
Quiterianópolis;SANTO ANTôNIO;-6.0085833333333;-40.791611111111;2020;5;0.0;0.0;0.0;0.0;0.0;0.0;0.0;0.0;0.0;0.0;0.0;0.0;0.0;0.0;0.0;0.0;0.0;0.0;0.0;0.0;0.0;0.0;0.0;0.0;0.0;0.0;0.0;0.0;0.0;0.0;0.0;0.0
Quiterianópolis;SANTO ANTôNIO;-6.0085833333333;-40.791611111111;2020;6;0.0;0.0;0.0;0.0;0.0;0.0;0.0;0.0;0.0;0.0;0.0;0.0;0.0;0.0;0.0;0.0;0.0;0.0;0.0;0.0;0.0;0.0;0.0;0.0;0.0;0.0;0.0;0.0;0.0;0.0;0.0;888.0
Quiterianópolis;SANTO ANTôNIO;-6.0085833333333;-40.791611111111;2020;7;0.0;0.0;0.0;0.0;0.0;0.0;0.0;0.0;0.0;0.0;0.0;0.0;0.0;0.0;0.0;0.0;0.0;0.0;0.0;0.0;0.0;0.0;0.0;0.0;0.0;0.0;0.0;0.0;0.0;0.0;0.0;0.0
Quiterianópolis;SANTO ANTôNIO;-6.0085833333333;-40.791611111111;2020;8;0.0;0.0;0.0;0.0;0.0;0.0;0.0;0.0;0.0;0.0;0.0;0.0;0.0;0.0;0.0;0.0;0.0;0.0;0.0;0.0;0.0;0.0;0.0;0.0;0.0;0.0;0.0;0.0;0.0;0.0;0.0;0.0
Quiterianópolis;SANTO ANTôNIO;-6.0085833333333;-40.791611111111;2020;9;0.0;0.0;0.0;0.0;0.0;0.0;0.0;0.0;0.0;0.0;0.0;0.0;0.0;0.0;0.0;0.0;0.0;0.0;0.0;0.0;0.0;0.0;0.0;0.0;0.0;0.0;0.0;0.0;0.0;0.0;0.0;888.0
Quiterianópolis;SANTO ANTôNIO;-6.0085833333333;-40.791611111111;2020;10;0.0;0.0;0.0;0.0;0.0;0.0;0.0;0.0;0.0;0.0;0.0;0.0;0.0;0.0;0.0;0.0;0.0;0.0;0.0;0.0;0.0;0.0;0.0;0.0;0.0;0.0;0.0;0.0;0.0;0.0;0.0;0.0
Quiterianópolis;SANTO ANTôNIO;-6.0085833333333;-40.791611111111;2020;11;99.0;0.0;0.0;0.0;71.0;4.0;0.0;0.0;0.0;0.0;0.0;0.0;0.0;0.0;0.0;0.0;0.0;0.0;0.0;0.0;24.0;0.0;0.0;0.0;0.0;0.0;0.0;0.0;0.0;0.0;0.0;888.0
Quiterianópolis;SANTO ANTôNIO;-6.0085833333333;-40.791611111111;2020;12;0.0;0.0;0.0;0.0;0.0;0.0;0.0;0.0;0.0;0.0;0.0;0.0;0.0;0.0;0.0;0.0;0.0;0.0;0.0;0.0;0.0;0.0;0.0;0.0;0.0;0.0;0.0;0.0;0.0;0.0;0.0;0.0
Quiterianópolis;SANTO ANTôNIO;-6.0085833333333;-40.791611111111;2021;1;27.0;8.0;0.0;0.0;0.0;0.0;0.0;0.0;0.0;0.0;0.0;0.0;0.0;0.0;7.0;0.0;0.0;0.0;0.0;0.0;0.0;0.0;0.0;0.0;0.0;0.0;0.0;8.0;0.0;0.0;0.0;4.0
Quiterianópolis;SANTO ANTôNIO;-6.0085833333333;-40.791611111111;2021;2;88.0;0.0;0.0;0.0;0.0;0.0;0.0;0.0;0.0;10.0;3.0;0.0;0.0;0.0;0.0;0.0;20.0;3.0;0.0;18.0;0.0;0.0;0.0;0.0;7.0;0.0;0.0;5.0;22.0;888.0;888.0;888.0
Quiterianópolis;SANTO ANTôNIO;-6.0085833333333;-40.791611111111;2021;3;67.0;0.0;13.0;0.0;0.0;0.0;0.0;0.0;0.0;0.0;0.0;0.0;0.0;0.0;0.0;0.0;0.0;0.0;0.0;0.0;0.0;0.0;10.0;0.0;0.0;10.0;15.0;0.0;19.0;0.0;0.0;0.0
Quiterianópolis;SANTO ANTôNIO;-6.0085833333333;-40.791611111111;2021;4;98.0;0.0;0.0;0.0;0.0;5.0;0.0;0.0;0.0;0.0;0.0;0.0;24.0;0.0;0.0;0.0;0.0;0.0;0.0;0.0;0.0;0.0;59.0;10.0;0.0;0.0;0.0;0.0;0.0;0.0;0.0;888.0
Quiterianópolis;SANTO ANTôNIO;-6.0085833333333;-40.791611111111;2021;5;9.0;0.0;0.0;0.0;0.0;0.0;0.0;9.0;0.0;0.0;0.0;0.0;0.0;0.0;0.0;0.0;0.0;0.0;0.0;0.0;0.0;0.0;0.0;0.0;0.0;0.0;0.0;0.0;0.0;0.0;0.0;0.0
Quiterianópolis;SANTO ANTôNIO;-6.0085833333333;-40.791611111111;2021;6;0.0;0.0;0.0;0.0;0.0;0.0;0.0;0.0;0.0;0.0;0.0;0.0;0.0;0.0;0.0;0.0;0.0;0.0;0.0;0.0;0.0;0.0;0.0;0.0;0.0;0.0;0.0;0.0;0.0;0.0;0.0;888.0
Quiterianópolis;SANTO ANTôNIO;-6.0085833333333;-40.791611111111;2021;7;29.0;0.0;27.0;2.0;0.0;0.0;0.0;0.0;0.0;0.0;0.0;0.0;0.0;0.0;0.0;0.0;0.0;0.0;0.0;0.0;0.0;0.0;0.0;0.0;0.0;0.0;0.0;0.0;0.0;0.0;0.0;0.0
Quiterianópolis;SANTO ANTôNIO;-6.0085833333333;-40.791611111111;2021;8;0.0;0.0;0.0;0.0;0.0;0.0;0.0;0.0;0.0;0.0;0.0;0.0;0.0;0.0;0.0;0.0;0.0;0.0;0.0;0.0;0.0;0.0;0.0;0.0;0.0;0.0;0.0;0.0;0.0;0.0;0.0;0.0
Quiterianópolis;SANTO ANTôNIO;-6.0085833333333;-40.791611111111;2021;9;0.0;0.0;0.0;0.0;0.0;0.0;0.0;0.0;0.0;0.0;0.0;0.0;0.0;0.0;0.0;0.0;0.0;0.0;0.0;0.0;0.0;0.0;0.0;0.0;0.0;0.0;0.0;0.0;0.0;0.0;0.0;888.0
Quiterianópolis;SANTO ANTôNIO;-6.0085833333333;-40.791611111111;2021;10;0.0;0.0;0.0;0.0;0.0;0.0;0.0;0.0;0.0;0.0;0.0;0.0;0.0;0.0;0.0;0.0;0.0;0.0;0.0;0.0;0.0;0.0;0.0;0.0;0.0;0.0;0.0;0.0;0.0;0.0;0.0;0.0
Quiterianópolis;SANTO ANTôNIO;-6.0085833333333;-40.791611111111;2021;11;30.0;0.0;0.0;0.0;0.0;0.0;0.0;0.0;0.0;0.0;0.0;0.0;0.0;0.0;30.0;0.0;0.0;0.0;0.0;0.0;0.0;0.0;0.0;0.0;0.0;0.0;0.0;0.0;0.0;0.0;0.0;888.0
Quiterianópolis;SANTO ANTôNIO;-6.0085833333333;-40.791611111111;2021;12;23.0;0.0;0.0;0.0;0.0;0.0;6.0;0.0;0.0;0.0;0.0;0.0;0.0;0.0;0.0;0.0;0.0;0.0;0.0;0.0;0.0;0.0;0.0;0.0;9.0;0.0;0.0;8.0;0.0;0.0;0.0;0.0
Quiterianópolis;SANTO ANTôNIO;-6.0085833333333;-40.791611111111;2022;1;190.4;0.0;0.0;2.4;12.0;0.0;74.0;0.0;0.0;0.0;0.0;0.0;5.0;0.0;8.0;22.0;35.0;0.0;0.0;0.0;0.0;0.0;0.0;0.0;0.0;0.0;0.0;7.0;0.0;25.0;0.0;0.0
Quiterianópolis;SANTO ANTôNIO;-6.0085833333333;-40.791611111111;2022;2;20.0;0.0;0.0;0.0;0.0;0.0;0.0;0.0;0.0;0.0;0.0;6.0;0.0;7.0;0.0;0.0;0.0;0.0;3.0;0.0;0.0;4.0;0.0;0.0;0.0;0.0;0.0;0.0;0.0;888.0;888.0;888.0
Quiterianópolis;SANTO ANTôNIO;-6.0085833333333;-40.791611111111;2022;3;95.0;0.0;0.0;0.0;0.0;0.0;5.0;8.0;0.0;0.0;0.0;9.0;0.0;0.0;0.0;4.0;11.0;0.0;7.0;19.0;0.0;0.0;0.0;4.0;13.0;0.0;2.0;2.0;6.0;5.0;0.0;0.0
Quiterianópolis;SANTO ANTôNIO;-6.0085833333333;-40.791611111111;2022;4;59.0;0.0;15.0;0.0;0.0;0.0;0.0;0.0;0.0;0.0;0.0;0.0;0.0;0.0;0.0;0.0;0.0;0.0;8.0;19.0;0.0;0.0;3.0;0.0;14.0;0.0;0.0;0.0;0.0;0.0;0.0;888.0
Quiterianópolis;SANTO ANTôNIO;-6.0085833333333;-40.791611111111;2022;5;15.0;0.0;0.0;0.0;0.0;3.0;0.0;2.0;0.0;0.0;0.0;0.0;0.0;0.0;7.0;0.0;0.0;0.0;0.0;0.0;0.0;3.0;0.0;0.0;0.0;0.0;0.0;0.0;0.0;0.0;0.0;0.0
Quiterianópolis;SANTO ANTôNIO;-6.0085833333333;-40.791611111111;2022;6;38.0;8.0;0.0;0.0;11.0;5.0;0.0;0.0;0.0;0.0;0.0;9.0;5.0;0.0;0.0;0.0;0.0;0.0;0.0;0.0;0.0;0.0;0.0;0.0;0.0;0.0;0.0;0.0;0.0;0.0;0.0;888.0
Quiterianópolis;SANTO ANTôNIO;-6.0085833333333;-40.791611111111;2022;7;5.0;0.0;0.0;0.0;0.0;0.0;0.0;0.0;5.0;0.0;0.0;0.0;0.0;0.0;0.0;0.0;0.0;0.0;0.0;0.0;0.0;0.0;0.0;0.0;0.0;0.0;0.0;0.0;0.0;0.0;0.0;0.0
Quiterianópolis;SANTO ANTôNIO;-6.0085833333333;-40.791611111111;2022;8;54.0;0.0;0.0;0.0;0.0;54.0;0.0;0.0;0.0;0.0;0.0;0.0;0.0;0.0;0.0;0.0;0.0;0.0;0.0;0.0;0.0;0.0;0.0;0.0;0.0;0.0;0.0;0.0;0.0;0.0;0.0;0.0
Quiterianópolis;SANTO ANTôNIO;-6.0085833333333;-40.791611111111;2022;9;0.0;0.0;0.0;0.0;0.0;0.0;0.0;0.0;0.0;0.0;0.0;0.0;0.0;0.0;0.0;0.0;0.0;0.0;0.0;0.0;0.0;0.0;0.0;0.0;0.0;0.0;0.0;0.0;0.0;0.0;0.0;888.0
Quiterianópolis;SANTO ANTôNIO;-6.0085833333333;-40.791611111111;2022;10;0.0;0.0;0.0;0.0;0.0;0.0;0.0;0.0;0.0;0.0;0.0;0.0;0.0;0.0;0.0;0.0;0.0;0.0;0.0;0.0;0.0;0.0;0.0;0.0;0.0;0.0;0.0;0.0;0.0;0.0;0.0;0.0
Quiterianópolis;SANTO ANTôNIO;-6.0085833333333;-40.791611111111;2022;11;45.0;0.0;0.0;0.0;0.0;0.0;25.0;4.0;5.0;0.0;0.0;0.0;0.0;0.0;0.0;0.0;0.0;0.0;0.0;0.0;0.0;0.0;0.0;0.0;0.0;0.0;0.0;0.0;0.0;11.0;0.0;888.0
Quiterianópolis;SANTO ANTôNIO;-6.0085833333333;-40.791611111111;2022;12;44.0;19.0;0.0;0.0;0.0;0.0;0.0;0.0;0.0;0.0;0.0;0.0;0.0;0.0;0.0;0.0;0.0;0.0;0.0;0.0;0.0;0.0;0.0;11.0;0.0;0.0;10.0;0.0;0.0;0.0;0.0;4.0
Quiterianópolis;SANTO ANTôNIO;-6.0085833333333;-40.791611111111;2023;1;74.0;0.0;0.0;11.0;0.0;0.0;0.0;0.0;0.0;0.0;0.0;0.0;0.0;0.0;0.0;0.0;11.0;0.0;0.0;19.0;33.0;0.0;0.0;0.0;0.0;0.0;0.0;0.0;0.0;0.0;0.0;0.0
Quiterianópolis;SANTO ANTôNIO;-6.0085833333333;-40.791611111111;2023;2;29.0;11.0;0.0;0.0;0.0;0.0;0.0;0.0;0.0;0.0;0.0;0.0;0.0;0.0;0.0;0.0;0.0;0.0;0.0;0.0;0.0;0.0;3.0;2.0;0.0;13.0;0.0;0.0;0.0;888.0;888.0;888.0
Quiterianópolis;SANTO ANTôNIO;-6.0085833333333;-40.791611111111;2023;3;232.0;0.0;0.0;0.0;0.0;0.0;0.0;0.0;0.0;0.0;0.0;0.0;7.0;29.0;10.0;3.0;0.0;49.0;41.0;0.0;0.0;18.0;16.0;0.0;0.0;0.0;0.0;29.0;6.0;6.0;12.0;6.0
Quiterianópolis;SANTO ANTôNIO;-6.0085833333333;-40.791611111111;2023;4;96.0;0.0;13.0;3.0;17.0;0.0;3.0;4.0;0.0;31.0;0.0;0.0;0.0;0.0;0.0;0.0;0.0;11.0;5.0;5.0;0.0;0.0;0.0;0.0;0.0;0.0;0.0;0.0;0.0;4.0;0.0;888.0
Quiterianópolis;SANTO ANTôNIO;-6.0085833333333;-40.791611111111;2023;5;22.0;0.0;5.0;0.0;0.0;0.0;8.0;0.0;0.0;0.0;0.0;0.0;0.0;0.0;0.0;0.0;4.0;0.0;0.0;0.0;0.0;0.0;0.0;0.0;0.0;0.0;0.0;0.0;0.0;0.0;0.0;5.0
Quiterianópolis;SANTO ANTôNIO;-6.0085833333333;-40.791611111111;2023;6;19.0;0.0;0.0;0.0;0.0;0.0;0.0;0.0;0.0;0.0;0.0;0.0;0.0;0.0;0.0;0.0;19.0;0.0;0.0;0.0;0.0;0.0;0.0;0.0;0.0;0.0;0.0;0.0;0.0;0.0;0.0;888.0
Quiterianópolis;SANTO ANTôNIO;-6.0085833333333;-40.791611111111;2023;7;2.0;0.0;0.0;0.0;0.0;0.0;0.0;0.0;2.0;0.0;0.0;0.0;0.0;0.0;0.0;0.0;0.0;0.0;0.0;0.0;0.0;0.0;0.0;0.0;0.0;0.0;0.0;0.0;0.0;0.0;0.0;0.0
Quiterianópolis;SANTO ANTôNIO;-6.0085833333333;-40.791611111111;2023;8;0.0;0.0;0.0;0.0;0.0;0.0;0.0;0.0;0.0;0.0;0.0;0.0;0.0;0.0;0.0;0.0;0.0;0.0;0.0;0.0;0.0;0.0;0.0;0.0;0.0;0.0;0.0;0.0;0.0;0.0;0.0;0.0
Quiterianópolis;SANTO ANTôNIO;-6.0085833333333;-40.791611111111;2023;9;0.0;0.0;0.0;0.0;0.0;0.0;0.0;0.0;0.0;0.0;0.0;0.0;0.0;0.0;0.0;0.0;0.0;0.0;0.0;0.0;0.0;0.0;0.0;0.0;0.0;0.0;0.0;0.0;0.0;0.0;0.0;888.0
Quiterianópolis;SANTO ANTôNIO;-6.0085833333333;-40.791611111111;2023;10;0.0;0.0;0.0;0.0;0.0;0.0;0.0;0.0;0.0;0.0;0.0;0.0;0.0;0.0;0.0;0.0;0.0;0.0;0.0;0.0;0.0;0.0;0.0;0.0;0.0;0.0;0.0;0.0;0.0;0.0;0.0;0.0
Quiterianópolis;SANTO ANTôNIO;-6.0085833333333;-40.791611111111;2023;11;0.0;0.0;0.0;0.0;0.0;0.0;0.0;0.0;0.0;0.0;0.0;0.0;0.0;0.0;0.0;0.0;0.0;0.0;0.0;0.0;0.0;0.0;0.0;0.0;0.0;0.0;0.0;0.0;0.0;0.0;0.0;888.0
Quiterianópolis;SANTO ANTôNIO;-6.0085833333333;-40.791611111111;2023;12;89.0;0.0;0.0;0.0;0.0;0.0;0.0;0.0;0.0;0.0;0.0;0.0;0.0;0.0;0.0;0.0;0.0;0.0;15.0;8.0;63.0;3.0;0.0;0.0;0.0;0.0;0.0;0.0;0.0;0.0;0.0;0.0
Quiterianópolis;SANTO ANTôNIO;-6.0085833333333;-40.791611111111;2024;1;72.0;0.0;4.0;48.0;2.0;0.0;0.0;0.0;0.0;0.0;0.0;0.0;6.0;2.0;10.0;0.0;0.0;0.0;0.0;0.0;0.0;0.0;0.0;0.0;0.0;0.0;0.0;0.0;0.0;0.0;0.0;0.0
Quiterianópolis;SANTO ANTôNIO;-6.0085833333333;-40.791611111111;2024;2;124.0;0.0;0.0;0.0;0.0;0.0;0.0;0.0;0.0;0.0;0.0;45.0;0.0;0.0;0.0;0.0;0.0;0.0;38.0;0.0;0.0;0.0;18.0;0.0;0.0;0.0;0.0;0.0;14.0;9.0;888.0;888.0
Quiterianópolis;SANTO ANTôNIO;-6.0085833333333;-40.791611111111;2024;3;101.0;15.0;0.0;0.0;20.0;13.0;0.0;0.0;0.0;0.0;0.0;0.0;0.0;0.0;4.0;2.0;0.0;0.0;0.0;0.0;0.0;0.0;6.0;0.0;18.0;3.0;0.0;6.0;0.0;0.0;0.0;14.0
Quiterianópolis;SANTO ANTôNIO;-6.0085833333333;-40.791611111111;2024;4;218.0;35.0;0.0;0.0;19.0;26.0;0.0;5.0;0.0;0.0;19.0;10.0;5.0;0.0;0.0;5.0;0.0;9.0;0.0;13.0;32.0;6.0;0.0;34.0;0.0;0.0;0.0;0.0;0.0;0.0;0.0;888.0
Quiterianópolis;SANTO ANTôNIO;-6.0085833333333;-40.791611111111;2024;5;49.0;0.0;0.0;23.0;0.0;0.0;0.0;0.0;0.0;0.0;4.0;0.0;0.0;0.0;0.0;0.0;0.0;0.0;0.0;0.0;22.0;0.0;0.0;0.0;0.0;0.0;0.0;0.0;0.0;0.0;0.0;0.0
Quiterianópolis;SANTO ANTôNIO;-6.0085833333333;-40.791611111111;2024;6;9.0;0.0;0.0;2.0;0.0;0.0;0.0;0.0;7.0;0.0;0.0;0.0;0.0;0.0;0.0;0.0;0.0;0.0;0.0;0.0;0.0;0.0;0.0;0.0;0.0;0.0;0.0;0.0;0.0;0.0;0.0;888.0
Quiterianópolis;SANTO ANTôNIO;-6.0085833333333;-40.791611111111;2024;7;29.0;0.0;0.0;0.0;0.0;0.0;0.0;0.0;22.0;0.0;0.0;7.0;0.0;0.0;0.0;0.0;0.0;0.0;0.0;0.0;0.0;0.0;0.0;0.0;0.0;0.0;0.0;0.0;0.0;0.0;0.0;0.0
Quiterianópolis;SANTO ANTôNIO;-6.0085833333333;-40.791611111111;2024;8;0.0;0.0;0.0;0.0;0.0;0.0;0.0;0.0;0.0;0.0;0.0;0.0;0.0;0.0;0.0;0.0;0.0;0.0;0.0;0.0;0.0;0.0;0.0;0.0;0.0;0.0;0.0;0.0;0.0;0.0;0.0;0.0
Quiterianópolis;SANTO ANTôNIO;-6.0085833333333;-40.791611111111;2024;9;0.0;0.0;0.0;0.0;0.0;0.0;0.0;0.0;0.0;0.0;0.0;0.0;0.0;0.0;0.0;0.0;0.0;0.0;0.0;0.0;0.0;0.0;0.0;0.0;0.0;0.0;0.0;0.0;0.0;0.0;0.0;888.0
Quiterianópolis;SANTO ANTôNIO;-6.0085833333333;-40.791611111111;2024;10;0.0;0.0;0.0;0.0;0.0;0.0;0.0;0.0;0.0;0.0;0.0;0.0;0.0;0.0;0.0;0.0;0.0;0.0;999.0;999.0;999.0;999.0;999.0;999.0;999.0;999.0;999.0;999.0;999.0;999.0;999.0;999.0
