Municipios;Postos;Latitude;Longitude;Anos;Meses;Total;Dia1;Dia2;Dia3;Dia4;Dia5;Dia6;Dia7;Dia8;Dia9;Dia10;Dia11;Dia12;Dia13;Dia14;Dia15;Dia16;Dia17;Dia18;Dia19;Dia20;Dia21;Dia22;Dia23;Dia24;Dia25;Dia26;Dia27;Dia28;Dia29;Dia30;Dia31
Crateús;FAZENDA TAPUIO;-5.2261944444444;-40.808277777778;2018;8;0.0;0.0;0.0;0.0;0.0;0.0;0.0;0.0;0.0;0.0;0.0;0.0;0.0;0.0;0.0;0.0;0.0;0.0;0.0;0.0;0.0;0.0;0.0;0.0;0.0;0.0;0.0;0.0;0.0;0.0;0.0;0.0
Crateús;FAZENDA TAPUIO;-5.2261944444444;-40.808277777778;2018;9;0.0;0.0;0.0;0.0;0.0;0.0;0.0;0.0;0.0;0.0;0.0;0.0;0.0;0.0;0.0;0.0;0.0;0.0;0.0;0.0;0.0;0.0;0.0;0.0;0.0;0.0;0.0;0.0;0.0;0.0;0.0;888.0
Crateús;FAZENDA TAPUIO;-5.2261944444444;-40.808277777778;2018;10;0.0;0.0;0.0;0.0;0.0;0.0;0.0;0.0;0.0;0.0;0.0;0.0;0.0;0.0;0.0;0.0;0.0;0.0;0.0;0.0;0.0;0.0;0.0;0.0;0.0;0.0;0.0;0.0;0.0;0.0;0.0;0.0
Crateús;FAZENDA TAPUIO;-5.2261944444444;-40.808277777778;2018;11;0.0;0.0;0.0;0.0;0.0;0.0;0.0;0.0;0.0;0.0;0.0;0.0;0.0;0.0;0.0;0.0;0.0;0.0;0.0;0.0;0.0;0.0;0.0;0.0;0.0;0.0;0.0;0.0;0.0;0.0;0.0;888.0
Crateús;FAZENDA TAPUIO;-5.2261944444444;-40.808277777778;2018;12;95.0;0.0;0.0;28.0;42.0;0.0;0.0;3.0;0.0;0.0;0.0;0.0;0.0;0.0;0.0;22.0;0.0;0.0;0.0;0.0;0.0;0.0;0.0;0.0;0.0;0.0;0.0;0.0;0.0;0.0;0.0;0.0
Crateús;FAZENDA TAPUIO;-5.2261944444444;-40.808277777778;2019;1;0.0;0.0;0.0;0.0;0.0;0.0;0.0;0.0;0.0;0.0;0.0;0.0;0.0;0.0;0.0;0.0;0.0;0.0;0.0;0.0;0.0;0.0;0.0;0.0;0.0;0.0;0.0;0.0;0.0;0.0;0.0;0.0
Crateús;FAZENDA TAPUIO;-5.2261944444444;-40.808277777778;2019;2;0.0;0.0;0.0;0.0;0.0;0.0;0.0;0.0;0.0;0.0;0.0;0.0;0.0;999.0;999.0;999.0;999.0;999.0;999.0;999.0;999.0;999.0;999.0;999.0;999.0;999.0;999.0;999.0;999.0;888.0;888.0;888.0
Crateús;FAZENDA TAPUIO;-5.2261944444444;-40.808277777778;2019;3;74.9;0.0;0.0;0.0;0.0;0.0;20.4;19.0;0.0;0.0;0.0;0.0;0.0;0.0;0.0;0.0;0.0;0.0;0.0;0.0;0.0;0.0;0.0;0.0;0.0;0.0;0.0;0.0;8.5;27.0;0.0;0.0
Crateús;FAZENDA TAPUIO;-5.2261944444444;-40.808277777778;2019;4;173.0;30.0;0.0;0.0;0.0;70.0;2.0;0.0;0.0;0.0;0.0;0.0;10.0;0.0;0.0;10.0;0.0;6.0;0.0;15.0;0.0;0.0;0.0;0.0;10.0;0.0;18.0;2.0;0.0;0.0;0.0;888.0
Crateús;FAZENDA TAPUIO;-5.2261944444444;-40.808277777778;2019;5;38.0;0.0;0.0;0.0;0.0;0.0;0.0;0.0;0.0;3.0;2.0;0.0;0.0;0.0;0.0;0.0;0.0;0.0;0.0;0.0;0.0;0.0;25.0;0.0;8.0;0.0;0.0;0.0;0.0;0.0;0.0;0.0
Crateús;FAZENDA TAPUIO;-5.2261944444444;-40.808277777778;2019;6;10.0;0.0;0.0;0.0;0.0;0.0;0.0;0.0;0.0;0.0;0.0;0.0;10.0;0.0;0.0;0.0;0.0;0.0;0.0;0.0;0.0;0.0;0.0;0.0;0.0;0.0;0.0;0.0;0.0;0.0;0.0;888.0
Crateús;FAZENDA TAPUIO;-5.2261944444444;-40.808277777778;2019;7;0.0;0.0;0.0;0.0;0.0;0.0;0.0;0.0;0.0;0.0;0.0;0.0;0.0;0.0;0.0;0.0;0.0;0.0;0.0;0.0;0.0;0.0;0.0;0.0;0.0;0.0;0.0;0.0;0.0;0.0;0.0;0.0
Crateús;FAZENDA TAPUIO;-5.2261944444444;-40.808277777778;2019;8;0.0;0.0;0.0;0.0;0.0;0.0;0.0;0.0;0.0;0.0;0.0;0.0;0.0;0.0;0.0;0.0;0.0;0.0;0.0;0.0;0.0;0.0;0.0;0.0;0.0;0.0;0.0;0.0;0.0;0.0;0.0;0.0
Crateús;FAZENDA TAPUIO;-5.2261944444444;-40.808277777778;2019;9;0.0;0.0;0.0;0.0;0.0;0.0;0.0;0.0;0.0;0.0;0.0;0.0;0.0;0.0;0.0;0.0;0.0;0.0;0.0;0.0;0.0;0.0;0.0;0.0;0.0;0.0;0.0;0.0;0.0;0.0;0.0;888.0
Crateús;FAZENDA TAPUIO;-5.2261944444444;-40.808277777778;2019;10;0.0;0.0;0.0;0.0;0.0;0.0;0.0;0.0;0.0;0.0;0.0;0.0;0.0;0.0;0.0;0.0;0.0;0.0;0.0;0.0;0.0;0.0;0.0;0.0;0.0;0.0;0.0;0.0;0.0;0.0;0.0;0.0
Crateús;FAZENDA TAPUIO;-5.2261944444444;-40.808277777778;2019;11;7.0;0.0;0.0;0.0;0.0;0.0;0.0;0.0;0.0;0.0;0.0;0.0;0.0;0.0;0.0;0.0;0.0;0.0;0.0;7.0;0.0;0.0;0.0;0.0;0.0;0.0;0.0;0.0;0.0;0.0;0.0;888.0
Crateús;FAZENDA TAPUIO;-5.2261944444444;-40.808277777778;2019;12;19.0;0.0;0.0;0.0;0.0;0.0;0.0;0.0;0.0;0.0;0.0;0.0;0.0;0.0;0.0;0.0;0.0;0.0;0.0;0.0;0.0;0.0;0.0;0.0;0.0;0.0;0.0;0.0;0.0;0.0;0.0;19.0
Crateús;FAZENDA TAPUIO;-5.2261944444444;-40.808277777778;2020;1;176.0;0.0;0.0;15.0;45.0;0.0;0.0;8.0;19.0;0.0;18.0;0.0;0.0;0.0;0.0;0.0;0.0;0.0;0.0;0.0;0.0;3.0;8.0;0.0;0.0;0.0;0.0;12.0;20.0;0.0;28.0;0.0
Crateús;FAZENDA TAPUIO;-5.2261944444444;-40.808277777778;2020;2;327.0;0.0;40.0;0.0;12.0;10.0;10.0;22.0;0.0;0.0;0.0;0.0;0.0;0.0;0.0;57.0;0.0;28.0;0.0;0.0;0.0;0.0;52.0;0.0;18.0;16.0;0.0;13.0;5.0;44.0;888.0;888.0
Crateús;FAZENDA TAPUIO;-5.2261944444444;-40.808277777778;2020;3;474.0;0.0;0.0;12.0;50.0;10.0;40.0;11.0;0.0;0.0;0.0;0.0;0.0;70.0;10.0;22.0;0.0;0.0;110.0;43.0;0.0;0.0;0.0;4.0;0.0;70.0;0.0;0.0;0.0;0.0;0.0;22.0
Crateús;FAZENDA TAPUIO;-5.2261944444444;-40.808277777778;2020;4;264.0;0.0;0.0;0.0;0.0;0.0;0.0;0.0;0.0;0.0;0.0;28.0;0.0;0.0;46.0;0.0;12.0;2.0;0.0;0.0;65.0;5.0;11.0;15.0;0.0;60.0;7.0;5.0;8.0;0.0;0.0;888.0
Crateús;FAZENDA TAPUIO;-5.2261944444444;-40.808277777778;2020;5;42.0;0.0;0.0;0.0;0.0;0.0;0.0;0.0;0.0;0.0;0.0;0.0;0.0;0.0;0.0;0.0;0.0;0.0;0.0;0.0;0.0;0.0;12.0;0.0;23.0;0.0;0.0;0.0;0.0;7.0;0.0;0.0
Crateús;FAZENDA TAPUIO;-5.2261944444444;-40.808277777778;2020;6;8.0;0.0;0.0;0.0;0.0;8.0;0.0;0.0;0.0;0.0;0.0;0.0;0.0;0.0;0.0;0.0;0.0;0.0;0.0;0.0;0.0;0.0;0.0;0.0;0.0;0.0;0.0;0.0;0.0;0.0;0.0;888.0
Crateús;FAZENDA TAPUIO;-5.2261944444444;-40.808277777778;2020;7;0.0;0.0;0.0;0.0;0.0;0.0;0.0;0.0;0.0;0.0;0.0;0.0;0.0;0.0;0.0;0.0;0.0;0.0;0.0;0.0;0.0;0.0;0.0;0.0;0.0;0.0;0.0;0.0;0.0;0.0;0.0;0.0
Crateús;FAZENDA TAPUIO;-5.2261944444444;-40.808277777778;2020;8;0.0;0.0;0.0;0.0;0.0;0.0;0.0;0.0;0.0;0.0;0.0;0.0;0.0;0.0;0.0;0.0;0.0;0.0;0.0;0.0;0.0;0.0;0.0;0.0;0.0;0.0;0.0;0.0;0.0;0.0;0.0;0.0
Crateús;FAZENDA TAPUIO;-5.2261944444444;-40.808277777778;2020;9;0.0;0.0;0.0;0.0;0.0;0.0;0.0;0.0;0.0;0.0;0.0;0.0;0.0;0.0;0.0;0.0;0.0;0.0;0.0;0.0;0.0;0.0;0.0;0.0;0.0;0.0;0.0;0.0;0.0;0.0;0.0;888.0
Crateús;FAZENDA TAPUIO;-5.2261944444444;-40.808277777778;2020;10;0.0;0.0;0.0;0.0;0.0;0.0;0.0;0.0;0.0;0.0;0.0;0.0;0.0;0.0;0.0;0.0;0.0;0.0;0.0;0.0;0.0;0.0;0.0;0.0;0.0;0.0;0.0;0.0;0.0;0.0;0.0;0.0
Crateús;FAZENDA TAPUIO;-5.2261944444444;-40.808277777778;2020;11;46.0;0.0;0.0;23.0;23.0;0.0;0.0;0.0;0.0;0.0;0.0;0.0;0.0;0.0;0.0;0.0;0.0;0.0;0.0;0.0;0.0;0.0;0.0;0.0;0.0;0.0;0.0;0.0;0.0;0.0;0.0;888.0
Crateús;FAZENDA TAPUIO;-5.2261944444444;-40.808277777778;2020;12;0.0;0.0;0.0;0.0;0.0;0.0;0.0;0.0;0.0;0.0;0.0;0.0;0.0;0.0;0.0;0.0;0.0;0.0;0.0;0.0;0.0;0.0;0.0;0.0;0.0;0.0;0.0;0.0;0.0;0.0;0.0;0.0
Crateús;FAZENDA TAPUIO;-5.2261944444444;-40.808277777778;2021;1;45.0;0.0;0.0;0.0;0.0;10.0;0.0;0.0;0.0;0.0;0.0;0.0;15.0;0.0;0.0;0.0;0.0;0.0;0.0;0.0;0.0;15.0;0.0;0.0;0.0;0.0;5.0;0.0;0.0;0.0;0.0;0.0
Crateús;FAZENDA TAPUIO;-5.2261944444444;-40.808277777778;2021;2;124.0;0.0;0.0;0.0;0.0;0.0;0.0;0.0;0.0;15.0;0.0;0.0;0.0;0.0;0.0;0.0;0.0;0.0;0.0;42.0;0.0;0.0;17.0;40.0;10.0;0.0;0.0;0.0;0.0;888.0;888.0;888.0
Crateús;FAZENDA TAPUIO;-5.2261944444444;-40.808277777778;2021;3;107.0;0.0;20.0;0.0;0.0;0.0;0.0;0.0;0.0;0.0;0.0;0.0;0.0;0.0;0.0;70.0;0.0;0.0;0.0;0.0;0.0;0.0;0.0;0.0;0.0;0.0;0.0;0.0;17.0;0.0;0.0;0.0
Crateús;FAZENDA TAPUIO;-5.2261944444444;-40.808277777778;2021;4;108.0;0.0;0.0;0.0;0.0;0.0;0.0;0.0;0.0;0.0;0.0;8.0;12.0;0.0;0.0;0.0;0.0;0.0;0.0;25.0;0.0;0.0;38.0;20.0;0.0;0.0;0.0;0.0;0.0;5.0;0.0;888.0
Crateús;FAZENDA TAPUIO;-5.2261944444444;-40.808277777778;2021;5;48.0;0.0;0.0;10.0;15.0;23.0;0.0;0.0;0.0;0.0;0.0;0.0;0.0;0.0;0.0;0.0;0.0;0.0;0.0;0.0;0.0;0.0;0.0;0.0;0.0;0.0;0.0;0.0;0.0;0.0;0.0;0.0
Crateús;FAZENDA TAPUIO;-5.2261944444444;-40.808277777778;2021;6;0.0;0.0;0.0;0.0;0.0;0.0;0.0;0.0;0.0;0.0;0.0;0.0;0.0;0.0;0.0;0.0;0.0;0.0;0.0;0.0;0.0;0.0;0.0;0.0;0.0;0.0;0.0;0.0;0.0;0.0;0.0;888.0
Crateús;FAZENDA TAPUIO;-5.2261944444444;-40.808277777778;2021;7;13.0;0.0;13.0;0.0;0.0;0.0;0.0;0.0;0.0;0.0;0.0;0.0;0.0;0.0;0.0;0.0;0.0;0.0;0.0;0.0;0.0;0.0;0.0;0.0;0.0;0.0;0.0;0.0;0.0;0.0;0.0;0.0
Crateús;FAZENDA TAPUIO;-5.2261944444444;-40.808277777778;2021;8;0.0;0.0;0.0;0.0;0.0;0.0;0.0;0.0;0.0;0.0;0.0;0.0;0.0;0.0;0.0;0.0;0.0;0.0;0.0;0.0;0.0;0.0;0.0;0.0;0.0;0.0;0.0;0.0;0.0;0.0;0.0;0.0
Crateús;FAZENDA TAPUIO;-5.2261944444444;-40.808277777778;2021;9;0.0;0.0;0.0;0.0;0.0;0.0;0.0;0.0;0.0;0.0;0.0;0.0;0.0;0.0;0.0;0.0;0.0;0.0;0.0;0.0;0.0;0.0;0.0;0.0;0.0;0.0;0.0;0.0;0.0;0.0;0.0;888.0
Crateús;FAZENDA TAPUIO;-5.2261944444444;-40.808277777778;2021;10;8.0;0.0;0.0;0.0;0.0;0.0;0.0;0.0;0.0;0.0;0.0;0.0;0.0;0.0;0.0;0.0;0.0;0.0;0.0;0.0;0.0;0.0;0.0;0.0;8.0;0.0;0.0;0.0;0.0;0.0;0.0;0.0
Crateús;FAZENDA TAPUIO;-5.2261944444444;-40.808277777778;2021;11;0.0;0.0;0.0;0.0;0.0;0.0;0.0;0.0;0.0;0.0;0.0;0.0;0.0;0.0;0.0;0.0;0.0;0.0;0.0;0.0;0.0;0.0;0.0;0.0;0.0;0.0;0.0;0.0;0.0;0.0;0.0;888.0
Crateús;FAZENDA TAPUIO;-5.2261944444444;-40.808277777778;2021;12;11.0;0.0;0.0;0.0;0.0;0.0;0.0;0.0;0.0;0.0;0.0;0.0;0.0;0.0;0.0;0.0;0.0;0.0;0.0;0.0;0.0;0.0;0.0;0.0;0.0;0.0;0.0;11.0;0.0;0.0;0.0;0.0
Crateús;FAZENDA TAPUIO;-5.2261944444444;-40.808277777778;2022;1;176.0;22.0;0.0;0.0;0.0;15.0;0.0;38.0;0.0;0.0;0.0;0.0;45.0;4.0;0.0;0.0;0.0;0.0;0.0;0.0;0.0;0.0;0.0;0.0;0.0;0.0;0.0;52.0;0.0;0.0;0.0;0.0
Crateús;FAZENDA TAPUIO;-5.2261944444444;-40.808277777778;2022;2;57.0;0.0;0.0;0.0;0.0;0.0;0.0;0.0;0.0;0.0;0.0;0.0;0.0;0.0;0.0;0.0;0.0;0.0;35.0;22.0;0.0;0.0;0.0;0.0;0.0;0.0;0.0;0.0;0.0;888.0;888.0;888.0
Crateús;FAZENDA TAPUIO;-5.2261944444444;-40.808277777778;2022;3;266.0;0.0;0.0;0.0;0.0;45.0;20.0;35.0;0.0;0.0;0.0;0.0;0.0;0.0;0.0;0.0;20.0;0.0;0.0;18.0;11.0;0.0;25.0;10.0;40.0;32.0;0.0;0.0;10.0;0.0;0.0;0.0
Crateús;FAZENDA TAPUIO;-5.2261944444444;-40.808277777778;2022;4;64.0;9.0;12.0;0.0;0.0;0.0;0.0;0.0;0.0;0.0;0.0;0.0;0.0;0.0;0.0;0.0;0.0;0.0;0.0;0.0;8.0;0.0;0.0;0.0;35.0;0.0;0.0;0.0;0.0;0.0;0.0;888.0
Crateús;FAZENDA TAPUIO;-5.2261944444444;-40.808277777778;2022;5;20.0;0.0;0.0;0.0;0.0;10.0;0.0;0.0;0.0;0.0;0.0;0.0;0.0;0.0;10.0;0.0;0.0;0.0;0.0;0.0;0.0;0.0;0.0;0.0;0.0;0.0;0.0;0.0;0.0;0.0;0.0;0.0
Crateús;FAZENDA TAPUIO;-5.2261944444444;-40.808277777778;2022;6;31.0;12.0;0.0;0.0;0.0;6.0;0.0;0.0;0.0;0.0;0.0;5.0;0.0;0.0;0.0;0.0;0.0;0.0;0.0;0.0;0.0;8.0;0.0;0.0;0.0;0.0;0.0;0.0;0.0;0.0;0.0;888.0
Crateús;FAZENDA TAPUIO;-5.2261944444444;-40.808277777778;2022;7;0.0;0.0;0.0;0.0;0.0;0.0;0.0;0.0;0.0;0.0;0.0;0.0;0.0;0.0;0.0;0.0;0.0;0.0;0.0;0.0;0.0;0.0;0.0;0.0;0.0;0.0;0.0;0.0;0.0;0.0;0.0;0.0
Crateús;FAZENDA TAPUIO;-5.2261944444444;-40.808277777778;2022;8;0.0;0.0;0.0;0.0;0.0;0.0;0.0;0.0;0.0;0.0;0.0;0.0;0.0;0.0;0.0;0.0;0.0;0.0;0.0;0.0;0.0;0.0;0.0;0.0;0.0;0.0;0.0;0.0;0.0;0.0;0.0;0.0
Crateús;FAZENDA TAPUIO;-5.2261944444444;-40.808277777778;2022;9;0.0;0.0;0.0;0.0;0.0;0.0;0.0;0.0;0.0;0.0;0.0;0.0;0.0;0.0;0.0;0.0;0.0;0.0;0.0;0.0;0.0;0.0;0.0;0.0;0.0;0.0;0.0;0.0;0.0;0.0;0.0;888.0
Crateús;FAZENDA TAPUIO;-5.2261944444444;-40.808277777778;2022;10;0.0;0.0;0.0;0.0;0.0;0.0;0.0;0.0;0.0;0.0;0.0;0.0;0.0;0.0;0.0;0.0;0.0;0.0;0.0;0.0;0.0;0.0;0.0;0.0;0.0;0.0;0.0;0.0;0.0;0.0;0.0;0.0
Crateús;FAZENDA TAPUIO;-5.2261944444444;-40.808277777778;2022;11;92.0;0.0;0.0;0.0;0.0;0.0;0.0;92.0;0.0;0.0;0.0;0.0;0.0;0.0;0.0;0.0;0.0;0.0;0.0;0.0;0.0;0.0;0.0;0.0;0.0;0.0;0.0;0.0;0.0;0.0;0.0;888.0
Crateús;FAZENDA TAPUIO;-5.2261944444444;-40.808277777778;2022;12;0.0;0.0;0.0;0.0;0.0;0.0;0.0;0.0;0.0;0.0;0.0;0.0;0.0;0.0;0.0;0.0;0.0;0.0;0.0;0.0;0.0;0.0;0.0;0.0;0.0;0.0;0.0;0.0;0.0;0.0;0.0;0.0
Crateús;FAZENDA TAPUIO;-5.2261944444444;-40.808277777778;2023;1;47.0;0.0;0.0;0.0;0.0;0.0;0.0;0.0;0.0;0.0;0.0;0.0;0.0;0.0;0.0;0.0;15.0;0.0;0.0;20.0;2.0;0.0;0.0;0.0;0.0;10.0;0.0;0.0;0.0;0.0;0.0;0.0
Crateús;FAZENDA TAPUIO;-5.2261944444444;-40.808277777778;2023;2;47.0;0.0;0.0;0.0;0.0;0.0;0.0;10.0;0.0;0.0;0.0;0.0;0.0;0.0;0.0;0.0;0.0;0.0;0.0;0.0;0.0;0.0;0.0;2.0;35.0;0.0;0.0;0.0;0.0;888.0;888.0;888.0
Crateús;FAZENDA TAPUIO;-5.2261944444444;-40.808277777778;2023;3;4.0;0.0;0.0;0.0;4.0;999.0;999.0;999.0;999.0;999.0;999.0;999.0;999.0;999.0;999.0;999.0;999.0;999.0;999.0;999.0;999.0;999.0;999.0;999.0;999.0;999.0;999.0;999.0;999.0;999.0;999.0;999.0
Crateús;FAZENDA TAPUIO;-5.2261944444444;-40.808277777778;2023;4;68.0;0.0;0.0;0.0;0.0;0.0;0.0;0.0;0.0;0.0;20.0;0.0;0.0;0.0;0.0;0.0;0.0;0.0;0.0;0.0;0.0;0.0;0.0;0.0;0.0;0.0;0.0;38.0;10.0;0.0;0.0;888.0
Crateús;FAZENDA TAPUIO;-5.2261944444444;-40.808277777778;2023;5;36.0;26.0;0.0;0.0;0.0;0.0;0.0;0.0;0.0;0.0;0.0;0.0;0.0;0.0;0.0;0.0;0.0;0.0;0.0;10.0;0.0;0.0;0.0;0.0;0.0;0.0;0.0;0.0;0.0;0.0;0.0;0.0
Crateús;FAZENDA TAPUIO;-5.2261944444444;-40.808277777778;2023;6;0.0;0.0;0.0;0.0;0.0;0.0;0.0;0.0;0.0;0.0;0.0;0.0;0.0;0.0;0.0;0.0;0.0;0.0;0.0;0.0;0.0;0.0;0.0;0.0;0.0;0.0;0.0;0.0;0.0;0.0;0.0;888.0
Crateús;FAZENDA TAPUIO;-5.2261944444444;-40.808277777778;2023;7;0.0;0.0;0.0;0.0;0.0;0.0;0.0;0.0;0.0;0.0;0.0;0.0;0.0;0.0;0.0;0.0;0.0;0.0;0.0;0.0;0.0;0.0;0.0;0.0;0.0;0.0;0.0;0.0;0.0;0.0;0.0;0.0
Crateús;FAZENDA TAPUIO;-5.2261944444444;-40.808277777778;2023;8;0.0;0.0;0.0;0.0;0.0;0.0;0.0;0.0;0.0;0.0;0.0;0.0;0.0;0.0;0.0;0.0;0.0;0.0;0.0;0.0;0.0;0.0;0.0;0.0;0.0;0.0;0.0;0.0;0.0;0.0;0.0;0.0
Crateús;FAZENDA TAPUIO;-5.2261944444444;-40.808277777778;2023;9;0.0;0.0;0.0;0.0;0.0;0.0;0.0;0.0;0.0;0.0;0.0;0.0;0.0;0.0;0.0;0.0;0.0;0.0;0.0;0.0;0.0;0.0;0.0;0.0;0.0;0.0;0.0;0.0;0.0;0.0;0.0;888.0
Crateús;FAZENDA TAPUIO;-5.2261944444444;-40.808277777778;2023;10;0.0;0.0;0.0;0.0;0.0;0.0;0.0;0.0;0.0;0.0;0.0;0.0;0.0;0.0;0.0;0.0;0.0;0.0;0.0;0.0;0.0;0.0;0.0;0.0;0.0;0.0;0.0;0.0;0.0;0.0;0.0;0.0
Crateús;FAZENDA TAPUIO;-5.2261944444444;-40.808277777778;2023;11;20.0;0.0;0.0;0.0;0.0;0.0;0.0;0.0;0.0;0.0;0.0;0.0;0.0;0.0;0.0;0.0;0.0;0.0;0.0;0.0;0.0;0.0;0.0;0.0;0.0;0.0;0.0;0.0;20.0;0.0;0.0;888.0
Crateús;FAZENDA TAPUIO;-5.2261944444444;-40.808277777778;2023;12;24.0;0.0;0.0;0.0;0.0;0.0;0.0;0.0;0.0;0.0;0.0;0.0;0.0;0.0;0.0;0.0;0.0;0.0;18.0;0.0;0.0;6.0;0.0;0.0;0.0;0.0;0.0;0.0;0.0;0.0;0.0;0.0
Crateús;FAZENDA TAPUIO;-5.2261944444444;-40.808277777778;2024;1;10.0;0.0;0.0;0.0;0.0;0.0;0.0;0.0;0.0;0.0;0.0;0.0;0.0;0.0;0.0;0.0;0.0;0.0;0.0;0.0;0.0;0.0;0.0;0.0;10.0;0.0;0.0;0.0;0.0;0.0;0.0;0.0
Crateús;FAZENDA TAPUIO;-5.2261944444444;-40.808277777778;2024;2;316.0;0.0;0.0;0.0;0.0;0.0;0.0;0.0;0.0;0.0;0.0;90.0;0.0;0.0;35.0;0.0;25.0;0.0;7.0;0.0;22.0;100.0;2.0;0.0;17.0;0.0;0.0;0.0;18.0;0.0;888.0;888.0
Crateús;FAZENDA TAPUIO;-5.2261944444444;-40.808277777778;2024;3;248.0;0.0;0.0;0.0;30.0;15.0;15.0;0.0;0.0;0.0;0.0;0.0;0.0;0.0;20.0;0.0;15.0;0.0;0.0;25.0;30.0;10.0;0.0;8.0;9.0;21.0;0.0;999.0;999.0;0.0;50.0;0.0
Crateús;FAZENDA TAPUIO;-5.2261944444444;-40.808277777778;2024;4;91.0;0.0;0.0;0.0;25.0;0.0;0.0;0.0;10.0;9.0;0.0;0.0;4.0;0.0;18.0;0.0;0.0;0.0;0.0;0.0;0.0;0.0;0.0;15.0;0.0;0.0;0.0;0.0;0.0;0.0;10.0;888.0
Crateús;FAZENDA TAPUIO;-5.2261944444444;-40.808277777778;2024;5;40.0;0.0;0.0;0.0;0.0;0.0;0.0;0.0;0.0;0.0;0.0;0.0;0.0;0.0;0.0;0.0;0.0;0.0;0.0;0.0;0.0;0.0;0.0;0.0;0.0;0.0;30.0;10.0;0.0;0.0;0.0;0.0
Crateús;FAZENDA TAPUIO;-5.2261944444444;-40.808277777778;2024;6;0.0;0.0;0.0;0.0;0.0;0.0;0.0;0.0;0.0;0.0;0.0;0.0;0.0;0.0;0.0;0.0;0.0;0.0;0.0;0.0;0.0;0.0;0.0;0.0;0.0;0.0;0.0;0.0;0.0;0.0;0.0;888.0
Crateús;FAZENDA TAPUIO;-5.2261944444444;-40.808277777778;2024;7;0.0;0.0;0.0;0.0;0.0;0.0;0.0;0.0;0.0;0.0;0.0;0.0;0.0;0.0;0.0;0.0;0.0;0.0;0.0;0.0;0.0;0.0;0.0;0.0;0.0;0.0;0.0;0.0;0.0;0.0;0.0;0.0
Crateús;FAZENDA TAPUIO;-5.2261944444444;-40.808277777778;2024;8;0.0;0.0;0.0;0.0;0.0;0.0;0.0;0.0;0.0;999.0;999.0;999.0;999.0;999.0;999.0;999.0;999.0;999.0;999.0;999.0;999.0;999.0;999.0;999.0;999.0;999.0;999.0;999.0;999.0;999.0;999.0;999.0
