Municipios;Postos;Latitude;Longitude;Anos;Meses;Total;Dia1;Dia2;Dia3;Dia4;Dia5;Dia6;Dia7;Dia8;Dia9;Dia10;Dia11;Dia12;Dia13;Dia14;Dia15;Dia16;Dia17;Dia18;Dia19;Dia20;Dia21;Dia22;Dia23;Dia24;Dia25;Dia26;Dia27;Dia28;Dia29;Dia30;Dia31
Amontada;NOVA CONQUISTA;-3.4113611111111;-39.997861111111;2020;1;73.0;0.0;0.0;0.0;0.0;0.0;0.0;0.0;0.0;0.0;0.0;0.0;0.0;0.0;22.0;0.0;0.0;7.0;0.0;0.0;0.0;0.0;0.0;0.0;0.0;0.0;0.0;8.0;18.0;0.0;0.0;18.0
Amontada;NOVA CONQUISTA;-3.4113611111111;-39.997861111111;2020;2;121.0;0.0;0.0;0.0;20.0;5.0;0.0;0.0;0.0;0.0;20.0;11.0;0.0;0.0;0.0;0.0;0.0;12.0;0.0;25.0;18.0;0.0;0.0;0.0;0.0;10.0;0.0;0.0;0.0;0.0;888.0;888.0
Amontada;NOVA CONQUISTA;-3.4113611111111;-39.997861111111;2020;3;206.0;0.0;17.0;14.0;0.0;19.0;0.0;10.0;0.0;0.0;14.0;23.0;0.0;0.0;0.0;12.0;15.0;30.0;0.0;20.0;10.0;0.0;0.0;0.0;0.0;0.0;0.0;22.0;0.0;0.0;0.0;0.0
Amontada;NOVA CONQUISTA;-3.4113611111111;-39.997861111111;2020;4;266.0;8.0;0.0;0.0;0.0;0.0;0.0;16.0;0.0;0.0;0.0;13.0;17.0;34.0;0.0;0.0;32.0;0.0;0.0;0.0;0.0;0.0;30.0;0.0;19.0;10.0;32.0;45.0;10.0;0.0;0.0;888.0
Amontada;NOVA CONQUISTA;-3.4113611111111;-39.997861111111;2020;5;0.0;0.0;0.0;0.0;0.0;0.0;0.0;0.0;0.0;0.0;0.0;0.0;0.0;0.0;0.0;0.0;0.0;0.0;0.0;0.0;0.0;0.0;0.0;0.0;0.0;0.0;0.0;0.0;0.0;0.0;0.0;0.0
Amontada;NOVA CONQUISTA;-3.4113611111111;-39.997861111111;2020;6;21.0;0.0;0.0;0.0;0.0;0.0;0.0;0.0;0.0;0.0;0.0;0.0;0.0;21.0;0.0;0.0;0.0;0.0;0.0;0.0;0.0;0.0;0.0;0.0;0.0;0.0;0.0;0.0;0.0;0.0;0.0;888.0
Amontada;NOVA CONQUISTA;-3.4113611111111;-39.997861111111;2020;7;0.0;0.0;0.0;0.0;0.0;0.0;0.0;0.0;0.0;0.0;0.0;0.0;0.0;0.0;0.0;0.0;0.0;0.0;0.0;0.0;0.0;0.0;0.0;0.0;0.0;0.0;0.0;0.0;0.0;0.0;0.0;0.0
Amontada;NOVA CONQUISTA;-3.4113611111111;-39.997861111111;2020;8;0.0;0.0;0.0;0.0;0.0;0.0;0.0;0.0;0.0;0.0;0.0;0.0;0.0;0.0;0.0;0.0;0.0;0.0;0.0;0.0;0.0;0.0;0.0;0.0;0.0;0.0;0.0;0.0;0.0;0.0;0.0;0.0
Amontada;NOVA CONQUISTA;-3.4113611111111;-39.997861111111;2020;9;0.0;0.0;0.0;0.0;0.0;0.0;0.0;0.0;0.0;0.0;0.0;0.0;0.0;0.0;0.0;0.0;0.0;0.0;0.0;0.0;0.0;0.0;0.0;0.0;0.0;0.0;0.0;0.0;0.0;0.0;0.0;888.0
Amontada;NOVA CONQUISTA;-3.4113611111111;-39.997861111111;2020;10;0.0;0.0;0.0;0.0;0.0;0.0;0.0;0.0;0.0;0.0;0.0;0.0;0.0;0.0;0.0;0.0;0.0;0.0;0.0;0.0;0.0;0.0;0.0;0.0;0.0;0.0;0.0;0.0;0.0;0.0;0.0;0.0
Amontada;NOVA CONQUISTA;-3.4113611111111;-39.997861111111;2020;11;0.0;0.0;0.0;0.0;0.0;0.0;0.0;0.0;0.0;0.0;0.0;0.0;0.0;0.0;0.0;0.0;0.0;0.0;0.0;0.0;0.0;0.0;0.0;0.0;0.0;0.0;0.0;0.0;0.0;0.0;0.0;888.0
Amontada;NOVA CONQUISTA;-3.4113611111111;-39.997861111111;2020;12;0.0;0.0;0.0;0.0;0.0;0.0;0.0;0.0;0.0;0.0;0.0;0.0;0.0;0.0;0.0;0.0;0.0;0.0;0.0;0.0;0.0;0.0;0.0;0.0;0.0;0.0;0.0;0.0;0.0;0.0;0.0;0.0
Amontada;NOVA CONQUISTA;-3.4113611111111;-39.997861111111;2021;1;24.0;0.0;0.0;0.0;0.0;0.0;0.0;0.0;0.0;0.0;0.0;0.0;0.0;0.0;24.0;0.0;0.0;0.0;0.0;0.0;0.0;0.0;0.0;0.0;0.0;0.0;0.0;0.0;0.0;0.0;0.0;0.0
Amontada;NOVA CONQUISTA;-3.4113611111111;-39.997861111111;2021;2;43.0;0.0;0.0;0.0;0.0;0.0;0.0;0.0;0.0;0.0;0.0;0.0;0.0;0.0;0.0;0.0;0.0;25.0;0.0;0.0;0.0;0.0;18.0;0.0;0.0;0.0;0.0;0.0;0.0;888.0;888.0;888.0
Amontada;NOVA CONQUISTA;-3.4113611111111;-39.997861111111;2021;3;48.0;21.0;0.0;0.0;0.0;27.0;0.0;0.0;0.0;0.0;0.0;0.0;0.0;0.0;0.0;0.0;0.0;0.0;0.0;0.0;0.0;0.0;0.0;0.0;0.0;0.0;0.0;0.0;0.0;0.0;0.0;0.0
Amontada;NOVA CONQUISTA;-3.4113611111111;-39.997861111111;2021;4;122.0;0.0;18.0;0.0;0.0;0.0;0.0;0.0;0.0;0.0;0.0;0.0;0.0;0.0;0.0;0.0;0.0;0.0;0.0;23.0;0.0;33.0;0.0;18.0;19.0;11.0;0.0;0.0;0.0;0.0;0.0;888.0
Amontada;NOVA CONQUISTA;-3.4113611111111;-39.997861111111;2021;5;118.0;0.0;0.0;0.0;57.0;13.0;0.0;0.0;25.0;0.0;0.0;0.0;0.0;0.0;23.0;0.0;0.0;0.0;0.0;0.0;0.0;0.0;0.0;0.0;0.0;0.0;0.0;0.0;0.0;0.0;0.0;0.0
Amontada;NOVA CONQUISTA;-3.4113611111111;-39.997861111111;2021;6;38.0;0.0;0.0;0.0;0.0;0.0;0.0;0.0;0.0;0.0;0.0;38.0;0.0;0.0;0.0;0.0;0.0;0.0;0.0;0.0;0.0;0.0;0.0;0.0;0.0;0.0;0.0;0.0;0.0;0.0;0.0;888.0
Amontada;NOVA CONQUISTA;-3.4113611111111;-39.997861111111;2021;7;0.0;0.0;0.0;0.0;0.0;0.0;0.0;0.0;0.0;0.0;0.0;0.0;0.0;0.0;0.0;0.0;0.0;0.0;0.0;0.0;0.0;0.0;0.0;0.0;0.0;0.0;0.0;0.0;0.0;0.0;0.0;0.0
Amontada;NOVA CONQUISTA;-3.4113611111111;-39.997861111111;2021;8;0.0;0.0;0.0;0.0;0.0;0.0;0.0;0.0;0.0;0.0;0.0;0.0;0.0;0.0;0.0;0.0;0.0;0.0;0.0;0.0;0.0;0.0;0.0;0.0;0.0;0.0;0.0;0.0;0.0;0.0;0.0;0.0
Amontada;NOVA CONQUISTA;-3.4113611111111;-39.997861111111;2021;9;0.0;0.0;0.0;0.0;0.0;0.0;0.0;0.0;0.0;0.0;0.0;0.0;0.0;0.0;0.0;0.0;0.0;0.0;0.0;0.0;0.0;0.0;0.0;0.0;0.0;0.0;0.0;0.0;0.0;0.0;0.0;888.0
Amontada;NOVA CONQUISTA;-3.4113611111111;-39.997861111111;2021;10;0.0;0.0;0.0;0.0;0.0;0.0;0.0;0.0;0.0;0.0;0.0;0.0;0.0;0.0;0.0;0.0;0.0;0.0;0.0;0.0;0.0;0.0;0.0;0.0;0.0;0.0;0.0;0.0;0.0;0.0;0.0;0.0
Amontada;NOVA CONQUISTA;-3.4113611111111;-39.997861111111;2021;11;0.0;0.0;0.0;0.0;0.0;0.0;0.0;0.0;0.0;0.0;0.0;0.0;0.0;0.0;0.0;0.0;0.0;0.0;0.0;0.0;0.0;0.0;0.0;0.0;0.0;0.0;0.0;0.0;0.0;0.0;0.0;888.0
Amontada;NOVA CONQUISTA;-3.4113611111111;-39.997861111111;2021;12;0.0;0.0;0.0;0.0;0.0;0.0;0.0;0.0;0.0;0.0;0.0;0.0;0.0;0.0;0.0;0.0;0.0;0.0;0.0;0.0;0.0;0.0;0.0;0.0;0.0;0.0;0.0;0.0;0.0;0.0;0.0;0.0
Amontada;NOVA CONQUISTA;-3.4113611111111;-39.997861111111;2022;1;104.0;0.0;0.0;0.0;0.0;104.0;0.0;0.0;0.0;0.0;0.0;0.0;0.0;0.0;999.0;999.0;999.0;999.0;999.0;999.0;999.0;999.0;999.0;999.0;999.0;999.0;999.0;999.0;999.0;999.0;999.0;999.0
Amontada;NOVA CONQUISTA;-3.4113611111111;-39.997861111111;2022;3;227.0;0.0;0.0;0.0;0.0;0.0;0.0;0.0;0.0;0.0;0.0;33.0;11.0;0.0;62.0;0.0;0.0;39.0;0.0;42.0;0.0;0.0;0.0;0.0;0.0;0.0;0.0;0.0;0.0;0.0;40.0;0.0
Amontada;NOVA CONQUISTA;-3.4113611111111;-39.997861111111;2022;4;249.0;0.0;0.0;0.0;22.0;0.0;0.0;38.0;0.0;0.0;50.0;0.0;0.0;0.0;0.0;0.0;0.0;0.0;0.0;21.0;0.0;93.0;0.0;25.0;0.0;0.0;0.0;0.0;0.0;0.0;0.0;888.0
Amontada;NOVA CONQUISTA;-3.4113611111111;-39.997861111111;2022;5;150.0;0.0;0.0;0.0;0.0;0.0;0.0;0.0;0.0;75.0;0.0;0.0;41.0;0.0;0.0;0.0;0.0;0.0;0.0;0.0;0.0;9.0;0.0;0.0;0.0;0.0;0.0;0.0;0.0;25.0;0.0;0.0
Amontada;NOVA CONQUISTA;-3.4113611111111;-39.997861111111;2022;6;70.0;0.0;0.0;0.0;0.0;9.0;0.0;19.0;0.0;0.0;0.0;0.0;0.0;0.0;0.0;0.0;0.0;0.0;0.0;0.0;0.0;42.0;0.0;0.0;0.0;0.0;0.0;0.0;0.0;0.0;0.0;888.0
Amontada;NOVA CONQUISTA;-3.4113611111111;-39.997861111111;2022;7;18.0;0.0;0.0;0.0;0.0;0.0;0.0;18.0;0.0;0.0;0.0;0.0;0.0;0.0;0.0;0.0;0.0;0.0;0.0;0.0;0.0;0.0;0.0;0.0;0.0;0.0;0.0;0.0;0.0;0.0;0.0;0.0
Amontada;NOVA CONQUISTA;-3.4113611111111;-39.997861111111;2022;8;0.0;0.0;0.0;0.0;0.0;0.0;0.0;0.0;0.0;0.0;0.0;0.0;0.0;0.0;0.0;0.0;0.0;0.0;0.0;0.0;0.0;0.0;0.0;0.0;0.0;0.0;0.0;0.0;0.0;0.0;0.0;0.0
Amontada;NOVA CONQUISTA;-3.4113611111111;-39.997861111111;2022;9;0.0;0.0;0.0;0.0;0.0;0.0;0.0;0.0;0.0;0.0;0.0;0.0;0.0;0.0;0.0;0.0;0.0;0.0;0.0;0.0;0.0;0.0;0.0;0.0;0.0;0.0;0.0;0.0;0.0;0.0;0.0;888.0
Amontada;NOVA CONQUISTA;-3.4113611111111;-39.997861111111;2022;10;0.0;0.0;0.0;0.0;0.0;0.0;0.0;0.0;0.0;0.0;0.0;0.0;0.0;0.0;0.0;0.0;0.0;0.0;0.0;0.0;0.0;0.0;0.0;0.0;0.0;0.0;0.0;0.0;0.0;0.0;0.0;0.0
Amontada;NOVA CONQUISTA;-3.4113611111111;-39.997861111111;2022;11;0.0;0.0;0.0;0.0;0.0;0.0;0.0;0.0;0.0;0.0;0.0;0.0;0.0;0.0;0.0;0.0;0.0;0.0;0.0;0.0;0.0;0.0;0.0;0.0;0.0;0.0;0.0;0.0;0.0;0.0;0.0;888.0
Amontada;NOVA CONQUISTA;-3.4113611111111;-39.997861111111;2022;12;55.0;0.0;0.0;0.0;0.0;0.0;0.0;0.0;0.0;0.0;0.0;0.0;0.0;0.0;0.0;0.0;0.0;0.0;0.0;0.0;0.0;0.0;0.0;0.0;55.0;0.0;0.0;0.0;0.0;0.0;0.0;0.0
Amontada;NOVA CONQUISTA;-3.4113611111111;-39.997861111111;2023;1;108.0;0.0;0.0;0.0;0.0;0.0;0.0;0.0;0.0;0.0;0.0;0.0;0.0;0.0;0.0;0.0;15.0;0.0;0.0;8.0;0.0;15.0;0.0;0.0;47.0;0.0;23.0;0.0;0.0;0.0;0.0;0.0
Amontada;NOVA CONQUISTA;-3.4113611111111;-39.997861111111;2023;2;62.0;0.0;0.0;0.0;0.0;0.0;0.0;0.0;0.0;0.0;15.0;0.0;0.0;0.0;0.0;0.0;0.0;21.0;0.0;0.0;0.0;0.0;0.0;15.0;0.0;11.0;0.0;0.0;0.0;888.0;888.0;888.0
Amontada;NOVA CONQUISTA;-3.4113611111111;-39.997861111111;2023;3;295.0;0.0;0.0;49.0;0.0;0.0;0.0;0.0;0.0;0.0;0.0;0.0;0.0;0.0;25.0;0.0;0.0;25.0;34.0;0.0;18.0;15.0;70.0;0.0;0.0;11.0;0.0;0.0;38.0;0.0;0.0;10.0
Amontada;NOVA CONQUISTA;-3.4113611111111;-39.997861111111;2023;4;234.6;0.0;22.0;0.0;0.0;13.0;0.0;0.0;0.0;19.0;0.0;0.0;0.0;0.0;0.0;0.0;0.0;16.0;0.0;9.0;23.0;0.0;0.0;0.0;0.0;0.0;24.6;27.0;0.0;81.0;0.0;888.0
Amontada;NOVA CONQUISTA;-3.4113611111111;-39.997861111111;2023;5;53.0;0.0;0.0;0.0;13.0;0.0;0.0;0.0;0.0;0.0;0.0;0.0;0.0;0.0;0.0;0.0;0.0;0.0;25.0;0.0;0.0;15.0;0.0;0.0;0.0;0.0;0.0;0.0;0.0;0.0;0.0;0.0
Amontada;NOVA CONQUISTA;-3.4113611111111;-39.997861111111;2023;6;0.0;0.0;0.0;0.0;0.0;0.0;0.0;0.0;0.0;0.0;0.0;0.0;0.0;0.0;0.0;0.0;0.0;0.0;0.0;0.0;0.0;0.0;0.0;0.0;0.0;0.0;0.0;0.0;0.0;0.0;0.0;888.0
Amontada;NOVA CONQUISTA;-3.4113611111111;-39.997861111111;2023;7;0.0;0.0;0.0;0.0;0.0;0.0;0.0;0.0;0.0;0.0;0.0;0.0;0.0;0.0;0.0;0.0;0.0;0.0;0.0;0.0;0.0;0.0;0.0;0.0;0.0;0.0;0.0;0.0;0.0;0.0;0.0;0.0
Amontada;NOVA CONQUISTA;-3.4113611111111;-39.997861111111;2023;8;0.0;0.0;0.0;0.0;0.0;0.0;0.0;0.0;0.0;0.0;0.0;0.0;0.0;0.0;0.0;0.0;0.0;0.0;0.0;0.0;0.0;0.0;0.0;0.0;0.0;0.0;0.0;0.0;0.0;0.0;0.0;0.0
Amontada;NOVA CONQUISTA;-3.4113611111111;-39.997861111111;2023;9;0.0;0.0;0.0;0.0;0.0;0.0;0.0;0.0;0.0;0.0;0.0;0.0;0.0;0.0;0.0;0.0;0.0;0.0;0.0;0.0;0.0;0.0;0.0;0.0;0.0;0.0;0.0;0.0;0.0;0.0;0.0;888.0
Amontada;NOVA CONQUISTA;-3.4113611111111;-39.997861111111;2023;10;0.0;0.0;0.0;0.0;0.0;0.0;0.0;0.0;0.0;0.0;0.0;0.0;0.0;0.0;0.0;0.0;0.0;0.0;0.0;0.0;0.0;0.0;0.0;0.0;0.0;0.0;0.0;0.0;0.0;0.0;0.0;0.0
Amontada;NOVA CONQUISTA;-3.4113611111111;-39.997861111111;2023;11;0.0;0.0;0.0;0.0;0.0;0.0;0.0;0.0;0.0;0.0;0.0;0.0;0.0;0.0;0.0;0.0;0.0;0.0;0.0;0.0;0.0;0.0;0.0;0.0;0.0;0.0;0.0;0.0;0.0;0.0;0.0;888.0
Amontada;NOVA CONQUISTA;-3.4113611111111;-39.997861111111;2023;12;45.0;0.0;0.0;0.0;0.0;0.0;0.0;0.0;0.0;0.0;0.0;0.0;0.0;0.0;0.0;0.0;0.0;0.0;0.0;31.0;0.0;0.0;14.0;0.0;0.0;0.0;0.0;0.0;0.0;0.0;0.0;0.0
Amontada;NOVA CONQUISTA;-3.4113611111111;-39.997861111111;2024;1;32.0;0.0;32.0;0.0;0.0;0.0;0.0;0.0;0.0;0.0;0.0;0.0;0.0;0.0;0.0;0.0;0.0;0.0;0.0;0.0;0.0;0.0;0.0;0.0;0.0;0.0;0.0;0.0;0.0;0.0;0.0;0.0
Amontada;NOVA CONQUISTA;-3.4113611111111;-39.997861111111;2024;2;183.0;0.0;0.0;0.0;0.0;0.0;0.0;0.0;0.0;0.0;0.0;16.0;0.0;0.0;0.0;0.0;0.0;0.0;0.0;0.0;0.0;0.0;49.0;0.0;0.0;24.0;0.0;46.0;48.0;0.0;888.0;888.0
Amontada;NOVA CONQUISTA;-3.4113611111111;-39.997861111111;2024;3;263.3;0.0;0.0;0.0;0.0;0.0;6.3;0.0;0.0;23.0;0.0;0.0;0.0;13.0;11.0;0.0;0.0;42.0;8.0;0.0;11.0;0.0;0.0;47.0;0.0;0.0;5.0;21.0;17.0;14.0;0.0;45.0
Amontada;NOVA CONQUISTA;-3.4113611111111;-39.997861111111;2024;4;255.0;35.0;0.0;10.0;19.0;10.0;0.0;12.0;11.0;15.0;15.0;14.0;7.0;0.0;0.0;8.0;25.0;0.0;13.0;0.0;20.0;0.0;0.0;0.0;0.0;10.0;0.0;0.0;21.0;0.0;10.0;888.0
Amontada;NOVA CONQUISTA;-3.4113611111111;-39.997861111111;2024;5;129.0;0.0;0.0;0.0;0.0;0.0;24.0;0.0;0.0;0.0;0.0;0.0;0.0;23.0;0.0;0.0;0.0;0.0;19.0;0.0;0.0;11.0;0.0;0.0;0.0;0.0;44.0;0.0;0.0;0.0;8.0;0.0
Amontada;NOVA CONQUISTA;-3.4113611111111;-39.997861111111;2024;6;47.0;0.0;0.0;0.0;0.0;0.0;0.0;0.0;0.0;15.0;0.0;0.0;0.0;0.0;0.0;12.0;0.0;0.0;0.0;0.0;0.0;0.0;0.0;0.0;20.0;0.0;0.0;0.0;0.0;0.0;0.0;888.0
Amontada;NOVA CONQUISTA;-3.4113611111111;-39.997861111111;2024;7;0.0;0.0;0.0;0.0;0.0;0.0;0.0;0.0;0.0;0.0;0.0;0.0;0.0;0.0;0.0;0.0;0.0;0.0;0.0;0.0;0.0;0.0;0.0;0.0;0.0;0.0;0.0;0.0;0.0;0.0;0.0;0.0
Amontada;NOVA CONQUISTA;-3.4113611111111;-39.997861111111;2024;8;0.0;0.0;0.0;0.0;0.0;0.0;0.0;0.0;0.0;0.0;0.0;0.0;0.0;0.0;0.0;0.0;0.0;0.0;0.0;0.0;0.0;0.0;0.0;0.0;0.0;0.0;0.0;0.0;0.0;0.0;0.0;0.0
Amontada;NOVA CONQUISTA;-3.4113611111111;-39.997861111111;2024;9;0.0;0.0;0.0;0.0;0.0;0.0;0.0;0.0;0.0;0.0;0.0;0.0;0.0;0.0;0.0;0.0;0.0;0.0;0.0;0.0;0.0;0.0;0.0;0.0;0.0;0.0;0.0;0.0;0.0;0.0;0.0;888.0
Amontada;NOVA CONQUISTA;-3.4113611111111;-39.997861111111;2024;10;0.0;0.0;0.0;0.0;0.0;0.0;0.0;0.0;0.0;0.0;0.0;0.0;0.0;0.0;0.0;0.0;0.0;999.0;999.0;999.0;999.0;999.0;999.0;999.0;999.0;999.0;999.0;999.0;999.0;999.0;999.0;999.0
