Municipios;Postos;Latitude;Longitude;Anos;Meses;Total;Dia1;Dia2;Dia3;Dia4;Dia5;Dia6;Dia7;Dia8;Dia9;Dia10;Dia11;Dia12;Dia13;Dia14;Dia15;Dia16;Dia17;Dia18;Dia19;Dia20;Dia21;Dia22;Dia23;Dia24;Dia25;Dia26;Dia27;Dia28;Dia29;Dia30;Dia31
Baturité;HOTEL VALE DAS NUVENS;-4.2668888888889;-38.917138888889;2021;11;31.4;0.0;9.6;0.0;0.0;0.0;0.0;0.0;0.0;0.0;0.0;0.0;0.0;12.8;9.0;0.0;0.0;0.0;0.0;0.0;0.0;0.0;0.0;0.0;0.0;0.0;0.0;0.0;0.0;0.0;0.0;888.0
Baturité;HOTEL VALE DAS NUVENS;-4.2668888888889;-38.917138888889;2021;12;45.5;0.0;0.0;0.0;0.0;0.0;0.0;0.0;0.0;0.0;0.0;2.1;6.8;3.4;3.2;3.0;0.0;0.0;0.0;0.0;0.0;0.0;0.0;0.0;0.0;0.0;0.0;14.0;0.0;0.0;0.0;13.0
Baturité;HOTEL VALE DAS NUVENS;-4.2668888888889;-38.917138888889;2022;1;111.8;0.0;0.0;24.6;0.0;36.0;0.0;0.0;0.0;0.0;0.0;0.0;0.0;0.0;0.0;0.0;0.0;0.0;0.0;0.0;0.0;0.0;0.0;0.0;0.0;0.0;25.0;23.0;0.0;3.2;0.0;0.0
Baturité;HOTEL VALE DAS NUVENS;-4.2668888888889;-38.917138888889;2022;2;173.8;0.0;0.0;3.2;64.0;0.0;7.4;0.0;0.0;0.0;39.8;0.0;0.0;0.0;0.0;0.0;6.0;1.4;0.0;6.8;5.0;14.0;5.0;5.4;0.0;13.0;0.0;2.8;0.0;888.0;888.0;888.0
Baturité;HOTEL VALE DAS NUVENS;-4.2668888888889;-38.917138888889;2022;3;365.9;0.0;7.4;0.0;0.0;0.0;15.0;51.5;0.0;0.0;1.4;26.8;10.0;0.0;20.0;13.0;36.4;7.2;3.6;0.0;0.0;0.0;30.0;43.2;0.0;0.0;27.2;0.0;30.8;0.0;31.4;11.0
Baturité;HOTEL VALE DAS NUVENS;-4.2668888888889;-38.917138888889;2022;4;388.2;2.8;14.0;1.8;24.2;32.8;0.0;33.6;2.6;21.0;5.6;8.6;20.2;0.0;0.0;0.0;0.0;0.0;40.0;3.4;0.0;0.0;8.6;17.8;41.2;15.8;0.0;23.4;10.0;60.8;0.0;888.0
Baturité;HOTEL VALE DAS NUVENS;-4.2668888888889;-38.917138888889;2022;5;449.1;25.0;24.2;23.6;20.0;9.4;5.2;14.4;11.8;30.4;0.0;5.4;12.0;2.0;9.6;4.2;0.0;2.1;0.0;0.0;0.0;0.0;74.6;62.2;0.0;49.0;2.0;15.4;3.6;40.2;2.8;0.0
Baturité;HOTEL VALE DAS NUVENS;-4.2668888888889;-38.917138888889;2022;6;235.4;12.6;15.4;14.6;1.2;40.4;10.0;19.8;0.0;5.2;28.4;0.0;3.8;0.0;0.0;0.0;0.0;0.0;0.0;0.0;0.0;26.0;30.0;2.0;3.2;4.6;9.0;0.0;0.0;0.0;9.2;888.0
Baturité;HOTEL VALE DAS NUVENS;-4.2668888888889;-38.917138888889;2022;7;201.8;0.0;16.4;20.4;28.0;20.6;0.0;23.4;19.8;15.2;0.0;1.8;0.0;0.0;0.0;2.6;0.0;0.0;0.0;0.0;1.0;0.0;33.0;0.0;0.0;0.0;0.0;0.0;0.0;0.0;0.0;19.6
Baturité;HOTEL VALE DAS NUVENS;-4.2668888888889;-38.917138888889;2022;8;58.8;0.0;0.0;35.2;19.0;4.6;0.0;0.0;0.0;0.0;0.0;0.0;0.0;0.0;0.0;0.0;0.0;0.0;0.0;0.0;0.0;0.0;0.0;0.0;0.0;0.0;0.0;0.0;0.0;0.0;0.0;0.0
Baturité;HOTEL VALE DAS NUVENS;-4.2668888888889;-38.917138888889;2022;9;0.0;0.0;0.0;0.0;0.0;0.0;0.0;0.0;0.0;0.0;0.0;0.0;0.0;0.0;0.0;0.0;0.0;0.0;0.0;0.0;0.0;0.0;0.0;0.0;0.0;0.0;0.0;0.0;0.0;0.0;0.0;888.0
Baturité;HOTEL VALE DAS NUVENS;-4.2668888888889;-38.917138888889;2022;10;16.6;0.0;0.0;0.0;0.0;0.0;0.0;0.0;0.0;0.0;0.0;0.0;0.0;0.0;0.0;0.0;0.0;0.0;0.0;0.0;0.0;0.0;7.4;0.0;7.8;0.0;0.0;0.0;1.4;0.0;0.0;0.0
Baturité;HOTEL VALE DAS NUVENS;-4.2668888888889;-38.917138888889;2022;11;113.6;0.0;0.0;0.0;0.0;0.0;4.0;45.2;0.0;0.0;0.0;0.0;0.0;0.0;33.4;0.0;29.4;0.0;0.0;0.0;0.0;0.0;0.0;1.6;0.0;0.0;0.0;0.0;0.0;0.0;0.0;888.0
Baturité;HOTEL VALE DAS NUVENS;-4.2668888888889;-38.917138888889;2022;12;56.0;3.4;6.6;0.0;0.0;0.0;0.0;0.0;0.0;0.0;0.0;0.0;0.0;0.0;0.0;0.0;0.0;0.0;0.0;0.0;0.0;0.0;0.0;13.8;14.2;8.0;1.8;0.0;0.0;8.2;0.0;0.0
Baturité;HOTEL VALE DAS NUVENS;-4.2668888888889;-38.917138888889;2023;1;198.4;0.0;0.0;0.0;0.0;0.0;0.0;0.0;0.0;6.0;21.4;0.0;1.6;0.0;0.0;0.0;0.0;0.0;0.0;25.0;54.0;6.0;5.4;0.0;0.0;0.0;41.8;0.0;0.0;0.0;18.8;18.4
Baturité;HOTEL VALE DAS NUVENS;-4.2668888888889;-38.917138888889;2023;2;192.8;3.6;14.4;0.0;3.2;0.0;0.0;13.2;0.0;2.6;0.0;2.6;0.0;0.0;4.2;0.0;0.0;3.6;0.0;13.6;10.4;5.2;0.0;23.0;40.0;53.2;0.0;0.0;0.0;888.0;888.0;888.0
Baturité;HOTEL VALE DAS NUVENS;-4.2668888888889;-38.917138888889;2023;3;400.0;0.0;0.0;67.6;9.8;5.8;1.6;0.0;0.0;0.0;14.0;0.6;9.8;8.6;0.0;35.2;12.2;31.2;0.0;66.4;0.0;0.0;47.2;7.0;4.6;0.0;0.0;34.2;0.0;27.4;13.0;3.8
Baturité;HOTEL VALE DAS NUVENS;-4.2668888888889;-38.917138888889;2023;4;271.2;0.0;0.0;0.0;0.0;0.0;37.8;1.8;0.0;20.4;11.8;48.2;0.0;0.0;9.4;29.0;6.2;14.0;2.0;0.0;0.0;0.0;0.0;0.0;0.0;0.0;4.8;51.4;10.0;4.4;20.0;888.0
Baturité;HOTEL VALE DAS NUVENS;-4.2668888888889;-38.917138888889;2023;5;106.6;12.0;0.6;0.0;0.0;18.6;0.0;20.6;0.0;0.0;0.0;0.0;0.0;0.0;0.0;10.4;0.0;11.0;9.2;1.6;0.0;13.4;0.0;0.0;0.0;8.2;1.0;0.0;0.0;0.0;0.0;0.0
Baturité;HOTEL VALE DAS NUVENS;-4.2668888888889;-38.917138888889;2023;6;164.3;0.0;0.0;0.0;0.0;5.0;2.0;0.0;11.4;8.3;20.0;0.0;0.0;0.0;0.0;27.6;9.6;4.4;6.0;0.0;0.0;25.8;0.0;0.0;9.2;0.8;0.0;17.6;0.0;16.6;0.0;888.0
Baturité;HOTEL VALE DAS NUVENS;-4.2668888888889;-38.917138888889;2023;7;14.2;7.6;0.0;0.0;0.0;0.0;0.0;4.2;0.0;2.4;0.0;0.0;0.0;0.0;0.0;0.0;0.0;0.0;0.0;0.0;0.0;0.0;0.0;0.0;0.0;0.0;0.0;0.0;0.0;0.0;0.0;0.0
Baturité;HOTEL VALE DAS NUVENS;-4.2668888888889;-38.917138888889;2023;8;22.6;0.0;0.0;0.0;0.0;0.0;0.0;0.0;0.0;0.0;0.0;0.0;0.0;0.0;0.0;0.0;0.0;0.0;0.0;0.0;8.4;0.0;6.6;0.0;0.0;5.6;0.0;0.0;0.0;0.0;2.0;0.0
Baturité;HOTEL VALE DAS NUVENS;-4.2668888888889;-38.917138888889;2023;9;10.0;0.0;0.0;0.0;0.0;0.0;0.0;0.0;0.0;0.0;0.0;0.0;0.0;5.0;0.0;0.0;0.0;0.0;0.0;0.0;0.0;0.0;0.0;0.0;0.0;5.0;0.0;0.0;0.0;0.0;0.0;888.0
Baturité;HOTEL VALE DAS NUVENS;-4.2668888888889;-38.917138888889;2023;10;24.4;0.0;0.0;0.0;0.0;0.0;0.0;0.0;0.0;0.0;0.0;5.2;0.0;0.0;0.0;0.0;0.0;0.0;0.0;0.0;0.0;0.0;0.0;0.0;14.0;5.2;0.0;0.0;0.0;0.0;0.0;0.0
Baturité;HOTEL VALE DAS NUVENS;-4.2668888888889;-38.917138888889;2023;11;42.4;0.0;0.0;0.0;0.0;0.0;0.0;0.0;0.0;0.0;0.0;0.0;0.0;0.0;0.0;0.0;0.0;0.0;0.0;2.4;0.0;0.0;0.0;0.0;0.0;0.0;0.0;0.0;40.0;0.0;0.0;888.0
Baturité;HOTEL VALE DAS NUVENS;-4.2668888888889;-38.917138888889;2023;12;98.8;2.0;0.0;0.0;0.0;4.6;0.0;18.0;7.2;0.0;5.6;0.0;0.0;5.2;0.0;0.0;8.2;1.6;27.0;8.0;5.0;6.4;0.0;0.0;0.0;0.0;0.0;0.0;0.0;0.0;0.0;0.0
Baturité;HOTEL VALE DAS NUVENS;-4.2668888888889;-38.917138888889;2024;1;19.9;0.0;0.0;0.0;0.0;0.0;0.0;0.0;0.0;0.0;0.0;0.0;0.0;0.0;14.1;0.0;0.0;0.0;0.0;0.0;0.0;0.0;5.8;0.0;0.0;0.0;0.0;0.0;0.0;0.0;0.0;0.0
Baturité;HOTEL VALE DAS NUVENS;-4.2668888888889;-38.917138888889;2024;2;249.0;0.0;0.0;0.0;0.0;0.0;0.0;0.0;0.0;0.0;6.4;30.0;0.0;0.0;29.0;0.0;30.0;0.0;2.0;40.0;2.6;10.0;8.4;18.0;1.4;0.0;29.2;10.0;32.0;0.0;888.0;888.0
Baturité;HOTEL VALE DAS NUVENS;-4.2668888888889;-38.917138888889;2024;3;449.2;0.0;2.0;0.0;38.2;6.4;2.0;6.0;19.0;3.4;0.0;5.0;0.0;0.0;0.0;75.0;55.6;41.0;16.0;6.0;0.0;7.8;3.6;4.6;27.2;0.0;7.0;20.4;43.0;1.0;15.0;44.0
Baturité;HOTEL VALE DAS NUVENS;-4.2668888888889;-38.917138888889;2024;4;432.4;0.0;23.0;50.0;0.0;28.0;37.0;6.8;0.0;29.8;36.0;27.4;19.6;2.4;10.0;7.4;4.0;5.8;9.8;2.6;6.0;24.8;30.0;21.2;0.0;2.0;0.0;18.0;6.8;0.0;24.0;888.0
Baturité;HOTEL VALE DAS NUVENS;-4.2668888888889;-38.917138888889;2024;5;247.0;2.2;4.4;0.0;26.4;3.6;1.6;0.0;0.0;1.6;0.0;3.6;22.2;13.2;2.0;2.8;0.0;11.0;5.0;7.6;0.0;2.0;1.8;1.4;21.4;2.4;6.0;13.0;1.6;26.0;15.4;48.8
Baturité;HOTEL VALE DAS NUVENS;-4.2668888888889;-38.917138888889;2024;6;208.0;0.0;0.0;4.0;14.0;9.0;12.0;7.6;0.0;13.6;12.4;0.0;0.0;0.0;0.0;28.8;20.0;17.0;0.0;0.0;5.6;1.0;0.0;20.2;42.8;0.0;0.0;0.0;0.0;0.0;0.0;888.0
Baturité;HOTEL VALE DAS NUVENS;-4.2668888888889;-38.917138888889;2024;7;3.2;0.0;0.0;0.0;0.0;0.0;0.0;0.0;3.2;0.0;0.0;0.0;0.0;0.0;0.0;0.0;0.0;0.0;0.0;0.0;0.0;0.0;0.0;0.0;0.0;0.0;0.0;0.0;0.0;0.0;0.0;0.0
Baturité;HOTEL VALE DAS NUVENS;-4.2668888888889;-38.917138888889;2024;8;0.0;0.0;0.0;0.0;0.0;0.0;0.0;0.0;0.0;0.0;0.0;0.0;0.0;0.0;0.0;0.0;0.0;0.0;0.0;0.0;0.0;0.0;0.0;0.0;0.0;0.0;0.0;0.0;0.0;0.0;0.0;0.0
Baturité;HOTEL VALE DAS NUVENS;-4.2668888888889;-38.917138888889;2024;9;8.2;0.0;0.0;0.0;0.0;0.0;0.0;0.0;0.0;0.0;0.0;0.0;0.0;0.0;0.0;0.0;0.0;0.0;0.0;0.0;0.0;0.0;0.0;0.0;0.0;0.0;0.0;0.0;4.2;4.0;0.0;888.0
Baturité;HOTEL VALE DAS NUVENS;-4.2668888888889;-38.917138888889;2024;10;5.4;0.0;0.0;0.0;0.0;0.0;2.0;0.0;0.0;0.0;0.0;0.0;0.0;0.0;0.0;0.0;0.0;0.0;0.0;0.0;3.4;999.0;999.0;999.0;999.0;999.0;999.0;999.0;999.0;999.0;999.0;999.0
