Municipios;Postos;Latitude;Longitude;Anos;Meses;Total;Dia1;Dia2;Dia3;Dia4;Dia5;Dia6;Dia7;Dia8;Dia9;Dia10;Dia11;Dia12;Dia13;Dia14;Dia15;Dia16;Dia17;Dia18;Dia19;Dia20;Dia21;Dia22;Dia23;Dia24;Dia25;Dia26;Dia27;Dia28;Dia29;Dia30;Dia31
Ipueiras;ACUDE JATOBA II;-4.5876944444444;-40.745361111111;2022;1;200.9;33.2;4.4;0.0;7.6;17.4;1.6;0.0;0.0;13.4;0.0;0.0;5.4;14.4;0.0;11.2;41.0;0.0;19.8;0.0;0.0;0.0;0.0;3.1;0.0;0.0;0.0;22.6;0.0;5.8;0.0;0.0
Ipueiras;ACUDE JATOBA II;-4.5876944444444;-40.745361111111;2022;2;17.4;0.0;0.0;0.0;0.0;2.4;0.0;0.0;0.0;0.0;0.0;0.0;0.0;0.0;0.0;0.0;0.0;0.0;0.0;0.0;15.0;0.0;0.0;0.0;0.0;0.0;0.0;0.0;0.0;888.0;888.0;888.0
Ipueiras;ACUDE JATOBA II;-4.5876944444444;-40.745361111111;2022;3;344.6;0.0;0.0;0.0;0.0;47.0;0.0;79.4;0.0;7.2;0.0;0.0;27.0;9.4;2.0;0.0;6.4;38.2;2.6;8.6;11.0;22.0;0.0;5.2;13.2;0.0;42.8;9.2;0.0;8.6;0.0;4.8
Ipueiras;ACUDE JATOBA II;-4.5876944444444;-40.745361111111;2022;4;242.8;10.4;18.8;0.0;0.0;92.0;19.4;6.4;27.2;9.8;0.0;0.0;0.0;0.0;6.8;0.0;0.0;0.0;20.4;14.4;9.4;0.0;0.0;0.0;7.8;0.0;0.0;0.0;0.0;0.0;0.0;888.0
Ipueiras;ACUDE JATOBA II;-4.5876944444444;-40.745361111111;2022;5;40.2;0.0;0.0;0.0;0.0;0.0;0.0;0.0;0.0;0.0;0.0;0.0;0.0;0.0;32.2;0.0;0.0;0.0;0.0;0.0;0.0;8.0;0.0;0.0;0.0;0.0;0.0;0.0;0.0;0.0;0.0;0.0
Ipueiras;ACUDE JATOBA II;-4.5876944444444;-40.745361111111;2022;6;96.8;0.0;0.0;0.0;25.2;33.8;13.2;0.0;0.0;20.8;3.8;0.0;0.0;0.0;0.0;0.0;0.0;0.0;0.0;0.0;0.0;0.0;0.0;0.0;0.0;0.0;0.0;0.0;0.0;0.0;0.0;888.0
Ipueiras;ACUDE JATOBA II;-4.5876944444444;-40.745361111111;2022;7;0.0;0.0;0.0;0.0;0.0;0.0;0.0;0.0;0.0;0.0;0.0;0.0;0.0;0.0;0.0;0.0;0.0;0.0;0.0;0.0;0.0;0.0;0.0;0.0;0.0;0.0;0.0;0.0;0.0;0.0;0.0;0.0
Ipueiras;ACUDE JATOBA II;-4.5876944444444;-40.745361111111;2022;8;0.0;0.0;0.0;0.0;0.0;0.0;0.0;0.0;0.0;0.0;0.0;0.0;0.0;0.0;0.0;0.0;0.0;0.0;0.0;0.0;0.0;0.0;0.0;0.0;0.0;0.0;0.0;0.0;0.0;0.0;0.0;0.0
Ipueiras;ACUDE JATOBA II;-4.5876944444444;-40.745361111111;2022;9;0.0;0.0;0.0;0.0;0.0;0.0;0.0;0.0;0.0;0.0;0.0;0.0;0.0;0.0;0.0;0.0;0.0;0.0;0.0;0.0;0.0;0.0;0.0;0.0;0.0;0.0;0.0;0.0;0.0;0.0;0.0;888.0
Ipueiras;ACUDE JATOBA II;-4.5876944444444;-40.745361111111;2022;10;0.0;0.0;0.0;0.0;0.0;0.0;0.0;0.0;0.0;0.0;0.0;0.0;0.0;0.0;0.0;0.0;0.0;0.0;0.0;0.0;0.0;0.0;0.0;0.0;0.0;0.0;0.0;0.0;0.0;0.0;0.0;0.0
Ipueiras;ACUDE JATOBA II;-4.5876944444444;-40.745361111111;2022;11;186.6;0.0;0.0;0.0;5.6;64.0;96.0;21.0;0.0;0.0;0.0;0.0;0.0;0.0;0.0;0.0;0.0;0.0;0.0;0.0;0.0;0.0;0.0;0.0;0.0;0.0;0.0;0.0;0.0;0.0;0.0;888.0
Ipueiras;ACUDE JATOBA II;-4.5876944444444;-40.745361111111;2022;12;95.6;26.0;10.0;8.2;0.0;0.0;0.0;0.0;0.0;0.0;0.0;0.0;0.0;0.0;0.0;0.0;0.0;0.0;0.0;0.0;0.0;0.0;0.0;14.8;0.0;27.6;0.0;0.0;9.0;0.0;0.0;0.0
Ipueiras;ACUDE JATOBA II;-4.5876944444444;-40.745361111111;2023;1;57.8;0.0;0.0;0.0;0.0;0.0;0.0;0.0;0.0;0.0;0.0;0.0;0.0;0.0;0.0;0.0;11.2;25.0;4.0;0.0;0.0;0.0;0.0;0.0;0.0;0.0;17.6;0.0;0.0;0.0;0.0;0.0
Ipueiras;ACUDE JATOBA II;-4.5876944444444;-40.745361111111;2023;2;85.4;0.0;0.0;0.0;0.0;0.0;0.0;0.0;0.0;0.0;0.0;25.4;0.0;0.0;12.8;6.8;0.0;7.4;0.0;0.0;0.0;0.0;0.0;33.0;0.0;0.0;0.0;0.0;0.0;888.0;888.0;888.0
Ipueiras;ACUDE JATOBA II;-4.5876944444444;-40.745361111111;2023;3;303.8;0.0;0.0;0.0;16.4;0.0;0.0;0.0;0.0;0.0;0.0;0.0;0.0;0.0;0.0;50.4;17.4;45.6;0.0;34.0;57.2;11.6;30.0;0.0;0.0;0.0;0.0;0.0;14.6;5.2;9.2;12.2
Ipueiras;ACUDE JATOBA II;-4.5876944444444;-40.745361111111;2023;4;154.4;0.0;16.6;0.0;22.4;0.0;0.0;6.8;0.0;0.0;0.0;0.0;0.0;0.0;0.0;0.0;0.0;14.4;25.0;13.2;0.0;0.0;0.0;0.0;0.0;0.0;0.0;35.0;21.0;0.0;0.0;888.0
Ipueiras;ACUDE JATOBA II;-4.5876944444444;-40.745361111111;2023;5;65.6;0.0;28.8;0.0;0.0;13.4;0.0;0.0;0.0;0.0;0.0;0.0;0.0;0.0;0.0;0.0;0.0;16.0;0.0;0.0;0.0;7.4;0.0;0.0;0.0;0.0;0.0;0.0;0.0;0.0;0.0;0.0
Ipueiras;ACUDE JATOBA II;-4.5876944444444;-40.745361111111;2023;6;0.0;0.0;0.0;0.0;0.0;0.0;0.0;0.0;0.0;0.0;0.0;0.0;0.0;0.0;0.0;0.0;0.0;0.0;0.0;0.0;0.0;0.0;0.0;0.0;0.0;0.0;0.0;0.0;0.0;0.0;0.0;888.0
Ipueiras;ACUDE JATOBA II;-4.5876944444444;-40.745361111111;2023;7;0.0;0.0;0.0;0.0;0.0;0.0;0.0;0.0;0.0;0.0;0.0;0.0;0.0;0.0;0.0;0.0;0.0;0.0;0.0;0.0;0.0;0.0;0.0;0.0;0.0;0.0;0.0;0.0;0.0;0.0;0.0;0.0
Ipueiras;ACUDE JATOBA II;-4.5876944444444;-40.745361111111;2023;8;0.0;0.0;0.0;0.0;0.0;0.0;0.0;0.0;0.0;0.0;0.0;0.0;0.0;0.0;0.0;0.0;0.0;0.0;0.0;0.0;0.0;0.0;0.0;0.0;0.0;0.0;0.0;0.0;0.0;0.0;0.0;0.0
Ipueiras;ACUDE JATOBA II;-4.5876944444444;-40.745361111111;2023;9;0.0;0.0;0.0;0.0;0.0;0.0;0.0;0.0;0.0;0.0;0.0;0.0;0.0;0.0;0.0;0.0;0.0;0.0;0.0;0.0;0.0;0.0;0.0;0.0;0.0;0.0;0.0;0.0;0.0;0.0;0.0;888.0
Ipueiras;ACUDE JATOBA II;-4.5876944444444;-40.745361111111;2023;10;0.0;0.0;0.0;0.0;0.0;0.0;0.0;0.0;0.0;0.0;0.0;0.0;0.0;0.0;0.0;0.0;0.0;0.0;0.0;0.0;0.0;0.0;0.0;0.0;0.0;0.0;0.0;0.0;0.0;0.0;0.0;0.0
Ipueiras;ACUDE JATOBA II;-4.5876944444444;-40.745361111111;2023;11;26.8;0.0;0.0;0.0;0.0;0.0;0.0;0.0;0.0;0.0;0.0;0.0;0.0;0.0;0.0;0.0;0.0;0.0;0.0;0.0;0.0;0.0;0.0;0.0;0.0;0.0;0.0;0.0;0.0;26.8;0.0;888.0
Ipueiras;ACUDE JATOBA II;-4.5876944444444;-40.745361111111;2023;12;22.0;0.0;0.0;0.0;0.0;0.0;0.0;0.0;0.0;0.0;0.0;0.0;0.0;0.0;0.0;0.0;0.0;0.0;14.4;0.0;0.0;4.2;3.4;0.0;0.0;0.0;0.0;0.0;0.0;0.0;0.0;0.0
Ipueiras;ACUDE JATOBA II;-4.5876944444444;-40.745361111111;2024;1;126.2;77.0;0.0;0.0;0.0;0.0;0.0;0.0;0.0;0.0;0.0;0.0;0.0;19.0;30.2;0.0;0.0;0.0;0.0;0.0;0.0;0.0;0.0;0.0;0.0;0.0;0.0;0.0;0.0;0.0;0.0;0.0
Ipueiras;ACUDE JATOBA II;-4.5876944444444;-40.745361111111;2024;2;324.8;0.0;0.0;0.0;0.0;0.0;0.0;0.0;0.0;0.0;0.0;49.2;0.0;0.0;0.0;61.6;43.0;16.4;0.0;0.0;10.8;23.8;30.0;11.2;0.0;8.8;21.0;0.0;49.0;0.0;888.0;888.0
Ipueiras;ACUDE JATOBA II;-4.5876944444444;-40.745361111111;2024;3;164.0;0.0;0.0;4.0;0.0;0.0;0.0;0.0;0.0;0.0;0.0;0.0;0.0;0.0;0.0;29.8;0.0;0.0;0.0;0.0;0.0;0.0;0.0;0.0;0.0;0.0;43.6;0.0;34.2;0.0;32.4;20.0
Ipueiras;ACUDE JATOBA II;-4.5876944444444;-40.745361111111;2024;4;267.8;0.0;0.0;0.0;0.0;33.6;0.0;11.4;0.0;40.0;19.2;0.0;15.8;20.0;46.4;0.0;18.4;0.0;0.0;32.6;0.0;9.0;0.0;0.0;21.4;0.0;0.0;0.0;0.0;0.0;0.0;888.0
Ipueiras;ACUDE JATOBA II;-4.5876944444444;-40.745361111111;2024;5;88.0;0.0;16.0;0.0;0.0;0.0;0.0;0.0;0.0;0.0;0.0;0.0;0.0;0.0;0.0;0.0;0.0;0.0;27.0;0.0;0.0;0.0;0.0;0.0;0.0;0.0;4.4;24.4;0.0;0.0;0.0;16.2
Ipueiras;ACUDE JATOBA II;-4.5876944444444;-40.745361111111;2024;6;39.4;4.6;0.0;0.0;0.0;0.0;0.0;0.0;0.0;0.0;9.6;0.0;0.0;0.0;0.0;0.0;4.0;0.0;0.0;0.0;0.0;0.0;0.0;0.0;21.2;0.0;0.0;0.0;0.0;0.0;0.0;888.0
Ipueiras;ACUDE JATOBA II;-4.5876944444444;-40.745361111111;2024;7;0.0;0.0;0.0;0.0;0.0;0.0;0.0;0.0;0.0;0.0;0.0;0.0;0.0;0.0;0.0;0.0;0.0;0.0;0.0;0.0;0.0;0.0;0.0;0.0;0.0;0.0;0.0;0.0;0.0;0.0;0.0;0.0
Ipueiras;ACUDE JATOBA II;-4.5876944444444;-40.745361111111;2024;8;0.0;0.0;0.0;0.0;0.0;0.0;0.0;0.0;0.0;0.0;0.0;0.0;0.0;0.0;0.0;0.0;0.0;0.0;0.0;0.0;0.0;0.0;0.0;0.0;0.0;0.0;0.0;0.0;0.0;0.0;0.0;0.0
Ipueiras;ACUDE JATOBA II;-4.5876944444444;-40.745361111111;2024;9;0.0;0.0;0.0;0.0;0.0;0.0;0.0;0.0;0.0;0.0;0.0;0.0;0.0;0.0;0.0;0.0;0.0;0.0;0.0;0.0;0.0;0.0;0.0;0.0;0.0;0.0;0.0;0.0;0.0;0.0;0.0;888.0
Ipueiras;ACUDE JATOBA II;-4.5876944444444;-40.745361111111;2024;10;0.0;0.0;0.0;0.0;0.0;0.0;0.0;0.0;0.0;0.0;0.0;0.0;0.0;0.0;0.0;0.0;0.0;0.0;0.0;0.0;0.0;0.0;0.0;0.0;999.0;999.0;999.0;999.0;999.0;999.0;999.0;999.0
