Municipios;Postos;Latitude;Longitude;Anos;Meses;Total;Dia1;Dia2;Dia3;Dia4;Dia5;Dia6;Dia7;Dia8;Dia9;Dia10;Dia11;Dia12;Dia13;Dia14;Dia15;Dia16;Dia17;Dia18;Dia19;Dia20;Dia21;Dia22;Dia23;Dia24;Dia25;Dia26;Dia27;Dia28;Dia29;Dia30;Dia31
Madalena;SABONETE;-4.7596666666667;-39.517;2022;3;29.0;999.0;999.0;999.0;999.0;999.0;999.0;999.0;999.0;999.0;999.0;999.0;999.0;999.0;999.0;999.0;999.0;999.0;999.0;999.0;999.0;999.0;999.0;999.0;999.0;11.4;0.0;0.0;0.0;11.4;6.2;0.0
Madalena;SABONETE;-4.7596666666667;-39.517;2022;4;78.8;0.0;0.0;0.0;0.0;0.0;0.0;0.0;0.0;0.0;0.0;0.0;0.0;0.0;0.0;0.0;0.0;16.2;18.6;7.4;0.0;0.0;0.0;12.4;12.0;0.0;0.0;0.0;0.0;12.2;0.0;888.0
Madalena;SABONETE;-4.7596666666667;-39.517;2022;5;123.8;0.0;0.0;0.0;0.0;6.0;0.0;0.0;0.0;0.0;23.4;0.0;0.0;0.0;17.2;0.0;0.0;0.0;0.0;0.0;0.0;44.0;0.0;0.0;0.0;14.8;0.0;12.8;5.6;0.0;0.0;0.0
Madalena;SABONETE;-4.7596666666667;-39.517;2022;6;62.6;15.0;0.0;0.0;43.6;0.0;0.0;0.0;0.0;0.0;0.0;0.0;0.0;0.0;0.0;0.0;0.0;0.0;0.0;0.0;0.0;4.0;0.0;0.0;0.0;0.0;0.0;0.0;0.0;0.0;0.0;888.0
Madalena;SABONETE;-4.7596666666667;-39.517;2022;7;33.6;15.0;9.2;0.0;9.4;0.0;0.0;0.0;0.0;0.0;0.0;0.0;0.0;0.0;0.0;0.0;0.0;0.0;0.0;0.0;0.0;0.0;0.0;0.0;0.0;0.0;0.0;0.0;0.0;0.0;0.0;0.0
Madalena;SABONETE;-4.7596666666667;-39.517;2022;8;0.0;0.0;0.0;0.0;0.0;0.0;0.0;0.0;0.0;0.0;0.0;0.0;0.0;0.0;0.0;0.0;0.0;0.0;0.0;0.0;0.0;0.0;0.0;0.0;0.0;0.0;0.0;0.0;0.0;0.0;0.0;0.0
Madalena;SABONETE;-4.7596666666667;-39.517;2022;9;0.0;0.0;0.0;0.0;0.0;0.0;0.0;0.0;0.0;0.0;0.0;0.0;0.0;0.0;0.0;0.0;0.0;0.0;0.0;0.0;0.0;0.0;0.0;0.0;0.0;0.0;0.0;0.0;0.0;0.0;0.0;888.0
Madalena;SABONETE;-4.7596666666667;-39.517;2022;10;0.0;0.0;0.0;0.0;0.0;0.0;0.0;0.0;0.0;0.0;0.0;0.0;0.0;0.0;0.0;0.0;0.0;0.0;0.0;0.0;0.0;0.0;0.0;0.0;0.0;0.0;0.0;0.0;0.0;0.0;0.0;0.0
Madalena;SABONETE;-4.7596666666667;-39.517;2022;11;32.4;0.0;32.4;0.0;0.0;0.0;0.0;0.0;0.0;0.0;0.0;0.0;0.0;0.0;0.0;0.0;0.0;0.0;0.0;0.0;0.0;0.0;0.0;0.0;0.0;0.0;0.0;0.0;0.0;0.0;0.0;888.0
Madalena;SABONETE;-4.7596666666667;-39.517;2022;12;0.0;0.0;0.0;0.0;0.0;0.0;0.0;0.0;0.0;0.0;0.0;0.0;0.0;0.0;0.0;0.0;0.0;0.0;0.0;0.0;0.0;0.0;0.0;0.0;0.0;0.0;0.0;0.0;0.0;0.0;0.0;0.0
Madalena;SABONETE;-4.7596666666667;-39.517;2023;1;77.6;0.0;0.0;0.0;0.0;0.0;0.0;0.0;0.0;0.0;0.0;0.0;0.0;0.0;0.0;0.0;8.0;0.0;0.0;30.4;0.0;0.0;0.0;0.0;0.0;31.4;0.0;0.0;0.0;0.0;0.0;7.8
Madalena;SABONETE;-4.7596666666667;-39.517;2023;2;60.8;0.0;0.0;0.0;0.0;0.0;0.0;0.0;0.0;0.0;0.0;0.0;0.0;0.0;0.0;0.0;0.0;0.0;15.0;0.0;0.0;0.0;0.0;27.4;18.4;0.0;0.0;0.0;0.0;888.0;888.0;888.0
Madalena;SABONETE;-4.7596666666667;-39.517;2023;3;265.0;0.0;0.0;15.2;14.0;0.0;0.0;0.0;0.0;0.0;21.4;0.0;0.0;12.0;20.0;48.2;0.0;0.0;0.0;0.0;12.2;0.0;0.0;0.0;75.0;0.0;14.8;0.0;0.0;14.4;17.8;0.0
Madalena;SABONETE;-4.7596666666667;-39.517;2023;4;156.8;13.8;0.0;30.2;0.0;0.0;0.0;0.0;0.0;39.2;0.0;0.0;0.0;0.0;0.0;0.0;27.0;6.2;0.0;0.0;0.0;0.0;0.0;0.0;0.0;0.0;0.0;40.4;0.0;0.0;0.0;888.0
Madalena;SABONETE;-4.7596666666667;-39.517;2023;5;30.0;0.0;22.6;0.0;0.0;0.0;0.0;0.0;0.0;0.0;0.0;0.0;0.0;0.0;0.0;0.0;0.0;0.0;7.4;0.0;0.0;0.0;0.0;0.0;0.0;0.0;0.0;0.0;0.0;0.0;0.0;0.0
Madalena;SABONETE;-4.7596666666667;-39.517;2023;6;32.0;0.0;0.0;0.0;0.0;0.0;0.0;0.0;0.0;0.0;0.0;0.0;0.0;0.0;0.0;21.6;0.0;0.0;0.0;0.0;0.0;10.4;0.0;0.0;0.0;0.0;0.0;0.0;0.0;0.0;0.0;888.0
Madalena;SABONETE;-4.7596666666667;-39.517;2023;7;0.0;0.0;0.0;0.0;0.0;0.0;0.0;0.0;0.0;0.0;0.0;0.0;0.0;0.0;0.0;0.0;0.0;0.0;0.0;0.0;0.0;0.0;0.0;0.0;0.0;0.0;0.0;0.0;0.0;0.0;0.0;0.0
Madalena;SABONETE;-4.7596666666667;-39.517;2023;8;0.0;0.0;0.0;0.0;0.0;0.0;0.0;0.0;0.0;0.0;0.0;0.0;0.0;0.0;0.0;0.0;0.0;0.0;0.0;0.0;0.0;0.0;0.0;0.0;0.0;0.0;0.0;0.0;0.0;0.0;0.0;0.0
Madalena;SABONETE;-4.7596666666667;-39.517;2023;9;0.0;0.0;0.0;0.0;0.0;0.0;0.0;0.0;0.0;0.0;0.0;0.0;0.0;0.0;0.0;0.0;0.0;0.0;0.0;0.0;0.0;0.0;0.0;0.0;0.0;0.0;0.0;0.0;0.0;0.0;0.0;888.0
Madalena;SABONETE;-4.7596666666667;-39.517;2023;10;0.0;0.0;0.0;0.0;0.0;0.0;0.0;0.0;0.0;0.0;0.0;0.0;0.0;0.0;0.0;0.0;0.0;0.0;0.0;0.0;0.0;0.0;0.0;0.0;0.0;0.0;0.0;0.0;0.0;0.0;0.0;0.0
Madalena;SABONETE;-4.7596666666667;-39.517;2023;11;7.0;0.0;0.0;0.0;0.0;0.0;0.0;0.0;0.0;0.0;0.0;0.0;0.0;0.0;0.0;0.0;0.0;0.0;0.0;0.0;0.0;0.0;0.0;0.0;0.0;0.0;0.0;0.0;7.0;0.0;0.0;888.0
Madalena;SABONETE;-4.7596666666667;-39.517;2023;12;8.0;0.0;0.0;0.0;0.0;0.0;0.0;0.0;0.0;0.0;0.0;0.0;0.0;0.0;0.0;0.0;0.0;0.0;0.0;0.0;8.0;0.0;0.0;0.0;0.0;0.0;0.0;0.0;0.0;0.0;0.0;0.0
Madalena;SABONETE;-4.7596666666667;-39.517;2024;1;9.0;0.0;0.0;0.0;0.0;0.0;0.0;0.0;0.0;0.0;0.0;0.0;0.0;0.0;0.0;0.0;0.0;0.0;9.0;0.0;0.0;0.0;0.0;0.0;0.0;0.0;0.0;0.0;0.0;0.0;0.0;0.0
Madalena;SABONETE;-4.7596666666667;-39.517;2024;2;214.6;0.0;0.0;0.0;0.0;0.0;0.0;0.0;0.0;0.0;16.0;0.0;0.0;18.0;33.0;0.0;0.0;31.0;0.0;0.0;0.0;6.0;0.0;0.0;0.0;0.0;11.8;98.8;0.0;0.0;888.0;888.0
Madalena;SABONETE;-4.7596666666667;-39.517;2024;3;103.8;0.0;0.0;0.0;0.0;0.0;0.0;0.0;9.8;0.0;0.0;0.0;0.0;6.0;0.0;0.0;0.0;0.0;0.0;0.0;0.0;0.0;0.0;0.0;0.0;0.0;0.0;88.0;0.0;0.0;0.0;0.0
Madalena;SABONETE;-4.7596666666667;-39.517;2024;4;141.6;19.2;0.0;0.0;0.0;21.0;0.0;0.0;0.0;19.4;0.0;0.0;0.0;0.0;0.0;0.0;0.0;0.0;0.0;0.0;36.4;0.0;21.2;0.0;0.0;0.0;0.0;24.4;0.0;0.0;0.0;888.0
Madalena;SABONETE;-4.7596666666667;-39.517;2024;5;65.8;0.0;0.0;0.0;0.0;0.0;0.0;0.0;0.0;0.0;0.0;18.4;0.0;0.0;0.0;0.0;0.0;0.0;7.4;0.0;0.0;0.0;0.0;0.0;0.0;0.0;0.0;0.0;0.0;0.0;40.0;0.0
Madalena;SABONETE;-4.7596666666667;-39.517;2024;6;81.4;0.0;0.0;0.0;0.0;0.0;0.0;8.2;0.0;0.0;26.0;0.0;0.0;0.0;0.0;0.0;0.0;24.2;0.0;0.0;0.0;0.0;10.0;13.0;0.0;0.0;0.0;0.0;0.0;0.0;0.0;888.0
Madalena;SABONETE;-4.7596666666667;-39.517;2024;7;11.4;0.0;0.0;0.0;0.0;0.0;0.0;0.0;11.4;0.0;0.0;0.0;0.0;0.0;0.0;0.0;0.0;0.0;0.0;0.0;0.0;0.0;0.0;0.0;0.0;0.0;0.0;0.0;0.0;0.0;0.0;0.0
Madalena;SABONETE;-4.7596666666667;-39.517;2024;8;0.0;0.0;0.0;0.0;0.0;0.0;0.0;0.0;0.0;0.0;0.0;0.0;0.0;0.0;0.0;0.0;0.0;0.0;0.0;0.0;0.0;0.0;0.0;0.0;0.0;0.0;0.0;0.0;0.0;0.0;0.0;0.0
Madalena;SABONETE;-4.7596666666667;-39.517;2024;9;0.0;0.0;0.0;0.0;0.0;0.0;0.0;0.0;0.0;0.0;0.0;0.0;0.0;0.0;0.0;0.0;0.0;0.0;0.0;0.0;0.0;0.0;0.0;0.0;0.0;0.0;0.0;0.0;0.0;0.0;0.0;888.0
Madalena;SABONETE;-4.7596666666667;-39.517;2024;10;0.0;0.0;0.0;0.0;0.0;0.0;0.0;0.0;0.0;0.0;0.0;0.0;0.0;0.0;0.0;0.0;0.0;999.0;999.0;999.0;999.0;999.0;999.0;999.0;999.0;999.0;999.0;999.0;999.0;999.0;999.0;999.0
