Municipios;Postos;Latitude;Longitude;Anos;Meses;Total;Dia1;Dia2;Dia3;Dia4;Dia5;Dia6;Dia7;Dia8;Dia9;Dia10;Dia11;Dia12;Dia13;Dia14;Dia15;Dia16;Dia17;Dia18;Dia19;Dia20;Dia21;Dia22;Dia23;Dia24;Dia25;Dia26;Dia27;Dia28;Dia29;Dia30;Dia31
Várzea Alegre;CANINDEZINHO;-6.7232777777778;-39.225388888889;2022;5;23.7;999.0;999.0;999.0;999.0;999.0;999.0;999.0;999.0;999.0;999.0;999.0;999.0;999.0;999.0;999.0;999.0;999.0;0.0;0.0;0.0;6.2;0.0;0.0;0.0;0.0;0.0;13.5;0.0;0.0;0.0;4.0
Várzea Alegre;CANINDEZINHO;-6.7232777777778;-39.225388888889;2022;6;69.0;5.5;5.0;18.2;3.0;0.0;0.0;0.0;0.0;0.0;13.0;16.5;0.0;0.0;0.0;0.0;2.0;0.0;0.0;0.0;0.0;0.0;2.0;2.0;1.8;0.0;0.0;0.0;0.0;0.0;0.0;888.0
Várzea Alegre;CANINDEZINHO;-6.7232777777778;-39.225388888889;2022;7;5.5;0.0;0.0;0.0;0.0;0.0;0.0;0.0;0.0;0.0;0.0;0.0;0.0;0.0;0.0;0.0;0.0;0.0;0.0;0.0;0.0;0.0;0.0;0.0;0.0;0.0;0.0;0.0;0.0;0.0;0.0;5.5
Várzea Alegre;CANINDEZINHO;-6.7232777777778;-39.225388888889;2022;8;25.0;0.0;0.0;0.0;6.0;19.0;0.0;0.0;0.0;0.0;0.0;0.0;0.0;0.0;0.0;0.0;0.0;0.0;0.0;0.0;0.0;0.0;0.0;0.0;0.0;0.0;0.0;0.0;0.0;0.0;0.0;0.0
Várzea Alegre;CANINDEZINHO;-6.7232777777778;-39.225388888889;2022;9;6.0;0.0;0.0;0.0;0.0;0.0;0.0;0.0;0.0;0.0;0.0;0.0;6.0;0.0;0.0;0.0;0.0;0.0;0.0;0.0;0.0;0.0;0.0;0.0;0.0;0.0;0.0;0.0;0.0;0.0;0.0;888.0
Várzea Alegre;CANINDEZINHO;-6.7232777777778;-39.225388888889;2022;10;32.5;0.0;0.0;0.0;0.0;0.0;0.0;0.0;0.0;0.0;0.0;0.0;0.0;0.0;0.0;0.0;0.0;0.0;0.0;4.0;0.0;0.0;0.0;16.5;0.0;8.5;0.0;3.5;0.0;0.0;0.0;0.0
Várzea Alegre;CANINDEZINHO;-6.7232777777778;-39.225388888889;2022;11;193.5;0.0;0.0;0.0;10.0;2.0;39.0;24.0;25.0;0.0;0.0;0.0;0.0;85.0;8.5;0.0;0.0;0.0;0.0;0.0;0.0;0.0;0.0;0.0;0.0;0.0;0.0;0.0;0.0;0.0;0.0;888.0
Várzea Alegre;CANINDEZINHO;-6.7232777777778;-39.225388888889;2022;12;10.0;0.0;0.0;0.0;0.0;0.0;7.5;0.0;0.0;0.0;0.0;0.0;0.0;0.0;0.0;0.0;0.0;0.0;0.0;0.0;0.0;0.0;0.0;2.5;0.0;0.0;0.0;0.0;0.0;0.0;0.0;0.0
Várzea Alegre;CANINDEZINHO;-6.7232777777778;-39.225388888889;2023;1;280.0;0.0;34.0;11.0;3.0;0.0;0.0;0.0;0.0;0.0;15.0;0.0;0.0;0.0;0.0;0.0;62.0;0.0;1.5;23.0;111.0;0.0;0.0;0.0;0.0;0.0;0.0;0.0;12.5;0.0;0.0;7.0
Várzea Alegre;CANINDEZINHO;-6.7232777777778;-39.225388888889;2023;2;159.9;33.0;7.0;39.0;0.0;0.0;0.0;0.0;0.0;0.0;4.0;0.0;0.0;0.0;0.0;0.0;14.5;0.5;15.5;0.0;15.0;0.0;1.5;9.5;20.2;0.2;0.0;0.0;0.0;888.0;888.0;888.0
Várzea Alegre;CANINDEZINHO;-6.7232777777778;-39.225388888889;2023;3;222.3;0.0;0.0;6.6;0.0;0.0;0.0;0.0;0.0;0.0;0.0;0.6;0.0;31.6;25.0;5.5;0.0;0.0;7.0;0.0;1.0;0.0;36.0;3.0;0.0;0.0;0.0;85.0;0.0;0.0;21.0;0.0
Várzea Alegre;CANINDEZINHO;-6.7232777777778;-39.225388888889;2023;4;103.2;0.0;1.8;0.0;4.0;22.0;1.0;0.0;0.0;36.5;0.0;0.0;0.0;0.0;0.0;0.0;6.0;3.0;0.0;0.0;0.0;0.0;0.0;0.0;0.0;0.0;0.0;3.2;0.2;16.0;9.5;888.0
Várzea Alegre;CANINDEZINHO;-6.7232777777778;-39.225388888889;2023;5;67.5;2.5;0.0;0.0;0.5;11.0;10.0;0.0;0.0;0.0;0.0;0.0;0.0;0.0;0.0;24.0;14.0;0.0;4.0;0.0;0.0;0.0;0.0;0.0;0.0;0.0;0.0;0.0;0.0;0.0;1.5;0.0
Várzea Alegre;CANINDEZINHO;-6.7232777777778;-39.225388888889;2023;6;6.5;0.0;0.0;0.0;0.0;0.0;0.0;0.0;0.0;0.0;0.0;0.0;0.0;0.0;0.0;3.5;0.0;0.0;0.0;0.0;0.0;3.0;0.0;0.0;0.0;0.0;0.0;0.0;0.0;0.0;0.0;888.0
Várzea Alegre;CANINDEZINHO;-6.7232777777778;-39.225388888889;2023;7;2.8;0.0;0.0;0.0;0.0;0.0;0.0;0.0;0.0;2.8;0.0;0.0;0.0;0.0;0.0;0.0;0.0;0.0;0.0;0.0;0.0;0.0;0.0;0.0;0.0;0.0;0.0;0.0;0.0;0.0;0.0;0.0
Várzea Alegre;CANINDEZINHO;-6.7232777777778;-39.225388888889;2023;8;7.5;0.0;0.0;0.0;0.0;0.0;0.0;0.0;0.0;0.0;7.0;0.0;0.0;0.0;0.0;0.0;0.0;0.0;0.0;0.0;0.0;0.0;0.0;0.0;0.0;0.0;0.0;0.0;0.0;0.0;0.5;0.0
Várzea Alegre;CANINDEZINHO;-6.7232777777778;-39.225388888889;2023;9;0.0;0.0;0.0;0.0;0.0;0.0;0.0;0.0;0.0;0.0;0.0;0.0;0.0;0.0;0.0;0.0;0.0;0.0;0.0;0.0;0.0;0.0;0.0;0.0;0.0;0.0;0.0;0.0;0.0;0.0;0.0;888.0
Várzea Alegre;CANINDEZINHO;-6.7232777777778;-39.225388888889;2023;10;0.0;0.0;0.0;0.0;0.0;0.0;0.0;0.0;0.0;0.0;0.0;0.0;0.0;0.0;0.0;0.0;0.0;0.0;0.0;0.0;0.0;0.0;0.0;0.0;0.0;0.0;0.0;0.0;0.0;0.0;0.0;0.0
Várzea Alegre;CANINDEZINHO;-6.7232777777778;-39.225388888889;2023;11;14.5;0.0;0.0;0.0;0.0;0.0;14.5;0.0;0.0;0.0;0.0;0.0;0.0;0.0;0.0;0.0;0.0;0.0;0.0;0.0;0.0;0.0;0.0;0.0;0.0;0.0;0.0;0.0;0.0;999.0;999.0;888.0
Várzea Alegre;CANINDEZINHO;-6.7232777777778;-39.225388888889;2023;12;16.5;0.0;0.0;0.0;0.0;0.0;0.0;0.0;0.0;0.0;0.0;0.0;0.0;0.0;0.0;0.0;0.5;0.0;0.0;0.0;5.0;6.8;4.2;0.0;0.0;0.0;0.0;0.0;0.0;0.0;0.0;0.0
Várzea Alegre;CANINDEZINHO;-6.7232777777778;-39.225388888889;2024;1;96.0;5.5;0.0;0.0;0.0;0.0;0.0;0.0;0.0;0.0;0.0;0.0;89.0;0.0;0.0;0.0;0.0;0.0;0.0;0.0;0.0;0.0;0.0;0.0;0.0;0.0;0.0;0.0;1.5;0.0;0.0;0.0
Várzea Alegre;CANINDEZINHO;-6.7232777777778;-39.225388888889;2024;2;123.4;0.0;0.0;0.0;4.0;0.0;0.0;0.0;0.0;9.5;7.0;11.0;0.0;0.0;0.0;1.0;0.0;0.0;0.0;4.5;0.0;0.0;36.0;36.0;13.2;0.0;0.0;0.0;1.2;0.0;888.0;888.0
Várzea Alegre;CANINDEZINHO;-6.7232777777778;-39.225388888889;2024;3;349.5;28.5;10.0;0.0;134.0;51.0;0.0;999.0;0.0;0.0;0.0;0.0;6.0;0.0;13.0;0.0;0.0;0.0;31.0;0.0;0.0;0.0;0.0;0.0;0.0;5.0;0.0;31.0;7.5;0.0;16.5;16.0
Várzea Alegre;CANINDEZINHO;-6.7232777777778;-39.225388888889;2024;4;363.3;0.0;0.0;79.0;0.0;37.5;10.0;0.0;4.0;0.0;0.0;40.0;27.0;35.5;27.0;16.5;4.0;0.0;46.3;7.0;6.0;7.0;11.0;5.0;0.0;0.0;0.0;0.0;0.5;0.0;0.0;888.0
Várzea Alegre;CANINDEZINHO;-6.7232777777778;-39.225388888889;2024;5;32.5;0.0;0.0;4.0;0.0;0.0;0.0;0.0;0.0;4.0;7.5;0.0;0.0;0.0;0.0;0.0;0.0;0.0;0.0;0.0;0.0;7.5;0.0;0.0;0.0;0.0;0.0;0.0;0.0;0.0;0.0;9.5
Várzea Alegre;CANINDEZINHO;-6.7232777777778;-39.225388888889;2024;6;20.0;0.0;0.0;0.0;0.0;0.0;7.5;0.0;6.0;0.0;0.0;0.0;0.0;0.0;0.0;3.5;0.0;0.0;0.0;0.0;0.0;3.0;0.0;0.0;0.0;0.0;0.0;0.0;0.0;0.0;0.0;888.0
Várzea Alegre;CANINDEZINHO;-6.7232777777778;-39.225388888889;2024;7;22.5;0.0;0.0;0.0;0.0;0.0;0.0;17.0;5.5;0.0;0.0;0.0;0.0;0.0;0.0;0.0;0.0;0.0;0.0;0.0;0.0;0.0;0.0;0.0;0.0;0.0;0.0;0.0;0.0;0.0;0.0;0.0
Várzea Alegre;CANINDEZINHO;-6.7232777777778;-39.225388888889;2024;8;0.0;0.0;0.0;0.0;0.0;0.0;0.0;0.0;0.0;0.0;0.0;0.0;0.0;0.0;0.0;0.0;0.0;0.0;0.0;0.0;0.0;0.0;0.0;0.0;0.0;0.0;0.0;0.0;0.0;0.0;0.0;0.0
Várzea Alegre;CANINDEZINHO;-6.7232777777778;-39.225388888889;2024;9;0.0;0.0;0.0;0.0;0.0;0.0;0.0;0.0;0.0;0.0;0.0;0.0;0.0;0.0;0.0;0.0;0.0;0.0;0.0;0.0;0.0;0.0;0.0;0.0;0.0;0.0;0.0;0.0;0.0;0.0;0.0;888.0
Várzea Alegre;CANINDEZINHO;-6.7232777777778;-39.225388888889;2024;10;0.0;0.0;0.0;0.0;0.0;0.0;0.0;0.0;0.0;0.0;0.0;0.0;0.0;0.0;0.0;0.0;0.0;0.0;0.0;0.0;0.0;0.0;0.0;999.0;999.0;999.0;999.0;999.0;999.0;999.0;999.0;999.0
